6.11773135791767
6.11773135791767
6.11773135791767
6.11773135791767
6.11773135791767
6.11773135791767
6.11773135791767
6.11773135791767
6.11773135791767
6.00905150575638
5.85489189306971
5.72709741360125
5.61818304254516
5.52951004374956
5.456051109934
5.38361104131122
5.31170442063717
5.24151216982989
5.17501022460539
5.10252512074794
5.02516402217857
4.9415182505923
4.85554725569332
4.76297045258423
4.65787783857115
4.54396393553602
4.41522022941223
4.28051123084969
4.14269515429773
4.00537338451986
3.88170569642265
3.78413526767461
3.7256489323518
3.71243701799662
