16.6857348488666
16.6857348488666
16.6857348488666
16.6857348488666
16.6857348488666
16.6857348488666
16.6857348488666
16.6857348488666
16.6857348488666
16.6857348488666
16.6857348488666
16.226867076574
15.6775457515524
15.2101956397371
14.7018289874643
14.1802513315718
13.6204858760524
12.9884021179447
12.3408463550295
11.6966164288074
10.9587574664315
10.1874483372728
9.4672524264438
8.807821069818
8.30172373834444
8.01173996834439
7.92216516334176
7.9574999506865
7.9574999506865
7.9574999506865
7.9574999506865
7.9574999506865
