0.521160462279443
0.460772967602071
0.436515857098281
0.428658656496203
0.420274496711865
0.410083588508686
0.406402904342955
0.399619596596256
0.398517526232464
0.396990484381355
0.395551891403894
0.394905356328407
0.394679785791999
0.392732216732644
0.392396452646104
0.392736191244739
0.393255397098591
0.392718215379226
0.392164847532216
0.391986808870834
0.391427392156096
0.390360550454207
0.390335264208895
0.38978264083203
0.389321275804799
0.389696781361846
0.389694632392107
0.389962166311577
0.390191602312845
0.389196926809101
0.389701160650349
0.389620547715305
0.389741461629484
0.390283829102253
0.390603177199879
0.390139400088716
0.390397127379766
0.390193453966779
0.390423633006773
0.390357915864158
0.390245543170779
0.390076786274109
0.390347646995689
0.390390054968492
0.390523958335224
0.390224053332521
0.389942110861786
0.39017014123935
0.39039229042814
0.390708796637035
0.390890728628214
0.391364847430064
0.391460896631925
0.39150066224622
0.391702127176715
0.391958496312442
0.392049362798301
0.39216786382321
0.39224327486065
0.392091445926563
0.392032209493278
0.392134404031127
0.392211953485017
0.392072316931685
0.392171847147191
0.391781155012797
0.392000576905815
0.391979542569232
0.392064557292066
0.392231981765062
0.392422848900035
