8.18656823620854
8.18656823620854
8.18656823620854
8.18656823620854
8.18656823620854
8.18656823620854
8.18656823620854
8.18656823620854
8.18656823620854
8.18656823620854
8.18656823620854
8.10504550212316
8.01398432266477
7.92176062788372
7.82586390282777
7.72009338606664
7.60675440039523
7.48683356794956
7.35317910664578
7.20192831601937
7.03189745967029
6.84645744478744
6.64667448531846
6.41349546972177
6.15017986474188
5.86247166742077
5.55324422604653
5.23904852813534
4.93436238218568
4.66772363666545
4.47145050312613
4.36917541142025
4.36389202812734
4.42506842202347
4.42506842202347
4.42506842202347
4.42506842202347
