1.51303624478141
1.05680974566645
0.919814100574979
0.823830758904268
0.772736442487825
0.715615632900161
0.672057993420225
0.646808727961059
0.619265926791386
0.594878368149459
0.579100571575056
0.571092895567348
0.551478315859409
0.546120372421277
0.535826980215173
0.521834225716708
0.512721445347776
0.506622978756245
0.503112992335882
0.500334066061073
0.502141332634951
0.498311127464952
0.492484541974183
0.485954381252821
0.484310539037603
0.481203270580247
0.477895682747125
0.477644864250764
0.478928865257295
0.472020828677007
0.468674473994383
0.464739513132385
0.46401133030644
0.463074947733899
0.460730413135218
