4.39109152040036
4.02340500365575
3.90601303140787
3.84046989800766
3.80138664990976
3.78117985296905
3.75815784860665
3.74149115587781
3.73342536925664
3.72558721232798
3.71632184543013
3.70588299055615
3.70001100671471
3.69837671865218
3.69529221174626
3.69028013348396
3.69052826725846
3.68901458114493
3.68721074498021
3.68761471122894
3.68664490505308
3.6872586137206
3.68848891586533
3.68513801900914
3.68409819144704
3.68320698228853
3.68271203140548
3.67911004521889
3.67746551804468
3.67698280285202
3.67515351111972
3.67209460508044
3.66841671914914
3.66817513385426
3.66779115053745
3.66352027931571
