8.10222973845923
8.10222973845923
8.10222973845923
8.10222973845923
8.10222973845923
8.10222973845923
8.10222973845923
8.10222973845923
8.10222973845923
8.10222973845923
8.10222973845923
8.04756368695915
7.98140065078372
7.91208083664967
7.84257239712028
7.76421264353121
7.67523278075009
7.5831575598324
7.46568452197212
7.34546587760557
7.19939498697938
7.03563465777296
6.83718610740392
6.61117932226438
6.33814359614262
6.03919474909894
5.70892505535414
5.37290127665799
5.05102264194219
4.80164666730012
4.69087564464222
