norm, level, Npoints, dimSplit, MainGridIndexSplit
3872.82926623815, 0, 962, -1, -1, -1
83.3141449562511, 2, 84, 4, 18, 0.0200336255683399
73.199443255246, 1, 346, 0, 12, 0.132575757575758
54.85995805342, 1, 616, 0, 12, 0.132575757575758
47.1745470486575, 2, 262, 4, 18, 0.0200336255683399
43.7504468857104, 3, 20, 4, 97, 0.601622068566827
43.3630659448776, 2, 166, 4, 81, 0.26159379994883
34.2035965215016, 4, 32, 2, 1, 0.0454545454545454
30.4228800606545, 5, 85, 0, 15, 0.275252525252525
26.3370888052531, 2, 450, 4, 81, 0.26159379994883
26.1725206132926, 4, 13, 4, 83, 0.284343083536879
25.5011925797312, 4, 61, 0, 9, 0.0618686868686869
25.087349585115, 5, 125, 0, 15, 0.275252525252525
23.5164205072209, 3, 185, 2, 4, 0.590909090909091
21.7879101998517, 3, 40, 4, 99, 0.6623678444522
21.6126350557254, 5, 28, 4, 53, 0.0751545691169847
21.4332957429238, 4, 11, 0, 5, 0.0184343434343434
19.6487146050772, 3, 265, 2, 4, 0.590909090909091
18.9367718937025, 6, 18, 0, 5, 0.0184343434343434
18.7191631578953, 6, 25, 0, 4, 0.0126262626262626
18.4317002893529, 6, 19, 0, 5, 0.0184343434343434
17.8860551652229, 4, 124, 0, 9, 0.0618686868686869
17.7331213351727, 6, 53, 1, 6, 0.164414414414414
17.0482764416921, 5, 45, 4, 53, 0.0751545691169847
16.9083768740655, 3, 17, 2, 2, 0.181818181818182
16.5159593879231, 4, 73, 0, 6, 0.026010101010101
16.3189296347696, 5, 32, 1, 9, 0.227477477477477
16.2935432899407, 7, 17, 4, 94, 0.486490559366218
15.3247239764262, 5, 14, 0, 16, 0.351010101010101
15.2144715426816, 6, 72, 1, 6, 0.164414414414414
14.4619257818327, 7, 14, 0, 4, 0.0126262626262626
14.3349666666667, 5, 16, 0, 16, 0.351010101010101
14.1607626483592, 7, 24, 4, 30, 0.0378992342401869
13.3517169361742, 4, 210, 2, 1, 0.0454545454545454
13.3472201950499, 5, 18, 0, 16, 0.351010101010101
13.2684793212863, 5, 37, 1, 22, 0.632882882882883
13.2003759487216, 4, 29, 0, 5, 0.0184343434343434
13.1060356798346, 6, 51, 0, 4, 0.0126262626262626
13.0892471066207, 7, 33, 3, 2, 0.400252525252525
12.9912301691174, 5, 19, 0, 16, 0.351010101010101
12.9197214403454, 7, 18, 4, 37, 0.0486682110506046
12.6480038434925, 5, 10, 0, 15, 0.275252525252525
12.6045033603459, 7, 10, 1, 15, 0.38963963963964
12.5773691644608, 3, 242, 4, 97, 0.601622068566827
12.3750000000001, 6, 16, 3, 2, 0.400252525252525
12.3749999999999, 6, 16, 3, 2, 0.400252525252525
12.2760966713656, 3, 126, 4, 99, 0.6623678444522
12.2635801904407, 7, 32, 4, 30, 0.0378992342401869
12.1718782054676, 5, 12, 1, 13, 0.326576576576577
12.0403561409124, 7, 39, 3, 2, 0.400252525252525
11.5212749498737, 7, 34, 4, 94, 0.486490559366218
11.4356981562377, 7, 11, 2, 1, 0.0454545454545454
11.4196019273735, 6, 22, 2, 3, 0.363636363636364
11.2810261634912, 5, 11, 3, 3, 0.800505050505051
11.1273516668273, 5, 94, 3, 2, 0.400252525252525
11.1137635271976, 6, 40, 4, 43, 0.0622011646212767
10.897897092139, 5, 98, 3, 2, 0.400252525252525
10.7707013177611, 8, 11, 0, 17, 0.444444444444444
10.1839116274241, 4, 192, 0, 6, 0.026010101010101
10.1649977987175, 7, 10, 1, 10, 0.240990990990991
10.1366630023551, 7, 14, 2, 1, 0.0454545454545454
10.0766096395703, 8, 11, 2, 2, 0.181818181818182
9.90760421106564, 8, 13, 0, 17, 0.444444444444444
9.65958311803335, 6, 29, 1, 6, 0.164414414414414
9.6243796308179, 5, 92, 1, 9, 0.227477477477477
9.27933098558007, 7, 12, 1, 10, 0.240990990990991
9.26521241407897, 7, 35, 4, 37, 0.0486682110506046
9.25795824759276, 5, 76, 1, 22, 0.632882882882883
9.22947825097008, 6, 58, 4, 43, 0.0622011646212767
9.1465249645806, 7, 35, 0, 4, 0.0126262626262626
9.03839920027533, 8, 13, 0, 9, 0.0618686868686869
8.8772408903666, 4, 113, 4, 83, 0.284343083536879
8.84602315214115, 7, 10, 0, 4, 0.0126262626262626
8.8187838173698, 5, 18, 3, 3, 0.800505050505051
8.62941521828712, 4, 30, 4, 7, 0.00691788872168195
8.56693498933426, 6, 12, 1, 18, 0.475225225225225
8.527282451717, 5, 22, 0, 15, 0.275252525252525
8.51704572209632, 3, 67, 2, 2, 0.181818181818182
8.31116339266374, 7, 23, 1, 15, 0.38963963963964
8.20731883011592, 6, 23, 3, 2, 0.400252525252525
8.10137259300393, 8, 13, 3, 3, 0.800505050505051
7.77035984816364, 4, 37, 4, 7, 0.00691788872168195
7.71931118569343, 6, 26, 3, 2, 0.400252525252525
7.55269723727319, 6, 43, 1, 4, 0.128378378378378
7.16970804878466, 9, 13, 4, 69, 0.110861739138859
7.15803007594849, 6, 11, 1, 8, 0.202702702702703
7.111374461436, 8, 21, 0, 9, 0.0618686868686869
7.07519254658422, 6, 49, 1, 4, 0.128378378378378
6.95125738164827, 6, 56, 1, 6, 0.164414414414414
6.8623006364484, 4, 10, 4, 102, 0.786411515216059
6.8623006364484, 4, 10, 4, 102, 0.786411515216059
6.67463494913147, 9, 15, 4, 69, 0.110861739138859
6.39815151515148, 8, 16, 4, 70, 0.136274845408473
6.3339173079641, 8, 15, 3, 2, 0.400252525252525
6.31584933806311, 8, 28, 2, 2, 0.181818181818182
6.31242247472015, 6, 72, 2, 3, 0.363636363636364
6.22757465040036, 8, 22, 3, 3, 0.800505050505051
6.20711870721774, 8, 17, 4, 70, 0.136274845408473
6.16649056695966, 9, 11, 0, 8, 0.0467171717171717
6.14361665750517, 7, 15, 0, 10, 0.0808080808080808
6.02351756440271, 5, 49, 1, 13, 0.326576576576577
5.94967931395764, 8, 17, 3, 2, 0.400252525252525
5.75791700617502, 6, 17, 1, 8, 0.202702702702703
5.38386396037288, 6, 10, 3, 2, 0.400252525252525
5.23469694830975, 7, 10, 4, 41, 0.0589841673467433
5.17882448890622, 7, 13, 2, 3, 0.363636363636364
5.16605617508904, 6, 33, 1, 18, 0.475225225225225
5.10445602438543, 8, 23, 1, 7, 0.184684684684685
4.91477289605874, 6, 12, 3, 2, 0.400252525252525
4.86957547798865, 7, 33, 0, 4, 0.0126262626262626
4.75882499999997, 7, 25, 0, 10, 0.0808080808080808
4.60856844638335, 7, 18, 4, 66, 0.0931101613156405
4.59113293715693, 7, 13, 4, 41, 0.0589841673467433
4.57319180133767, 9, 20, 0, 8, 0.0467171717171717
4.51463991652254, 9, 11, 0, 10, 0.0808080808080808
4.42786451458017, 9, 11, 4, 49, 0.0692091058226616
4.39675774975999, 8, 31, 1, 7, 0.184684684684685
4.2393575157312, 9, 12, 4, 49, 0.0692091058226616
3.46901734028667, 8, 12, 3, 2, 0.400252525252525
3.43512590234631, 9, 19, 0, 10, 0.0808080808080808
3.2968893076542, 7, 13, 0, 16, 0.351010101010101
3.27095001941162, 9, 10, 2, 5, 0.863636363636364
3.2550661766749, 8, 12, 4, 18, 0.0200336255683399
3.12736642430602, 8, 13, 4, 18, 0.0200336255683399
3.02531639116753, 8, 15, 4, 59, 0.0828015312645006
2.97177586206908, 7, 16, 0, 16, 0.351010101010101
2.89393444405422, 8, 10, 0, 5, 0.0184343434343434
2.86881294527748, 9, 13, 2, 5, 0.863636363636364
2.86738398933734, 7, 13, 4, 42, 0.0614175149797577
2.86738398933713, 7, 13, 4, 42, 0.0614175149797577
2.78353452418381, 7, 45, 2, 3, 0.363636363636364
2.6607582330981, 7, 54, 4, 66, 0.0931101613156405
2.50572367127874, 8, 23, 3, 2, 0.400252525252525
2.48652767216929, 9, 10, 4, 29, 0.0366148142052202
2.417973742198, 9, 10, 1, 6, 0.164414414414414
2.26987882651301, 9, 12, 4, 29, 0.0366148142052202
2.13922173542922, 8, 30, 4, 59, 0.0828015312645006
2.13556139623702, 9, 10, 4, 88, 0.375097158937352
2.12070326106845, 9, 13, 1, 6, 0.164414414414414
2.03617789834887, 9, 11, 4, 88, 0.375097158937352
1.90820386369681, 8, 23, 0, 5, 0.0184343434343434
1.74273121851877, 10, 10, 3, 1, 0.0997474747474748
1.74273121851868, 10, 10, 3, 1, 0.0997474747474748
0.50210815304419, 8, 11, 4, 63, 0.0888584396739231
0.480731956750164, 8, 12, 4, 63, 0.0888584396739231
