norm, level, Npoints, dimSplit, MainGridIndexSplit
3875.88206540287, 0, 962, -1, -1, -1
97.5106327544362, 2, 250, 0, 12, 0.132575757575758
64.8057831669151, 2, 566, 0, 12, 0.132575757575758
52.3453134999264, 1, 146, 4, 18, 0.0200336255683399
39.5605776335744, 3, 179, 4, 81, 0.26159379994883
36.8841352728265, 3, 37, 4, 89, 0.391602757964068
30.244103182373, 4, 13, 4, 103, 0.865041948010276
28.9945020672492, 4, 57, 2, 3, 0.363636363636364
26.9050409378016, 3, 387, 4, 81, 0.26159379994883
26.0012527484904, 6, 14, 4, 83, 0.284343083536879
24.9582267193644, 5, 71, 0, 15, 0.275252525252525
23.0905840212281, 5, 60, 0, 9, 0.0618686868686869
22.8104281490731, 5, 85, 0, 15, 0.275252525252525
22.1416077977427, 1, 816, 4, 18, 0.0200336255683399
21.6996858115747, 4, 190, 2, 4, 0.590909090909091
21.6979015336058, 5, 30, 0, 10, 0.0808080808080808
21.3106714314188, 4, 197, 2, 4, 0.590909090909091
19.9972194327309, 3, 21, 0, 16, 0.351010101010101
19.4612612829536, 4, 15, 0, 8, 0.0467171717171717
17.5263218816871, 4, 156, 2, 3, 0.363636363636364
16.9458572335022, 5, 64, 3, 3, 0.800505050505051
16.5228270410032, 5, 19, 0, 15, 0.275252525252525
16.0683658536586, 7, 16, 4, 45, 0.0660434784542375
15.9869596681044, 9, 20, 0, 5, 0.0184343434343434
15.9002591387877, 6, 34, 1, 9, 0.227477477477477
15.7666229017804, 8, 15, 0, 4, 0.0126262626262626
15.6869627953345, 5, 130, 0, 9, 0.0618686868686869
15.3727182113047, 3, 213, 4, 89, 0.391602757964068
15.2429679593153, 9, 22, 0, 5, 0.0184343434343434
13.3588113575472, 7, 12, 4, 67, 0.0942557274601005
13.2907356088597, 2, 54, 4, 7, 0.00691788872168195
12.9564283541364, 7, 20, 1, 4, 0.128378378378378
12.9013744880139, 4, 17, 4, 97, 0.601622068566827
12.8546926829268, 7, 25, 4, 45, 0.0660434784542375
12.8347307982869, 7, 13, 4, 67, 0.0942557274601005
12.7938754884791, 7, 17, 3, 2, 0.400252525252525
12.793875488479, 7, 17, 3, 2, 0.400252525252525
12.5110595357882, 6, 13, 2, 2, 0.181818181818182
12.1922751879699, 6, 25, 0, 4, 0.0126262626262626
11.8944795652426, 4, 20, 4, 97, 0.601622068566827
11.8275467904332, 7, 24, 1, 4, 0.128378378378378
11.7551373994421, 5, 133, 3, 3, 0.800505050505051
11.6834030450658, 5, 38, 0, 15, 0.275252525252525
11.6337252680197, 6, 41, 3, 2, 0.400252525252525
11.581564415158, 7, 26, 3, 1, 0.0997474747474748
11.2301199176825, 6, 44, 3, 2, 0.400252525252525
10.9738419944973, 6, 13, 4, 61, 0.084023548930301
10.9406041859306, 6, 17, 2, 2, 0.181818181818182
10.8755213479407, 3, 71, 0, 16, 0.351010101010101
10.1908147544391, 5, 136, 0, 10, 0.0808080808080808
10.1824429370662, 2, 92, 4, 7, 0.00691788872168195
10.0721596145468, 4, 56, 0, 8, 0.0467171717171717
9.98734790745671, 9, 21, 2, 2, 0.181818181818182
9.90862819365342, 8, 42, 4, 96, 0.578309095069458
9.90586743445802, 8, 38, 0, 4, 0.0126262626262626
9.62390042728556, 6, 27, 1, 1, 0.0337837837837838
9.46254688624425, 6, 96, 1, 9, 0.227477477477477
9.19780263157912, 6, 16, 3, 2, 0.400252525252525
9.0155218475708, 9, 10, 0, 9, 0.0618686868686869
8.80802168986442, 6, 122, 4, 83, 0.284343083536879
8.73858867806964, 8, 54, 4, 96, 0.578309095069458
8.54759180064193, 7, 14, 1, 10, 0.240990990990991
8.46366262145098, 4, 166, 4, 103, 0.865041948010276
8.1552817469805, 7, 34, 2, 3, 0.363636363636364
8.08322439058943, 6, 14, 0, 5, 0.0184343434343434
7.96714747385682, 9, 33, 2, 2, 0.181818181818182
7.84391243980036, 6, 22, 3, 2, 0.400252525252525
7.77430245479707, 7, 43, 1, 4, 0.128378378378378
7.63791342841075, 8, 11, 0, 4, 0.0126262626262626
7.6276013993072, 8, 11, 0, 11, 0.103535353535354
7.61950664807245, 9, 14, 0, 9, 0.0618686868686869
7.53887712389772, 6, 44, 1, 1, 0.0337837837837838
7.48891298753083, 7, 21, 3, 2, 0.400252525252525
7.40851807052734, 7, 14, 3, 2, 0.400252525252525
7.00257430066204, 7, 53, 1, 4, 0.128378378378378
6.91538571298476, 7, 13, 2, 5, 0.863636363636364
6.73041367008156, 7, 26, 3, 2, 0.400252525252525
6.66383241445723, 7, 14, 2, 5, 0.863636363636364
6.63943927256222, 8, 12, 4, 94, 0.486490559366218
6.51690543967737, 9, 28, 2, 2, 0.181818181818182
6.43628913099611, 8, 10, 4, 61, 0.084023548930301
6.14692632975758, 8, 14, 4, 94, 0.486490559366218
6.05907147685315, 10, 11, 4, 88, 0.375097158937352
6.02723721591432, 7, 96, 3, 1, 0.0997474747474748
6.00702257847661, 4, 11, 0, 11, 0.103535353535354
5.86601113483964, 6, 108, 0, 4, 0.0126262626262626
5.85527331556783, 8, 10, 4, 34, 0.0437591097547004
5.8552733155677, 8, 10, 4, 34, 0.0437591097547004
5.82889742642297, 9, 35, 2, 2, 0.181818181818182
5.77140365234924, 6, 47, 4, 61, 0.084023548930301
5.72311885735144, 7, 10, 2, 1, 0.0454545454545454
5.58242898735542, 9, 10, 4, 69, 0.110861739138859
5.52793042338752, 7, 74, 2, 3, 0.363636363636364
5.48825334694271, 4, 10, 4, 10, 0.00844094610403909
5.43965714372416, 8, 14, 4, 61, 0.084023548930301
5.37633706311859, 8, 10, 1, 3, 0.105855855855856
5.3303599999997, 7, 36, 1, 10, 0.240990990990991
5.32465641307088, 4, 14, 0, 11, 0.103535353535354
5.32263719656355, 9, 11, 4, 69, 0.110861739138859
5.23284424661163, 4, 11, 4, 10, 0.00844094610403909
5.22446882909089, 7, 12, 2, 1, 0.0454545454545454
5.06098132782765, 7, 30, 3, 2, 0.400252525252525
4.82156756805627, 8, 12, 4, 42, 0.0614175149797577
4.59099470703247, 5, 10, 0, 14, 0.217171717171717
4.59099470703243, 5, 10, 0, 14, 0.217171717171717
4.47812368959831, 8, 32, 0, 4, 0.0126262626262626
4.30297445774427, 8, 10, 0, 13, 0.170454545454545
4.28441052897699, 10, 22, 4, 88, 0.375097158937352
4.27724030580635, 6, 50, 0, 5, 0.0184343434343434
3.93679343403026, 8, 18, 4, 42, 0.0614175149797577
3.85791111111104, 3, 25, 2, 1, 0.0454545454545454
3.73491682437957, 5, 19, 1, 8, 0.202702702702703
3.69685643969761, 10, 11, 1, 16, 0.414414414414414
3.62482047030313, 6, 18, 4, 15, 0.0180125300509641
3.58198054217395, 3, 29, 2, 1, 0.0454545454545454
3.52814116821863, 6, 19, 4, 15, 0.0180125300509641
3.51336393256766, 8, 15, 0, 13, 0.170454545454545
3.47041065150954, 8, 24, 1, 3, 0.105855855855856
3.1872347923879, 8, 63, 0, 11, 0.103535353535354
3.14425000000006, 9, 16, 3, 2, 0.400252525252525
3.14424999999983, 9, 16, 3, 2, 0.400252525252525
3.07047368421036, 9, 16, 2, 5, 0.863636363636364
2.90506286033283, 8, 10, 4, 38, 0.0506681897441603
2.67643606320463, 5, 37, 1, 8, 0.202702702702703
2.61850875609904, 9, 22, 2, 5, 0.863636363636364
2.50278364104405, 10, 24, 1, 16, 0.414414414414414
2.50118914132085, 10, 10, 0, 8, 0.0467171717171717
2.41977929590887, 11, 11, 3, 2, 0.400252525252525
2.41977929590882, 11, 11, 3, 2, 0.400252525252525
2.29665384615379, 8, 16, 4, 38, 0.0506681897441603
2.28326285548063, 10, 12, 0, 8, 0.0467171717171717
2.15713987473225, 4, 12, 3, 2, 0.400252525252525
2.12975354207927, 8, 15, 0, 9, 0.0618686868686869
1.88098298612832, 8, 10, 1, 2, 0.0788288288288288
1.8525932959147, 10, 12, 4, 64, 0.0917218809839261
1.81236000303022, 4, 17, 3, 2, 0.400252525252525
1.79997026761181, 8, 21, 0, 9, 0.0618686868686869
1.79344690828083, 8, 11, 1, 2, 0.0788288288288288
1.6043928571429, 10, 16, 4, 64, 0.0917218809839261
1.13320219952134, 10, 10, 4, 99, 0.6623678444522
1.13320219952134, 10, 10, 4, 99, 0.6623678444522
0.552248671380279, 10, 10, 4, 33, 0.042748691282689
0.532587791832433, 10, 10, 4, 89, 0.391602757964068
0.507802535001401, 10, 11, 4, 89, 0.391602757964068
0.504131757778793, 10, 12, 4, 33, 0.042748691282689
0.0924966215600746, 11, 10, 4, 51, 0.0718603446010522
0.0781739132592675, 11, 14, 4, 51, 0.0718603446010522
