167.891197085294
140.332415079617
133.03413963364
128.118816941864
125.508659269822
124.734061119125
121.952193426545
120.657480763139
118.129168484335
116.770370508188
116.958966644657
116.13961303952
116.008563656019
114.839959655475
114.127135845735
114.15291545667
114.034498646691
113.937468056707
113.777109536826
113.751296805853
113.507753837387
112.904239155068
112.866234618437
112.812991958879
112.474540477995
112.328005506237
112.436016904921
112.63406804764
112.151133628931
111.829388784142
111.0672915866
111.271828979768
111.507185898335
111.623421832247
111.625435689617
111.718164117123
