9.79313430556891
8.53058106666989
8.29513717324468
8.13254192160768
8.10962971028356
8.04431661194267
7.94696738782218
7.81908344917363
7.83320313387006
7.78883551112822
7.75942089829603
7.74848399393346
7.71898065489935
7.6821941875623
7.71144817469794
7.72315886222332
7.73285260143015
7.72989179672175
7.69059492852732
7.68612877791763
7.65972216895317
7.67344886986555
7.67904465814621
7.63120528478538
7.63501265911531
7.64349386139421
7.6280655321295
7.61548442458515
7.61193827328942
7.61629927350383
7.60884119672597
7.59056280602889
7.57916998636097
7.59225935595991
7.59973273319775
7.59508810622778
