2.40713442960846
1.79484211035968
1.5356809769264
1.37857745799919
1.27902206422821
1.20962530214299
1.16077305670055
1.11698363988217
1.0789720727112
1.04806289926977
1.02309896327073
1.00467426545764
0.989296160130107
0.972568286088292
0.959720321194998
0.946344469139368
0.934927785536402
0.923817943022771
0.915523808985349
0.907216704904844
0.902322960956832
0.895181110216389
0.889440514745099
0.885731919331986
0.879726307853512
0.874321803041935
0.870164221053183
0.867149545745819
0.863045031731993
0.85819755170404
0.853898626628455
0.8514215422242
0.848498190619358
0.845072945861768
0.841303914380897
