227.277285288965
226.994616270988
226.536681106408
226.310074971456
225.686746470307
225.157832426887
224.403860836245
223.626708830463
222.549744256537
221.400977012544
219.994740750052
218.277820393518
216.274637343996
213.922313298158
211.437289669086
208.369285687831
205.005355230139
201.497331502522
197.65836816542
193.460797158565
189.074964816336
184.194233656043
178.938215193661
173.290906559941
167.128218551344
160.304281295037
152.797136289309
145.292045406381
138.082373538513
131.799062209024
127.243710044258
124.836536910834
123.874853032869
124.463929048542
124.463929048542
124.463929048542
