2.4354475862579
1.80402635762193
1.55113533493824
1.39089690887159
1.30006034471582
1.22388199395784
1.16722267871679
1.12283029108705
1.08659074857869
1.05599519923759
1.03017513530313
1.00973240212265
0.993718980170457
0.97551971675471
0.960608244294723
0.945925964941733
0.935800853763243
0.92653679986354
0.917273699841685
0.908912888105039
0.901023201537478
0.895838006146572
0.889423149752592
0.884224644609455
0.880533755445484
0.875164567869825
0.872349464844587
0.867938649554759
0.86337166813336
0.860068686501779
0.855572111380105
0.853155307001118
0.849578086203133
0.847337987773931
0.843436708960322
