2.43546566895438
1.8040915891264
1.55121420758352
1.39098134336131
1.30013663703355
1.22397102981455
1.16732698470395
1.12293005685789
1.08667672276659
1.05607537866262
1.03025464556128
1.00980052963609
0.993779644212209
0.975588436873976
0.960683434732456
0.945998162881767
0.935870974300371
0.926607014749013
0.917335766414644
0.908971123420428
0.901083889902488
0.895900805906694
0.889494314762423
0.884291582203155
0.880607479492279
0.875239710195555
0.872425203154259
0.868019703913693
0.863452525198387
0.860150753015538
0.855657065321868
0.853246168198806
0.84966925718674
0.847431969757723
0.843531704804954
