norm, level, Npoints, dimSplit, MainGridIndexSplit
3867.13567940487, 0, 962, -1, -1, -1
75.533704487067, 4, 156, 0, 12, 0.132575757575758
59.8814955450926, 1, 141, 4, 18, 0.0200336255683399
58.7344939165068, 4, 258, 0, 12, 0.132575757575758
45.0518361528285, 4, 84, 0, 10, 0.0808080808080808
42.9321069248682, 3, 33, 4, 102, 0.786411515216059
40.8049998137514, 3, 137, 2, 3, 0.363636363636364
33.3815442554367, 4, 153, 0, 10, 0.0808080808080808
30.7502014732148, 4, 31, 0, 13, 0.170454545454545
27.1278231328194, 2, 270, 1, 17, 0.436936936936937
25.1313034713215, 4, 14, 0, 10, 0.0808080808080808
24.8159334676772, 1, 821, 4, 18, 0.0200336255683399
24.7280106762346, 5, 28, 4, 85, 0.311682906050061
23.473264540125, 3, 414, 2, 3, 0.363636363636364
23.0159441168926, 5, 52, 4, 34, 0.0437591097547004
22.9994971830983, 6, 25, 0, 10, 0.0808080808080808
21.7948958169944, 6, 8, 0, 5, 0.0184343434343434
21.5725871351229, 4, 19, 0, 10, 0.0808080808080808
21.5215757009349, 3, 25, 0, 9, 0.0618686868686869
20.4758130794154, 6, 19, 4, 84, 0.293759463138283
20.0929907370564, 2, 34, 0, 16, 0.351010101010101
18.98982785971, 2, 551, 1, 17, 0.436936936936937
18.8587543859649, 7, 9, 0, 5, 0.0184343434343434
17.8909853080017, 7, 10, 0, 5, 0.0184343434343434
17.6652054128243, 6, 50, 0, 15, 0.275252525252525
17.5942333072451, 7, 23, 0, 15, 0.275252525252525
17.4853440344186, 5, 56, 4, 85, 0.311682906050061
17.2237869074583, 7, 24, 0, 15, 0.275252525252525
16.9983518339739, 6, 54, 0, 15, 0.275252525252525
16.7602510984542, 10, 11, 0, 6, 0.026010101010101
16.6293731969663, 4, 106, 0, 13, 0.170454545454545
16.4991213299323, 5, 20, 4, 81, 0.26159379994883
16.2747301604638, 5, 104, 4, 34, 0.0437591097547004
16.0200917580974, 3, 237, 4, 102, 0.786411515216059
15.6253823529412, 3, 16, 2, 1, 0.0454545454545454
15.3887569567121, 7, 56, 3, 2, 0.400252525252525
15.121105983584, 7, 58, 3, 2, 0.400252525252525
15.0868155740921, 9, 6, 0, 10, 0.0808080808080808
14.778127421306, 6, 28, 0, 13, 0.170454545454545
14.7781274213059, 6, 28, 0, 13, 0.170454545454545
14.7317517605297, 3, 18, 2, 1, 0.0454545454545454
14.4580577716372, 4, 5, 2, 1, 0.0454545454545454
13.8020872788209, 8, 11, 1, 9, 0.227477477477477
13.7200849464744, 5, 116, 3, 2, 0.400252525252525
13.6829202769775, 6, 8, 0, 15, 0.275252525252525
13.5851222403858, 7, 10, 3, 3, 0.800505050505051
13.4819403947205, 10, 17, 0, 6, 0.026010101010101
13.3498027259048, 5, 7, 2, 1, 0.0454545454545454
13.0615875899666, 9, 3, 0, 9, 0.0618686868686869
12.6556080963341, 7, 5, 4, 37, 0.0486682110506046
12.4340484830967, 10, 2, 2, 1, 0.0454545454545454
12.4005692704587, 5, 142, 3, 2, 0.400252525252525
12.3277919774791, 7, 6, 4, 80, 0.244079764845808
11.8951063568089, 8, 12, 1, 25, 0.835585585585586
11.8833022409475, 3, 82, 0, 9, 0.0618686868686869
11.5010530232173, 7, 14, 1, 12, 0.313063063063063
11.3966666666667, 11, 1, 0, 6, 0.026010101010101
11.3317216895757, 9, 5, 0, 7, 0.0353535353535354
11.3264067475704, 2, 107, 0, 16, 0.351010101010101
11.1695500000001, 9, 16, 0, 9, 0.0618686868686869
11.0654411764706, 5, 4, 0, 19, 0.70959595959596
10.8334029350339, 5, 51, 2, 2, 0.181818181818182
10.7895879485065, 8, 18, 1, 9, 0.227477477477477
10.6315213337888, 6, 117, 0, 10, 0.0808080808080808
10.6173132900937, 7, 6, 0, 16, 0.351010101010101
10.4547765010713, 6, 12, 2, 2, 0.181818181818182
10.4510644150772, 7, 8, 0, 10, 0.0808080808080808
10.4320254956406, 5, 55, 2, 2, 0.181818181818182
10.1530957687047, 7, 29, 0, 4, 0.0126262626262626
10.152358073538, 10, 3, 2, 1, 0.0454545454545454
10.1257522707158, 7, 18, 3, 3, 0.800505050505051
10.0759621206916, 6, 46, 4, 42, 0.0614175149797577
9.96211613940293, 7, 3, 0, 4, 0.0126262626262626
9.68215517241407, 8, 16, 0, 8, 0.0467171717171717
9.5770527993443, 9, 7, 0, 7, 0.0353535353535354
9.48028163062251, 13, 2, 0, 6, 0.026010101010101
9.400816230506, 6, 43, 0, 5, 0.0184343434343434
9.37376896690807, 6, 5, 4, 19, 0.0217556379075293
9.23593715792751, 9, 6, 0, 9, 0.0618686868686869
9.19811354862143, 6, 3, 2, 1, 0.0454545454545454
9.03208517822256, 5, 6, 3, 3, 0.800505050505051
8.91750797453328, 4, 23, 0, 11, 0.103535353535354
8.86752278448345, 10, 3, 0, 2, 0.00416666666666667
8.6538386235502, 6, 20, 0, 15, 0.275252525252525
8.63563417279391, 9, 12, 4, 90, 0.412079181780135
8.57971367529252, 8, 12, 0, 17, 0.444444444444444
8.57971367529242, 8, 12, 0, 17, 0.444444444444444
8.49408092529335, 8, 2, 4, 83, 0.284343083536879
8.44087710656454, 9, 5, 4, 97, 0.601622068566827
8.42501997030273, 6, 6, 4, 62, 0.0856939327900282
8.35921568552875, 6, 114, 4, 84, 0.293759463138283
8.2533503500094, 9, 2, 0, 10, 0.0808080808080808
8.21662491987818, 7, 6, 0, 6, 0.026010101010101
8.16997235898219, 7, 18, 2, 5, 0.863636363636364
8.16801303190027, 6, 70, 4, 42, 0.0614175149797577
8.08720000000001, 9, 1, 1, 15, 0.38963963963964
8.07043426978118, 7, 14, 4, 80, 0.244079764845808
8.05866028292267, 11, 2, 0, 6, 0.026010101010101
8.04255555555557, 8, 1, 1, 26, 0.943693693693694
7.81320734581572, 7, 12, 0, 7, 0.0353535353535354
7.80437499999999, 9, 4, 0, 5, 0.0184343434343434
7.6071165031154, 7, 7, 0, 6, 0.026010101010101
7.52538391877786, 11, 8, 0, 5, 0.0184343434343434
7.50757422540738, 7, 12, 0, 16, 0.351010101010101
7.40469999999993, 8, 16, 3, 2, 0.400252525252525
7.33007142857142, 8, 4, 3, 3, 0.800505050505051
7.3154910558956, 9, 2, 4, 96, 0.578309095069458
7.27818246618063, 10, 3, 2, 3, 0.363636363636364
7.27362364847067, 10, 3, 0, 18, 0.558080808080808
7.26504687278335, 6, 27, 3, 2, 0.400252525252525
7.2290288858187, 4, 20, 2, 1, 0.0454545454545454
7.20971748679063, 5, 24, 2, 1, 0.0454545454545454
7.20055237960456, 7, 14, 3, 2, 0.400252525252525
7.20055237960456, 7, 14, 3, 2, 0.400252525252525
7.13982294820778, 6, 6, 4, 8, 0.00740754908006669
7.13413440469992, 6, 28, 3, 2, 0.400252525252525
6.87072089052929, 7, 2, 0, 3, 0.00795454545454546
6.80411472750144, 7, 40, 1, 12, 0.313063063063063
6.78154608697191, 7, 19, 0, 10, 0.0808080808080808
6.76995432048162, 10, 21, 1, 6, 0.164414414414414
6.74702903753444, 9, 30, 0, 10, 0.0808080808080808
6.73883234198133, 9, 3, 0, 10, 0.0808080808080808
6.72174381077566, 10, 7, 0, 5, 0.0184343434343434
6.71755555555546, 12, 4, 0, 7, 0.0353535353535354
6.68253269608918, 9, 13, 0, 16, 0.351010101010101
6.61019159426812, 6, 7, 4, 8, 0.00740754908006669
6.55855681686149, 12, 2, 4, 89, 0.391602757964068
6.43420030427679, 9, 2, 2, 3, 0.363636363636364
6.41666666666666, 6, 1, 0, 4, 0.0126262626262626
6.40697669320109, 10, 2, 0, 10, 0.0808080808080808
6.40608613683836, 9, 3, 4, 65, 0.0928774452980315
6.39808482458022, 5, 133, 4, 81, 0.26159379994883
6.39551951376106, 5, 8, 4, 12, 0.0115508595340253
6.3278040481673, 7, 20, 4, 37, 0.0486682110506046
6.31353793447065, 9, 5, 0, 11, 0.103535353535354
6.2991428571429, 10, 4, 0, 18, 0.558080808080808
6.276817465882, 8, 6, 0, 9, 0.0618686868686869
6.27577471353953, 8, 2, 0, 12, 0.132575757575758
6.22109937790174, 9, 15, 0, 16, 0.351010101010101
6.21201669581127, 8, 44, 1, 25, 0.835585585585586
6.18622922337909, 10, 13, 3, 1, 0.0997474747474748
6.13800239190704, 5, 13, 0, 19, 0.70959595959596
6.13609357064341, 5, 13, 3, 3, 0.800505050505051
6.06229329654486, 8, 12, 1, 2, 0.0788288288288288
6.05156238913562, 9, 6, 0, 12, 0.132575757575758
6.04591223279553, 8, 24, 3, 2, 0.400252525252525
6.03302272727274, 9, 16, 2, 2, 0.181818181818182
6.02157879819383, 6, 7, 2, 1, 0.0454545454545454
6.00836434594151, 12, 5, 0, 7, 0.0353535353535354
5.99585656252449, 13, 5, 0, 6, 0.026010101010101
5.97595591182461, 8, 42, 0, 8, 0.0467171717171717
5.96619334423828, 11, 3, 4, 60, 0.0833233322906506
5.95672009462543, 8, 7, 2, 2, 0.181818181818182
5.95672009462536, 8, 7, 2, 2, 0.181818181818182
5.95394082587819, 6, 37, 2, 2, 0.181818181818182
5.94494975519867, 10, 2, 0, 3, 0.00795454545454546
5.92802083333335, 10, 9, 0, 5, 0.0184343434343434
5.92725486717222, 4, 6, 4, 14, 0.0167757737040485
5.82849120598555, 7, 88, 0, 4, 0.0126262626262626
5.82399356569526, 5, 10, 0, 15, 0.275252525252525
5.81222222222226, 12, 4, 0, 8, 0.0467171717171717
5.78554768366832, 12, 2, 0, 5, 0.0184343434343434
5.77130769230769, 6, 4, 4, 104, 0.952055328905477
5.76914280634481, 10, 2, 4, 75, 0.204510284651682
5.75270000000006, 8, 4, 4, 95, 0.534067194388448
5.73322178186053, 10, 2, 0, 3, 0.00795454545454546
5.70669501789004, 6, 3, 0, 14, 0.217171717171717
5.69362380211408, 10, 2, 0, 7, 0.0353535353535354
5.69083818431489, 9, 11, 4, 97, 0.601622068566827
5.62111111111122, 11, 9, 1, 13, 0.326576576576577
5.61372073584002, 12, 2, 1, 26, 0.943693693693694
5.61372073584, 12, 2, 1, 26, 0.943693693693694
5.598, 10, 1, 4, 67, 0.0942557274601005
5.598, 10, 1, 4, 67, 0.0942557274601005
5.59111774185927, 10, 3, 4, 99, 0.6623678444522
5.58957365895545, 12, 5, 0, 5, 0.0184343434343434
5.58477499999992, 9, 64, 0, 9, 0.0618686868686869
5.56777169155052, 4, 59, 0, 11, 0.103535353535354
5.51543289325504, 6, 2, 0, 13, 0.170454545454545
5.5042857142857, 7, 1, 0, 2, 0.00416666666666667
5.48626473853112, 12, 2, 2, 4, 0.590909090909091
5.46165460520254, 9, 30, 4, 90, 0.412079181780135
5.40970052478947, 10, 17, 3, 1, 0.0997474747474748
5.39131034482762, 8, 4, 4, 1, 0.000100050649348366
5.38828494920956, 5, 5, 3, 3, 0.800505050505051
5.36952111465203, 9, 10, 4, 41, 0.0589841673467433
5.3550392167876, 12, 3, 4, 89, 0.391602757964068
5.35279833358216, 10, 2, 4, 63, 0.0888584396739231
5.34155199911766, 8, 15, 2, 1, 0.0454545454545454
5.33000000000001, 9, 1, 0, 9, 0.0618686868686869
5.32999999999998, 9, 1, 0, 9, 0.0618686868686869
5.24515739675518, 8, 8, 1, 13, 0.326576576576577
5.24491404182398, 9, 2, 1, 25, 0.835585585585586
5.18874956034686, 12, 2, 2, 2, 0.181818181818182
5.17283333333336, 9, 4, 4, 96, 0.578309095069458
5.17193548387104, 8, 16, 2, 1, 0.0454545454545454
5.10120974083597, 8, 2, 4, 82, 0.274718983341981
5.0790065879067, 10, 2, 0, 17, 0.444444444444444
5.05846513591327, 9, 2, 4, 68, 0.0971476980300399
5.01049999999998, 8, 4, 0, 14, 0.217171717171717
4.94214285714287, 6, 4, 0, 14, 0.217171717171717
4.88099999999997, 11, 4, 0, 4, 0.0126262626262626
4.86418754778227, 6, 18, 4, 62, 0.0856939327900282
4.86234907015117, 8, 2, 0, 17, 0.444444444444444
4.8611511591143, 7, 31, 0, 7, 0.0353535353535354
4.83661038331597, 7, 2, 0, 16, 0.351010101010101
4.8235, 8, 1, 3, 3, 0.800505050505051
4.80679020968756, 7, 52, 2, 5, 0.863636363636364
4.75625000000001, 8, 1, 4, 17, 0.0191899869089483
4.73108943530688, 10, 43, 1, 6, 0.164414414414414
4.72387990250949, 12, 3, 0, 5, 0.0184343434343434
4.69705988110288, 8, 6, 4, 95, 0.534067194388448
4.68115598258947, 10, 3, 0, 3, 0.00795454545454546
4.67062707286853, 5, 15, 4, 12, 0.0115508595340253
4.66933333333333, 9, 1, 3, 1, 0.0997474747474748
4.66520769955637, 11, 2, 2, 1, 0.0454545454545454
4.65261838356956, 11, 3, 4, 70, 0.136274845408473
4.64882436751489, 10, 3, 0, 7, 0.0353535353535354
4.64285714285717, 9, 1, 0, 6, 0.026010101010101
4.63594422520202, 8, 10, 3, 3, 0.800505050505051
4.60749999999999, 11, 1, 0, 10, 0.0808080808080808
4.60302124615919, 13, 3, 4, 35, 0.0452335812040479
4.59123187785692, 4, 10, 4, 14, 0.0167757737040485
4.56053651153271, 9, 28, 2, 2, 0.181818181818182
4.54966666666667, 9, 4, 2, 3, 0.363636363636364
4.54866666666668, 9, 1, 1, 21, 0.56981981981982
4.54027723399712, 8, 7, 4, 83, 0.284343083536879
4.5380736159029, 9, 14, 4, 41, 0.0589841673467433
4.52245294196025, 10, 2, 0, 6, 0.026010101010101
4.51066666666665, 12, 1, 2, 3, 0.363636363636364
4.50585800710675, 9, 12, 0, 5, 0.0184343434343434
4.5033320996791, 6, 3, 0, 13, 0.170454545454545
4.49625631930486, 10, 2, 0, 13, 0.170454545454545
4.47930306007537, 7, 10, 4, 61, 0.084023548930301
4.47622222222222, 4, 1, 3, 1, 0.0997474747474748
4.45695832425352, 10, 8, 2, 3, 0.363636363636364
4.43838019439525, 8, 12, 0, 9, 0.0618686868686869
4.42791927955537, 8, 6, 2, 2, 0.181818181818182
4.40106093714333, 8, 5, 3, 2, 0.400252525252525
4.37054153776546, 10, 3, 4, 63, 0.0888584396739231
4.36569911927058, 11, 5, 0, 4, 0.0126262626262626
4.33, 6, 1, 0, 8, 0.0467171717171717
4.33, 6, 1, 0, 8, 0.0467171717171717
4.32560000000001, 7, 4, 0, 7, 0.0353535353535354
4.25658640707657, 9, 11, 0, 11, 0.103535353535354
4.2018547047703, 6, 6, 2, 1, 0.0454545454545454
4.1837151220204, 10, 2, 0, 19, 0.70959595959596
4.15920208693928, 7, 2, 0, 13, 0.170454545454545
4.15552950516314, 11, 3, 0, 5, 0.0184343434343434
4.15019999999998, 10, 4, 0, 3, 0.00795454545454546
4.14699151353527, 10, 3, 0, 17, 0.444444444444444
4.1375, 7, 1, 0, 13, 0.170454545454545
4.13392342945959, 9, 7, 4, 49, 0.0692091058226616
4.12285714285716, 9, 1, 4, 100, 0.705914182813912
4.11182593259979, 7, 2, 0, 17, 0.444444444444444
4.10432418817849, 9, 6, 4, 26, 0.0338774705003143
4.10432418817845, 9, 6, 4, 26, 0.0338774705003143
4.09355555555558, 9, 4, 3, 1, 0.0997474747474748
4.06425721996041, 8, 3, 4, 81, 0.26159379994883
4.06425721996036, 8, 3, 4, 81, 0.26159379994883
4.0436, 9, 4, 1, 15, 0.38963963963964
4.03905263157895, 8, 1, 4, 28, 0.0358931359772792
4.03878163933234, 7, 3, 0, 3, 0.00795454545454546
4.0355340440682, 8, 3, 0, 11, 0.103535353535354
4.01619047619043, 5, 9, 3, 3, 0.800505050505051
4.00540873180797, 7, 3, 2, 2, 0.181818181818182
3.99295446171548, 8, 3, 0, 13, 0.170454545454545
3.99295446171541, 8, 3, 0, 13, 0.170454545454545
3.98603422076055, 8, 5, 2, 5, 0.863636363636364
3.98199999999997, 15, 1, 0, 3, 0.00795454545454546
3.9770513801056, 13, 2, 0, 5, 0.0184343434343434
3.97472578446961, 11, 18, 1, 13, 0.326576576576577
3.9700913910555, 8, 3, 0, 17, 0.444444444444444
3.97, 6, 1, 0, 18, 0.558080808080808
3.97, 6, 1, 0, 18, 0.558080808080808
3.96870255949149, 8, 28, 1, 2, 0.0788288288288288
3.96616193567533, 7, 2, 3, 2, 0.400252525252525
3.96616193567533, 7, 2, 3, 2, 0.400252525252525
3.96375, 9, 4, 4, 27, 0.0352394625411507
3.96374999999998, 9, 4, 4, 27, 0.0352394625411507
3.96349999999998, 10, 4, 2, 5, 0.863636363636364
3.94907584125707, 7, 3, 0, 16, 0.351010101010101
3.93395643591402, 9, 2, 4, 68, 0.0971476980300399
3.92422222222223, 12, 1, 4, 29, 0.0366148142052202
3.89927938053943, 10, 3, 3, 1, 0.0997474747474748
3.89456259633175, 7, 8, 3, 1, 0.0997474747474748
3.8895587010468, 10, 2, 4, 72, 0.171932627919944
3.88666666666667, 8, 1, 0, 17, 0.444444444444444
3.87258813829834, 10, 2, 0, 7, 0.0353535353535354
3.86693128404882, 9, 8, 4, 49, 0.0692091058226616
3.86666666666665, 11, 1, 0, 9, 0.0618686868686869
3.84753846153846, 6, 9, 4, 104, 0.952055328905477
3.8346905820019, 8, 8, 2, 2, 0.181818181818182
3.80912613600548, 11, 3, 2, 1, 0.0454545454545454
3.79292077428464, 5, 2, 4, 6, 0.00648491626136443
3.75991636033768, 10, 5, 0, 3, 0.00795454545454546
3.73182110765443, 9, 7, 0, 15, 0.275252525252525
3.715, 12, 1, 0, 7, 0.0353535353535354
3.715, 12, 1, 0, 7, 0.0353535353535354
3.67255479607301, 7, 7, 0, 3, 0.00795454545454546
3.66646288448874, 5, 3, 3, 3, 0.800505050505051
3.66024575306868, 10, 7, 4, 99, 0.6623678444522
3.625, 13, 1, 0, 5, 0.0184343434343434
3.625, 13, 1, 0, 5, 0.0184343434343434
3.61266666666666, 7, 1, 4, 51, 0.0718603446010522
3.59782166237901, 11, 35, 0, 5, 0.0184343434343434
3.57950000000002, 8, 1, 4, 79, 0.228732574440079
3.56763461538458, 8, 16, 4, 48, 0.067745494454136
3.54295852713526, 8, 8, 0, 14, 0.217171717171717
3.53183761046098, 7, 6, 0, 7, 0.0353535353535354
3.49000000000001, 6, 1, 0, 5, 0.0184343434343434
3.46878571428573, 7, 4, 2, 2, 0.181818181818182
3.46831417646471, 10, 6, 0, 17, 0.444444444444444
3.46650642627689, 12, 13, 0, 5, 0.0184343434343434
3.44458333333337, 11, 9, 4, 60, 0.0833233322906506
3.44045496537292, 6, 7, 2, 2, 0.181818181818182
3.43079999999998, 6, 9, 2, 1, 0.0454545454545454
3.42113025938805, 8, 3, 0, 3, 0.00795454545454546
3.40098010324606, 8, 14, 2, 4, 0.590909090909091
3.40068448293951, 9, 19, 0, 12, 0.132575757575758
3.39597428337341, 7, 3, 0, 13, 0.170454545454545
3.39500000000002, 10, 1, 0, 5, 0.0184343434343434
3.38279884119644, 14, 2, 2, 4, 0.590909090909091
3.3713956576279, 11, 3, 3, 2, 0.400252525252525
3.37, 12, 1, 0, 8, 0.0467171717171717
3.36999999999998, 12, 1, 0, 8, 0.0467171717171717
3.36158563776086, 13, 2, 0, 4, 0.0126262626262626
3.34574480995389, 7, 3, 3, 1, 0.0997474747474748
3.34107954110643, 9, 2, 0, 17, 0.444444444444444
3.34107954110643, 9, 2, 0, 17, 0.444444444444444
3.31717490079273, 9, 5, 1, 25, 0.835585585585586
3.30180151313392, 10, 5, 4, 14, 0.0167757737040485
3.30171726362038, 9, 2, 3, 1, 0.0997474747474748
3.2950697716437, 10, 5, 1, 2, 0.0788288288288288
3.29506977164367, 10, 5, 1, 2, 0.0788288288288288
3.28666666666666, 10, 1, 0, 14, 0.217171717171717
3.28165336377873, 12, 5, 2, 2, 0.181818181818182
3.28035714285711, 8, 9, 3, 2, 0.400252525252525
3.27857142857142, 8, 1, 0, 9, 0.0618686868686869
3.25482753710485, 13, 6, 4, 35, 0.0452335812040479
3.24724885403012, 13, 3, 0, 5, 0.0184343434343434
3.22333333333333, 10, 1, 0, 10, 0.0808080808080808
3.21639304535721, 9, 2, 1, 21, 0.56981981981982
3.20525624445108, 11, 3, 0, 2, 0.00416666666666667
3.18952298767213, 12, 2, 2, 3, 0.363636363636364
3.18666666666667, 9, 1, 0, 16, 0.351010101010101
3.17933333333335, 10, 4, 0, 13, 0.170454545454545
3.16749642363651, 12, 6, 2, 4, 0.590909090909091
3.146, 9, 1, 0, 13, 0.170454545454545
3.12842680562054, 7, 5, 0, 3, 0.00795454545454546
3.12591122914582, 8, 5, 0, 11, 0.103535353535354
3.12371491656969, 11, 2, 3, 3, 0.800505050505051
3.12226554695061, 9, 10, 0, 15, 0.275252525252525
3.11834090503267, 9, 2, 0, 10, 0.0808080808080808
3.11834090503267, 9, 2, 0, 10, 0.0808080808080808
3.10676345876415, 12, 14, 0, 8, 0.0467171717171717
3.10333333333332, 11, 1, 0, 11, 0.103535353535354
3.0855, 9, 1, 4, 53, 0.0751545691169847
3.0855, 9, 1, 4, 53, 0.0751545691169847
3.07612223424234, 12, 3, 2, 2, 0.181818181818182
3.07612223424234, 12, 3, 2, 2, 0.181818181818182
3.06833835407735, 12, 2, 0, 1, 0.00126262626262626
3.05738632371581, 6, 47, 4, 19, 0.0217556379075293
3.05333333333334, 12, 1, 0, 5, 0.0184343434343434
3.015, 13, 1, 0, 3, 0.00795454545454546
3.015, 13, 1, 0, 3, 0.00795454545454546
3.01234559853279, 8, 8, 0, 11, 0.103535353535354
2.98796906718415, 13, 7, 0, 6, 0.026010101010101
2.97999999999999, 11, 1, 0, 9, 0.0618686868686869
2.979, 12, 1, 2, 2, 0.181818181818182
2.97135101615816, 10, 5, 0, 13, 0.170454545454545
2.96866666666668, 8, 1, 3, 3, 0.800505050505051
2.96278571428573, 8, 4, 0, 3, 0.00795454545454546
2.95833333333334, 10, 4, 0, 19, 0.70959595959596
2.9558409281612, 10, 27, 0, 2, 0.00416666666666667
2.95052089563102, 14, 2, 2, 5, 0.863636363636364
2.9355, 10, 1, 4, 58, 0.081739484313027
2.92050620790581, 9, 6, 4, 68, 0.0971476980300399
2.91971428571426, 11, 4, 3, 2, 0.400252525252525
2.91866666666664, 9, 4, 2, 4, 0.590909090909091
2.90507749982678, 9, 2, 4, 79, 0.228732574440079
2.89421566014266, 10, 3, 0, 13, 0.170454545454545
2.88457140317242, 10, 8, 4, 75, 0.204510284651682
2.87849114261827, 6, 10, 2, 2, 0.181818181818182
2.86962057112473, 6, 5, 0, 4, 0.0126262626262626
2.869439318055, 12, 2, 0, 2, 0.00416666666666667
2.86528708325097, 10, 10, 0, 10, 0.0808080808080808
2.8648888143379, 9, 15, 4, 65, 0.0928774452980315
2.86025038150467, 10, 5, 0, 6, 0.026010101010101
2.85969695795867, 11, 2, 2, 4, 0.590909090909091
2.85319286155147, 10, 3, 0, 8, 0.0467171717171717
2.85218591259406, 8, 2, 2, 1, 0.0454545454545454
2.83186666666673, 10, 9, 0, 17, 0.444444444444444
2.81999999999999, 9, 1, 0, 12, 0.132575757575758
2.80240559519853, 8, 2, 2, 4, 0.590909090909091
2.79666666666667, 10, 1, 0, 2, 0.00416666666666667
2.76118181818185, 10, 4, 3, 2, 0.400252525252525
2.75810214123546, 11, 2, 4, 101, 0.73090184972689
2.75559512628399, 10, 2, 0, 9, 0.0618686868686869
2.75033333333332, 10, 4, 4, 72, 0.171932627919944
2.74828835621173, 8, 2, 0, 17, 0.444444444444444
2.74602221783312, 8, 3, 4, 17, 0.0191899869089483
2.74472317972745, 13, 3, 0, 4, 0.0126262626262626
2.73833333333329, 10, 4, 0, 7, 0.0353535353535354
2.73414622058803, 11, 2, 0, 9, 0.0618686868686869
2.70700000000001, 13, 1, 2, 4, 0.590909090909091
2.70546336142258, 9, 3, 3, 1, 0.0997474747474748
2.70091220187224, 7, 2, 0, 17, 0.444444444444444
2.69666666666667, 12, 1, 0, 20, 0.898989898989899
2.69179940505174, 14, 3, 4, 69, 0.110861739138859
2.69, 10, 1, 0, 11, 0.103535353535354
2.69, 10, 1, 0, 11, 0.103535353535354
2.67498495322872, 11, 2, 0, 6, 0.026010101010101
2.66800921891954, 9, 7, 4, 76, 0.20691329301129
2.66014136529119, 11, 3, 0, 10, 0.0808080808080808
2.654, 10, 1, 0, 5, 0.0184343434343434
2.65000000000001, 12, 1, 0, 14, 0.217171717171717
2.65000000000001, 12, 1, 0, 14, 0.217171717171717
2.65000000000001, 12, 1, 0, 5, 0.0184343434343434
2.64666666666666, 10, 1, 0, 6, 0.026010101010101
2.63134625515764, 7, 43, 0, 4, 0.0126262626262626
2.6310121065375, 5, 49, 0, 15, 0.275252525252525
2.60454253436823, 8, 3, 3, 3, 0.800505050505051
2.58515379007581, 11, 6, 0, 4, 0.0126262626262626
2.58093975133094, 14, 2, 0, 2, 0.00416666666666667
2.57500000000002, 11, 1, 4, 39, 0.051987603372886
2.56207429813888, 8, 12, 0, 12, 0.132575757575758
2.55454109816661, 7, 2, 4, 51, 0.0718603446010522
2.55066666666667, 16, 1, 1, 19, 0.529279279279279
2.550604870418, 8, 8, 4, 82, 0.274718983341981
2.55050254917206, 11, 3, 3, 3, 0.800505050505051
2.5275, 10, 1, 3, 3, 0.800505050505051
2.52749999999999, 10, 1, 3, 3, 0.800505050505051
2.5062435622637, 11, 2, 1, 6, 0.164414414414414
2.50611111111112, 6, 4, 4, 104, 0.952055328905477
2.50266476453323, 10, 11, 0, 3, 0.00795454545454546
2.48916666666668, 9, 4, 0, 6, 0.026010101010101
2.48555064388821, 10, 3, 0, 13, 0.170454545454545
2.48300546213659, 13, 2, 2, 4, 0.590909090909091
2.46780266634104, 6, 2, 0, 5, 0.0184343434343434
2.46426713243513, 10, 2, 0, 7, 0.0353535353535354
2.46426713243511, 10, 2, 0, 7, 0.0353535353535354
2.46333333333337, 9, 1, 4, 66, 0.0931101613156405
2.4607315985292, 9, 2, 0, 13, 0.170454545454545
2.46073159852916, 9, 2, 0, 13, 0.170454545454545
2.45956988177475, 8, 12, 0, 11, 0.103535353535354
2.4483103448276, 9, 9, 0, 10, 0.0808080808080808
2.4372283113054, 6, 7, 4, 80, 0.244079764845808
2.42662783851728, 7, 6, 3, 2, 0.400252525252525
2.42662783851721, 7, 6, 3, 2, 0.400252525252525
2.42598235099659, 7, 2, 0, 8, 0.0467171717171717
2.42042651200157, 12, 2, 4, 94, 0.486490559366218
2.42042651200153, 12, 2, 4, 94, 0.486490559366218
2.41666666666666, 12, 1, 0, 12, 0.132575757575758
2.39338733985527, 11, 7, 0, 4, 0.0126262626262626
2.39, 11, 1, 0, 12, 0.132575757575758
2.39, 11, 1, 0, 12, 0.132575757575758
2.38878673877207, 7, 3, 0, 13, 0.170454545454545
2.37842307692324, 8, 36, 4, 48, 0.067745494454136
2.37673455190274, 8, 3, 4, 7, 0.00691788872168195
2.37396380904736, 7, 6, 0, 17, 0.444444444444444
2.37198584593868, 9, 3, 4, 79, 0.228732574440079
2.36579884323806, 7, 6, 3, 1, 0.0997474747474748
2.36333333333332, 11, 4, 2, 4, 0.590909090909091
2.363029318754, 8, 29, 2, 4, 0.590909090909091
2.36, 10, 1, 0, 12, 0.132575757575758
2.36, 10, 1, 0, 12, 0.132575757575758
2.34243263403666, 10, 2, 0, 5, 0.0184343434343434
2.33499999999998, 10, 1, 0, 8, 0.0467171717171717
2.32880004580327, 8, 3, 2, 1, 0.0454545454545454
2.32657724726687, 10, 3, 0, 16, 0.351010101010101
2.32500000000002, 10, 4, 3, 3, 0.800505050505051
2.3240242874998, 10, 2, 0, 14, 0.217171717171717
2.315, 12, 1, 0, 17, 0.444444444444444
2.315, 12, 1, 0, 17, 0.444444444444444
2.29900877191311, 15, 3, 0, 3, 0.00795454545454546
2.29666666666668, 12, 1, 0, 2, 0.00416666666666667
2.29456150495037, 12, 2, 4, 88, 0.375097158937352
2.29456150495035, 12, 2, 4, 88, 0.375097158937352
2.29333333333332, 10, 1, 0, 8, 0.0467171717171717
2.29000000000001, 8, 1, 0, 14, 0.217171717171717
2.28832779193309, 10, 12, 2, 5, 0.863636363636364
2.28815458685233, 8, 3, 2, 4, 0.590909090909091
2.28400000000001, 18, 1, 2, 5, 0.863636363636364
2.28155074017651, 9, 2, 3, 2, 0.400252525252525
2.27924085802466, 10, 2, 0, 10, 0.0808080808080808
2.27000000000001, 7, 1, 0, 18, 0.558080808080808
2.27, 7, 1, 0, 18, 0.558080808080808
2.26645842589185, 11, 6, 0, 2, 0.00416666666666667
2.26509872240094, 8, 2, 0, 4, 0.0126262626262626
2.25509523809512, 12, 9, 0, 8, 0.0467171717171717
2.25331360938111, 9, 2, 0, 16, 0.351010101010101
2.25125000000004, 10, 9, 3, 1, 0.0997474747474748
2.25000000000001, 12, 1, 0, 5, 0.0184343434343434
2.25, 12, 1, 0, 5, 0.0184343434343434
2.24993399903196, 10, 3, 0, 9, 0.0618686868686869
2.2475, 11, 1, 3, 1, 0.0997474747474748
2.24711523308184, 7, 6, 0, 2, 0.00416666666666667
2.24199999999999, 12, 1, 1, 12, 0.313063063063063
2.2415339214448, 6, 5, 4, 104, 0.952055328905477
2.23965153003762, 7, 40, 4, 61, 0.084023548930301
2.23342857142856, 11, 1, 0, 9, 0.0618686868686869
2.22738636073763, 11, 2, 0, 19, 0.70959595959596
2.22738636073761, 11, 2, 0, 19, 0.70959595959596
2.22637834959729, 9, 5, 0, 6, 0.026010101010101
2.22203846153843, 13, 4, 0, 8, 0.0467171717171717
2.21471428571435, 10, 9, 0, 13, 0.170454545454545
2.21166666666667, 7, 1, 3, 1, 0.0997474747474748
2.21007368726133, 10, 5, 0, 8, 0.0467171717171717
2.21000000000001, 11, 1, 0, 6, 0.026010101010101
2.19849599796342, 11, 2, 4, 2, 0.000339506812356317
2.19556655558424, 10, 2, 0, 4, 0.0126262626262626
2.19556655558422, 10, 2, 0, 4, 0.0126262626262626
2.19438804428227, 11, 2, 0, 11, 0.103535353535354
2.18809748323059, 9, 14, 3, 1, 0.0997474747474748
2.18333333333334, 11, 1, 0, 9, 0.0618686868686869
2.1825, 9, 1, 0, 8, 0.0467171717171717
2.18066666666668, 11, 1, 3, 1, 0.0997474747474748
2.175, 11, 1, 4, 100, 0.705914182813912
2.167, 11, 1, 2, 1, 0.0454545454545454
2.167, 11, 1, 2, 1, 0.0454545454545454
2.1656, 13, 1, 1, 19, 0.529279279279279
2.16289944287757, 9, 6, 4, 48, 0.067745494454136
2.161, 8, 1, 4, 76, 0.20691329301129
2.15972727272728, 11, 4, 4, 55, 0.0776266165618163
2.15903270522293, 12, 2, 0, 5, 0.0184343434343434
2.15713477789403, 8, 5, 3, 3, 0.800505050505051
2.1565241379308, 8, 25, 4, 1, 0.000100050649348366
2.14500000000001, 12, 1, 0, 11, 0.103535353535354
2.14500000000001, 11, 1, 0, 19, 0.70959595959596
2.145, 12, 1, 0, 11, 0.103535353535354
2.145, 11, 1, 0, 19, 0.70959595959596
2.1394698408718, 14, 5, 2, 4, 0.590909090909091
2.12833508011394, 9, 11, 4, 76, 0.20691329301129
2.12449999999996, 9, 4, 4, 53, 0.0751545691169847
2.11707770287252, 9, 2, 4, 82, 0.274718983341981
2.11500000000001, 13, 1, 0, 9, 0.0618686868686869
2.11499999999999, 13, 1, 0, 9, 0.0618686868686869
2.11383333333333, 9, 4, 4, 56, 0.078725036164931
2.11382959472981, 11, 5, 2, 4, 0.590909090909091
2.10732848254209, 14, 3, 0, 2, 0.00416666666666667
2.10500000000002, 9, 1, 0, 4, 0.0126262626262626
2.10082449482958, 8, 18, 2, 5, 0.863636363636364
2.09916433108245, 8, 2, 3, 3, 0.800505050505051
2.08725726158345, 10, 7, 3, 2, 0.400252525252525
2.08633333333336, 14, 4, 2, 5, 0.863636363636364
2.08583333333333, 11, 9, 2, 5, 0.863636363636364
2.08583333333333, 11, 9, 2, 5, 0.863636363636364
2.08, 11, 1, 0, 4, 0.0126262626262626
2.08, 11, 1, 0, 4, 0.0126262626262626
2.07954321907482, 10, 5, 3, 3, 0.800505050505051
2.072, 7, 1, 0, 20, 0.898989898989899
2.07000000000001, 10, 1, 0, 14, 0.217171717171717
2.07000000000001, 13, 1, 0, 3, 0.00795454545454546
2.06999999999999, 10, 1, 0, 14, 0.217171717171717
2.06380899202324, 9, 8, 2, 4, 0.590909090909091
2.054, 9, 1, 3, 2, 0.400252525252525
2.04552448829283, 7, 29, 3, 1, 0.0997474747474748
2.04066666666667, 12, 1, 4, 97, 0.601622068566827
2.03000000000002, 11, 1, 0, 4, 0.0126262626262626
2.03, 10, 1, 0, 15, 0.275252525252525
2.03, 10, 1, 0, 15, 0.275252525252525
2.01072884298205, 10, 2, 4, 94, 0.486490559366218
1.99666666666667, 12, 1, 0, 14, 0.217171717171717
1.99262690938368, 7, 2, 0, 14, 0.217171717171717
1.99156624921192, 9, 2, 1, 23, 0.698198198198198
1.99156624921188, 9, 2, 1, 23, 0.698198198198198
1.99121269582134, 11, 2, 4, 32, 0.0409687585124503
1.98265782263781, 13, 6, 3, 3, 0.800505050505051
1.98265782263774, 13, 6, 3, 3, 0.800505050505051
1.97754196471837, 10, 2, 0, 2, 0.00416666666666667
1.97320381542042, 10, 14, 4, 14, 0.0167757737040485
1.96600000000001, 11, 1, 3, 3, 0.800505050505051
1.96117638582725, 13, 3, 2, 5, 0.863636363636364
1.96010416389872, 10, 3, 0, 5, 0.0184343434343434
1.95060623855607, 8, 17, 1, 26, 0.943693693693694
1.95000000000002, 12, 1, 0, 9, 0.0618686868686869
1.94999999999999, 12, 1, 0, 9, 0.0618686868686869
1.94631141521597, 9, 2, 3, 3, 0.800505050505051
1.94631141521597, 9, 2, 3, 3, 0.800505050505051
1.94, 10, 1, 0, 13, 0.170454545454545
1.92725000000004, 12, 4, 3, 2, 0.400252525252525
1.92724999999999, 12, 4, 3, 2, 0.400252525252525
1.9252222222222, 10, 4, 1, 13, 0.326576576576577
1.92363637053893, 11, 14, 0, 5, 0.0184343434343434
1.92135054584008, 9, 2, 4, 77, 0.212750155497395
1.92099999999999, 10, 1, 0, 13, 0.170454545454545
1.91500000000001, 8, 1, 0, 18, 0.558080808080808
1.91499999999999, 8, 1, 0, 18, 0.558080808080808
1.91305148911368, 9, 6, 3, 1, 0.0997474747474748
1.90983333333332, 7, 4, 0, 17, 0.444444444444444
1.9068312865997, 12, 2, 0, 20, 0.898989898989899
1.905, 12, 1, 0, 14, 0.217171717171717
1.905, 12, 1, 0, 14, 0.217171717171717
1.90338961290597, 14, 6, 4, 69, 0.110861739138859
1.90306005043338, 5, 2, 4, 15, 0.0180125300509641
1.89942350127296, 11, 18, 4, 70, 0.136274845408473
1.89646038714229, 5, 8, 4, 6, 0.00648491626136443
1.89324999999999, 13, 1, 1, 19, 0.529279279279279
1.89100000000002, 14, 1, 4, 54, 0.0761223229857679
1.89099999999999, 14, 1, 4, 54, 0.0761223229857679
1.89000000000001, 7, 1, 0, 8, 0.0467171717171717
1.88670231356192, 13, 2, 0, 4, 0.0126262626262626
1.88199999999998, 11, 1, 0, 5, 0.0184343434343434
1.87383297014436, 12, 2, 0, 5, 0.0184343434343434
1.87200000000004, 11, 4, 2, 1, 0.0454545454545454
1.87199999999999, 11, 4, 2, 1, 0.0454545454545454
1.8714759475404, 10, 2, 0, 6, 0.026010101010101
1.86895786469363, 7, 14, 4, 59, 0.0828015312645006
1.86895786469363, 7, 14, 4, 59, 0.0828015312645006
1.86632598446041, 10, 3, 4, 94, 0.486490559366218
1.85448484848493, 9, 9, 4, 68, 0.0971476980300399
1.85325313975189, 10, 5, 0, 8, 0.0467171717171717
1.845, 12, 1, 0, 18, 0.558080808080808
1.845, 12, 1, 0, 18, 0.558080808080808
1.84101066757498, 8, 5, 4, 7, 0.00691788872168195
1.83833333333332, 12, 1, 0, 18, 0.558080808080808
1.83666666666667, 13, 1, 0, 7, 0.0353535353535354
1.83655120629222, 7, 3, 0, 10, 0.0808080808080808
1.83655120629222, 7, 3, 0, 10, 0.0808080808080808
1.81362843674977, 13, 19, 0, 6, 0.026010101010101
1.8124, 11, 1, 4, 56, 0.078725036164931
1.81136430079881, 12, 3, 1, 10, 0.240990990990991
1.80359369654647, 16, 2, 1, 19, 0.529279279279279
1.80215898646598, 10, 5, 0, 16, 0.351010101010101
1.79711188438562, 10, 2, 0, 12, 0.132575757575758
1.79711188438562, 10, 2, 0, 12, 0.132575757575758
1.78843663765948, 6, 13, 4, 80, 0.244079764845808
1.78200000000001, 11, 1, 4, 62, 0.0856939327900282
1.78200000000001, 11, 1, 4, 62, 0.0856939327900282
1.77, 11, 1, 0, 14, 0.217171717171717
1.77, 11, 1, 0, 14, 0.217171717171717
1.74684540821685, 9, 3, 3, 2, 0.400252525252525
1.74183970432283, 9, 2, 4, 66, 0.0931101613156405
1.73633333333333, 9, 1, 0, 16, 0.351010101010101
1.73333333333332, 9, 1, 0, 13, 0.170454545454545
1.72858670595372, 9, 3, 4, 82, 0.274718983341981
1.72816897321993, 8, 2, 3, 2, 0.400252525252525
1.72624999999999, 9, 1, 2, 4, 0.590909090909091
1.72197110427285, 10, 5, 1, 13, 0.326576576576577
1.7205038021851, 11, 3, 0, 9, 0.0618686868686869
1.71992645191591, 12, 3, 2, 2, 0.181818181818182
1.71866666666665, 9, 1, 4, 7, 0.00691788872168195
1.7088413878675, 12, 2, 0, 12, 0.132575757575758
1.70685714285713, 12, 1, 1, 9, 0.227477477477477
1.70507333063924, 8, 7, 3, 3, 0.800505050505051
1.70266666666667, 11, 1, 1, 19, 0.529279279279279
1.70033333333332, 11, 1, 0, 12, 0.132575757575758
1.7, 10, 1, 0, 12, 0.132575757575758
1.69999999999999, 10, 1, 0, 12, 0.132575757575758
1.69842857142856, 13, 4, 2, 5, 0.863636363636364
1.69000000000001, 9, 1, 0, 18, 0.558080808080808
1.69, 9, 1, 0, 18, 0.558080808080808
1.68998520703584, 11, 2, 0, 12, 0.132575757575758
1.68998520703584, 11, 2, 0, 12, 0.132575757575758
1.68314938039816, 9, 6, 4, 100, 0.705914182813912
1.6817388555395, 9, 3, 3, 3, 0.800505050505051
1.67937860531807, 9, 2, 0, 6, 0.026010101010101
1.67937860531805, 9, 2, 0, 6, 0.026010101010101
1.67537470435723, 9, 10, 4, 48, 0.067745494454136
1.66849999999999, 11, 1, 2, 4, 0.590909090909091
1.66849999999999, 11, 1, 2, 4, 0.590909090909091
1.65866440598262, 8, 80, 1, 13, 0.326576576576577
1.64237650831506, 9, 20, 0, 10, 0.0808080808080808
1.64175322546765, 10, 3, 4, 94, 0.486490559366218
1.63260036096003, 11, 7, 4, 55, 0.0776266165618163
1.63126194629035, 10, 3, 4, 47, 0.0673431543170252
1.63058823741619, 11, 2, 4, 41, 0.0589841673467433
1.63058823741617, 11, 2, 4, 41, 0.0589841673467433
1.62812775911479, 9, 3, 0, 12, 0.132575757575758
1.62717485275209, 10, 7, 0, 13, 0.170454545454545
1.62581835803798, 11, 3, 4, 32, 0.0409687585124503
1.62398857412511, 12, 2, 0, 2, 0.00416666666666667
1.62163155152116, 10, 2, 0, 8, 0.0467171717171717
1.61927452891719, 8, 2, 0, 14, 0.217171717171717
1.61628571428568, 10, 4, 4, 94, 0.486490559366218
1.61503188823007, 18, 2, 2, 5, 0.863636363636364
1.61500000000001, 11, 1, 0, 8, 0.0467171717171717
1.61499999999999, 11, 1, 0, 8, 0.0467171717171717
1.61414800475361, 6, 2, 4, 17, 0.0191899869089483
1.60166666666669, 8, 4, 0, 4, 0.0126262626262626
1.60159685938752, 10, 2, 0, 12, 0.132575757575758
1.60159685938752, 10, 2, 0, 12, 0.132575757575758
1.60145543803128, 11, 2, 3, 3, 0.800505050505051
1.60128097159742, 14, 3, 2, 3, 0.363636363636364
1.60128097159742, 14, 3, 2, 3, 0.363636363636364
1.60080106509205, 8, 5, 4, 79, 0.228732574440079
1.59983759592449, 11, 3, 1, 6, 0.164414414414414
1.59983759592445, 11, 3, 1, 6, 0.164414414414414
1.59758992096084, 9, 2, 4, 50, 0.0708643200456854
1.59666666666666, 13, 1, 0, 8, 0.0467171717171717
1.58883333333333, 12, 4, 0, 8, 0.0467171717171717
1.58533340342023, 12, 2, 1, 12, 0.313063063063063
1.57999999999998, 11, 1, 0, 12, 0.132575757575758
1.57300000000001, 9, 4, 0, 13, 0.170454545454545
1.56984210526321, 14, 4, 1, 4, 0.128378378378378
1.56877615144205, 9, 3, 4, 77, 0.212750155497395
1.56388449772423, 7, 2, 3, 1, 0.0997474747474748
1.56333333333333, 11, 1, 0, 12, 0.132575757575758
1.56323076923078, 10, 4, 2, 5, 0.863636363636364
1.56288717869629, 13, 3, 2, 4, 0.590909090909091
1.56270598642226, 11, 2, 0, 6, 0.026010101010101
1.55500000000001, 14, 1, 0, 4, 0.0126262626262626
1.55499999999998, 14, 1, 0, 4, 0.0126262626262626
1.55148451087974, 8, 3, 3, 1, 0.0997474747474748
1.54499999999999, 12, 1, 0, 10, 0.0808080808080808
1.54499999999999, 12, 1, 0, 10, 0.0808080808080808
1.54384980559063, 11, 2, 0, 9, 0.0618686868686869
1.54196418750747, 11, 2, 3, 1, 0.0997474747474748
1.54048598825175, 13, 3, 0, 4, 0.0126262626262626
1.54033333333331, 12, 1, 0, 8, 0.0467171717171717
1.54022248679321, 5, 17, 3, 3, 0.800505050505051
1.53795724908073, 11, 2, 4, 100, 0.705914182813912
1.536, 9, 1, 3, 1, 0.0997474747474748
1.536, 9, 1, 3, 1, 0.0997474747474748
1.535, 12, 1, 0, 2, 0.00416666666666667
1.535, 12, 1, 0, 2, 0.00416666666666667
1.53432595850385, 7, 5, 0, 8, 0.0467171717171717
1.53377983147145, 12, 7, 0, 2, 0.00416666666666667
1.53100000000001, 10, 1, 3, 3, 0.800505050505051
1.52857232095439, 11, 7, 2, 4, 0.590909090909091
1.52666666666664, 11, 1, 0, 8, 0.0467171717171717
1.5132085117392, 8, 2, 3, 3, 0.800505050505051
1.51145483384373, 10, 11, 0, 13, 0.170454545454545
1.51000000000001, 10, 1, 0, 17, 0.444444444444444
1.50999999999999, 10, 1, 0, 17, 0.444444444444444
1.50563236765507, 9, 2, 3, 1, 0.0997474747474748
1.50224835663083, 9, 8, 4, 53, 0.0751545691169847
1.50000000000001, 14, 1, 0, 9, 0.0618686868686869
1.49666666666667, 14, 1, 0, 9, 0.0618686868686869
1.49470588429824, 9, 8, 4, 56, 0.078725036164931
1.48925, 14, 1, 2, 4, 0.590909090909091
1.48135897435907, 13, 9, 0, 8, 0.0467171717171717
1.47749999999999, 12, 1, 0, 10, 0.0808080808080808
1.47570728804864, 16, 3, 2, 5, 0.863636363636364
1.47450000000003, 11, 4, 2, 5, 0.863636363636364
1.47449999999998, 11, 4, 2, 5, 0.863636363636364
1.47333333333333, 8, 1, 0, 15, 0.275252525252525
1.47266666666667, 14, 1, 1, 11, 0.272522522522523
1.46512525061853, 7, 2, 0, 20, 0.898989898989899
1.46512525061845, 10, 8, 0, 8, 0.0467171717171717
1.465, 11, 1, 0, 12, 0.132575757575758
1.46499999999999, 11, 1, 0, 12, 0.132575757575758
1.46371103705615, 13, 2, 0, 3, 0.00795454545454546
1.45874999999998, 9, 4, 0, 11, 0.103535353535354
1.45874999999998, 9, 4, 0, 11, 0.103535353535354
1.45642857142852, 9, 4, 3, 3, 0.800505050505051
1.455, 12, 1, 0, 9, 0.0618686868686869
1.455, 12, 1, 0, 9, 0.0618686868686869
1.45249999999999, 15, 1, 0, 5, 0.0184343434343434
1.45192592403636, 12, 2, 0, 11, 0.103535353535354
1.450511710474, 12, 2, 0, 6, 0.026010101010101
1.44966666666667, 14, 1, 2, 5, 0.863636363636364
1.44906382516018, 11, 2, 0, 9, 0.0618686868686869
1.44476057532036, 11, 2, 4, 17, 0.0191899869089483
1.44296923814136, 12, 2, 4, 97, 0.601622068566827
1.4419321481956, 13, 2, 0, 6, 0.026010101010101
1.43613387258988, 6, 2, 0, 17, 0.444444444444444
1.43613387258986, 6, 2, 0, 17, 0.444444444444444
1.435, 11, 1, 0, 11, 0.103535353535354
1.43499999999999, 11, 1, 0, 11, 0.103535353535354
1.43356387196386, 13, 6, 2, 4, 0.590909090909091
1.42647007991371, 14, 2, 4, 101, 0.73090184972689
1.42333333333335, 11, 1, 4, 24, 0.0306244453386102
1.42109573530035, 12, 5, 0, 8, 0.0467171717171717
1.418587831608, 11, 5, 2, 2, 0.181818181818182
1.41271428571429, 10, 4, 4, 47, 0.0673431543170252
1.41185653976914, 12, 2, 0, 14, 0.217171717171717
1.40900000000002, 7, 4, 0, 14, 0.217171717171717
1.40307675418169, 12, 5, 1, 10, 0.240990990990991
1.39776500170809, 13, 3, 3, 3, 0.800505050505051
1.39776500170806, 13, 3, 3, 3, 0.800505050505051
1.395, 12, 1, 0, 12, 0.132575757575758
1.395, 12, 1, 0, 12, 0.132575757575758
1.39017193181276, 11, 2, 3, 3, 0.800505050505051
1.38742207210816, 12, 8, 4, 29, 0.0366148142052202
1.38500000000002, 10, 1, 0, 11, 0.103535353535354
1.38500000000001, 9, 1, 0, 17, 0.444444444444444
1.38499999999999, 9, 1, 0, 17, 0.444444444444444
1.38499999999999, 10, 1, 0, 11, 0.103535353535354
1.38, 16, 1, 0, 6, 0.026010101010101
1.38, 16, 1, 0, 6, 0.026010101010101
1.37673690297021, 6, 2, 4, 13, 0.0149040473935306
1.37333333333333, 10, 1, 0, 13, 0.170454545454545
1.3717871555019, 10, 2, 0, 13, 0.170454545454545
1.36750000000002, 12, 1, 0, 8, 0.0467171717171717
1.36666666666665, 16, 1, 0, 7, 0.0353535353535354
1.35650000000001, 11, 1, 2, 3, 0.363636363636364
1.3565, 11, 1, 2, 3, 0.363636363636364
1.355, 14, 1, 0, 2, 0.00416666666666667
1.35499999999999, 14, 1, 0, 2, 0.00416666666666667
1.35475, 10, 1, 4, 26, 0.0338774705003143
1.35310063488459, 9, 5, 3, 2, 0.400252525252525
1.34811287855778, 10, 3, 0, 8, 0.0467171717171717
1.34566666666669, 5, 4, 4, 15, 0.0180125300509641
1.34224999999999, 13, 1, 4, 43, 0.0622011646212767
1.34216253569453, 9, 5, 1, 1, 0.0337837837837838
1.34176202559671, 7, 3, 3, 1, 0.0997474747474748
1.34176202559671, 7, 3, 3, 1, 0.0997474747474748
1.3384711808779, 8, 6, 0, 9, 0.0618686868686869
1.33749247661432, 11, 8, 0, 6, 0.026010101010101
1.33649999999997, 14, 1, 0, 7, 0.0353535353535354
1.327, 8, 1, 3, 3, 0.800505050505051
1.327, 8, 1, 3, 3, 0.800505050505051
1.327, 10, 4, 0, 5, 0.0184343434343434
1.32678168739135, 12, 26, 0, 8, 0.0467171717171717
1.32000000000001, 9, 1, 0, 6, 0.026010101010101
1.32000000000001, 12, 1, 0, 19, 0.70959595959596
1.31999999999999, 9, 1, 0, 6, 0.026010101010101
1.31999999999999, 11, 1, 0, 8, 0.0467171717171717
1.31999999999999, 11, 1, 0, 8, 0.0467171717171717
1.31999999999999, 12, 1, 0, 19, 0.70959595959596
1.31461252148026, 12, 2, 4, 65, 0.0928774452980315
1.31279550959014, 10, 5, 4, 58, 0.081739484313027
1.30758288966068, 11, 3, 3, 3, 0.800505050505051
1.30018181818177, 11, 9, 4, 101, 0.73090184972689
1.29989796608127, 12, 2, 0, 18, 0.558080808080808
1.2987194547793, 13, 2, 0, 7, 0.0353535353535354
1.29759473000369, 11, 3, 3, 1, 0.0997474747474748
1.29700000000001, 7, 1, 1, 7, 0.184684684684685
1.297, 7, 1, 1, 7, 0.184684684684685
1.29400540957145, 15, 2, 0, 6, 0.026010101010101
1.29046987566548, 10, 2, 3, 3, 0.800505050505051
1.29046987566544, 10, 2, 3, 3, 0.800505050505051
1.28915667735752, 7, 2, 4, 9, 0.0079337803296631
1.2876968840943, 9, 13, 0, 6, 0.026010101010101
1.28740574628032, 14, 2, 4, 54, 0.0761223229857679
1.28700000000001, 13, 1, 4, 86, 0.339097714835584
1.28700000000001, 13, 1, 4, 86, 0.339097714835584
1.28500000000001, 13, 1, 0, 6, 0.026010101010101
1.285, 7, 1, 0, 6, 0.026010101010101
1.285, 7, 1, 0, 6, 0.026010101010101
1.285, 13, 1, 0, 6, 0.026010101010101
1.28450000000001, 9, 1, 4, 9, 0.0079337803296631
1.28449999999999, 9, 1, 4, 9, 0.0079337803296631
1.28166666666667, 9, 1, 0, 16, 0.351010101010101
1.27844906038529, 10, 2, 4, 23, 0.0296164402178925
1.27825349598583, 11, 3, 4, 66, 0.0931101613156405
1.27800000000001, 14, 1, 4, 31, 0.0395255744388036
1.2715, 10, 1, 4, 70, 0.136274845408473
1.2715, 10, 1, 4, 70, 0.136274845408473
1.27137799257343, 11, 2, 4, 32, 0.0409687585124503
1.27137799257341, 11, 2, 4, 32, 0.0409687585124503
1.26600000000001, 13, 1, 4, 98, 0.624936765886549
1.2655, 11, 1, 2, 2, 0.181818181818182
1.2655, 11, 1, 2, 2, 0.181818181818182
1.265, 12, 1, 0, 14, 0.217171717171717
1.265, 12, 1, 0, 14, 0.217171717171717
1.26006696250634, 9, 3, 0, 8, 0.0467171717171717
1.25733333333332, 14, 1, 4, 65, 0.0928774452980315
1.25264388761676, 12, 12, 0, 1, 0.00126262626262626
1.25228610948139, 10, 2, 3, 3, 0.800505050505051
1.25228610948139, 10, 2, 3, 3, 0.800505050505051
1.25, 11, 1, 4, 78, 0.219710950157435
1.25, 11, 1, 4, 78, 0.219710950157435
1.25, 12, 1, 0, 16, 0.351010101010101
1.25, 12, 1, 0, 16, 0.351010101010101
1.24765393171877, 8, 3, 4, 76, 0.20691329301129
1.24300000000001, 12, 1, 3, 2, 0.400252525252525
1.22777307440026, 9, 2, 0, 16, 0.351010101010101
1.22565175405669, 9, 2, 0, 13, 0.170454545454545
1.22451158665417, 13, 6, 4, 57, 0.0798737051896258
1.22200000000001, 8, 4, 3, 2, 0.400252525252525
1.22, 13, 1, 0, 13, 0.170454545454545
1.22, 13, 1, 0, 13, 0.170454545454545
1.21700000000001, 10, 1, 3, 1, 0.0997474747474748
1.217, 10, 1, 3, 1, 0.0997474747474748
1.21528085459931, 9, 2, 4, 7, 0.00691788872168195
1.21333333333334, 10, 1, 0, 13, 0.170454545454545
1.21233333333332, 8, 1, 0, 17, 0.444444444444444
1.205, 9, 1, 0, 4, 0.0126262626262626
1.205, 9, 1, 0, 4, 0.0126262626262626
1.20396714610029, 11, 2, 1, 19, 0.529279279279279
1.20231723027755, 11, 2, 0, 12, 0.132575757575758
1.19840457275495, 11, 2, 4, 37, 0.0486682110506046
1.19666666666669, 15, 1, 0, 4, 0.0126262626262626
1.19500000000001, 10, 1, 0, 6, 0.026010101010101
1.19500000000001, 10, 1, 0, 6, 0.026010101010101
1.19499999999999, 7, 1, 0, 10, 0.0808080808080808
1.19499999999999, 7, 1, 0, 10, 0.0808080808080808
1.19399999999999, 11, 1, 3, 3, 0.800505050505051
1.19006071273695, 11, 2, 4, 69, 0.110861739138859
1.19006071273695, 11, 2, 4, 69, 0.110861739138859
1.18666666666667, 8, 1, 4, 6, 0.00648491626136443
1.18587745291548, 9, 3, 3, 2, 0.400252525252525
1.18440385848748, 12, 2, 0, 13, 0.170454545454545
1.18440385848748, 12, 2, 0, 13, 0.170454545454545
1.1825, 13, 1, 4, 45, 0.0660434784542375
1.18249999999999, 13, 1, 4, 45, 0.0660434784542375
1.18145454545461, 11, 9, 1, 6, 0.164414414414414
1.18000000000001, 12, 1, 4, 55, 0.0776266165618163
1.17964207000827, 11, 3, 4, 17, 0.0191899869089483
1.17733266893148, 13, 3, 0, 6, 0.026010101010101
1.17700000000001, 11, 1, 3, 3, 0.800505050505051
1.17699999999999, 11, 1, 3, 3, 0.800505050505051
1.17563573440077, 13, 2, 3, 3, 0.800505050505051
1.16799999999998, 8, 1, 3, 2, 0.400252525252525
1.15965512114595, 10, 2, 3, 3, 0.800505050505051
1.15965512114593, 10, 2, 3, 3, 0.800505050505051
1.15930156775534, 8, 2, 0, 18, 0.558080808080808
1.15930156775534, 8, 2, 0, 18, 0.558080808080808
1.15647314063062, 10, 2, 4, 98, 0.624936765886549
1.15647314063058, 10, 2, 4, 98, 0.624936765886549
1.155, 12, 1, 0, 9, 0.0618686868686869
1.155, 12, 1, 0, 9, 0.0618686868686869
1.155, 12, 1, 0, 11, 0.103535353535354
1.155, 12, 1, 0, 11, 0.103535353535354
1.15266666666666, 11, 1, 3, 1, 0.0997474747474748
1.15200000000002, 15, 1, 4, 73, 0.179360578437554
1.15199999999999, 15, 1, 4, 73, 0.179360578437554
1.14607867094716, 8, 2, 3, 2, 0.400252525252525
1.14166666666667, 9, 1, 4, 71, 0.160308462840372
1.14077537008828, 9, 8, 3, 2, 0.400252525252525
1.14, 8, 1, 0, 17, 0.444444444444444
1.14, 8, 1, 0, 17, 0.444444444444444
1.13968943138035, 10, 3, 3, 1, 0.0997474747474748
1.1396894313803, 10, 3, 3, 1, 0.0997474747474748
1.13666666666667, 14, 1, 0, 5, 0.0184343434343434
1.13633333333334, 8, 1, 0, 10, 0.0808080808080808
1.13433437757962, 9, 7, 1, 1, 0.0337837837837838
1.1318, 15, 1, 2, 5, 0.863636363636364
1.13, 6, 1, 0, 18, 0.558080808080808
1.13, 6, 1, 0, 18, 0.558080808080808
1.12966666666662, 9, 4, 4, 50, 0.0708643200456854
1.12950000000001, 11, 1, 1, 1, 0.0337837837837838
1.1290138272945, 13, 2, 0, 8, 0.0467171717171717
1.12800000000001, 8, 1, 4, 36, 0.0468471651172549
1.12666666666667, 11, 1, 0, 2, 0.00416666666666667
1.125, 13, 1, 0, 11, 0.103535353535354
1.125, 13, 1, 0, 11, 0.103535353535354
1.12266666666666, 8, 1, 0, 2, 0.00416666666666667
1.10908986711327, 10, 3, 0, 13, 0.170454545454545
1.10863905758357, 15, 6, 3, 1, 0.0997474747474748
1.10799999999999, 11, 1, 4, 83, 0.284343083536879
1.10700000000003, 11, 4, 4, 66, 0.0931101613156405
1.10544360125495, 11, 2, 0, 12, 0.132575757575758
1.10497219673416, 7, 2, 3, 2, 0.400252525252525
1.101, 8, 1, 4, 49, 0.0692091058226616
1.101, 8, 1, 4, 49, 0.0692091058226616
1.09999999999999, 14, 1, 4, 31, 0.0395255744388036
1.09955104474509, 15, 2, 0, 7, 0.0353535353535354
1.09955104474507, 15, 2, 0, 7, 0.0353535353535354
1.09700000000001, 8, 1, 3, 2, 0.400252525252525
1.09700000000001, 8, 1, 3, 2, 0.400252525252525
1.0936584882352, 12, 2, 0, 3, 0.00795454545454546
1.09306839714326, 13, 3, 1, 19, 0.529279279279279
1.08564335446827, 4, 17, 3, 1, 0.0997474747474748
1.0842777777778, 12, 4, 0, 7, 0.0353535353535354
1.08280000000002, 13, 4, 1, 19, 0.529279279279279
1.08199999999999, 9, 1, 3, 1, 0.0997474747474748
1.08150000000001, 15, 1, 2, 4, 0.590909090909091
1.08150000000001, 15, 1, 2, 4, 0.590909090909091
1.08000000000001, 10, 1, 0, 12, 0.132575757575758
1.08, 10, 1, 0, 12, 0.132575757575758
1.07951635261149, 11, 2, 0, 8, 0.0467171717171717
1.075, 11, 1, 0, 15, 0.275252525252525
1.075, 11, 1, 0, 15, 0.275252525252525
1.075, 12, 1, 0, 11, 0.103535353535354
1.075, 12, 1, 0, 11, 0.103535353535354
1.074, 11, 1, 4, 96, 0.578309095069458
1.074, 11, 1, 4, 96, 0.578309095069458
1.07126677349763, 14, 2, 0, 9, 0.0618686868686869
1.07126677349763, 14, 2, 0, 9, 0.0618686868686869
1.07000000000005, 8, 4, 3, 3, 0.800505050505051
1.07000000000001, 12, 1, 4, 25, 0.0319165363830463
1.06850000000001, 13, 1, 4, 40, 0.0550596271875607
1.06702413281049, 12, 2, 0, 14, 0.217171717171717
1.06702413281049, 12, 2, 0, 14, 0.217171717171717
1.065, 18, 1, 0, 7, 0.0353535353535354
1.065, 12, 1, 0, 11, 0.103535353535354
1.065, 12, 1, 0, 11, 0.103535353535354
1.06499999999998, 18, 1, 0, 7, 0.0353535353535354
1.06299999999999, 14, 1, 3, 3, 0.800505050505051
1.06100000000001, 11, 1, 4, 33, 0.042748691282689
1.06045814127098, 13, 8, 4, 57, 0.0798737051896258
1.06, 9, 1, 0, 3, 0.00795454545454546
1.05999999999999, 9, 1, 0, 3, 0.00795454545454546
1.05830314917587, 14, 2, 0, 9, 0.0618686868686869
1.05146778362439, 10, 2, 4, 91, 0.438747575486957
1.05146778362439, 10, 2, 4, 91, 0.438747575486957
1.04599999999999, 11, 1, 4, 10, 0.00844094610403909
1.04599999999999, 11, 1, 4, 10, 0.00844094610403909
1.04581092937489, 10, 2, 1, 8, 0.202702702702703
1.04348263042567, 16, 6, 2, 5, 0.863636363636364
1.04215384615379, 10, 9, 2, 5, 0.863636363636364
1.0418039909482, 8, 2, 0, 15, 0.275252525252525
1.04133258642739, 14, 2, 1, 11, 0.272522522522523
1.03545454545457, 10, 4, 3, 1, 0.0997474747474748
1.03400000000001, 13, 1, 1, 9, 0.227477477477477
1.03399999999999, 13, 1, 1, 9, 0.227477477477477
1.03125, 6, 1, 4, 2, 0.000339506812356317
1.0266666666667, 12, 4, 0, 11, 0.103535353535354
1.0250691304601, 14, 2, 2, 5, 0.863636363636364
1.02433333333333, 9, 1, 4, 63, 0.0888584396739231
1.02333333333331, 13, 1, 0, 6, 0.026010101010101
1.01666666666668, 12, 1, 0, 14, 0.217171717171717
1.01499999999999, 10, 1, 0, 12, 0.132575757575758
1.01499999999999, 10, 1, 0, 12, 0.132575757575758
1.01499999999999, 11, 4, 0, 4, 0.0126262626262626
1.01481608213288, 9, 2, 2, 4, 0.590909090909091
1.012, 15, 1, 4, 34, 0.0437591097547004
1.012, 15, 1, 4, 34, 0.0437591097547004
1.01100000000001, 13, 1, 4, 54, 0.0761223229857679
1.011, 13, 1, 4, 54, 0.0761223229857679
1.00866666666667, 14, 4, 4, 101, 0.73090184972689
1.00644865188886, 11, 2, 4, 24, 0.0306244453386102
1, 11, 1, 0, 11, 0.103535353535354
1, 11, 1, 0, 11, 0.103535353535354
1, 10, 1, 0, 5, 0.0184343434343434
0.996650902188596, 9, 3, 2, 4, 0.590909090909091
0.990939443154824, 11, 2, 0, 7, 0.0353535353535354
0.990000000000009, 11, 1, 0, 5, 0.0184343434343434
0.990000000000009, 11, 1, 0, 5, 0.0184343434343434
0.989333333333335, 14, 1, 4, 98, 0.624936765886549
0.978493236222595, 11, 3, 4, 37, 0.0486682110506046
0.973333333333329, 13, 1, 0, 6, 0.026010101010101
0.971093312829526, 10, 2, 0, 13, 0.170454545454545
0.969807527041403, 12, 5, 0, 7, 0.0353535353535354
0.968000000000004, 12, 1, 3, 1, 0.0997474747474748
0.968000000000004, 12, 1, 3, 1, 0.0997474747474748
0.96637926762166, 16, 2, 0, 7, 0.0353535353535354
0.959902557554662, 13, 3, 3, 3, 0.800505050505051
0.955000000000013, 15, 1, 0, 5, 0.0184343434343434
0.955000000000013, 15, 1, 0, 5, 0.0184343434343434
0.953333333333319, 15, 1, 0, 2, 0.00416666666666667
0.952245520132436, 9, 5, 3, 1, 0.0997474747474748
0.952013835119589, 8, 18, 4, 28, 0.0358931359772792
0.950000000000017, 16, 1, 0, 4, 0.0126262626262626
0.950000000000003, 13, 1, 0, 9, 0.0618686868686869
0.950000000000003, 15, 1, 0, 9, 0.0618686868686869
0.950000000000003, 7, 1, 0, 12, 0.132575757575758
0.949999999999989, 13, 1, 0, 9, 0.0618686868686869
0.949999999999989, 16, 1, 0, 4, 0.0126262626262626
0.949999999999989, 15, 1, 0, 9, 0.0618686868686869
0.949999999999989, 7, 1, 0, 12, 0.132575757575758
0.946750000000009, 11, 1, 4, 37, 0.0486682110506046
0.946000000000012, 12, 1, 2, 4, 0.590909090909091
0.945999999999998, 12, 1, 2, 4, 0.590909090909091
0.945873170967213, 10, 2, 4, 52, 0.0736969911266934
0.944999999999965, 7, 4, 0, 8, 0.0467171717171717
0.941384618527362, 9, 5, 0, 4, 0.0126262626262626
0.941000000000031, 11, 4, 0, 5, 0.0184343434343434
0.939509209936484, 13, 2, 3, 2, 0.400252525252525
0.93950000000001, 12, 1, 3, 1, 0.0997474747474748
0.939499999999995, 12, 1, 3, 1, 0.0997474747474748
0.935769316302547, 8, 3, 3, 2, 0.400252525252525
0.935737973770191, 11, 2, 0, 14, 0.217171717171717
0.932500000000005, 12, 1, 4, 92, 0.455244555401909
0.932500000000005, 12, 1, 4, 92, 0.455244555401909
0.931928785056322, 6, 6, 4, 17, 0.0191899869089483
0.930000000000007, 12, 1, 0, 8, 0.0467171717171717
0.929999999999993, 12, 1, 0, 8, 0.0467171717171717
0.925000000000011, 10, 1, 0, 18, 0.558080808080808
0.924999999999997, 10, 1, 0, 18, 0.558080808080808
0.918333333333337, 14, 1, 1, 6, 0.164414414414414
0.916468432492396, 11, 5, 0, 9, 0.0618686868686869
0.915694507824972, 11, 12, 2, 2, 0.181818181818182
0.914999999999964, 15, 4, 0, 6, 0.026010101010101
0.914713332142916, 5, 2, 4, 11, 0.00893715698736393
0.912213425319616, 11, 3, 0, 12, 0.132575757575758
0.911793396158916, 11, 6, 0, 9, 0.0618686868686869
0.910399980777696, 11, 8, 4, 39, 0.051987603372886
0.910333333333313, 14, 4, 4, 54, 0.0761223229857679
0.907218000262351, 11, 2, 0, 10, 0.0808080808080808
0.906275191220758, 9, 2, 0, 16, 0.351010101010101
0.906200000000013, 11, 4, 4, 56, 0.078725036164931
0.905999999999977, 17, 1, 0, 7, 0.0353535353535354
0.905200000000121, 15, 9, 3, 1, 0.0997474747474748
0.905000000000001, 10, 1, 4, 10, 0.00844094610403909
0.904999999999987, 10, 1, 4, 10, 0.00844094610403909
0.903999999999968, 10, 4, 4, 23, 0.0296164402178925
0.897532232760277, 11, 12, 4, 2, 0.000339506812356317
0.897333333333336, 9, 1, 0, 14, 0.217171717171717
0.897000000000006, 11, 1, 4, 36, 0.0468471651172549
0.897000000000006, 11, 1, 4, 36, 0.0468471651172549
0.895750000000064, 8, 9, 3, 1, 0.0997474747474748
0.895197184982163, 13, 2, 4, 98, 0.624936765886549
0.89500000000001, 11, 1, 0, 3, 0.00795454545454546
0.894999999999996, 11, 1, 0, 3, 0.00795454545454546
0.891999999999996, 14, 1, 0, 6, 0.026010101010101
0.889068926211877, 14, 2, 4, 65, 0.0928774452980315
0.885333333333335, 12, 1, 4, 33, 0.042748691282689
0.885000000000005, 13, 1, 0, 9, 0.0618686868686869
0.884999999999991, 13, 1, 0, 9, 0.0618686868686869
0.883923262129296, 10, 3, 3, 3, 0.800505050505051
0.883499999999998, 8, 1, 4, 10, 0.00844094610403909
0.883499999999998, 8, 1, 4, 10, 0.00844094610403909
0.881500000000017, 12, 1, 3, 2, 0.400252525252525
0.881499999999988, 12, 1, 3, 2, 0.400252525252525
0.88000000000001, 11, 1, 0, 14, 0.217171717171717
0.879999999999995, 20, 1, 0, 7, 0.0353535353535354
0.879999999999995, 20, 1, 0, 7, 0.0353535353535354
0.879999999999995, 11, 1, 0, 14, 0.217171717171717
0.878933729014855, 12, 2, 3, 2, 0.400252525252525
0.878, 10, 1, 4, 47, 0.0673431543170252
0.877620530706994, 15, 2, 4, 68, 0.0971476980300399
0.877077537508948, 11, 3, 4, 43, 0.0622011646212767
0.87700000000001, 9, 1, 3, 3, 0.800505050505051
0.876999999999981, 9, 1, 3, 3, 0.800505050505051
0.874455386067352, 8, 2, 3, 2, 0.400252525252525
0.869387787468881, 13, 2, 3, 3, 0.800505050505051
0.869387787468861, 13, 2, 3, 3, 0.800505050505051
0.866025403784439, 14, 3, 0, 9, 0.0618686868686869
0.866, 12, 1, 3, 2, 0.400252525252525
0.866, 12, 1, 3, 2, 0.400252525252525
0.862561302169334, 13, 3, 4, 9, 0.0079337803296631
0.862561302169284, 13, 3, 4, 9, 0.0079337803296631
0.859818888390666, 14, 3, 2, 4, 0.590909090909091
0.858144789647984, 16, 2, 0, 5, 0.0184343434343434
0.857956227839681, 10, 2, 0, 13, 0.170454545454545
0.857321409974168, 12, 6, 0, 14, 0.217171717171717
0.857321409974098, 12, 6, 0, 14, 0.217171717171717
0.857249121058511, 8, 2, 0, 17, 0.444444444444444
0.853035022727684, 12, 3, 0, 10, 0.0808080808080808
0.852499999999992, 12, 1, 0, 1, 0.00126262626262626
0.852499999999992, 8, 1, 0, 5, 0.0184343434343434
0.850000000000009, 12, 1, 3, 3, 0.800505050505051
0.846999999999994, 10, 1, 1, 12, 0.313063063063063
0.846171114819896, 15, 2, 0, 4, 0.0126262626262626
0.84428549673673, 11, 2, 3, 3, 0.800505050505051
0.840000000000003, 9, 1, 0, 3, 0.00795454545454546
0.839999999999975, 9, 1, 0, 3, 0.00795454545454546
0.839100047008037, 8, 2, 4, 6, 0.00648491626136443
0.838601265997907, 15, 3, 0, 5, 0.0184343434343434
0.837000000000003, 9, 1, 4, 51, 0.0718603446010522
0.837000000000003, 9, 1, 4, 51, 0.0718603446010522
0.836666666666673, 15, 1, 0, 2, 0.00416666666666667
0.83340511357525, 13, 3, 3, 1, 0.0997474747474748
0.8334051135752, 13, 3, 3, 1, 0.0997474747474748
0.833333333333314, 12, 1, 0, 13, 0.170454545454545
0.831433961690909, 12, 5, 4, 65, 0.0928774452980315
0.831333333333333, 9, 1, 4, 15, 0.0180125300509641
0.828666666666663, 12, 1, 0, 17, 0.444444444444444
0.825900720425932, 8, 2, 3, 2, 0.400252525252525
0.823000000000036, 10, 4, 4, 51, 0.0718603446010522
0.822999999999979, 10, 4, 4, 51, 0.0718603446010522
0.8215, 11, 1, 2, 5, 0.863636363636364
0.8215, 11, 1, 2, 5, 0.863636363636364
0.817415439051653, 12, 2, 4, 75, 0.204510284651682
0.817415439051633, 12, 2, 4, 75, 0.204510284651682
0.816708332270483, 12, 2, 0, 14, 0.217171717171717
0.816708332270443, 12, 2, 0, 14, 0.217171717171717
0.81533427225298, 7, 5, 4, 9, 0.0079337803296631
0.81505841644768, 11, 2, 3, 1, 0.0997474747474748
0.814999999999998, 12, 1, 0, 11, 0.103535353535354
0.814999999999998, 12, 1, 0, 11, 0.103535353535354
0.810662977314634, 14, 15, 1, 4, 0.128378378378378
0.810000000000002, 16, 1, 0, 9, 0.0618686868686869
0.810000000000002, 16, 1, 0, 9, 0.0618686868686869
0.809098667242322, 11, 3, 0, 7, 0.0353535353535354
0.807280241854651, 9, 2, 4, 71, 0.160308462840372
0.803744707948722, 14, 2, 0, 5, 0.0184343434343434
0.803509005688338, 8, 2, 0, 10, 0.0808080808080808
0.799999999999997, 10, 1, 0, 4, 0.0126262626262626
0.799999999999997, 10, 1, 0, 4, 0.0126262626262626
0.799499999999995, 8, 1, 3, 3, 0.800505050505051
0.799499999999995, 8, 1, 3, 3, 0.800505050505051
0.797616449178416, 8, 2, 4, 36, 0.0468471651172549
0.797616449178416, 16, 2, 4, 58, 0.081739484313027
0.797616449178416, 16, 2, 4, 58, 0.081739484313027
0.796999999999997, 15, 1, 4, 22, 0.0286232599694077
0.796999999999997, 15, 1, 4, 22, 0.0286232599694077
0.796673640136843, 11, 2, 0, 2, 0.00416666666666667
0.794859421533142, 6, 6, 4, 13, 0.0149040473935306
0.793845213012103, 8, 2, 0, 2, 0.00416666666666667
0.789526493116784, 12, 3, 0, 8, 0.0467171717171717
0.782999999999987, 14, 1, 0, 7, 0.0353535353535354
0.782730063195459, 10, 7, 3, 1, 0.0997474747474748
0.782165277184643, 10, 3, 4, 26, 0.0338774705003143
0.78133333333335, 7, 4, 3, 2, 0.400252525252525
0.78081087801224, 10, 18, 0, 5, 0.0184343434343434
0.780000000000001, 10, 1, 0, 14, 0.217171717171717
0.780000000000001, 10, 1, 0, 14, 0.217171717171717
0.780000000000001, 15, 1, 0, 13, 0.170454545454545
0.780000000000001, 15, 1, 0, 13, 0.170454545454545
0.777817459305218, 14, 2, 4, 31, 0.0395255744388036
0.776666666666671, 15, 1, 0, 7, 0.0353535353535354
0.775331122299616, 12, 7, 0, 6, 0.026010101010101
0.775000000000006, 11, 1, 0, 13, 0.170454545454545
0.774999999999977, 11, 1, 0, 13, 0.170454545454545
0.774948398819779, 13, 3, 4, 43, 0.0622011646212767
0.773333333333341, 12, 4, 0, 3, 0.00795454545454546
0.766666666666652, 13, 1, 0, 4, 0.0126262626262626
0.76508953724384, 9, 2, 3, 1, 0.0997474747474748
0.765000000000015, 13, 1, 0, 3, 0.00795454545454546
0.764999999999986, 13, 1, 0, 3, 0.00795454545454546
0.763958166393924, 11, 2, 4, 39, 0.051987603372886
0.762, 14, 1, 4, 67, 0.0942557274601005
0.762, 14, 1, 4, 67, 0.0942557274601005
0.759571428571405, 11, 4, 4, 43, 0.0622011646212767
0.756666666666661, 9, 1, 0, 7, 0.0353535353535354
0.751654508401332, 14, 2, 3, 3, 0.800505050505051
0.750240294838932, 11, 2, 4, 33, 0.042748691282689
0.75, 11, 1, 0, 14, 0.217171717171717
0.75, 11, 1, 0, 14, 0.217171717171717
0.746860308223682, 5, 3, 4, 11, 0.00893715698736393
0.743333333333325, 14, 1, 3, 1, 0.0997474747474748
0.740740395370315, 11, 3, 0, 10, 0.0808080808080808
0.740000000000009, 12, 1, 3, 1, 0.0997474747474748
0.740000000000009, 11, 1, 0, 9, 0.0618686868686869
0.740000000000009, 11, 1, 0, 9, 0.0618686868686869
0.739999999999995, 12, 1, 3, 1, 0.0997474747474748
0.739999999999995, 11, 1, 0, 9, 0.0618686868686869
0.739999999999981, 11, 1, 0, 9, 0.0618686868686869
0.739500000000078, 10, 4, 1, 8, 0.202702702702703
0.738219479558764, 11, 2, 4, 90, 0.412079181780135
0.738219479558764, 11, 2, 4, 90, 0.412079181780135
0.737512372777574, 12, 2, 1, 6, 0.164414414414414
0.737512372777574, 12, 2, 1, 6, 0.164414414414414
0.737500000000011, 11, 1, 3, 3, 0.800505050505051
0.737499999999997, 11, 1, 3, 3, 0.800505050505051
0.737000000000009, 16, 1, 4, 61, 0.084023548930301
0.737000000000009, 16, 1, 4, 61, 0.084023548930301
0.736666666666679, 10, 1, 0, 7, 0.0353535353535354
0.734999999999999, 11, 1, 0, 16, 0.351010101010101
0.734999999999999, 11, 1, 0, 16, 0.351010101010101
0.730000000000004, 13, 1, 0, 9, 0.0618686868686869
0.730000000000004, 13, 1, 0, 9, 0.0618686868686869
0.725499999999997, 15, 1, 1, 19, 0.529279279279279
0.725499999999997, 15, 1, 1, 19, 0.529279279279279
0.725000000000009, 12, 1, 0, 16, 0.351010101010101
0.724999999999994, 12, 1, 0, 16, 0.351010101010101
0.724313046195408, 9, 2, 4, 63, 0.0888584396739231
0.723605939414259, 13, 2, 0, 6, 0.026010101010101
0.723333333333329, 12, 1, 0, 11, 0.103535353535354
0.721000000000004, 10, 1, 1, 13, 0.326576576576577
0.720999999999989, 10, 1, 1, 13, 0.326576576576577
0.718891894206313, 12, 2, 0, 14, 0.217171717171717
0.717949085164739, 16, 2, 1, 2, 0.0788288288288288
0.716666666666669, 12, 1, 4, 24, 0.0306244453386102
0.71653487160236, 8, 2, 4, 16, 0.0186420699741554
0.712499999999977, 18, 1, 1, 2, 0.0788288288288288
0.711666666666673, 6, 1, 0, 7, 0.0353535353535354
0.711349421873687, 17, 2, 4, 29, 0.0366148142052202
0.707106781186507, 10, 2, 0, 5, 0.0184343434343434
0.706666666666663, 13, 1, 0, 6, 0.026010101010101
0.705000000000013, 11, 1, 0, 11, 0.103535353535354
0.704999999999998, 11, 1, 0, 11, 0.103535353535354
0.703333333333347, 12, 1, 0, 10, 0.0808080808080808
0.703000000000003, 13, 1, 4, 101, 0.73090184972689
0.703000000000003, 13, 1, 4, 101, 0.73090184972689
0.700672286688505, 16, 3, 0, 5, 0.0184343434343434
0.699564308853902, 14, 2, 4, 98, 0.624936765886549
0.699000000000012, 13, 1, 2, 5, 0.863636363636364
0.698999999999998, 13, 1, 2, 5, 0.863636363636364
0.696821510637516, 12, 6, 1, 9, 0.227477477477477
0.695085965906419, 14, 2, 2, 1, 0.0454545454545454
0.695085965906339, 14, 2, 2, 1, 0.0454545454545454
0.694666666666663, 11, 1, 0, 9, 0.0618686868686869
0.693666666666658, 10, 1, 1, 14, 0.353603603603604
0.689999999999998, 12, 1, 4, 57, 0.0798737051896258
0.689999999999998, 12, 1, 4, 57, 0.0798737051896258
0.689000000000007, 9, 1, 4, 16, 0.0186420699741554
0.688999999999993, 9, 1, 4, 16, 0.0186420699741554
0.688858008268487, 12, 5, 0, 8, 0.0467171717171717
0.688250600354923, 13, 2, 0, 6, 0.026010101010101
0.686666666666667, 12, 1, 0, 1, 0.00126262626262626
0.685000000000002, 12, 1, 0, 5, 0.0184343434343434
0.685000000000002, 12, 1, 0, 5, 0.0184343434343434
0.681273317643754, 12, 3, 4, 55, 0.0776266165618163
0.680000000000007, 10, 1, 0, 13, 0.170454545454545
0.677000000000007, 11, 1, 0, 18, 0.558080808080808
0.676999999999993, 11, 1, 0, 18, 0.558080808080808
0.676333333333318, 12, 1, 4, 31, 0.0395255744388036
0.675000000000011, 12, 1, 4, 20, 0.0246350245742943
0.674999999999997, 12, 1, 4, 20, 0.0246350245742943
0.674108464731165, 15, 2, 0, 2, 0.00416666666666667
0.668833333333311, 10, 4, 4, 52, 0.0736969911266934
0.666666666666686, 11, 1, 0, 6, 0.026010101010101
0.664666666666662, 9, 1, 4, 17, 0.0191899869089483
0.664500000000004, 12, 1, 2, 4, 0.590909090909091
0.66449999999999, 12, 1, 2, 4, 0.590909090909091
0.664333333333332, 13, 4, 3, 2, 0.400252525252525
0.662000000000006, 11, 1, 4, 101, 0.73090184972689
0.662000000000006, 11, 1, 4, 101, 0.73090184972689
0.661666666666662, 11, 4, 0, 14, 0.217171717171717
0.660000000000011, 11, 1, 1, 6, 0.164414414414414
0.658666666666676, 17, 1, 4, 60, 0.0833233322906506
0.657609306503514, 14, 2, 0, 6, 0.026010101010101
0.657609306503474, 14, 2, 0, 6, 0.026010101010101
0.656666666666681, 14, 1, 2, 5, 0.863636363636364
0.652117129049695, 11, 3, 1, 1, 0.0337837837837838
0.649359727389638, 14, 2, 1, 6, 0.164414414414414
0.647999999999996, 13, 1, 4, 45, 0.0660434784542375
0.64500000000001, 15, 1, 0, 14, 0.217171717171717
0.644999999999996, 15, 1, 0, 14, 0.217171717171717
0.643249999999995, 11, 1, 4, 75, 0.204510284651682
0.641999999999996, 8, 1, 4, 1, 0.000100050649348366
0.641999999999996, 8, 1, 4, 1, 0.000100050649348366
0.640638743755016, 17, 2, 0, 7, 0.0353535353535354
0.639704098262124, 11, 3, 4, 83, 0.284343083536879
0.638333333333321, 11, 1, 4, 46, 0.0667300768973018
0.638000000000005, 13, 1, 4, 19, 0.0217556379075293
0.637999999999991, 13, 1, 4, 19, 0.0217556379075293
0.63451048498473, 9, 2, 0, 14, 0.217171717171717
0.630739248818397, 14, 2, 0, 6, 0.026010101010101
0.630000000000024, 10, 1, 0, 14, 0.217171717171717
0.629999999999995, 10, 1, 0, 12, 0.132575757575758
0.629999999999995, 10, 1, 0, 12, 0.132575757575758
0.629999999999995, 12, 1, 0, 14, 0.217171717171717
0.629999999999995, 12, 1, 0, 14, 0.217171717171717
0.629000000000005, 12, 1, 1, 2, 0.0788288288288288
0.628999999999991, 12, 1, 1, 2, 0.0788288288288288
0.626025203610491, 12, 2, 4, 33, 0.042748691282689
0.625, 9, 1, 0, 7, 0.0353535353535354
0.625, 9, 1, 0, 7, 0.0353535353535354
0.625, 14, 1, 0, 1, 0.00126262626262626
0.625, 14, 1, 0, 1, 0.00126262626262626
0.625, 15, 1, 0, 1, 0.00126262626262626
0.625, 15, 1, 0, 1, 0.00126262626262626
0.623769230832454, 11, 3, 4, 39, 0.051987603372886
0.623333333333335, 8, 1, 0, 15, 0.275252525252525
0.620000000000005, 13, 1, 0, 1, 0.00126262626262626
0.620000000000005, 10, 1, 0, 13, 0.170454545454545
0.61999999999999, 13, 1, 0, 1, 0.00126262626262626
0.61999999999999, 10, 1, 0, 13, 0.170454545454545
0.618333333333339, 8, 4, 3, 2, 0.400252525252525
0.617333333333335, 15, 1, 4, 69, 0.110861739138859
0.616898762629115, 13, 3, 4, 40, 0.0550596271875607
0.614666666666679, 12, 1, 3, 1, 0.0997474747474748
0.61399999999999, 14, 1, 4, 41, 0.0589841673467433
0.609999999999999, 13, 1, 4, 94, 0.486490559366218
0.609999999999999, 13, 1, 4, 94, 0.486490559366218
0.608000000000004, 11, 1, 0, 15, 0.275252525252525
0.601040764008561, 12, 2, 3, 3, 0.800505050505051
0.599999999999994, 14, 1, 0, 3, 0.00795454545454546
0.599999999999994, 14, 1, 0, 3, 0.00795454545454546
0.59899999999999, 8, 1, 0, 8, 0.0467171717171717
0.595500000000001, 13, 1, 4, 26, 0.0338774705003143
0.595500000000001, 13, 1, 4, 26, 0.0338774705003143
0.595392465101802, 6, 3, 4, 2, 0.000339506812356317
0.594999999999999, 13, 1, 0, 1, 0.00126262626262626
0.594999999999999, 13, 1, 0, 1, 0.00126262626262626
0.593500000000006, 9, 1, 3, 2, 0.400252525252525
0.593499999999977, 9, 1, 3, 2, 0.400252525252525
0.591612673592769, 15, 2, 0, 2, 0.00416666666666667
0.589255650988796, 12, 2, 0, 13, 0.170454545454545
0.587841437426396, 9, 2, 4, 15, 0.0180125300509641
0.586666666666659, 12, 1, 0, 8, 0.0467171717171717
0.58595581934327, 12, 2, 0, 17, 0.444444444444444
0.585000000000008, 16, 1, 0, 6, 0.026010101010101
0.58499999999998, 16, 1, 0, 6, 0.026010101010101
0.582655987697724, 13, 2, 3, 3, 0.800505050505051
0.582655987697684, 13, 2, 3, 3, 0.800505050505051
0.581333333333347, 14, 1, 4, 61, 0.084023548930301
0.580500000000001, 13, 1, 3, 2, 0.400252525252525
0.580500000000001, 13, 1, 3, 2, 0.400252525252525
0.579999999999998, 10, 1, 0, 1, 0.00126262626262626
0.579999999999998, 10, 1, 0, 1, 0.00126262626262626
0.579999999999998, 11, 1, 0, 12, 0.132575757575758
0.579999999999998, 11, 1, 0, 12, 0.132575757575758
0.576999999999998, 13, 1, 4, 73, 0.179360578437554
0.576999999999998, 13, 1, 4, 73, 0.179360578437554
0.575000000000017, 13, 1, 0, 3, 0.00795454545454546
0.575000000000003, 13, 1, 0, 18, 0.558080808080808
0.574999999999989, 12, 1, 0, 1, 0.00126262626262626
0.574999999999989, 12, 1, 0, 1, 0.00126262626262626
0.574999999999989, 13, 1, 0, 18, 0.558080808080808
0.574999999999989, 13, 1, 0, 3, 0.00795454545454546
0.571538975048917, 14, 5, 4, 31, 0.0395255744388036
0.570000000000007, 8, 1, 0, 1, 0.00126262626262626
0.569999999999993, 10, 1, 0, 14, 0.217171717171717
0.569999999999993, 10, 1, 0, 14, 0.217171717171717
0.569999999999993, 8, 1, 0, 1, 0.00126262626262626
0.565899999999999, 15, 4, 2, 5, 0.863636363636364
0.565333333333342, 11, 1, 3, 1, 0.0997474747474748
0.565000000000012, 8, 1, 0, 1, 0.00126262626262626
0.564999999999998, 11, 1, 0, 8, 0.0467171717171717
0.564999999999998, 8, 1, 0, 1, 0.00126262626262626
0.564000000000007, 8, 1, 4, 51, 0.0718603446010522
0.563999999999993, 8, 1, 4, 51, 0.0718603446010522
0.556666666666672, 12, 1, 0, 14, 0.217171717171717
0.555055959671943, 15, 5, 4, 68, 0.0971476980300399
0.555000000000007, 10, 1, 4, 10, 0.00844094610403909
0.555000000000007, 10, 1, 4, 10, 0.00844094610403909
0.555000000000007, 14, 1, 4, 10, 0.00844094610403909
0.555000000000007, 14, 1, 4, 10, 0.00844094610403909
0.555000000000007, 14, 1, 0, 9, 0.0618686868686869
0.554999999999993, 14, 1, 0, 9, 0.0618686868686869
0.553664609669078, 14, 2, 0, 7, 0.0353535353535354
0.552666666666681, 12, 1, 1, 3, 0.105855855855856
0.552000000000021, 9, 1, 3, 3, 0.800505050505051
0.551999999999993, 9, 1, 3, 3, 0.800505050505051
0.549186266721535, 15, 2, 0, 7, 0.0353535353535354
0.548714862200768, 11, 2, 4, 26, 0.0338774705003143
0.546606367355308, 11, 3, 4, 37, 0.0486682110506046
0.545333333333346, 11, 1, 4, 100, 0.705914182813912
0.544999999999987, 12, 1, 0, 11, 0.103535353535354
0.544999999999987, 12, 1, 0, 11, 0.103535353535354
0.542115198909716, 13, 2, 0, 4, 0.0126262626262626
0.541499999999999, 12, 1, 0, 14, 0.217171717171717
0.537499999999994, 11, 1, 0, 6, 0.026010101010101
0.535044131097837, 9, 2, 0, 7, 0.0353535353535354
0.534999999999968, 12, 4, 4, 25, 0.0319165363830463
0.525616040682025, 14, 2, 3, 1, 0.0997474747474748
0.524000000000001, 13, 1, 4, 50, 0.0708643200456854
0.524000000000001, 13, 1, 4, 50, 0.0708643200456854
0.520901995474058, 10, 2, 0, 7, 0.0353535353535354
0.519000000000005, 15, 1, 1, 2, 0.0788288288288288
0.518999999999991, 15, 1, 1, 2, 0.0788288288288288
0.517499999999998, 10, 1, 4, 24, 0.0306244453386102
0.517499999999998, 10, 1, 4, 24, 0.0306244453386102
0.515000000000001, 9, 1, 0, 15, 0.275252525252525
0.514999999999986, 9, 1, 0, 15, 0.275252525252525
0.511499999999998, 11, 1, 3, 3, 0.800505050505051
0.511499999999998, 11, 1, 3, 3, 0.800505050505051
0.511473905058246, 12, 2, 0, 11, 0.103535353535354
0.510000000000019, 14, 1, 0, 10, 0.0808080808080808
0.509999999999991, 14, 1, 0, 10, 0.0808080808080808
0.508551197029406, 13, 2, 4, 46, 0.0667300768973018
0.507666666666637, 16, 4, 1, 2, 0.0788288288288288
0.50675985985034, 12, 2, 4, 24, 0.0306244453386102
0.506666666666689, 8, 4, 4, 16, 0.0186420699741554
0.506500000000003, 14, 1, 2, 4, 0.590909090909091
0.506499999999988, 14, 1, 2, 4, 0.590909090909091
0.505149518176833, 14, 7, 0, 7, 0.0353535353535354
0.505000000000024, 13, 1, 0, 8, 0.0467171717171717
0.504999999999995, 13, 1, 0, 8, 0.0467171717171717
0.503224325944451, 6, 2, 0, 7, 0.0353535353535354
0.503000000000043, 17, 4, 4, 29, 0.0366148142052202
0.503000000000014, 12, 1, 4, 62, 0.0856939327900282
0.503, 12, 1, 4, 62, 0.0856939327900282
0.5, 11, 1, 0, 15, 0.275252525252525
0.5, 11, 1, 0, 15, 0.275252525252525
0.5, 14, 1, 0, 14, 0.217171717171717
0.5, 14, 1, 0, 14, 0.217171717171717
0.5, 11, 1, 0, 14, 0.217171717171717
0.5, 11, 1, 0, 14, 0.217171717171717
0.5, 7, 1, 0, 15, 0.275252525252525
0.499688792038501, 13, 2, 0, 6, 0.026010101010101
0.499500000000012, 15, 1, 4, 61, 0.084023548930301
0.497331769434528, 12, 2, 0, 10, 0.0808080808080808
0.496499999999998, 12, 1, 4, 46, 0.0667300768973018
0.496499999999998, 12, 1, 4, 46, 0.0667300768973018
0.495000000000005, 10, 1, 0, 10, 0.0808080808080808
0.495000000000005, 13, 1, 0, 13, 0.170454545454545
0.495000000000005, 13, 1, 0, 13, 0.170454545454545
0.49499999999999, 10, 1, 0, 10, 0.0808080808080808
0.494666666666689, 14, 1, 4, 33, 0.042748691282689
0.492191104484151, 12, 3, 0, 1, 0.00126262626262626
0.492191104484151, 8, 3, 0, 5, 0.0184343434343434
0.491203510664262, 11, 2, 0, 9, 0.0618686868686869
0.490496403883073, 10, 2, 1, 14, 0.353603603603604
0.490000000000009, 12, 1, 0, 10, 0.0808080808080808
0.489000000000004, 12, 1, 4, 29, 0.0366148142052202
0.48899999999999, 12, 1, 4, 29, 0.0366148142052202
0.487550125628171, 11, 2, 3, 3, 0.800505050505051
0.487550125628091, 11, 2, 3, 3, 0.800505050505051
0.487000000000009, 12, 1, 4, 93, 0.471038215796977
0.486999999999995, 12, 1, 4, 93, 0.471038215796977
0.485546656414763, 12, 2, 0, 1, 0.00126262626262626
0.485500000000002, 10, 1, 1, 13, 0.326576576576577
0.485499999999988, 10, 1, 1, 13, 0.326576576576577
0.485000000000014, 17, 1, 0, 7, 0.0353535353535354
0.484999999999985, 17, 1, 0, 7, 0.0353535353535354
0.484499999999997, 14, 1, 1, 19, 0.529279279279279
0.484499999999997, 14, 1, 1, 19, 0.529279279279279
0.481666666666655, 11, 1, 4, 60, 0.0833233322906506
0.480832611206857, 10, 2, 0, 13, 0.170454545454545
0.47999999999999, 13, 1, 0, 8, 0.0467171717171717
0.47999999999999, 13, 1, 0, 8, 0.0467171717171717
0.479500000000002, 15, 1, 4, 38, 0.0506681897441603
0.479499999999987, 15, 1, 4, 38, 0.0506681897441603
0.478239886342521, 12, 2, 4, 31, 0.0395255744388036
0.471404520791005, 11, 2, 0, 6, 0.026010101010101
0.470000000000013, 13, 1, 0, 2, 0.00416666666666667
0.469990307228665, 9, 2, 4, 17, 0.0191899869089483
0.468000000000004, 12, 1, 4, 61, 0.084023548930301
0.467999999999989, 12, 1, 4, 61, 0.084023548930301
0.466000000000008, 12, 1, 4, 49, 0.0692091058226616
0.466000000000008, 12, 1, 4, 49, 0.0692091058226616
0.465747666541566, 17, 2, 4, 60, 0.0833233322906506
0.464569155239569, 11, 2, 4, 40, 0.0550596271875607
0.464569155239569, 11, 2, 4, 40, 0.0550596271875607
0.464333452979166, 14, 2, 2, 5, 0.863636363636364
0.46386204845842, 13, 2, 3, 3, 0.800505050505051
0.463862048458339, 13, 2, 3, 3, 0.800505050505051
0.46050000000001, 14, 1, 4, 38, 0.0506681897441603
0.460499999999996, 14, 1, 4, 38, 0.0506681897441603
0.460250000000002, 16, 1, 1, 4, 0.128378378378378
0.459000000000003, 15, 1, 4, 39, 0.051987603372886
0.459000000000003, 15, 1, 4, 39, 0.051987603372886
0.45820519420888, 13, 2, 4, 45, 0.0660434784542375
0.455500000000001, 8, 1, 4, 71, 0.160308462840372
0.455500000000001, 8, 1, 4, 71, 0.160308462840372
0.454999999999998, 11, 1, 0, 9, 0.0618686868686869
0.454999999999998, 11, 1, 0, 9, 0.0618686868686869
0.453839548861843, 9, 10, 2, 4, 0.590909090909091
0.451369828657424, 11, 2, 4, 46, 0.0667300768973018
0.447999999999979, 19, 1, 1, 3, 0.105855855855856
0.445477272147482, 10, 2, 0, 14, 0.217171717171717
0.445000000000007, 12, 1, 0, 11, 0.103535353535354
0.444999999999993, 15, 1, 0, 6, 0.026010101010101
0.444999999999993, 15, 1, 0, 6, 0.026010101010101
0.444999999999993, 12, 1, 0, 11, 0.103535353535354
0.443499999999986, 13, 1, 4, 29, 0.0366148142052202
0.442500000000024, 7, 1, 4, 12, 0.0115508595340253
0.442499999999995, 7, 1, 4, 12, 0.0115508595340253
0.440763226939616, 8, 2, 0, 15, 0.275252525252525
0.439999999999998, 14, 1, 0, 14, 0.217171717171717
0.439999999999998, 14, 1, 0, 14, 0.217171717171717
0.439666666666668, 13, 1, 3, 1, 0.0997474747474748
0.439333333333337, 9, 1, 3, 1, 0.0997474747474748
0.438999999999965, 10, 4, 4, 47, 0.0673431543170252
0.436520586252516, 15, 2, 4, 69, 0.110861739138859
0.436500000000009, 12, 1, 4, 30, 0.0378992342401869
0.436499999999995, 12, 1, 4, 30, 0.0378992342401869
0.435000000000002, 14, 1, 0, 9, 0.0618686868686869
0.435000000000002, 14, 1, 0, 1, 0.00126262626262626
0.435000000000002, 14, 1, 0, 1, 0.00126262626262626
0.435000000000002, 13, 1, 0, 6, 0.026010101010101
0.435000000000002, 13, 1, 0, 6, 0.026010101010101
0.434999999999974, 14, 1, 0, 9, 0.0618686868686869
0.43463496816933, 12, 2, 3, 1, 0.0997474747474748
0.434163563648543, 14, 2, 4, 41, 0.0589841673467433
0.433999999999998, 10, 1, 4, 16, 0.0186420699741554
0.433999999999998, 10, 1, 4, 16, 0.0186420699741554
0.429920922961424, 11, 2, 0, 15, 0.275252525252525
0.426333333333346, 12, 1, 4, 65, 0.0928774452980315
0.424500000000009, 10, 1, 4, 66, 0.0931101613156405
0.424499999999995, 10, 1, 4, 66, 0.0931101613156405
0.424264068711924, 13, 2, 0, 4, 0.0126262626262626
0.424264068711924, 13, 2, 0, 4, 0.0126262626262626
0.424000000000007, 13, 1, 2, 4, 0.590909090909091
0.423999999999992, 13, 1, 2, 4, 0.590909090909091
0.423500000000018, 10, 4, 1, 12, 0.313063063063063
0.423500000000004, 11, 1, 3, 3, 0.800505050505051
0.42349999999999, 11, 1, 3, 3, 0.800505050505051
0.421999999999997, 16, 1, 4, 61, 0.084023548930301
0.421999999999997, 16, 1, 4, 61, 0.084023548930301
0.419499999999999, 13, 1, 4, 26, 0.0338774705003143
0.419499999999999, 13, 1, 4, 26, 0.0338774705003143
0.419000000000011, 9, 1, 4, 10, 0.00844094610403909
0.418999999999983, 9, 1, 4, 10, 0.00844094610403909
0.418666666666667, 12, 1, 0, 11, 0.103535353535354
0.417333333333332, 14, 1, 1, 10, 0.240990990990991
0.415230313601179, 13, 3, 4, 46, 0.0667300768973018
0.414835978296112, 12, 2, 0, 8, 0.0467171717171717
0.411362066797677, 18, 3, 1, 2, 0.0788288288288288
0.411064742129759, 14, 2, 4, 61, 0.084023548930301
0.408500000000004, 15, 1, 4, 56, 0.078725036164931
0.408500000000004, 15, 1, 4, 56, 0.078725036164931
0.407499999999999, 8, 1, 4, 13, 0.0149040473935306
0.407499999999999, 8, 1, 4, 13, 0.0149040473935306
0.407499999999999, 11, 1, 0, 6, 0.026010101010101
0.406444977826035, 15, 2, 4, 52, 0.0736969911266934
0.405047742209998, 8, 5, 3, 3, 0.800505050505051
0.402500000000003, 13, 1, 3, 3, 0.800505050505051
0.402499999999989, 13, 1, 3, 3, 0.800505050505051
0.400000000000006, 10, 1, 0, 9, 0.0618686868686869
0.399999999999977, 10, 1, 0, 9, 0.0618686868686869
0.399751033630781, 11, 2, 3, 1, 0.0997474747474748
0.39800000000001, 13, 1, 4, 54, 0.0761223229857679
0.397999999999996, 13, 1, 4, 54, 0.0761223229857679
0.395500000000013, 15, 1, 1, 1, 0.0337837837837838
0.395499999999998, 15, 1, 1, 1, 0.0337837837837838
0.393622774860515, 12, 2, 0, 14, 0.217171717171717
0.390794347735756, 12, 2, 1, 3, 0.105855855855856
0.390000000000001, 13, 1, 4, 26, 0.0338774705003143
0.390000000000001, 13, 1, 4, 26, 0.0338774705003143
0.389333333333326, 11, 1, 0, 14, 0.217171717171717
0.388625886940125, 9, 2, 2, 1, 0.0454545454545454
0.38666666666667, 10, 1, 0, 2, 0.00416666666666667
0.385608898007063, 11, 2, 4, 100, 0.705914182813912
0.384500000000003, 10, 1, 4, 15, 0.0180125300509641
0.384500000000003, 10, 1, 4, 15, 0.0180125300509641
0.38270074986289, 13, 3, 3, 3, 0.800505050505051
0.381051177665126, 11, 3, 1, 6, 0.164414414414414
0.380000000000024, 12, 1, 0, 6, 0.026010101010101
0.379999999999995, 10, 1, 0, 13, 0.170454545454545
0.379999999999995, 10, 1, 0, 13, 0.170454545454545
0.378302127934821, 7, 2, 0, 4, 0.0126262626262626
0.37830212793478, 7, 2, 0, 4, 0.0126262626262626
0.376666666666651, 10, 1, 0, 8, 0.0467171717171717
0.375, 16, 1, 0, 3, 0.00795454545454546
0.375, 16, 1, 0, 3, 0.00795454545454546
0.375, 16, 1, 0, 3, 0.00795454545454546
0.375, 16, 1, 0, 3, 0.00795454545454546
0.372468496990009, 10, 2, 3, 1, 0.0997474747474748
0.371380560656224, 11, 3, 4, 75, 0.204510284651682
0.367333333333306, 17, 1, 4, 41, 0.0589841673467433
0.360270905014548, 10, 2, 4, 62, 0.0856939327900282
0.360270905014548, 10, 2, 4, 62, 0.0856939327900282
0.360000000000014, 13, 1, 0, 9, 0.0618686868686869
0.353553390593274, 7, 2, 0, 15, 0.275252525252525
0.350000000000009, 11, 1, 0, 12, 0.132575757575758
0.349999999999994, 11, 1, 0, 12, 0.132575757575758
0.349782154426901, 14, 2, 4, 33, 0.042748691282689
0.346482322781375, 12, 2, 0, 10, 0.0808080808080808
0.345832811244596, 8, 3, 0, 8, 0.0467171717171717
0.345775216000245, 11, 2, 4, 61, 0.084023548930301
0.345775216000205, 11, 2, 4, 61, 0.084023548930301
0.344250000000002, 10, 1, 4, 28, 0.0358931359772792
0.341499999999996, 9, 1, 4, 12, 0.0115508595340253
0.341499999999996, 9, 1, 4, 12, 0.0115508595340253
0.340589766271532, 11, 2, 4, 60, 0.0833233322906506
0.340500000000006, 12, 1, 1, 3, 0.105855855855856
0.340500000000006, 12, 1, 1, 3, 0.105855855855856
0.340000000000003, 13, 1, 1, 10, 0.240990990990991
0.340000000000003, 11, 1, 0, 6, 0.026010101010101
0.339999999999989, 13, 1, 1, 10, 0.240990990990991
0.339999999999989, 11, 1, 0, 6, 0.026010101010101
0.335000000000008, 14, 1, 0, 8, 0.0467171717171717
0.335000000000008, 12, 1, 3, 2, 0.400252525252525
0.334999999999994, 12, 1, 3, 2, 0.400252525252525
0.33499999999998, 14, 1, 0, 8, 0.0467171717171717
0.334000000000003, 12, 1, 4, 14, 0.0167757737040485
0.334000000000003, 12, 1, 4, 14, 0.0167757737040485
0.333500000000001, 11, 1, 4, 92, 0.455244555401909
0.333500000000001, 11, 1, 4, 92, 0.455244555401909
0.332499999999996, 10, 1, 4, 24, 0.0306244453386102
0.332499999999996, 10, 1, 4, 24, 0.0306244453386102
0.332340187157656, 13, 2, 0, 2, 0.00416666666666667
0.331860934730187, 15, 3, 4, 52, 0.0736969911266934
0.331428571428546, 13, 4, 3, 3, 0.800505050505051
0.330000000000013, 11, 1, 0, 6, 0.026010101010101
0.329999999999984, 11, 1, 0, 6, 0.026010101010101
0.326202902092137, 11, 3, 0, 8, 0.0467171717171717
0.320000000000022, 14, 1, 0, 8, 0.0467171717171717
0.319999999999993, 9, 1, 0, 12, 0.132575757575758
0.319999999999993, 9, 1, 0, 12, 0.132575757575758
0.319999999999993, 14, 1, 0, 8, 0.0467171717171717
0.317311707946617, 9, 3, 2, 1, 0.0454545454545454
0.316800673399962, 11, 6, 4, 26, 0.0338774705003143
0.316783837971599, 19, 2, 1, 3, 0.105855855855856
0.316218152546631, 13, 2, 3, 1, 0.0997474747474748
0.315000000000012, 8, 1, 0, 11, 0.103535353535354
0.314999999999998, 8, 1, 0, 11, 0.103535353535354
0.312635170766174, 12, 3, 0, 14, 0.217171717171717
0.311333333333323, 14, 1, 4, 61, 0.084023548930301
0.310891281461696, 13, 2, 3, 1, 0.0997474747474748
0.310655579201313, 9, 2, 3, 1, 0.0997474747474748
0.31049999999999, 17, 1, 0, 7, 0.0353535353535354
0.310325769689412, 11, 3, 0, 6, 0.026010101010101
0.310000000000002, 14, 1, 0, 7, 0.0353535353535354
0.310000000000002, 14, 1, 0, 7, 0.0353535353535354
0.310000000000002, 15, 1, 0, 5, 0.0184343434343434
0.310000000000002, 15, 1, 0, 5, 0.0184343434343434
0.305000000000007, 11, 1, 0, 11, 0.103535353535354
0.304999999999993, 11, 1, 0, 11, 0.103535353535354
0.304000000000002, 13, 1, 1, 3, 0.105855855855856
0.304000000000002, 13, 1, 1, 3, 0.105855855855856
0.302500000000009, 15, 1, 3, 2, 0.400252525252525
0.302499999999995, 15, 1, 3, 2, 0.400252525252525
0.301904761904666, 8, 9, 3, 3, 0.800505050505051
0.301463191045844, 12, 2, 4, 65, 0.0928774452980315
0.300000000000011, 14, 1, 0, 8, 0.0467171717171717
0.299999999999983, 14, 1, 0, 8, 0.0467171717171717
0.298000000000002, 16, 1, 4, 55, 0.0776266165618163
0.297250000000005, 11, 1, 1, 6, 0.164414414414414
0.296838024013037, 12, 5, 1, 25, 0.835585585585586
0.296042039056768, 12, 2, 0, 11, 0.103535353535354
0.295099230015195, 14, 2, 1, 10, 0.240990990990991
0.295000000000002, 11, 1, 0, 13, 0.170454545454545
0.295000000000002, 11, 1, 0, 13, 0.170454545454545
0.288386459460217, 15, 3, 4, 61, 0.084023548930301
0.275300240141977, 11, 2, 0, 14, 0.217171717171717
0.274500000000018, 9, 1, 4, 11, 0.00893715698736393
0.274499999999989, 9, 1, 4, 11, 0.00893715698736393
0.273414622058811, 10, 2, 0, 2, 0.00416666666666667
0.27000000000001, 13, 1, 0, 5, 0.0184343434343434
0.27000000000001, 13, 1, 0, 5, 0.0184343434343434
0.27000000000001, 12, 1, 0, 1, 0.00126262626262626
0.269999999999996, 12, 1, 0, 1, 0.00126262626262626
0.268700576850845, 12, 2, 0, 6, 0.026010101010101
0.266343554246952, 10, 2, 0, 8, 0.0467171717171717
0.265999999999991, 10, 1, 4, 16, 0.0186420699741554
0.265999999999991, 10, 1, 4, 16, 0.0186420699741554
0.265725461394559, 16, 3, 1, 4, 0.128378378378378
0.265000000000001, 14, 1, 0, 8, 0.0467171717171717
0.265000000000001, 14, 1, 0, 8, 0.0467171717171717
0.260000000000019, 17, 1, 0, 6, 0.026010101010101
0.260000000000019, 15, 1, 0, 7, 0.0353535353535354
0.260000000000019, 17, 1, 0, 7, 0.0353535353535354
0.259999999999991, 17, 1, 0, 6, 0.026010101010101
0.259999999999991, 17, 1, 0, 7, 0.0353535353535354
0.259743890955879, 17, 2, 4, 41, 0.0589841673467433
0.258191040381606, 13, 3, 3, 1, 0.0997474747474748
0.257000000000005, 13, 1, 3, 3, 0.800505050505051
0.256999999999991, 13, 1, 3, 3, 0.800505050505051
0.256054844385607, 13, 3, 4, 29, 0.0366148142052202
0.25500000000001, 12, 1, 0, 18, 0.558080808080808
0.254999999999995, 12, 1, 0, 18, 0.558080808080808
0.254999999999995, 12, 1, 0, 20, 0.898989898989899
0.254999999999995, 12, 1, 0, 20, 0.898989898989899
0.254999999999995, 10, 1, 0, 14, 0.217171717171717
0.254999999999995, 10, 1, 0, 14, 0.217171717171717
0.254558441227167, 13, 2, 0, 9, 0.0618686868686869
0.250873918959931, 12, 7, 1, 25, 0.835585585585586
0.246000000000009, 18, 1, 4, 65, 0.0928774452980315
0.245999999999981, 18, 1, 4, 65, 0.0928774452980315
0.245000000000005, 14, 1, 0, 6, 0.026010101010101
0.24499999999999, 14, 1, 0, 6, 0.026010101010101
0.241547676453345, 11, 2, 1, 12, 0.313063063063063
0.240500000000011, 10, 1, 3, 2, 0.400252525252525
0.240499999999997, 10, 1, 3, 2, 0.400252525252525
0.235270234694755, 11, 3, 0, 6, 0.026010101010101
0.234999999999999, 13, 1, 3, 3, 0.800505050505051
0.234999999999999, 13, 1, 3, 3, 0.800505050505051
0.234999999999999, 11, 1, 0, 9, 0.0618686868686869
0.234999999999999, 11, 1, 0, 9, 0.0618686868686869
0.23333333333332, 12, 1, 0, 4, 0.0126262626262626
0.233000000000004, 18, 1, 4, 37, 0.0486682110506046
0.233000000000004, 18, 1, 4, 37, 0.0486682110506046
0.232500000000016, 12, 1, 4, 24, 0.0306244453386102
0.232499999999987, 12, 1, 4, 24, 0.0306244453386102
0.231333333333339, 14, 1, 3, 3, 0.800505050505051
0.231000000000009, 12, 1, 4, 52, 0.0736969911266934
0.230999999999995, 12, 1, 4, 52, 0.0736969911266934
0.227500000000006, 13, 1, 4, 50, 0.0708643200456854
0.227499999999992, 13, 1, 4, 50, 0.0708643200456854
0.227000000000004, 15, 1, 2, 4, 0.590909090909091
0.22699999999999, 15, 1, 2, 4, 0.590909090909091
0.225000000000009, 15, 1, 0, 7, 0.0353535353535354
0.224999999999994, 15, 1, 0, 7, 0.0353535353535354
0.224000000000004, 15, 1, 4, 40, 0.0550596271875607
0.22399999999999, 15, 1, 4, 40, 0.0550596271875607
0.220145911209405, 14, 2, 4, 61, 0.084023548930301
0.215500000000006, 14, 1, 4, 65, 0.0928774452980315
0.215499999999992, 14, 1, 4, 65, 0.0928774452980315
0.21504478700186, 10, 6, 3, 1, 0.0997474747474748
0.215000000000003, 13, 1, 3, 1, 0.0997474747474748
0.214999999999989, 13, 1, 3, 1, 0.0997474747474748
0.214960461480692, 12, 2, 4, 92, 0.455244555401909
0.214399999999998, 13, 1, 3, 3, 0.800505050505051
0.210717820793613, 16, 2, 4, 55, 0.0776266165618163
0.210000000000008, 15, 1, 4, 40, 0.0550596271875607
0.20999999999998, 15, 1, 4, 40, 0.0550596271875607
0.208500000000001, 13, 1, 4, 55, 0.0776266165618163
0.208500000000001, 13, 1, 4, 55, 0.0776266165618163
0.206000000000003, 12, 1, 1, 2, 0.0788288288288288
0.205000000000013, 13, 1, 0, 11, 0.103535353535354
0.204999999999984, 13, 1, 0, 11, 0.103535353535354
0.20150000000001, 10, 1, 4, 79, 0.228732574440079
0.20150000000001, 10, 1, 4, 79, 0.228732574440079
0.200000000000017, 17, 1, 0, 6, 0.026010101010101
0.199999999999989, 17, 1, 0, 6, 0.026010101010101
0.1995, 11, 1, 4, 28, 0.0358931359772792
0.1995, 11, 1, 4, 28, 0.0358931359772792
0.19875283016853, 10, 3, 4, 28, 0.0358931359772792
0.198000000000008, 9, 1, 4, 5, 0.00604237658698964
0.197999999999979, 9, 1, 4, 5, 0.00604237658698964
0.197222851955176, 11, 3, 1, 12, 0.313063063063063
0.195999999999998, 19, 1, 2, 4, 0.590909090909091
0.195999999999998, 19, 1, 2, 4, 0.590909090909091
0.195000000000007, 14, 1, 0, 6, 0.026010101010101
0.195000000000007, 14, 1, 0, 6, 0.026010101010101
0.195000000000007, 12, 1, 0, 14, 0.217171717171717
0.195000000000007, 14, 1, 3, 3, 0.800505050505051
0.194999999999993, 12, 1, 0, 14, 0.217171717171717
0.194999999999993, 14, 1, 3, 3, 0.800505050505051
0.194666666666649, 14, 1, 4, 10, 0.00844094610403909
0.189999999999998, 9, 1, 0, 14, 0.217171717171717
0.189999999999998, 9, 1, 0, 14, 0.217171717171717
0.185000000000002, 9, 1, 0, 14, 0.217171717171717
0.185000000000002, 9, 1, 0, 14, 0.217171717171717
0.183847763108496, 15, 2, 0, 7, 0.0353535353535354
0.182000000000002, 13, 1, 4, 19, 0.0217556379075293
0.182000000000002, 13, 1, 4, 19, 0.0217556379075293
0.180000000000007, 12, 1, 0, 7, 0.0353535353535354
0.179999999999978, 12, 1, 0, 7, 0.0353535353535354
0.179267258583373, 17, 3, 0, 7, 0.0353535353535354
0.175514481833615, 12, 3, 4, 92, 0.455244555401909
0.175000000000011, 11, 1, 0, 8, 0.0467171717171717
0.174999999999983, 11, 1, 0, 8, 0.0467171717171717
0.171617367516603, 11, 3, 1, 6, 0.164414414414414
0.164991582276912, 12, 2, 0, 4, 0.0126262626262626
0.163577368714492, 14, 2, 3, 3, 0.800505050505051
0.163333333333327, 12, 1, 0, 9, 0.0618686868686869
0.159099025766969, 14, 2, 3, 1, 0.0997474747474748
0.159099025766969, 14, 2, 3, 1, 0.0997474747474748
0.159000000000006, 18, 1, 1, 1, 0.0337837837837838
0.158999999999992, 18, 1, 1, 1, 0.0337837837837838
0.152500000000003, 14, 1, 4, 92, 0.455244555401909
0.152500000000003, 14, 1, 4, 92, 0.455244555401909
0.150000000000006, 13, 1, 4, 40, 0.0550596271875607
0.150000000000006, 11, 1, 0, 3, 0.00795454545454546
0.150000000000006, 11, 1, 0, 12, 0.132575757575758
0.149999999999991, 13, 1, 4, 40, 0.0550596271875607
0.149999999999991, 11, 1, 0, 3, 0.00795454545454546
0.149999999999977, 11, 1, 0, 12, 0.132575757575758
0.148500000000013, 8, 1, 3, 2, 0.400252525252525
0.148499999999984, 8, 1, 3, 2, 0.400252525252525
0.146000000000015, 9, 1, 4, 16, 0.0186420699741554
0.145999999999987, 9, 1, 4, 16, 0.0186420699741554
0.145663996924421, 12, 2, 1, 2, 0.0788288288288288
0.144956890143231, 8, 2, 0, 10, 0.0808080808080808
0.144956890143231, 8, 2, 0, 10, 0.0808080808080808
0.144000000000005, 17, 1, 4, 41, 0.0589841673467433
0.143999999999991, 17, 1, 4, 41, 0.0589841673467433
0.140000000000015, 14, 1, 0, 10, 0.0808080808080808
0.140000000000001, 9, 1, 0, 11, 0.103535353535354
0.140000000000001, 9, 1, 0, 11, 0.103535353535354
0.139999999999986, 14, 1, 0, 10, 0.0808080808080808
0.137650120071009, 14, 2, 4, 10, 0.00844094610403909
0.137, 11, 1, 4, 47, 0.0673431543170252
0.137, 11, 1, 4, 47, 0.0673431543170252
0.13600000000001, 10, 1, 3, 1, 0.0997474747474748
0.135999999999996, 10, 1, 3, 1, 0.0997474747474748
0.135500000000008, 12, 1, 2, 2, 0.181818181818182
0.135499999999993, 12, 1, 2, 2, 0.181818181818182
0.135000000000005, 14, 1, 0, 7, 0.0353535353535354
0.135000000000005, 14, 1, 0, 7, 0.0353535353535354
0.13000000000001, 15, 1, 0, 7, 0.0353535353535354
0.13000000000001, 13, 1, 0, 7, 0.0353535353535354
0.129999999999995, 13, 1, 0, 2, 0.00416666666666667
0.129999999999995, 13, 1, 0, 2, 0.00416666666666667
0.129999999999995, 15, 1, 0, 7, 0.0353535353535354
0.129999999999995, 13, 1, 0, 7, 0.0353535353535354
0.128, 16, 1, 4, 39, 0.051987603372886
0.126500000000007, 10, 1, 1, 25, 0.835585585585586
0.126499999999993, 10, 1, 1, 25, 0.835585585585586
0.125, 15, 1, 0, 3, 0.00795454545454546
0.125, 15, 1, 0, 3, 0.00795454545454546
0.125, 10, 1, 0, 6, 0.026010101010101
0.125, 10, 1, 0, 6, 0.026010101010101
0.122000000000014, 10, 1, 3, 3, 0.800505050505051
0.122, 13, 1, 4, 36, 0.0468471651172549
0.122, 13, 1, 4, 36, 0.0468471651172549
0.121999999999986, 10, 1, 3, 3, 0.800505050505051
0.120000000000005, 13, 1, 3, 1, 0.0997474747474748
0.120000000000005, 13, 1, 3, 1, 0.0997474747474748
0.120000000000005, 16, 1, 0, 8, 0.0467171717171717
0.120000000000005, 16, 1, 0, 8, 0.0467171717171717
0.117000000000004, 15, 1, 4, 58, 0.081739484313027
0.11699999999999, 15, 1, 4, 58, 0.081739484313027
0.115494107593818, 12, 2, 0, 9, 0.0618686868686869
0.115000000000009, 13, 1, 0, 13, 0.170454545454545
0.115000000000009, 8, 1, 0, 7, 0.0353535353535354
0.114999999999995, 13, 1, 0, 13, 0.170454545454545
0.114999999999995, 8, 1, 0, 7, 0.0353535353535354
0.113, 11, 1, 4, 41, 0.0589841673467433
0.113, 11, 1, 4, 41, 0.0589841673467433
0.110000000000014, 15, 1, 4, 57, 0.0798737051896258
0.109999999999985, 15, 1, 4, 57, 0.0798737051896258
0.107200000000006, 13, 4, 3, 3, 0.800505050505051
0.106000000000009, 15, 1, 4, 60, 0.0833233322906506
0.105999999999995, 15, 1, 4, 60, 0.0833233322906506
0.105000000000018, 13, 1, 0, 12, 0.132575757575758
0.10499999999999, 13, 1, 0, 12, 0.132575757575758
0.102000000000004, 7, 1, 4, 17, 0.0191899869089483
0.102000000000004, 7, 1, 4, 17, 0.0191899869089483
0.100000000000009, 12, 1, 4, 99, 0.6623678444522
0.0999999999999943, 12, 1, 4, 99, 0.6623678444522
0.0914999999999964, 12, 1, 4, 61, 0.084023548930301
0.0914999999999964, 12, 1, 4, 61, 0.084023548930301
0.0905096679918882, 16, 2, 4, 39, 0.051987603372886
0.0745000000000005, 11, 1, 4, 28, 0.0358931359772792
0.0745000000000005, 11, 1, 4, 28, 0.0358931359772792
0.070999999999998, 15, 1, 4, 8, 0.00740754908006669
0.070999999999998, 15, 1, 4, 8, 0.00740754908006669
0.0699999999999932, 13, 1, 0, 11, 0.103535353535354
0.0699999999999932, 13, 1, 0, 11, 0.103535353535354
0.0699999999999932, 15, 1, 0, 8, 0.0467171717171717
0.0699999999999932, 15, 1, 0, 8, 0.0467171717171717
0.0699999999999932, 12, 1, 0, 6, 0.026010101010101
0.0699999999999932, 12, 1, 0, 6, 0.026010101010101
0.0649999999999977, 13, 1, 0, 13, 0.170454545454545
0.0649999999999977, 13, 1, 0, 13, 0.170454545454545
0.0649999999999977, 17, 1, 0, 2, 0.00416666666666667
0.0649999999999977, 17, 1, 0, 2, 0.00416666666666667
0.0630000000000166, 15, 1, 4, 5, 0.00604237658698964
0.0629999999999882, 15, 1, 4, 5, 0.00604237658698964
0.0600000000000023, 14, 1, 0, 7, 0.0353535353535354
0.0600000000000023, 14, 1, 0, 7, 0.0353535353535354
0.0550000000000068, 13, 1, 0, 11, 0.103535353535354
0.0549999999999926, 13, 1, 0, 11, 0.103535353535354
0.0534999999999997, 11, 1, 3, 2, 0.400252525252525
0.0534999999999997, 11, 1, 3, 2, 0.400252525252525
0.0500000000000114, 13, 1, 0, 5, 0.0184343434343434
0.0499999999999829, 13, 1, 0, 5, 0.0184343434343434
0.0490000000000066, 9, 1, 4, 16, 0.0186420699741554
0.0490000000000066, 9, 1, 4, 16, 0.0186420699741554
0.0451054897804723, 10, 3, 4, 50, 0.0708643200456854
0.0450000000000017, 16, 1, 4, 57, 0.0798737051896258
0.0450000000000017, 16, 1, 4, 57, 0.0798737051896258
0.0404999999999944, 12, 1, 4, 43, 0.0622011646212767
0.0404999999999944, 12, 1, 4, 43, 0.0622011646212767
0.0400000000000205, 11, 1, 0, 14, 0.217171717171717
0.039999999999992, 11, 1, 0, 14, 0.217171717171717
0.0349385621483707, 10, 5, 4, 50, 0.0708643200456854
0.0345000000000084, 10, 1, 4, 77, 0.212750155497395
0.0344999999999942, 10, 1, 4, 77, 0.212750155497395
0.0331976404783979, 9, 3, 3, 1, 0.0997474747474748
0.0324999999999989, 14, 1, 3, 3, 0.800505050505051
0.0324999999999989, 14, 1, 3, 3, 0.800505050505051
0.0313333333333219, 9, 1, 4, 10, 0.00844094610403909
0.0305000000000035, 10, 1, 4, 66, 0.0931101613156405
0.0304999999999893, 10, 1, 4, 66, 0.0931101613156405
0.0257147817412433, 9, 5, 3, 1, 0.0997474747474748
0.0250000000000057, 13, 1, 0, 11, 0.103535353535354
0.0250000000000057, 13, 1, 0, 11, 0.103535353535354
0.0250000000000057, 11, 1, 0, 9, 0.0618686868686869
0.0250000000000057, 11, 1, 0, 9, 0.0618686868686869
0.0221560124771905, 9, 2, 4, 10, 0.00844094610403909
0.0200000000000102, 17, 1, 4, 40, 0.0550596271875607
0.019999999999996, 17, 1, 4, 40, 0.0550596271875607
0.0150000000000148, 13, 1, 0, 7, 0.0353535353535354
0.0149999999999864, 13, 1, 0, 7, 0.0353535353535354
0.0134350288425483, 11, 2, 3, 3, 0.800505050505051
0.0134350288425483, 11, 2, 3, 3, 0.800505050505051
0.00800000000000978, 15, 1, 4, 9, 0.0079337803296631
0.00800000000000978, 15, 1, 4, 9, 0.0079337803296631
0.007000000000005, 15, 1, 3, 1, 0.0997474747474748
0.00699999999999079, 15, 1, 3, 1, 0.0997474747474748
0.00500000000000966, 12, 1, 4, 33, 0.042748691282689
0.00499999999999545, 15, 1, 0, 8, 0.0467171717171717
0.00499999999999545, 15, 1, 0, 8, 0.0467171717171717
0.00499999999999545, 12, 1, 4, 33, 0.042748691282689
0.00499999999999545, 13, 1, 0, 3, 0.00795454545454546
0.00499999999999545, 13, 1, 0, 3, 0.00795454545454546
0.0035000000000025, 16, 1, 1, 10, 0.240990990990991
0.00349999999997408, 16, 1, 1, 10, 0.240990990990991
0.00266666666666993, 14, 1, 3, 3, 0.800505050505051
0.00188561808314633, 14, 2, 3, 3, 0.800505050505051
0.00100000000000477, 15, 1, 4, 40, 0.0550596271875607
0.00100000000000477, 15, 1, 4, 40, 0.0550596271875607
