norm, level, Npoints, dimSplit, MainGridIndexSplit
3871.48177359625, 0, 962, -1, -1, -1
77.3553674517276, 4, 155, 0, 12, 0.132575757575758
58.0750985725063, 4, 275, 0, 12, 0.132575757575758
53.1643878981804, 2, 195, 1, 19, 0.529279279279279
43.0784331822419, 2, 297, 1, 19, 0.529279279279279
40.3006861801846, 3, 67, 0, 10, 0.0808080808080808
37.7390264336677, 1, 470, 2, 3, 0.363636363636364
36.8856184820608, 1, 492, 2, 3, 0.363636363636364
36.0924319148937, 2, 9, 4, 104, 0.952055328905477
29.157135643271, 3, 128, 0, 10, 0.0808080808080808
27.8399582372654, 4, 44, 0, 15, 0.275252525252525
26.0283255120698, 5, 54, 0, 10, 0.0808080808080808
25.9810060273872, 4, 26, 2, 1, 0.0454545454545454
24.0430749473879, 5, 10, 2, 1, 0.0454545454545454
23.8108517425899, 4, 15, 0, 8, 0.0467171717171717
23.6099001276476, 7, 15, 0, 9, 0.0618686868686869
23.0547580645162, 4, 16, 0, 8, 0.0467171717171717
22.5870153495482, 5, 72, 0, 15, 0.275252525252525
22.3666561403507, 5, 36, 4, 96, 0.578309095069458
21.0371086052263, 5, 83, 0, 15, 0.275252525252525
21.0336317997535, 6, 31, 0, 8, 0.0467171717171717
20.8202852113016, 3, 44, 4, 5, 0.00604237658698964
20.6895340155901, 4, 41, 2, 1, 0.0454545454545454
18.2881500000002, 7, 25, 0, 9, 0.0618686868686869
17.5168076826844, 4, 5, 0, 19, 0.70959595959596
17.4713436311693, 5, 59, 4, 96, 0.578309095069458
17.4312781815303, 3, 31, 4, 89, 0.391602757964068
16.5508104249547, 10, 10, 0, 5, 0.0184343434343434
15.8535341406991, 5, 23, 2, 1, 0.0454545454545454
15.7676739130437, 8, 16, 0, 5, 0.0184343434343434
15.4712965488113, 5, 19, 4, 12, 0.0115508595340253
15.1094868847649, 6, 38, 1, 4, 0.128378378378378
14.8350608053033, 6, 60, 3, 3, 0.800505050505051
14.448294117647, 7, 1, 1, 21, 0.56981981981982
13.9402176418083, 5, 15, 0, 12, 0.132575757575758
13.8846602559111, 6, 45, 1, 4, 0.128378378378378
13.8117065066501, 5, 20, 0, 13, 0.170454545454545
13.4875636363635, 5, 25, 4, 12, 0.0115508595340253
13.478845387384, 5, 21, 0, 13, 0.170454545454545
13.448337318773, 6, 17, 0, 5, 0.0184343434343434
13.3459579304752, 6, 77, 0, 8, 0.0467171717171717
13.0093441122949, 8, 5, 0, 13, 0.170454545454545
12.8661014786048, 5, 221, 0, 10, 0.0808080808080808
12.7738488998559, 4, 209, 0, 15, 0.275252525252525
12.7564891753178, 8, 2, 0, 13, 0.170454545454545
12.6810419396308, 7, 11, 4, 12, 0.0115508595340253
12.3616222222221, 6, 25, 4, 52, 0.0736969911266934
12.0242993542557, 6, 23, 0, 17, 0.444444444444444
11.9026698502086, 9, 15, 4, 60, 0.0833233322906506
11.7803544915264, 4, 33, 0, 3, 0.00795454545454546
11.5150809087456, 8, 30, 0, 5, 0.0184343434343434
11.4774780948627, 6, 29, 4, 52, 0.0736969911266934
11.4211442534654, 10, 21, 0, 5, 0.0184343434343434
11.3551138064489, 6, 15, 3, 2, 0.400252525252525
11.335, 3, 4, 0, 10, 0.0808080808080808
11.1510585691823, 7, 3, 0, 5, 0.0184343434343434
11.1236228199269, 7, 6, 3, 2, 0.400252525252525
11.1066106557377, 7, 16, 3, 2, 0.400252525252525
11.0207097066438, 5, 24, 0, 12, 0.132575757575758
10.8719788927776, 6, 8, 4, 96, 0.578309095069458
10.458047806203, 6, 8, 4, 97, 0.601622068566827
10.4173941022535, 7, 6, 0, 3, 0.00795454545454546
10.4101438837586, 6, 8, 3, 2, 0.400252525252525
10.1395859730958, 6, 8, 0, 17, 0.444444444444444
10.138332209984, 3, 5, 0, 10, 0.0808080808080808
10.1207647058824, 7, 1, 4, 76, 0.20691329301129
10.0504468227396, 7, 21, 4, 60, 0.0833233322906506
10.0489904273009, 5, 11, 0, 13, 0.170454545454545
9.61227305028856, 9, 23, 4, 60, 0.0833233322906506
9.59682274644687, 6, 21, 3, 2, 0.400252525252525
9.59333333333333, 9, 1, 0, 7, 0.0353535353535354
9.40451240474878, 7, 20, 4, 12, 0.0115508595340253
9.40133214867094, 7, 24, 4, 60, 0.0833233322906506
9.35020588235292, 8, 4, 4, 30, 0.0378992342401869
9.25031508051965, 9, 5, 2, 1, 0.0454545454545454
9.22491506735969, 8, 2, 1, 13, 0.326576576576577
9.08240000000001, 7, 9, 3, 2, 0.400252525252525
9.07651103165816, 8, 2, 0, 13, 0.170454545454545
9.05632538489854, 6, 161, 3, 3, 0.800505050505051
8.89529570412094, 7, 8, 4, 30, 0.0378992342401869
8.87693359387116, 6, 12, 4, 96, 0.578309095069458
8.83420139971627, 7, 6, 1, 26, 0.943693693693694
8.73656779627539, 7, 46, 1, 1, 0.0337837837837838
8.68265914267338, 3, 253, 4, 5, 0.00604237658698964
8.62799314152415, 8, 38, 0, 7, 0.0353535353535354
8.61003428560646, 10, 20, 0, 5, 0.0184343434343434
8.60544128129755, 5, 15, 0, 13, 0.170454545454545
8.55595337549293, 6, 42, 0, 5, 0.0184343434343434
8.40253308741243, 10, 21, 0, 5, 0.0184343434343434
8.36703629566324, 8, 11, 3, 2, 0.400252525252525
8.23807341269861, 6, 49, 0, 17, 0.444444444444444
8.21292603800927, 5, 101, 4, 49, 0.0692091058226616
8.18994736842114, 7, 16, 3, 2, 0.400252525252525
8.16785673683554, 10, 3, 0, 5, 0.0184343434343434
8.16638873886051, 6, 13, 3, 2, 0.400252525252525
8.04401653703892, 7, 10, 4, 29, 0.0366148142052202
7.97891183664139, 6, 40, 2, 2, 0.181818181818182
7.97222352941134, 9, 25, 2, 2, 0.181818181818182
7.9423079283415, 5, 108, 4, 49, 0.0692091058226616
7.92999999999998, 9, 1, 0, 5, 0.0184343434343434
7.84693328189933, 8, 10, 4, 35, 0.0452335812040479
7.81740833522978, 9, 26, 2, 2, 0.181818181818182
7.76768734128459, 7, 5, 4, 97, 0.601622068566827
7.73676438361703, 8, 6, 4, 88, 0.375097158937352
7.64924545661568, 9, 2, 4, 81, 0.26159379994883
7.63747825456625, 6, 15, 4, 97, 0.601622068566827
7.52500000000003, 8, 4, 0, 17, 0.444444444444444
7.52499999999998, 8, 4, 0, 17, 0.444444444444444
7.42565367965375, 9, 36, 1, 9, 0.227477477477477
7.41658498666729, 8, 14, 3, 2, 0.400252525252525
7.39177429668907, 8, 15, 1, 4, 0.128378378378378
7.38102666666676, 7, 9, 4, 70, 0.136274845408473
7.16323727622374, 8, 12, 4, 35, 0.0452335812040479
7.09624081327573, 9, 2, 4, 63, 0.0888584396739231
7.07357142857143, 10, 4, 0, 5, 0.0184343434343434
7.06999999999999, 9, 1, 0, 8, 0.0467171717171717
7.03068290305667, 11, 3, 4, 83, 0.284343083536879
7.03068290305662, 11, 3, 4, 83, 0.284343083536879
7.0286414049943, 12, 2, 0, 13, 0.170454545454545
6.98441058344842, 7, 22, 3, 2, 0.400252525252525
6.96333333333332, 10, 1, 0, 11, 0.103535353535354
6.96288047434396, 6, 2, 1, 24, 0.743243243243243
6.95815361780105, 9, 41, 1, 9, 0.227477477477477
6.95569859326696, 6, 17, 0, 17, 0.444444444444444
6.94336292820805, 8, 17, 1, 4, 0.128378378378378
6.9431016989746, 4, 95, 0, 3, 0.00795454545454546
6.89522943157706, 8, 17, 4, 42, 0.0614175149797577
6.86296264985708, 9, 3, 4, 81, 0.26159379994883
6.85925004719003, 10, 8, 4, 91, 0.438747575486957
6.84038852900993, 9, 6, 3, 3, 0.800505050505051
6.78351105418297, 9, 2, 0, 7, 0.0353535353535354
6.62270304689393, 7, 45, 3, 2, 0.400252525252525
6.54096052154752, 9, 10, 2, 1, 0.0454545454545454
6.52300000000002, 8, 4, 1, 13, 0.326576576576577
6.49620548376779, 7, 15, 4, 30, 0.0378992342401869
6.47718616659535, 7, 5, 1, 24, 0.743243243243243
6.461133945897, 6, 61, 2, 2, 0.181818181818182
6.4111143508388, 8, 5, 3, 3, 0.800505050505051
6.3485714285714, 7, 9, 4, 100, 0.705914182813912
6.33296919041096, 9, 7, 3, 3, 0.800505050505051
6.31354858241346, 11, 5, 4, 40, 0.0550596271875607
6.27202326362895, 4, 39, 0, 19, 0.70959595959596
6.26449999999994, 11, 4, 0, 13, 0.170454545454545
6.25609886514081, 5, 6, 0, 4, 0.0126262626262626
6.2092, 6, 1, 0, 17, 0.444444444444444
6.14089603762924, 7, 8, 4, 97, 0.601622068566827
6.13509975207429, 10, 10, 4, 91, 0.438747575486957
6.07112783781896, 8, 5, 4, 10, 0.00844094610403909
6.06999999999999, 12, 4, 0, 12, 0.132575757575758
6.06999999999999, 12, 4, 0, 12, 0.132575757575758
6.06116667727421, 8, 77, 0, 7, 0.0353535353535354
6.03521808394488, 6, 5, 3, 1, 0.0997474747474748
6.01747870789753, 7, 2, 0, 12, 0.132575757575758
6.01454926551829, 9, 2, 4, 24, 0.0306244453386102
5.99287192225575, 8, 10, 4, 88, 0.375097158937352
5.9801230207872, 6, 6, 0, 17, 0.444444444444444
5.97797971726235, 7, 6, 3, 2, 0.400252525252525
5.97797971726231, 7, 6, 3, 2, 0.400252525252525
5.90450871661423, 11, 3, 1, 6, 0.164414414414414
5.88119999999998, 10, 4, 0, 8, 0.0467171717171717
5.83574295311396, 7, 19, 4, 29, 0.0366148142052202
5.79405636147942, 9, 3, 4, 63, 0.0888584396739231
5.70333333333335, 11, 1, 0, 12, 0.132575757575758
5.62197031495383, 9, 2, 0, 5, 0.0184343434343434
5.61877281975344, 11, 3, 0, 4, 0.0126262626262626
5.617017807512, 7, 19, 3, 3, 0.800505050505051
5.57552928459108, 7, 12, 0, 5, 0.0184343434343434
5.54215611045174, 8, 6, 4, 10, 0.00844094610403909
5.5357699999999, 7, 16, 4, 70, 0.136274845408473
5.53173726667309, 11, 3, 0, 3, 0.00795454545454546
5.53166839081595, 7, 17, 3, 3, 0.800505050505051
5.52549063374148, 7, 115, 1, 1, 0.0337837837837838
5.49802413488305, 7, 12, 4, 100, 0.705914182813912
5.48714862200762, 6, 2, 0, 14, 0.217171717171717
5.4871486220076, 6, 2, 0, 14, 0.217171717171717
5.44825774904238, 8, 2, 0, 17, 0.444444444444444
5.44825774904234, 8, 2, 0, 17, 0.444444444444444
5.42514397322398, 10, 3, 4, 29, 0.0366148142052202
5.42192980655611, 10, 8, 0, 5, 0.0184343434343434
5.40883333333335, 9, 4, 4, 81, 0.26159379994883
5.40352998860338, 8, 7, 0, 9, 0.0618686868686869
5.36001082275028, 8, 2, 0, 15, 0.275252525252525
5.35901524921335, 9, 7, 4, 72, 0.171932627919944
5.315, 9, 1, 0, 4, 0.0126262626262626
5.27375000000001, 7, 4, 2, 2, 0.181818181818182
5.27375000000001, 7, 4, 2, 2, 0.181818181818182
5.25049806462626, 9, 5, 4, 37, 0.0486682110506046
5.23739106366326, 8, 8, 3, 2, 0.400252525252525
5.22375000000001, 8, 1, 0, 16, 0.351010101010101
5.18656103768752, 8, 13, 4, 30, 0.0378992342401869
5.16496153846151, 11, 4, 0, 8, 0.0467171717171717
5.15993495901355, 7, 2, 4, 14, 0.0167757737040485
5.15244700732893, 14, 3, 0, 3, 0.00795454545454546
5.14779999999985, 9, 9, 4, 80, 0.244079764845808
5.04297642498451, 2, 461, 4, 104, 0.952055328905477
5.00350670999083, 8, 13, 0, 13, 0.170454545454545
4.99924494298889, 9, 2, 0, 8, 0.0467171717171717
4.99600000000001, 5, 4, 4, 102, 0.786411515216059
4.99217387517699, 7, 2, 0, 12, 0.132575757575758
4.98348606928694, 8, 10, 3, 2, 0.400252525252525
4.96999999999997, 12, 4, 0, 13, 0.170454545454545
4.90661395465347, 9, 8, 0, 3, 0.00795454545454546
4.90661395465339, 9, 8, 0, 3, 0.00795454545454546
4.89462681112471, 11, 2, 0, 6, 0.026010101010101
4.85972217298888, 10, 3, 0, 7, 0.0353535353535354
4.84595334338358, 5, 10, 0, 4, 0.0126262626262626
4.82780952380955, 7, 9, 1, 24, 0.743243243243243
4.80197969175219, 10, 6, 0, 8, 0.0467171717171717
4.75447946677653, 10, 3, 0, 6, 0.026010101010101
4.6803232919286, 3, 430, 4, 89, 0.391602757964068
4.67382363155693, 8, 37, 4, 42, 0.0614175149797577
4.64800000000001, 12, 1, 0, 3, 0.00795454545454546
4.614, 8, 1, 1, 25, 0.835585585585586
4.60210132874103, 8, 6, 0, 6, 0.026010101010101
4.6020589957105, 7, 3, 4, 94, 0.486490559366218
4.59949772029651, 8, 40, 0, 13, 0.170454545454545
4.59619407771256, 8, 2, 0, 18, 0.558080808080808
4.46646210642988, 8, 11, 3, 2, 0.400252525252525
4.44906117437532, 12, 3, 1, 12, 0.313063063063063
4.42967043074313, 11, 8, 0, 13, 0.170454545454545
4.42642857142857, 12, 1, 0, 8, 0.0467171717171717
4.41933333333341, 10, 9, 4, 78, 0.219710950157435
4.39944444444453, 11, 9, 0, 4, 0.0126262626262626
4.37643051051119, 8, 3, 0, 15, 0.275252525252525
4.32771107217895, 9, 2, 1, 12, 0.313063063063063
4.32237241357166, 8, 11, 3, 3, 0.800505050505051
4.32000000000001, 11, 1, 0, 9, 0.0618686868686869
4.28486526188401, 11, 5, 0, 3, 0.00795454545454546
4.26173257021131, 10, 2, 0, 7, 0.0353535353535354
4.255, 7, 4, 0, 12, 0.132575757575758
4.22500000000001, 9, 1, 0, 15, 0.275252525252525
4.22499999999999, 9, 1, 0, 15, 0.275252525252525
4.21181445483824, 8, 14, 3, 2, 0.400252525252525
4.20864285714282, 10, 4, 0, 7, 0.0353535353535354
4.20229845181478, 10, 5, 4, 29, 0.0366148142052202
4.19069692891285, 11, 3, 4, 17, 0.0191899869089483
4.18335992825751, 8, 15, 3, 2, 0.400252525252525
4.1375, 4, 1, 0, 13, 0.170454545454545
4.10690000000005, 11, 4, 0, 8, 0.0467171717171717
4.09575000000004, 10, 4, 3, 2, 0.400252525252525
4.09575000000001, 10, 4, 3, 2, 0.400252525252525
4.08566666666667, 7, 1, 4, 84, 0.293759463138283
4.07609290047877, 7, 3, 0, 12, 0.132575757575758
4.04949644276915, 10, 6, 4, 75, 0.204510284651682
4.03286567536727, 11, 2, 0, 12, 0.132575757575758
4.0318615356353, 7, 32, 3, 3, 0.800505050505051
4.00248074115711, 10, 3, 4, 71, 0.160308462840372
4.00248074115706, 10, 3, 4, 71, 0.160308462840372
3.98703034590986, 10, 3, 1, 10, 0.240990990990991
3.97533333333337, 9, 4, 0, 5, 0.0184343434343434
3.97307236279431, 11, 6, 0, 4, 0.0126262626262626
3.93277777777783, 9, 4, 0, 16, 0.351010101010101
3.92971639434704, 11, 6, 0, 9, 0.0618686868686869
3.89633333333336, 7, 4, 4, 4, 0.00326307504602002
3.88199218113298, 10, 12, 1, 5, 0.141891891891892
3.87333333333333, 9, 1, 0, 15, 0.275252525252525
3.84700000000001, 10, 4, 1, 12, 0.313063063063063
3.81110000000001, 6, 4, 1, 26, 0.943693693693694
3.80749999999998, 7, 4, 0, 10, 0.0808080808080808
3.80393495566617, 9, 5, 4, 24, 0.0306244453386102
3.79952043757574, 12, 2, 0, 3, 0.00795454545454546
3.79939999999999, 6, 4, 4, 102, 0.786411515216059
3.7856196566191, 10, 11, 0, 12, 0.132575757575758
3.77200000000001, 11, 1, 0, 6, 0.026010101010101
3.74177670776174, 8, 3, 4, 44, 0.0639293827209357
3.72613333333351, 9, 9, 2, 4, 0.590909090909091
3.68350000000001, 12, 1, 4, 36, 0.0468471651172549
3.68280395894213, 10, 5, 0, 6, 0.026010101010101
3.68157021653248, 13, 3, 0, 6, 0.026010101010101
3.67398966520048, 6, 6, 3, 3, 0.800505050505051
3.61207352941176, 7, 16, 1, 21, 0.56981981981982
3.60901653270434, 8, 3, 4, 100, 0.705914182813912
3.60673265875166, 6, 14, 3, 1, 0.0997474747474748
3.60654761904732, 7, 36, 1, 26, 0.943693693693694
3.59402638845312, 10, 14, 1, 5, 0.141891891891892
3.59326540835741, 12, 5, 2, 5, 0.863636363636364
3.59054132409027, 8, 3, 4, 100, 0.705914182813912
3.59054132409027, 8, 3, 4, 100, 0.705914182813912
3.58641039326621, 11, 7, 1, 6, 0.164414414414414
3.56725, 9, 1, 4, 23, 0.0296164402178925
3.56473956973017, 7, 5, 4, 94, 0.486490559366218
3.55166666666666, 8, 1, 0, 9, 0.0618686868686869
3.54640381231469, 9, 5, 0, 5, 0.0184343434343434
3.53558444242799, 8, 21, 3, 2, 0.400252525252525
3.53366666666665, 7, 1, 0, 7, 0.0353535353535354
3.52938095238096, 11, 16, 4, 40, 0.0550596271875607
3.51758338060465, 9, 5, 0, 16, 0.351010101010101
3.51584663301388, 8, 3, 0, 19, 0.70959595959596
3.51249471601344, 8, 7, 3, 2, 0.400252525252525
3.48866524477236, 10, 3, 0, 7, 0.0353535353535354
3.4796900724059, 10, 3, 0, 7, 0.0353535353535354
3.47246470075115, 7, 54, 0, 3, 0.00795454545454546
3.47149023460813, 12, 2, 4, 47, 0.0673431543170252
3.45262563583889, 6, 18, 0, 17, 0.444444444444444
3.44330769230768, 11, 9, 0, 8, 0.0467171717171717
3.43059870884307, 8, 14, 0, 13, 0.170454545454545
3.41532575313101, 10, 2, 0, 7, 0.0353535353535354
3.40553152973223, 7, 5, 0, 10, 0.0808080808080808
3.38918192726523, 9, 12, 4, 37, 0.0486682110506046
3.38046830471515, 9, 3, 4, 28, 0.0358931359772792
3.3731821889723, 9, 2, 3, 1, 0.0997474747474748
3.37306834647633, 14, 7, 0, 3, 0.00795454545454546
3.37, 10, 1, 0, 8, 0.0467171717171717
3.36999999999998, 10, 1, 0, 8, 0.0467171717171717
3.35559317760668, 10, 14, 0, 12, 0.132575757575758
3.35326980821207, 11, 6, 0, 8, 0.0467171717171717
3.33873412811374, 10, 3, 1, 15, 0.38963963963964
3.33466666666668, 10, 1, 4, 101, 0.73090184972689
3.31999999999999, 14, 1, 0, 4, 0.0126262626262626
3.30640000000002, 10, 9, 4, 75, 0.204510284651682
3.30458798362162, 9, 3, 0, 8, 0.0467171717171717
3.28285714285713, 9, 4, 0, 13, 0.170454545454545
3.28233333333336, 6, 9, 1, 24, 0.743243243243243
3.27333333333334, 10, 1, 0, 8, 0.0467171717171717
3.26954669236225, 10, 22, 0, 5, 0.0184343434343434
3.26259068839471, 8, 2, 1, 25, 0.835585585585586
3.25000000000003, 8, 4, 0, 18, 0.558080808080808
3.24666666666668, 11, 1, 0, 2, 0.00416666666666667
3.22831297856999, 10, 5, 0, 16, 0.351010101010101
3.22333333333333, 11, 1, 0, 10, 0.0808080808080808
3.21490840741536, 7, 58, 3, 3, 0.800505050505051
3.19830398495961, 7, 3, 3, 1, 0.0997474747474748
3.19612265096322, 11, 2, 0, 7, 0.0353535353535354
3.19612265096318, 11, 2, 0, 7, 0.0353535353535354
3.19419036429158, 11, 3, 0, 7, 0.0353535353535354
3.1459613263144, 12, 6, 1, 12, 0.313063063063063
3.13799999999999, 10, 1, 0, 7, 0.0353535353535354
3.11175011957364, 6, 6, 1, 26, 0.943693693693694
3.11087700012015, 11, 18, 0, 4, 0.0126262626262626
3.1060843874921, 11, 2, 4, 43, 0.0622011646212767
3.10219710957675, 6, 6, 4, 102, 0.786411515216059
3.0977291666667, 8, 9, 3, 2, 0.400252525252525
3.09166666666667, 9, 4, 0, 14, 0.217171717171717
3.08333333333333, 11, 1, 0, 10, 0.0808080808080808
3.06866666666664, 9, 1, 0, 14, 0.217171717171717
3.06636363636363, 9, 1, 4, 48, 0.067745494454136
3.06086322524763, 10, 2, 0, 13, 0.170454545454545
3.05470129472588, 11, 2, 0, 9, 0.0618686868686869
3.04536894754424, 8, 6, 1, 2, 0.0788288288288288
3.04300000000001, 9, 1, 0, 11, 0.103535353535354
3.04055915910216, 13, 2, 4, 66, 0.0931101613156405
3.04055915910216, 13, 2, 4, 66, 0.0931101613156405
3.035, 9, 1, 0, 14, 0.217171717171717
3.02777344622529, 8, 6, 4, 32, 0.0409687585124503
3.0159334686793, 8, 3, 0, 16, 0.351010101010101
3.01366666666667, 10, 1, 0, 18, 0.558080808080808
3.01278252783043, 8, 14, 0, 6, 0.026010101010101
3.01270135502095, 5, 11, 4, 102, 0.786411515216059
2.99980000000008, 6, 9, 3, 3, 0.800505050505051
2.99507756108013, 9, 6, 2, 5, 0.863636363636364
2.98347850670995, 8, 6, 4, 99, 0.6623678444522
2.98347850670982, 8, 6, 4, 99, 0.6623678444522
2.97908983758741, 7, 6, 4, 14, 0.0167757737040485
2.97361734670981, 12, 5, 4, 66, 0.0931101613156405
2.96120000000002, 10, 1, 4, 12, 0.0115508595340253
2.95550000000001, 7, 1, 3, 3, 0.800505050505051
2.9555, 7, 1, 3, 3, 0.800505050505051
2.94703306841575, 10, 6, 0, 16, 0.351010101010101
2.93644444444445, 8, 4, 4, 75, 0.204510284651682
2.92757142857141, 9, 4, 4, 28, 0.0358931359772792
2.91, 9, 1, 4, 26, 0.0338774705003143
2.89142857142858, 10, 4, 1, 15, 0.38963963963964
2.89, 9, 1, 0, 14, 0.217171717171717
2.89, 9, 1, 0, 14, 0.217171717171717
2.86802510449267, 10, 2, 1, 5, 0.141891891891892
2.86802510449263, 10, 2, 1, 5, 0.141891891891892
2.86185714285716, 9, 4, 0, 8, 0.0467171717171717
2.86150000000001, 13, 1, 1, 22, 0.632882882882883
2.86149999999998, 13, 1, 1, 22, 0.632882882882883
2.85595454545455, 11, 4, 2, 1, 0.0454545454545454
2.85533333333336, 10, 4, 2, 5, 0.863636363636364
2.82701291118383, 9, 2, 3, 2, 0.400252525252525
2.82701291118381, 9, 2, 3, 2, 0.400252525252525
2.82259349380142, 13, 2, 0, 9, 0.0618686868686869
2.81775000000005, 11, 4, 4, 56, 0.078725036164931
2.81774999999999, 11, 4, 4, 56, 0.078725036164931
2.8090523989417, 9, 2, 0, 11, 0.103535353535354
2.80325412333594, 8, 2, 4, 93, 0.471038215796977
2.8017927693215, 9, 18, 4, 81, 0.26159379994883
2.80028427485498, 11, 2, 1, 10, 0.240990990990991
2.77371652132049, 9, 31, 4, 80, 0.244079764845808
2.77016152597641, 10, 2, 4, 93, 0.471038215796977
2.75419172414218, 9, 3, 3, 1, 0.0997474747474748
2.74993827203449, 9, 2, 1, 17, 0.436936936936937
2.74993827203449, 9, 2, 1, 17, 0.436936936936937
2.74776739023771, 10, 3, 4, 12, 0.0115508595340253
2.7388602657959, 9, 2, 0, 15, 0.275252525252525
2.73508902962956, 9, 2, 4, 9, 0.0079337803296631
2.73508902962956, 9, 2, 4, 9, 0.0079337803296631
2.72336309149645, 8, 5, 0, 19, 0.70959595959596
2.71666666666667, 13, 1, 0, 9, 0.0618686868686869
2.69669798086478, 9, 5, 4, 31, 0.0395255744388036
2.69669798086472, 9, 5, 4, 31, 0.0395255744388036
2.69111111111107, 10, 4, 4, 22, 0.0286232599694077
2.68666666666664, 12, 4, 0, 3, 0.00795454545454546
2.68524999999998, 13, 1, 4, 95, 0.534067194388448
2.68352405119339, 12, 3, 0, 3, 0.00795454545454546
2.67916666666665, 7, 1, 4, 4, 0.00326307504602002
2.67826190476191, 12, 9, 2, 5, 0.863636363636364
2.66963114474258, 10, 2, 1, 10, 0.240990990990991
2.66, 11, 1, 0, 16, 0.351010101010101
2.66, 11, 1, 0, 16, 0.351010101010101
2.66, 8, 1, 0, 2, 0.00416666666666667
2.654, 10, 1, 0, 5, 0.0184343434343434
2.64666666666666, 13, 1, 0, 6, 0.026010101010101
2.63170574346612, 11, 13, 1, 6, 0.164414414414414
2.62643575597174, 8, 5, 4, 75, 0.204510284651682
2.62308331548961, 10, 2, 0, 8, 0.0467171717171717
2.60966666666666, 11, 1, 0, 8, 0.0467171717171717
2.60599415790222, 9, 3, 2, 4, 0.590909090909091
2.60326326552461, 13, 6, 0, 6, 0.026010101010101
2.59733333333332, 9, 1, 0, 15, 0.275252525252525
2.595, 12, 1, 0, 13, 0.170454545454545
2.595, 12, 1, 0, 13, 0.170454545454545
2.58865029883091, 9, 30, 4, 72, 0.171932627919944
2.57260326240062, 11, 14, 0, 9, 0.0618686868686869
2.56679761570716, 13, 2, 0, 10, 0.0808080808080808
2.56659558519825, 10, 2, 2, 4, 0.590909090909091
2.55689812077053, 10, 2, 3, 3, 0.800505050505051
2.5519600636896, 8, 6, 4, 100, 0.705914182813912
2.55150328963858, 10, 27, 4, 78, 0.219710950157435
2.55016666666667, 13, 1, 3, 2, 0.400252525252525
2.53533136394436, 9, 2, 4, 37, 0.0486682110506046
2.53019117647057, 7, 16, 4, 76, 0.20691329301129
2.52994321144265, 9, 5, 0, 11, 0.103535353535354
2.5176, 10, 1, 3, 2, 0.400252525252525
2.51022907321225, 14, 2, 0, 8, 0.0467171717171717
2.51022907321221, 14, 2, 0, 8, 0.0467171717171717
2.51000000000001, 14, 1, 0, 4, 0.0126262626262626
2.50999999999999, 14, 1, 0, 4, 0.0126262626262626
2.49013636363634, 9, 4, 0, 11, 0.103535353535354
2.48653333333333, 8, 9, 1, 2, 0.0788288288288288
2.47739561397141, 7, 5, 3, 1, 0.0997474747474748
2.47558084093413, 11, 2, 0, 10, 0.0808080808080808
2.47558084093409, 11, 2, 0, 10, 0.0808080808080808
2.47420921710351, 11, 5, 0, 7, 0.0353535353535354
2.46825, 8, 1, 3, 1, 0.0997474747474748
2.46633333333334, 11, 1, 1, 5, 0.141891891891892
2.46191010983117, 10, 8, 0, 11, 0.103535353535354
2.45124999999999, 8, 1, 4, 1, 0.000100050649348366
2.43932686421392, 9, 21, 2, 4, 0.590909090909091
2.43305643173357, 10, 10, 1, 12, 0.313063063063063
2.43009030467777, 8, 2, 0, 2, 0.00416666666666667
2.42855823998521, 12, 2, 1, 22, 0.632882882882883
2.42855823998517, 12, 2, 1, 22, 0.632882882882883
2.42495199540114, 11, 2, 1, 4, 0.128378378378378
2.42424488861997, 5, 2, 0, 20, 0.898989898989899
2.41500000000002, 10, 4, 0, 7, 0.0353535353535354
2.40700295177975, 10, 5, 4, 22, 0.0286232599694077
2.39900000000002, 8, 1, 0, 11, 0.103535353535354
2.39100000000001, 10, 1, 0, 20, 0.898989898989899
2.39099999999999, 10, 1, 0, 20, 0.898989898989899
2.38878673877207, 4, 3, 0, 13, 0.170454545454545
2.38855088262858, 12, 8, 4, 58, 0.081739484313027
2.38450000000002, 12, 1, 0, 4, 0.0126262626262626
2.37694026008228, 9, 5, 0, 4, 0.0126262626262626
2.36926666666668, 9, 1, 3, 1, 0.0997474747474748
2.36099999999999, 9, 1, 0, 16, 0.351010101010101
2.36008673334031, 12, 2, 0, 6, 0.026010101010101
2.35796541299674, 10, 2, 4, 101, 0.73090184972689
2.35211990553207, 9, 5, 1, 7, 0.184684684684685
2.352, 9, 1, 0, 9, 0.0618686868686869
2.34759451353933, 14, 2, 0, 4, 0.0126262626262626
2.3462138543184, 11, 19, 1, 6, 0.164414414414414
2.3453032266639, 8, 10, 4, 32, 0.0409687585124503
2.33675220956114, 14, 2, 4, 75, 0.204510284651682
2.33538183887205, 9, 3, 0, 13, 0.170454545454545
2.335381838872, 9, 3, 0, 13, 0.170454545454545
2.33279999999999, 8, 1, 3, 3, 0.800505050505051
2.32958138775542, 9, 6, 1, 15, 0.38963963963964
2.32327004026653, 9, 2, 4, 26, 0.0338774705003143
2.32000000000001, 9, 1, 0, 8, 0.0467171717171717
2.31459619708399, 10, 2, 0, 8, 0.0467171717171717
2.31, 12, 1, 0, 20, 0.898989898989899
2.30999999999999, 12, 1, 0, 20, 0.898989898989899
2.30596130809296, 9, 6, 4, 75, 0.204510284651682
2.29574001625231, 11, 2, 0, 2, 0.00416666666666667
2.29358167938269, 9, 3, 0, 11, 0.103535353535354
2.28884740717535, 8, 3, 4, 93, 0.471038215796977
2.27924085802466, 11, 2, 0, 10, 0.0808080808080808
2.26274169979694, 13, 2, 0, 11, 0.103535353535354
2.26274169979694, 13, 2, 0, 11, 0.103535353535354
2.26182741457727, 10, 3, 4, 93, 0.471038215796977
2.25700000000001, 10, 1, 2, 4, 0.590909090909091
2.25685714285711, 9, 4, 2, 4, 0.590909090909091
2.25022222222225, 7, 4, 0, 11, 0.103535353535354
2.24724999999998, 14, 1, 1, 12, 0.313063063063063
2.23583015674175, 10, 3, 3, 3, 0.800505050505051
2.2236111111111, 13, 4, 0, 5, 0.0184343434343434
2.21418703415548, 11, 2, 1, 17, 0.436936936936937
2.21201137555255, 9, 11, 2, 5, 0.863636363636364
2.19633333333331, 11, 4, 4, 43, 0.0622011646212767
2.19556320327885, 12, 5, 4, 47, 0.0673431543170252
2.1885200946178, 11, 11, 4, 17, 0.0191899869089483
2.18613846516839, 9, 8, 0, 14, 0.217171717171717
2.18354574030407, 10, 2, 2, 5, 0.863636363636364
2.18024590865853, 11, 2, 0, 10, 0.0808080808080808
2.18000000000001, 12, 1, 0, 2, 0.00416666666666667
2.15889870942202, 11, 7, 2, 1, 0.0454545454545454
2.15172593515065, 9, 2, 0, 11, 0.103535353535354
2.14774300138542, 9, 3, 3, 3, 0.800505050505051
2.1477430013854, 9, 3, 3, 3, 0.800505050505051
2.14606908090117, 9, 2, 0, 14, 0.217171717171717
2.14173855858582, 10, 3, 0, 8, 0.0467171717171717
2.1363624332686, 10, 8, 0, 7, 0.0353535353535354
2.13475000000001, 12, 1, 3, 1, 0.0997474747474748
2.13098413623588, 10, 2, 0, 18, 0.558080808080808
2.1275, 9, 1, 0, 13, 0.170454545454545
2.11896332095567, 11, 2, 1, 9, 0.227477477477477
2.11665343880382, 10, 2, 3, 2, 0.400252525252525
2.10250000000001, 8, 1, 0, 11, 0.103535353535354
2.09578147715836, 13, 3, 0, 10, 0.0808080808080808
2.0876985733897, 10, 3, 3, 3, 0.800505050505051
2.08500000000001, 7, 1, 0, 12, 0.132575757575758
2.08499999999999, 7, 1, 0, 12, 0.132575757575758
2.0826777711429, 7, 14, 4, 4, 0.00326307504602002
2.08250000000001, 11, 1, 0, 6, 0.026010101010101
2.08, 12, 1, 0, 4, 0.0126262626262626
2.08, 12, 1, 0, 4, 0.0126262626262626
2.07899358378731, 9, 7, 4, 79, 0.228732574440079
2.07899358378716, 9, 7, 4, 79, 0.228732574440079
2.0762611608763, 9, 10, 0, 13, 0.170454545454545
2.06450000000001, 10, 1, 2, 5, 0.863636363636364
2.0635, 13, 1, 0, 13, 0.170454545454545
2.05955274776671, 9, 3, 4, 23, 0.0296164402178925
2.05768073325285, 9, 2, 4, 26, 0.0338774705003143
2.05000000000001, 11, 1, 0, 8, 0.0467171717171717
2.05000000000001, 11, 1, 0, 8, 0.0467171717171717
2.04000000000001, 12, 1, 0, 15, 0.275252525252525
2.03999999999999, 12, 1, 0, 15, 0.275252525252525
2.036963036913, 12, 11, 4, 58, 0.081739484313027
2.02866666666662, 13, 1, 1, 8, 0.202702702702703
2.0200469390097, 10, 2, 4, 15, 0.0180125300509641
2.01902556254797, 10, 8, 2, 5, 0.863636363636364
2.01812786595228, 9, 3, 4, 54, 0.0761223229857679
2.01747666197968, 9, 8, 1, 15, 0.38963963963964
2.01488027699224, 7, 6, 4, 8, 0.00740754908006669
2.01265994134778, 7, 5, 0, 11, 0.103535353535354
2.01000000000001, 11, 1, 0, 16, 0.351010101010101
2.00999999999999, 11, 1, 0, 16, 0.351010101010101
2.00931462941969, 14, 2, 1, 12, 0.313063063063063
2.00189593647471, 8, 51, 0, 9, 0.0618686868686869
1.99702107295257, 9, 8, 4, 75, 0.204510284651682
1.99368756955545, 8, 2, 0, 15, 0.275252525252525
1.98885823998726, 13, 5, 0, 5, 0.0184343434343434
1.98640436970927, 13, 2, 0, 8, 0.0467171717171717
1.97996501315891, 11, 3, 1, 4, 0.128378378378378
1.9793876628897, 5, 3, 0, 20, 0.898989898989899
1.97850000000003, 12, 9, 2, 4, 0.590909090909091
1.97850000000003, 12, 9, 2, 4, 0.590909090909091
1.97, 13, 1, 0, 18, 0.558080808080808
1.97, 13, 1, 0, 18, 0.558080808080808
1.94775, 10, 1, 4, 28, 0.0358931359772792
1.94533333333334, 10, 1, 4, 33, 0.042748691282689
1.9362857142857, 10, 4, 3, 3, 0.800505050505051
1.93585987960633, 10, 5, 0, 13, 0.170454545454545
1.93449999999999, 11, 1, 0, 10, 0.0808080808080808
1.92679999999999, 11, 4, 3, 1, 0.0997474747474748
1.926, 9, 1, 4, 98, 0.624936765886549
1.92097342222344, 13, 2, 0, 9, 0.0618686868686869
1.9166874236557, 9, 3, 1, 3, 0.105855855855856
1.91639999999998, 7, 1, 4, 11, 0.00893715698736393
1.9135, 12, 1, 4, 67, 0.0942557274601005
1.9135, 12, 1, 4, 67, 0.0942557274601005
1.89694204444942, 9, 3, 4, 26, 0.0338774705003143
1.89144573343372, 12, 6, 4, 40, 0.0550596271875607
1.88959999999999, 10, 1, 0, 14, 0.217171717171717
1.88733333333333, 10, 1, 1, 1, 0.0337837837837838
1.88599999999997, 11, 4, 0, 6, 0.026010101010101
1.88550023203394, 11, 2, 4, 70, 0.136274845408473
1.88550023203392, 11, 2, 4, 70, 0.136274845408473
1.88236615680591, 9, 7, 0, 11, 0.103535353535354
1.88199999999998, 11, 1, 0, 5, 0.0184343434343434
1.88090403795621, 8, 2, 0, 2, 0.00416666666666667
1.87825000000001, 13, 1, 4, 28, 0.0358931359772792
1.87733333333333, 9, 1, 1, 25, 0.835585585585586
1.8755000000001, 8, 4, 0, 11, 0.103535353535354
1.875, 9, 1, 0, 16, 0.351010101010101
1.875, 9, 1, 0, 16, 0.351010101010101
1.874, 13, 1, 4, 55, 0.0776266165618163
1.8714759475404, 13, 2, 0, 6, 0.026010101010101
1.87, 12, 1, 0, 8, 0.0467171717171717
1.86800000000001, 10, 1, 2, 5, 0.863636363636364
1.86166666666668, 15, 1, 4, 46, 0.0667300768973018
1.85615530061473, 11, 2, 0, 5, 0.0184343434343434
1.85615530061469, 11, 2, 0, 5, 0.0184343434343434
1.85375113755865, 10, 2, 2, 5, 0.863636363636364
1.85021516266301, 8, 3, 1, 26, 0.943693693693694
1.84534220153736, 9, 11, 1, 12, 0.313063063063063
1.84533333333331, 14, 1, 4, 10, 0.00844094610403909
1.84531299663652, 11, 2, 0, 8, 0.0467171717171717
1.845, 10, 1, 0, 18, 0.558080808080808
1.845, 10, 1, 0, 18, 0.558080808080808
1.84328595719707, 13, 2, 0, 11, 0.103535353535354
1.84000000000002, 11, 1, 0, 3, 0.00795454545454546
1.83659201300187, 9, 2, 0, 15, 0.275252525252525
1.834, 9, 1, 4, 16, 0.0186420699741554
1.834, 9, 1, 4, 16, 0.0186420699741554
1.82787102936721, 11, 2, 1, 3, 0.105855855855856
1.82716568001429, 7, 5, 4, 84, 0.293759463138283
1.82463146963983, 9, 5, 0, 4, 0.0126262626262626
1.8246314696398, 9, 5, 0, 4, 0.0126262626262626
1.82333333333334, 13, 1, 3, 1, 0.0997474747474748
1.82000000000001, 8, 1, 0, 15, 0.275252525252525
1.81999999999999, 8, 1, 0, 15, 0.275252525252525
1.8157665966014, 13, 3, 0, 6, 0.026010101010101
1.81576659660132, 13, 3, 0, 6, 0.026010101010101
1.8148737332941, 10, 8, 2, 5, 0.863636363636364
1.81172514471708, 10, 3, 0, 7, 0.0353535353535354
1.80708189714609, 12, 6, 0, 8, 0.0467171717171717
1.80199092117577, 11, 2, 0, 4, 0.0126262626262626
1.80135452507274, 11, 2, 3, 2, 0.400252525252525
1.79350563980153, 8, 2, 4, 93, 0.471038215796977
1.79318944811342, 8, 7, 0, 14, 0.217171717171717
1.78675, 12, 1, 4, 35, 0.0452335812040479
1.779, 8, 1, 0, 14, 0.217171717171717
1.779, 14, 1, 4, 75, 0.204510284651682
1.7770762630005, 12, 14, 4, 66, 0.0931101613156405
1.77555555555556, 9, 1, 4, 34, 0.0437591097547004
1.76466666666667, 10, 1, 0, 16, 0.351010101010101
1.76000000000002, 12, 1, 2, 1, 0.0454545454545454
1.76000000000001, 8, 1, 0, 15, 0.275252525252525
1.76000000000001, 8, 1, 0, 15, 0.275252525252525
1.75466666666667, 10, 1, 4, 7, 0.00691788872168195
1.7531666666666, 9, 9, 1, 7, 0.184684684684685
1.75113847764195, 12, 7, 4, 40, 0.0550596271875607
1.74493750545945, 7, 8, 4, 8, 0.00740754908006669
1.74396102466644, 11, 2, 1, 5, 0.141891891891892
1.73156308576962, 10, 2, 2, 1, 0.0454545454545454
1.72824029579222, 10, 3, 3, 2, 0.400252525252525
1.71833333333331, 8, 4, 0, 2, 0.00416666666666667
1.71800000000002, 16, 1, 0, 7, 0.0353535353535354
1.7175, 11, 1, 1, 18, 0.475225225225225
1.7175, 11, 1, 1, 18, 0.475225225225225
1.71478571428574, 13, 1, 0, 12, 0.132575757575758
1.70907709012791, 11, 2, 4, 83, 0.284343083536879
1.70907709012787, 11, 2, 4, 83, 0.284343083536879
1.70568736519456, 9, 11, 0, 11, 0.103535353535354
1.70129891553484, 8, 2, 4, 2, 0.000339506812356317
1.7, 11, 1, 0, 8, 0.0467171717171717
1.69870619067048, 9, 2, 4, 103, 0.865041948010276
1.69750000000001, 8, 1, 4, 13, 0.0149040473935306
1.69750000000001, 8, 1, 4, 13, 0.0149040473935306
1.69000000000001, 9, 1, 0, 18, 0.558080808080808
1.69, 9, 1, 0, 18, 0.558080808080808
1.68842298598184, 10, 5, 1, 10, 0.240990990990991
1.68265700948543, 10, 8, 4, 12, 0.0115508595340253
1.68233333333336, 11, 1, 2, 1, 0.0454545454545454
1.67442885784976, 9, 2, 2, 4, 0.590909090909091
1.67442885784974, 9, 2, 2, 4, 0.590909090909091
1.67055555555561, 11, 4, 0, 11, 0.103535353535354
1.6688333333334, 12, 4, 0, 6, 0.026010101010101
1.66727210736582, 9, 3, 3, 3, 0.800505050505051
1.65947850328268, 6, 14, 0, 17, 0.444444444444444
1.65233333333333, 14, 4, 4, 75, 0.204510284651682
1.65000000000001, 13, 1, 0, 9, 0.0618686868686869
1.65000000000001, 15, 1, 0, 2, 0.00416666666666667
1.64999999999999, 15, 1, 0, 2, 0.00416666666666667
1.64925, 7, 1, 4, 88, 0.375097158937352
1.64839999999998, 12, 1, 4, 36, 0.0468471651172549
1.64731127902409, 12, 5, 4, 36, 0.0468471651172549
1.64059852492923, 14, 3, 1, 12, 0.313063063063063
1.64048773235279, 9, 2, 0, 8, 0.0467171717171717
1.64, 10, 1, 0, 14, 0.217171717171717
1.64, 10, 1, 0, 14, 0.217171717171717
1.63891638395016, 13, 2, 2, 4, 0.590909090909091
1.63200000000001, 10, 1, 1, 17, 0.436936936936937
1.62962511345911, 13, 6, 0, 9, 0.0618686868686869
1.62325757635187, 10, 5, 2, 4, 0.590909090909091
1.62266666666666, 13, 1, 2, 1, 0.0454545454545454
1.62189237620751, 13, 3, 0, 8, 0.0467171717171717
1.62023684210521, 8, 16, 4, 44, 0.0639293827209357
1.61999999999999, 10, 1, 0, 14, 0.217171717171717
1.61500000000001, 9, 1, 0, 2, 0.00416666666666667
1.61499999999999, 9, 1, 0, 2, 0.00416666666666667
1.61333333333333, 12, 1, 0, 8, 0.0467171717171717
1.6024, 10, 1, 4, 82, 0.274718983341981
1.60175000000001, 12, 4, 0, 16, 0.351010101010101
1.60175000000001, 12, 4, 0, 16, 0.351010101010101
1.59666666666666, 12, 1, 2, 4, 0.590909090909091
1.59225000000001, 10, 1, 4, 82, 0.274718983341981
1.58802663441086, 11, 19, 0, 6, 0.026010101010101
1.58675000000001, 13, 1, 1, 9, 0.227477477477477
1.58533333333332, 11, 1, 4, 94, 0.486490559366218
1.58030377529838, 7, 5, 0, 7, 0.0353535353535354
1.57322561213155, 11, 6, 3, 1, 0.0997474747474748
1.57119126779649, 11, 2, 4, 21, 0.0272340315353993
1.57040000000001, 10, 1, 0, 13, 0.170454545454545
1.57000000000001, 9, 1, 0, 14, 0.217171717171717
1.56999999999999, 9, 1, 0, 14, 0.217171717171717
1.56566666666669, 11, 4, 1, 17, 0.436936936936937
1.56333333333333, 8, 1, 0, 12, 0.132575757575758
1.5599623326667, 9, 5, 1, 15, 0.38963963963964
1.55775623895397, 8, 2, 3, 3, 0.800505050505051
1.55775623895397, 8, 2, 3, 3, 0.800505050505051
1.55769102627363, 10, 3, 1, 17, 0.436936936936937
1.55769102627356, 10, 3, 1, 17, 0.436936936936937
1.55500000000001, 12, 1, 0, 11, 0.103535353535354
1.55500000000001, 12, 1, 0, 11, 0.103535353535354
1.55252364877319, 8, 2, 4, 94, 0.486490559366218
1.55032981034149, 13, 3, 4, 95, 0.534067194388448
1.54417021305322, 10, 20, 1, 10, 0.240990990990991
1.54149278298668, 12, 2, 0, 2, 0.00416666666666667
1.53150000000001, 9, 1, 4, 103, 0.865041948010276
1.53149999999999, 9, 1, 4, 103, 0.865041948010276
1.53133933752986, 8, 6, 0, 11, 0.103535353535354
1.52379999999999, 11, 1, 0, 13, 0.170454545454545
1.51709759903576, 10, 2, 1, 2, 0.0788288288288288
1.51674404564513, 13, 2, 0, 5, 0.0184343434343434
1.51674404564513, 13, 2, 0, 5, 0.0184343434343434
1.515, 12, 1, 0, 8, 0.0467171717171717
1.515, 12, 1, 0, 8, 0.0467171717171717
1.5145, 12, 1, 4, 67, 0.0942557274601005
1.5145, 12, 1, 4, 67, 0.0942557274601005
1.51358146570751, 10, 3, 2, 5, 0.863636363636364
1.50503668172351, 13, 3, 0, 11, 0.103535353535354
1.49419031296484, 11, 5, 0, 11, 0.103535353535354
1.48559441140853, 9, 3, 4, 103, 0.865041948010276
1.48059999999998, 10, 4, 4, 12, 0.0115508595340253
1.47999999999999, 11, 1, 0, 7, 0.0353535353535354
1.47931572723112, 12, 3, 3, 2, 0.400252525252525
1.47384623425317, 12, 2, 0, 7, 0.0353535353535354
1.47131942600288, 11, 3, 0, 4, 0.0126262626262626
1.46439122277259, 8, 3, 4, 93, 0.471038215796977
1.46377424545818, 9, 6, 4, 37, 0.0486682110506046
1.44500000000001, 14, 1, 0, 4, 0.0126262626262626
1.44500000000001, 14, 1, 0, 4, 0.0126262626262626
1.44499999999999, 14, 1, 0, 4, 0.0126262626262626
1.44499999999999, 14, 1, 0, 4, 0.0126262626262626
1.43754808615226, 10, 2, 4, 73, 0.179360578437554
1.43754808615224, 10, 2, 4, 73, 0.179360578437554
1.43448395676714, 13, 2, 1, 8, 0.202702702702703
1.43118412512157, 11, 2, 3, 2, 0.400252525252525
1.43118412512155, 11, 2, 3, 2, 0.400252525252525
1.42764859121564, 12, 2, 3, 2, 0.400252525252525
1.42764859121564, 12, 2, 3, 2, 0.400252525252525
1.42666666666666, 10, 1, 0, 14, 0.217171717171717
1.42504480192729, 8, 3, 3, 1, 0.0997474747474748
1.42404426409981, 9, 6, 1, 15, 0.38963963963964
1.42370408934959, 10, 13, 2, 5, 0.863636363636364
1.42028166220644, 12, 3, 0, 7, 0.0353535353535354
1.41522984735106, 8, 3, 4, 1, 0.000100050649348366
1.41381533919155, 10, 3, 2, 1, 0.0454545454545454
1.40014213742748, 11, 8, 1, 10, 0.240990990990991
1.396, 10, 1, 0, 6, 0.026010101010101
1.39205754989592, 8, 2, 1, 5, 0.141891891891892
1.39017193181274, 9, 2, 0, 7, 0.0353535353535354
1.38910474767023, 8, 3, 4, 2, 0.000339506812356317
1.38500000000001, 13, 1, 0, 14, 0.217171717171717
1.38500000000001, 13, 1, 0, 14, 0.217171717171717
1.37669171688263, 12, 3, 0, 4, 0.0126262626262626
1.37650000000001, 10, 1, 2, 4, 0.590909090909091
1.37649999999999, 10, 1, 2, 4, 0.590909090909091
1.37555839166823, 10, 2, 4, 33, 0.042748691282689
1.375, 10, 1, 0, 11, 0.103535353535354
1.375, 10, 1, 0, 11, 0.103535353535354
1.37454545454546, 13, 4, 2, 4, 0.590909090909091
1.37425011117174, 8, 5, 1, 23, 0.698198198198198
1.37234945339092, 9, 5, 0, 14, 0.217171717171717
1.37, 16, 1, 0, 7, 0.0353535353535354
1.36312398555677, 9, 3, 0, 16, 0.351010101010101
1.3618876605653, 9, 2, 4, 98, 0.624936765886549
1.355, 9, 1, 0, 2, 0.00416666666666667
1.35499999999999, 9, 1, 0, 2, 0.00416666666666667
1.35446373151891, 13, 3, 4, 60, 0.0833233322906506
1.35446373151883, 13, 3, 4, 60, 0.0833233322906506
1.35300000000001, 14, 1, 0, 9, 0.0618686868686869
1.34205070073129, 9, 3, 3, 1, 0.0997474747474748
1.34205070073126, 9, 3, 3, 1, 0.0997474747474748
1.34, 15, 1, 0, 2, 0.00416666666666667
1.34, 15, 1, 0, 2, 0.00416666666666667
1.3386, 11, 1, 0, 2, 0.00416666666666667
1.33454619835942, 10, 2, 1, 1, 0.0337837837837838
1.33431049609904, 9, 2, 4, 44, 0.0639293827209357
1.33289628253666, 10, 2, 4, 17, 0.0191899869089483
1.33289628253664, 10, 2, 4, 17, 0.0191899869089483
1.32747513054754, 9, 2, 1, 25, 0.835585585585586
1.327, 10, 4, 0, 5, 0.0184343434343434
1.32600000000001, 11, 1, 3, 3, 0.800505050505051
1.32599999999999, 11, 1, 3, 3, 0.800505050505051
1.32117481540377, 9, 7, 4, 54, 0.0761223229857679
1.32087546725647, 10, 2, 2, 5, 0.863636363636364
1.31999999999999, 11, 1, 0, 8, 0.0467171717171717
1.31999999999999, 11, 1, 0, 8, 0.0467171717171717
1.31975, 15, 1, 4, 69, 0.110861739138859
1.30942723107055, 11, 6, 3, 1, 0.0997474747474748
1.30829968817317, 8, 6, 1, 26, 0.943693693693694
1.30650000000001, 12, 1, 3, 3, 0.800505050505051
1.30484771354956, 14, 2, 4, 10, 0.00844094610403909
1.30107647738323, 11, 2, 0, 3, 0.00795454545454546
1.29745039243641, 14, 3, 1, 12, 0.313063063063063
1.29333333333332, 16, 1, 0, 6, 0.026010101010101
1.29333333333332, 8, 1, 0, 11, 0.103535353535354
1.28929136436346, 13, 2, 3, 1, 0.0997474747474748
1.28500000000001, 10, 1, 0, 16, 0.351010101010101
1.285, 12, 1, 0, 6, 0.026010101010101
1.285, 12, 1, 0, 6, 0.026010101010101
1.285, 10, 1, 0, 16, 0.351010101010101
1.28149999999999, 10, 1, 2, 5, 0.863636363636364
1.28, 13, 1, 0, 13, 0.170454545454545
1.28, 13, 1, 0, 13, 0.170454545454545
1.27500000000001, 13, 1, 0, 16, 0.351010101010101
1.27499999999999, 13, 1, 0, 16, 0.351010101010101
1.27333333333334, 10, 1, 1, 3, 0.105855855855856
1.26797641871316, 8, 14, 0, 14, 0.217171717171717
1.26763025103273, 8, 3, 4, 94, 0.486490559366218
1.26333333333332, 12, 1, 0, 5, 0.0184343434343434
1.25879999999995, 10, 4, 3, 2, 0.400252525252525
1.25794296373087, 14, 2, 4, 75, 0.204510284651682
1.2572358569497, 12, 2, 1, 3, 0.105855855855856
1.25570379225713, 8, 8, 0, 9, 0.0618686868686869
1.25476645749603, 9, 7, 1, 3, 0.105855855855856
1.25, 14, 1, 0, 3, 0.00795454545454546
1.25, 12, 1, 0, 16, 0.351010101010101
1.25, 12, 1, 0, 16, 0.351010101010101
1.24780776653384, 10, 2, 0, 16, 0.351010101010101
1.24450793488832, 12, 2, 2, 1, 0.0454545454545454
1.24266666666665, 12, 1, 0, 6, 0.026010101010101
1.24073669872198, 10, 2, 4, 7, 0.00691788872168195
1.23329234377273, 10, 3, 4, 37, 0.0486682110506046
1.23249848715256, 12, 3, 3, 1, 0.0997474747474748
1.23066666666666, 11, 1, 4, 37, 0.0486682110506046
1.22831269770094, 9, 3, 0, 13, 0.170454545454545
1.22500000000001, 9, 1, 0, 11, 0.103535353535354
1.22499999999999, 9, 1, 0, 11, 0.103535353535354
1.22499999999999, 11, 1, 3, 3, 0.800505050505051
1.22461240733926, 12, 3, 0, 13, 0.170454545454545
1.2205, 9, 1, 4, 77, 0.212750155497395
1.2205, 9, 1, 4, 77, 0.212750155497395
1.22, 12, 1, 0, 13, 0.170454545454545
1.22, 12, 1, 0, 13, 0.170454545454545
1.21834498398443, 13, 2, 3, 2, 0.400252525252525
1.21834498398443, 13, 2, 3, 2, 0.400252525252525
1.21763787720324, 11, 2, 3, 2, 0.400252525252525
1.21763787720324, 11, 2, 3, 2, 0.400252525252525
1.21599999999999, 11, 1, 0, 4, 0.0126262626262626
1.215, 14, 1, 3, 2, 0.400252525252525
1.21499999999999, 12, 1, 0, 7, 0.0353535353535354
1.21442857142853, 8, 4, 4, 3, 0.000573791508306289
1.21387894097117, 8, 3, 0, 11, 0.103535353535354
1.21333333333334, 11, 1, 0, 13, 0.170454545454545
1.20500000000001, 12, 1, 0, 6, 0.026010101010101
1.205, 12, 1, 0, 6, 0.026010101010101
1.20250000000001, 8, 1, 0, 15, 0.275252525252525
1.20233193558739, 11, 3, 0, 6, 0.026010101010101
1.20208152801712, 11, 2, 0, 8, 0.0467171717171717
1.202, 9, 1, 4, 10, 0.00844094610403909
1.20116666666667, 9, 4, 4, 103, 0.865041948010276
1.2, 14, 1, 0, 4, 0.0126262626262626
1.19999999999999, 14, 1, 0, 4, 0.0126262626262626
1.19815975794363, 7, 5, 4, 4, 0.00326307504602002
1.191939630742, 10, 3, 2, 5, 0.863636363636364
1.19165095560742, 12, 3, 3, 2, 0.400252525252525
1.19165095560737, 12, 3, 3, 2, 0.400252525252525
1.19136228047279, 13, 3, 0, 13, 0.170454545454545
1.191, 11, 1, 4, 11, 0.00893715698736393
1.191, 11, 1, 4, 11, 0.00893715698736393
1.18965243544482, 13, 3, 4, 65, 0.0928774452980315
1.18958930821615, 11, 2, 2, 1, 0.0454545454545454
1.185, 15, 1, 0, 9, 0.0618686868686869
1.18499999999999, 15, 1, 0, 9, 0.0618686868686869
1.18300000000001, 11, 1, 3, 3, 0.800505050505051
1.18166666666667, 11, 1, 4, 7, 0.00691788872168195
1.17600000000002, 9, 4, 0, 9, 0.0618686868686869
1.17533333333333, 10, 1, 3, 2, 0.400252525252525
1.17500000000001, 12, 1, 0, 7, 0.0353535353535354
1.175, 12, 1, 0, 7, 0.0353535353535354
1.17400000000001, 15, 1, 4, 27, 0.0352394625411507
1.17399999999999, 15, 1, 4, 27, 0.0352394625411507
1.17166666666667, 9, 1, 0, 12, 0.132575757575758
1.17002602060333, 11, 2, 4, 37, 0.0486682110506046
1.16672618895779, 13, 2, 0, 9, 0.0618686868686869
1.16640000000001, 8, 4, 3, 3, 0.800505050505051
1.16366666666667, 13, 1, 2, 4, 0.590909090909091
1.16149999999999, 16, 1, 4, 56, 0.078725036164931
1.16149999999999, 16, 1, 4, 56, 0.078725036164931
1.16145332851792, 8, 7, 1, 23, 0.698198198198198
1.15900000000001, 9, 1, 2, 5, 0.863636363636364
1.15899999999999, 9, 1, 2, 5, 0.863636363636364
1.15600000000001, 12, 1, 4, 32, 0.0409687585124503
1.155, 12, 1, 0, 9, 0.0618686868686869
1.155, 12, 1, 0, 9, 0.0618686868686869
1.155, 15, 1, 0, 6, 0.026010101010101
1.155, 15, 1, 0, 6, 0.026010101010101
1.15399826689643, 10, 2, 1, 17, 0.436936936936937
1.1525, 11, 1, 0, 3, 0.00795454545454546
1.15105605496289, 8, 6, 0, 15, 0.275252525252525
1.15073648292085, 9, 5, 4, 103, 0.865041948010276
1.14739860360538, 13, 2, 2, 1, 0.0454545454545454
1.14551298552223, 10, 2, 0, 14, 0.217171717171717
1.14333333333335, 12, 1, 0, 6, 0.026010101010101
1.1407989403143, 12, 2, 0, 8, 0.0467171717171717
1.14066666666665, 12, 1, 4, 86, 0.339097714835584
1.14046920412416, 13, 5, 3, 2, 0.400252525252525
1.13733333333334, 13, 1, 4, 22, 0.0286232599694077
1.1350706292268, 9, 3, 0, 7, 0.0353535353535354
1.134, 11, 1, 3, 1, 0.0997474747474748
1.134, 11, 1, 3, 1, 0.0997474747474748
1.13399999999999, 10, 1, 0, 17, 0.444444444444444
1.13399724651442, 11, 8, 3, 1, 0.0997474747474748
1.13263353745102, 11, 7, 1, 9, 0.227477477477477
1.12901382729452, 12, 2, 2, 4, 0.590909090909091
1.125, 12, 1, 0, 7, 0.0353535353535354
1.125, 12, 1, 0, 7, 0.0353535353535354
1.12453398681408, 10, 3, 4, 28, 0.0358931359772792
1.12099995044107, 11, 2, 4, 94, 0.486490559366218
1.12099995044105, 9, 2, 4, 23, 0.0296164402178925
1.12, 16, 1, 0, 5, 0.0184343434343434
1.12, 16, 1, 0, 5, 0.0184343434343434
1.11722871427475, 10, 2, 3, 2, 0.400252525252525
1.11722871427473, 10, 2, 3, 2, 0.400252525252525
1.11688409574734, 11, 3, 0, 10, 0.0808080808080808
1.10544360125495, 8, 2, 0, 12, 0.132575757575758
1.10000000000002, 14, 1, 4, 57, 0.0798737051896258
1.09200000000001, 11, 4, 3, 3, 0.800505050505051
1.09199999999998, 11, 4, 3, 3, 0.800505050505051
1.09177287015202, 10, 8, 2, 5, 0.863636363636364
1.09148580515604, 9, 7, 3, 3, 0.800505050505051
1.08666666666667, 9, 1, 0, 9, 0.0618686868686869
1.08600000000001, 15, 1, 0, 4, 0.0126262626262626
1.086, 11, 1, 3, 2, 0.400252525252525
1.086, 11, 1, 3, 2, 0.400252525252525
1.08500000000001, 9, 1, 0, 12, 0.132575757575758
1.08499999999999, 9, 1, 0, 12, 0.132575757575758
1.08440814310535, 13, 3, 4, 28, 0.0358931359772792
1.084, 12, 1, 4, 42, 0.0614175149797577
1.084, 12, 1, 4, 42, 0.0614175149797577
1.08195440446136, 13, 3, 4, 55, 0.0776266165618163
1.07976050728225, 10, 7, 4, 15, 0.0180125300509641
1.07550941418473, 9, 2, 3, 3, 0.800505050505051
1.07550941418473, 9, 2, 3, 3, 0.800505050505051
1.075, 11, 1, 0, 7, 0.0353535353535354
1.075, 11, 1, 0, 7, 0.0353535353535354
1.07286541560439, 8, 5, 0, 11, 0.103535353535354
1.07000000000001, 8, 1, 4, 96, 0.578309095069458
1.06999999999999, 14, 1, 0, 12, 0.132575757575758
1.06999999999999, 14, 1, 0, 12, 0.132575757575758
1.06942829586654, 11, 2, 1, 6, 0.164414414414414
1.065, 14, 1, 0, 4, 0.0126262626262626
1.065, 14, 1, 0, 4, 0.0126262626262626
1.06037732906736, 13, 2, 4, 50, 0.0708643200456854
1.05924595821746, 13, 2, 3, 2, 0.400252525252525
1.05641753109268, 16, 2, 1, 4, 0.128378378378378
1.0553218308491, 11, 6, 1, 3, 0.105855855855856
1.05500000000001, 13, 1, 0, 12, 0.132575757575758
1.05500000000001, 14, 1, 0, 11, 0.103535353535354
1.05500000000001, 14, 1, 0, 11, 0.103535353535354
1.04970001667145, 12, 2, 4, 45, 0.0660434784542375
1.04970001667145, 12, 2, 4, 45, 0.0660434784542375
1.04933333333335, 11, 1, 4, 22, 0.0286232599694077
1.04216666666667, 12, 4, 0, 7, 0.0353535353535354
1.04001251995672, 11, 6, 3, 2, 0.400252525252525
1.03905869670904, 13, 7, 2, 4, 0.590909090909091
1.03214019827194, 12, 2, 0, 9, 0.0618686868686869
1.03200000000001, 7, 1, 4, 102, 0.786411515216059
1.03158059347457, 12, 3, 4, 35, 0.0452335812040479
1.03100000000001, 11, 1, 4, 44, 0.0639293827209357
1.03099999999999, 11, 1, 4, 44, 0.0639293827209357
1.02710612888835, 8, 3, 0, 14, 0.217171717171717
1.02652877861912, 12, 3, 1, 3, 0.105855855855856
1.02233333333332, 14, 1, 3, 2, 0.400252525252525
1.01666666666668, 10, 1, 0, 14, 0.217171717171717
1.01666666666665, 12, 1, 3, 3, 0.800505050505051
1.015, 11, 1, 0, 14, 0.217171717171717
1.015, 11, 1, 0, 14, 0.217171717171717
1.01333333333332, 11, 1, 0, 11, 0.103535353535354
1.0125, 10, 1, 4, 92, 0.455244555401909
1.0125, 10, 1, 4, 92, 0.455244555401909
1.01000000000001, 14, 1, 0, 4, 0.0126262626262626
1.00999999999999, 14, 1, 0, 4, 0.0126262626262626
1.00974848353439, 11, 2, 2, 4, 0.590909090909091
1.00974848353439, 11, 2, 2, 4, 0.590909090909091
1.00880567449281, 10, 2, 0, 14, 0.217171717171717
1.00774999999999, 12, 1, 4, 25, 0.0319165363830463
1.00451589335363, 9, 2, 0, 12, 0.132575757575758
1.00429079454116, 12, 6, 0, 7, 0.0353535353535354
1, 12, 1, 0, 8, 0.0467171717171717
1, 12, 1, 0, 8, 0.0467171717171717
0.990000000000009, 14, 1, 0, 5, 0.0184343434343434
0.990000000000009, 14, 1, 0, 5, 0.0184343434343434
0.985706852973971, 16, 2, 0, 8, 0.0467171717171717
0.984333333333325, 8, 4, 1, 5, 0.141891891891892
0.983000000000004, 9, 1, 0, 11, 0.103535353535354
0.980049998724532, 8, 2, 0, 10, 0.0808080808080808
0.980000000000004, 10, 1, 0, 2, 0.00416666666666667
0.980000000000004, 10, 1, 0, 2, 0.00416666666666667
0.979763406814805, 10, 3, 2, 5, 0.863636363636364
0.97976340681478, 10, 3, 2, 5, 0.863636363636364
0.974999999999994, 11, 1, 0, 9, 0.0618686868686869
0.972499999999997, 12, 1, 4, 50, 0.0708643200456854
0.972499999999997, 12, 1, 4, 50, 0.0708643200456854
0.969669322522566, 9, 10, 4, 48, 0.067745494454136
0.967500000000001, 10, 4, 2, 4, 0.590909090909091
0.967500000000001, 10, 4, 2, 4, 0.590909090909091
0.966666666666669, 14, 1, 3, 3, 0.800505050505051
0.958200000000005, 7, 4, 4, 11, 0.00893715698736393
0.955304141687332, 10, 5, 4, 37, 0.0486682110506046
0.955000000000013, 12, 1, 0, 4, 0.0126262626262626
0.954999999999984, 12, 1, 0, 4, 0.0126262626262626
0.954000000000008, 11, 1, 4, 16, 0.0186420699741554
0.952194931460996, 7, 3, 4, 88, 0.375097158937352
0.950000000000003, 13, 1, 0, 9, 0.0618686868686869
0.949999999999989, 13, 1, 0, 9, 0.0618686868686869
0.945000000000007, 10, 1, 0, 15, 0.275252525252525
0.944999999999993, 10, 1, 0, 15, 0.275252525252525
0.944800000000015, 10, 4, 0, 14, 0.217171717171717
0.943499999999972, 9, 4, 4, 44, 0.0639293827209357
0.943333333333328, 9, 1, 4, 92, 0.455244555401909
0.941000000000031, 11, 4, 0, 5, 0.0184343434343434
0.938000000000002, 11, 1, 3, 1, 0.0997474747474748
0.938000000000002, 11, 1, 3, 1, 0.0997474747474748
0.935502271509808, 10, 2, 4, 101, 0.73090184972689
0.935502271509808, 10, 2, 4, 101, 0.73090184972689
0.934999999999945, 12, 4, 0, 8, 0.0467171717171717
0.933000000000021, 9, 1, 4, 101, 0.73090184972689
0.932999999999993, 9, 1, 4, 101, 0.73090184972689
0.932500000000005, 13, 1, 4, 92, 0.455244555401909
0.932500000000005, 13, 1, 4, 92, 0.455244555401909
0.930000000000007, 9, 1, 0, 7, 0.0353535353535354
0.930000000000007, 13, 1, 0, 11, 0.103535353535354
0.930000000000007, 13, 1, 0, 11, 0.103535353535354
0.929000000000002, 12, 1, 4, 84, 0.293759463138283
0.929000000000002, 12, 1, 4, 84, 0.293759463138283
0.926309883354379, 10, 2, 0, 9, 0.0618686868686869
0.919285966117177, 10, 3, 4, 82, 0.274718983341981
0.918333333333337, 12, 1, 1, 6, 0.164414414414414
0.916110539636652, 13, 3, 1, 9, 0.227477477477477
0.914524770334614, 16, 2, 0, 6, 0.026010101010101
0.914524770334614, 8, 2, 0, 11, 0.103535353535354
0.913999999999987, 4, 1, 0, 7, 0.0353535353535354
0.913656800992589, 11, 3, 2, 4, 0.590909090909091
0.907127701410742, 11, 6, 4, 21, 0.0272340315353993
0.902666666666676, 9, 1, 3, 3, 0.800505050505051
0.900382634710876, 10, 2, 1, 3, 0.105855855855856
0.898732718888112, 9, 2, 4, 101, 0.73090184972689
0.898732718888112, 9, 2, 4, 101, 0.73090184972689
0.89500000000001, 14, 1, 0, 8, 0.0467171717171717
0.894999999999982, 14, 1, 0, 8, 0.0467171717171717
0.893311566898996, 12, 2, 0, 5, 0.0184343434343434
0.890000000000001, 13, 1, 0, 14, 0.217171717171717
0.890000000000001, 13, 1, 0, 14, 0.217171717171717
0.890000000000001, 14, 1, 0, 16, 0.351010101010101
0.890000000000001, 14, 1, 0, 16, 0.351010101010101
0.885000000000005, 12, 1, 0, 13, 0.170454545454545
0.885000000000005, 12, 1, 0, 13, 0.170454545454545
0.883883476483205, 14, 2, 0, 3, 0.00795454545454546
0.88333333333334, 10, 1, 0, 2, 0.00416666666666667
0.880333333333326, 14, 1, 4, 36, 0.0468471651172549
0.879999999999995, 14, 1, 0, 10, 0.0808080808080808
0.879999999999995, 14, 1, 0, 10, 0.0808080808080808
0.878698026754512, 12, 2, 0, 6, 0.026010101010101
0.87700000000001, 8, 1, 3, 3, 0.800505050505051
0.876999999999981, 8, 1, 3, 3, 0.800505050505051
0.876037656330206, 13, 7, 2, 4, 0.590909090909091
0.875896707190194, 10, 6, 1, 2, 0.0788288288288288
0.875, 12, 1, 3, 2, 0.400252525252525
0.875, 12, 1, 3, 2, 0.400252525252525
0.874666666666656, 13, 1, 4, 35, 0.0452335812040479
0.874000000000009, 14, 1, 4, 50, 0.0708643200456854
0.873999999999995, 14, 1, 4, 50, 0.0708643200456854
0.873418296121638, 8, 2, 0, 5, 0.0184343434343434
0.873184547122382, 11, 3, 1, 6, 0.164414414414414
0.870212745380253, 11, 2, 4, 37, 0.0486682110506046
0.867000000000004, 10, 1, 3, 3, 0.800505050505051
0.86699999999999, 10, 1, 3, 3, 0.800505050505051
0.865794463676755, 13, 3, 4, 50, 0.0708643200456854
0.86573440243273, 14, 2, 4, 61, 0.084023548930301
0.865000000000009, 14, 1, 0, 7, 0.0353535353535354
0.864999999999981, 14, 1, 0, 7, 0.0353535353535354
0.864666666666665, 7, 1, 4, 102, 0.786411515216059
0.861538902197671, 13, 2, 0, 11, 0.103535353535354
0.860714285714266, 13, 1, 1, 2, 0.0788288288288288
0.859841845922848, 11, 2, 0, 4, 0.0126262626262626
0.859134739141638, 14, 2, 3, 2, 0.400252525252525
0.85899999999998, 16, 4, 0, 7, 0.0353535353535354
0.85830334393398, 12, 3, 4, 15, 0.0180125300509641
0.857956227839661, 11, 2, 0, 13, 0.170454545454545
0.856666666666655, 13, 1, 4, 29, 0.0366148142052202
0.856306312016918, 7, 2, 0, 18, 0.558080808080808
0.854478398400657, 11, 3, 0, 7, 0.0353535353535354
0.852500000000006, 7, 1, 0, 5, 0.0184343434343434
0.852499999999992, 12, 1, 0, 1, 0.00126262626262626
0.849333333333334, 12, 1, 4, 21, 0.0272340315353993
0.846000000000004, 10, 1, 4, 51, 0.0718603446010522
0.846000000000004, 10, 1, 4, 51, 0.0718603446010522
0.840499999999992, 12, 1, 4, 43, 0.0622011646212767
0.839689302659025, 12, 2, 3, 1, 0.0997474747474748
0.839689302659025, 12, 2, 3, 1, 0.0997474747474748
0.835564513102107, 11, 2, 4, 7, 0.00691788872168195
0.835000000000008, 13, 1, 0, 13, 0.170454545454545
0.835000000000008, 13, 1, 0, 13, 0.170454545454545
0.832562643622351, 15, 5, 4, 46, 0.0667300768973018
0.83175, 13, 1, 4, 65, 0.0928774452980315
0.831086170154605, 10, 2, 3, 2, 0.400252525252525
0.829999999999998, 13, 1, 4, 45, 0.0660434784542375
0.828493445290228, 9, 2, 0, 12, 0.132575757575758
0.827333333333343, 11, 4, 4, 37, 0.0486682110506046
0.825000000000003, 11, 1, 0, 9, 0.0618686868686869
0.824999999999989, 11, 1, 0, 9, 0.0618686868686869
0.824200000000019, 12, 4, 4, 36, 0.0468471651172549
0.823999999999998, 12, 1, 4, 94, 0.486490559366218
0.823999999999998, 12, 1, 4, 94, 0.486490559366218
0.822836591040729, 13, 2, 2, 4, 0.590909090909091
0.820597419566998, 13, 2, 1, 2, 0.0788288288288288
0.820597419566958, 13, 2, 1, 2, 0.0788288288288288
0.820183792410787, 9, 3, 0, 12, 0.132575757575758
0.820000000000022, 9, 1, 0, 13, 0.170454545454545
0.819000000000017, 11, 1, 3, 2, 0.400252525252525
0.818999999999988, 11, 1, 3, 2, 0.400252525252525
0.817610459782412, 12, 3, 0, 6, 0.026010101010101
0.810666666666677, 14, 1, 0, 14, 0.217171717171717
0.808458753156608, 12, 2, 0, 6, 0.026010101010101
0.806573135073461, 12, 2, 4, 86, 0.339097714835584
0.804826275250424, 16, 3, 0, 8, 0.0467171717171717
0.804216112469488, 13, 2, 4, 22, 0.0286232599694077
0.801859089865555, 10, 2, 0, 17, 0.444444444444444
0.801199999999994, 10, 4, 4, 82, 0.274718983341981
0.800207473096852, 8, 3, 0, 10, 0.0808080808080808
0.799999999999997, 10, 1, 0, 4, 0.0126262626262626
0.799999999999997, 10, 1, 0, 4, 0.0126262626262626
0.797500000000014, 11, 1, 0, 14, 0.217171717171717
0.797499999999999, 13, 1, 4, 31, 0.0395255744388036
0.797499999999999, 13, 1, 4, 31, 0.0395255744388036
0.796666666666681, 13, 1, 3, 2, 0.400252525252525
0.794000000000011, 11, 1, 3, 1, 0.0997474747474748
0.793999999999997, 11, 1, 3, 1, 0.0997474747474748
0.79266666666669, 9, 4, 4, 23, 0.0296164402178925
0.790969868789806, 16, 3, 0, 7, 0.0353535353535354
0.790000000000006, 10, 1, 4, 31, 0.0395255744388036
0.790000000000006, 10, 1, 4, 31, 0.0395255744388036
0.787499999999994, 11, 1, 3, 3, 0.800505050505051
0.787499999999994, 11, 1, 3, 3, 0.800505050505051
0.785199999999975, 10, 4, 0, 13, 0.170454545454545
0.775696138961649, 12, 2, 1, 10, 0.240990990990991
0.775696138961628, 12, 2, 1, 10, 0.240990990990991
0.775000000000006, 11, 1, 0, 13, 0.170454545454545
0.774999999999977, 11, 1, 0, 13, 0.170454545454545
0.768389368889366, 9, 2, 0, 9, 0.0618686868686869
0.768072068259816, 8, 10, 4, 3, 0.000573791508306289
0.766666666666652, 13, 1, 0, 4, 0.0126262626262626
0.765938065381252, 11, 2, 4, 55, 0.0776266165618163
0.765000000000001, 12, 1, 0, 14, 0.217171717171717
0.765000000000001, 12, 1, 0, 14, 0.217171717171717
0.761958017763025, 15, 3, 4, 69, 0.110861739138859
0.761907556728536, 9, 2, 4, 22, 0.0286232599694077
0.761907556728495, 9, 2, 4, 22, 0.0286232599694077
0.761899999999969, 11, 4, 0, 13, 0.170454545454545
0.756666666666661, 8, 1, 0, 7, 0.0353535353535354
0.756604255869581, 8, 2, 4, 96, 0.578309095069458
0.756333333333345, 15, 1, 3, 1, 0.0997474747474748
0.754999999999995, 14, 1, 0, 11, 0.103535353535354
0.754999999999995, 14, 1, 0, 11, 0.103535353535354
0.754308126696229, 12, 3, 3, 3, 0.800505050505051
0.753068721963692, 11, 2, 0, 7, 0.0353535353535354
0.753068721963651, 11, 2, 0, 7, 0.0353535353535354
0.752333333333354, 10, 9, 2, 4, 0.590909090909091
0.75, 12, 1, 0, 16, 0.351010101010101
0.75, 12, 1, 0, 16, 0.351010101010101
0.749918882665686, 12, 8, 0, 13, 0.170454545454545
0.748999999999967, 13, 4, 3, 2, 0.400252525252525
0.746999999999986, 16, 4, 1, 4, 0.128378378378378
0.742000000000004, 11, 1, 4, 93, 0.471038215796977
0.741990715725056, 11, 2, 4, 22, 0.0286232599694077
0.740000000000009, 11, 1, 0, 9, 0.0618686868686869
0.740000000000009, 12, 1, 4, 37, 0.0486682110506046
0.739999999999995, 12, 1, 4, 37, 0.0486682110506046
0.739999999999981, 11, 1, 0, 9, 0.0618686868686869
0.739874369966502, 10, 3, 2, 5, 0.863636363636364
0.737499999999983, 5, 1, 0, 5, 0.0184343434343434
0.733000000000004, 12, 1, 4, 36, 0.0468471651172549
0.730666666666679, 14, 1, 0, 14, 0.217171717171717
0.729833333333318, 12, 4, 0, 9, 0.0618686868686869
0.729734198184504, 7, 2, 4, 102, 0.786411515216059
0.726500000000001, 11, 1, 3, 1, 0.0997474747474748
0.726500000000001, 11, 1, 3, 1, 0.0997474747474748
0.725000000000009, 12, 1, 0, 16, 0.351010101010101
0.724999999999994, 14, 1, 0, 9, 0.0618686868686869
0.724999999999994, 14, 1, 0, 9, 0.0618686868686869
0.724999999999994, 12, 1, 0, 16, 0.351010101010101
0.722898832633069, 14, 2, 3, 2, 0.400252525252525
0.72199999999998, 10, 1, 0, 8, 0.0467171717171717
0.718891894206333, 12, 2, 3, 3, 0.800505050505051
0.718891894206313, 10, 2, 0, 14, 0.217171717171717
0.71653487160238, 11, 2, 0, 11, 0.103535353535354
0.714649253519213, 12, 2, 2, 2, 0.181818181818182
0.713750000000005, 10, 1, 4, 60, 0.0833233322906506
0.713143052503021, 8, 3, 0, 5, 0.0184343434343434
0.710640288889072, 12, 13, 3, 2, 0.400252525252525
0.710000000000008, 13, 1, 0, 1, 0.00126262626262626
0.709999999999994, 13, 1, 0, 1, 0.00126262626262626
0.708071428571373, 12, 4, 0, 6, 0.026010101010101
0.707715514878694, 11, 5, 2, 4, 0.590909090909091
0.706666666666678, 10, 1, 0, 6, 0.026010101010101
0.704999999999998, 14, 1, 0, 8, 0.0467171717171717
0.704999999999998, 14, 1, 0, 8, 0.0467171717171717
0.703443567980658, 13, 3, 0, 11, 0.103535353535354
0.703333333333333, 11, 1, 0, 6, 0.026010101010101
0.701480577065397, 12, 3, 0, 7, 0.0353535353535354
0.700000000000003, 12, 1, 0, 1, 0.00126262626262626
0.700000000000003, 12, 1, 0, 1, 0.00126262626262626
0.698000000000008, 10, 4, 0, 6, 0.026010101010101
0.69550000000001, 18, 1, 1, 6, 0.164414414414414
0.695499999999981, 18, 1, 1, 6, 0.164414414414414
0.695085965906379, 9, 2, 0, 11, 0.103535353535354
0.694999999999993, 13, 1, 0, 9, 0.0618686868686869
0.694999999999993, 13, 1, 0, 9, 0.0618686868686869
0.694263698700534, 8, 3, 0, 15, 0.275252525252525
0.694000000000003, 9, 1, 4, 6, 0.00648491626136443
0.694000000000003, 9, 1, 4, 6, 0.00648491626136443
0.693975023565978, 9, 3, 4, 10, 0.00844094610403909
0.692964645562829, 15, 2, 0, 8, 0.0467171717171717
0.68942911165682, 14, 2, 4, 60, 0.0833233322906506
0.689000000000007, 11, 1, 4, 16, 0.0186420699741554
0.688999999999993, 11, 1, 4, 16, 0.0186420699741554
0.685000000000002, 14, 1, 0, 8, 0.0467171717171717
0.685000000000002, 14, 1, 0, 8, 0.0467171717171717
0.685000000000002, 12, 1, 0, 6, 0.026010101010101
0.685000000000002, 12, 1, 0, 6, 0.026010101010101
0.685000000000002, 15, 1, 0, 5, 0.0184343434343434
0.685000000000002, 15, 1, 0, 5, 0.0184343434343434
0.685000000000002, 13, 1, 0, 13, 0.170454545454545
0.685000000000002, 13, 1, 0, 13, 0.170454545454545
0.683536555146977, 14, 2, 3, 3, 0.800505050505051
0.683005368451307, 11, 3, 3, 3, 0.800505050505051
0.680000000000007, 12, 1, 0, 7, 0.0353535353535354
0.679999999999978, 12, 1, 0, 7, 0.0353535353535354
0.677000000000007, 11, 1, 3, 1, 0.0997474747474748
0.676999999999993, 11, 1, 3, 1, 0.0997474747474748
0.676000000000016, 15, 1, 4, 11, 0.00893715698736393
0.675999999999988, 15, 1, 4, 11, 0.00893715698736393
0.674579869251952, 11, 2, 4, 16, 0.0186420699741554
0.674000000000007, 13, 1, 2, 4, 0.590909090909091
0.669299999999993, 11, 4, 0, 2, 0.00416666666666667
0.667037396919306, 9, 2, 4, 92, 0.455244555401909
0.666666666666671, 13, 1, 0, 6, 0.026010101010101
0.666666666666671, 6, 1, 0, 4, 0.0126262626262626
0.665500000000009, 10, 1, 4, 98, 0.624936765886549
0.665499999999994, 10, 1, 4, 98, 0.624936765886549
0.665396185241029, 11, 3, 0, 3, 0.00795454545454546
0.664838911410127, 12, 5, 4, 15, 0.0180125300509641
0.659999999999997, 10, 1, 0, 9, 0.0618686868686869
0.659999999999997, 10, 1, 0, 9, 0.0618686868686869
0.659999999999997, 9, 1, 0, 1, 0.00126262626262626
0.659999999999997, 9, 1, 0, 1, 0.00126262626262626
0.657609306503494, 9, 2, 0, 7, 0.0353535353535354
0.655000000000001, 10, 4, 0, 9, 0.0618686868686869
0.653500000000008, 11, 1, 3, 1, 0.0997474747474748
0.653499999999994, 11, 1, 3, 1, 0.0997474747474748
0.652405804184274, 6, 3, 0, 3, 0.00795454545454546
0.652405804184274, 6, 3, 0, 3, 0.00795454545454546
0.651599474484137, 13, 10, 4, 65, 0.0928774452980315
0.649359727389638, 12, 2, 1, 6, 0.164414414414414
0.648333333333341, 14, 1, 2, 5, 0.863636363636364
0.647646597846753, 6, 5, 3, 1, 0.0997474747474748
0.647000000000006, 10, 1, 4, 85, 0.311682906050061
0.646999999999991, 10, 1, 4, 85, 0.311682906050061
0.64500000000001, 14, 1, 0, 4, 0.0126262626262626
0.64500000000001, 14, 1, 0, 4, 0.0126262626262626
0.643333333333345, 11, 1, 4, 78, 0.219710950157435
0.642052957317376, 17, 2, 3, 1, 0.0997474747474748
0.642052957317376, 17, 2, 3, 1, 0.0997474747474748
0.641999999999996, 6, 1, 3, 3, 0.800505050505051
0.641999999999996, 6, 1, 3, 3, 0.800505050505051
0.640000000000001, 11, 1, 3, 1, 0.0997474747474748
0.640000000000001, 11, 1, 3, 1, 0.0997474747474748
0.638281721151043, 9, 2, 3, 3, 0.800505050505051
0.633213151755008, 9, 14, 3, 1, 0.0997474747474748
0.630000000000024, 10, 1, 0, 14, 0.217171717171717
0.629999999999995, 10, 1, 0, 1, 0.00126262626262626
0.629999999999995, 10, 1, 0, 1, 0.00126262626262626
0.629999999999995, 11, 1, 0, 14, 0.217171717171717
0.629999999999995, 11, 1, 0, 14, 0.217171717171717
0.629999999999995, 11, 1, 0, 13, 0.170454545454545
0.629999999999995, 11, 1, 0, 13, 0.170454545454545
0.627753686853396, 9, 8, 4, 34, 0.0437591097547004
0.626499999999993, 10, 1, 4, 28, 0.0358931359772792
0.626499999999993, 10, 1, 4, 28, 0.0358931359772792
0.625385811586238, 11, 3, 4, 55, 0.0776266165618163
0.625, 10, 1, 0, 1, 0.00126262626262626
0.625, 10, 1, 0, 1, 0.00126262626262626
0.625, 16, 1, 0, 6, 0.026010101010101
0.625, 16, 1, 0, 6, 0.026010101010101
0.624610990048112, 10, 2, 0, 2, 0.00416666666666667
0.623333333333335, 14, 1, 3, 2, 0.400252525252525
0.623333333333335, 5, 1, 0, 15, 0.275252525252525
0.622489669704582, 14, 2, 4, 36, 0.0468471651172549
0.620486200491194, 10, 2, 4, 100, 0.705914182813912
0.620486200491194, 10, 2, 4, 100, 0.705914182813912
0.618482731277846, 13, 2, 4, 35, 0.0452335812040479
0.617500000000007, 17, 1, 0, 10, 0.0808080808080808
0.612166666666667, 14, 4, 4, 61, 0.084023548930301
0.611411663465967, 7, 2, 4, 102, 0.786411515216059
0.6109402589452, 11, 2, 4, 75, 0.204510284651682
0.61094025894516, 11, 2, 4, 75, 0.204510284651682
0.609999999999999, 10, 1, 0, 2, 0.00416666666666667
0.609999999999999, 10, 1, 0, 2, 0.00416666666666667
0.609104533995043, 13, 3, 0, 12, 0.132575757575758
0.607666666666674, 12, 1, 0, 14, 0.217171717171717
0.607333333333344, 12, 1, 4, 65, 0.0928774452980315
0.605754809216488, 13, 2, 4, 29, 0.0366148142052202
0.605500000000006, 7, 4, 0, 18, 0.558080808080808
0.602465005899388, 8, 3, 4, 88, 0.375097158937352
0.602465005899338, 8, 3, 4, 88, 0.375097158937352
0.600569359487775, 12, 2, 4, 21, 0.0272340315353993
0.599999999999994, 14, 1, 0, 3, 0.00795454545454546
0.599999999999994, 14, 1, 0, 3, 0.00795454545454546
0.597505230102632, 13, 2, 3, 2, 0.400252525252525
0.597505230102632, 13, 2, 3, 2, 0.400252525252525
0.597000000000008, 10, 1, 3, 2, 0.400252525252525
0.596999999999994, 10, 1, 3, 2, 0.400252525252525
0.593333333333334, 18, 1, 0, 8, 0.0467171717171717
0.592500000000001, 11, 1, 4, 75, 0.204510284651682
0.592500000000001, 11, 1, 4, 75, 0.204510284651682
0.591217751553526, 6, 6, 3, 1, 0.0997474747474748
0.586898628384843, 13, 2, 4, 45, 0.0660434784542375
0.586666666666659, 12, 1, 0, 8, 0.0467171717171717
0.585999999999999, 11, 1, 3, 3, 0.800505050505051
0.584070201260104, 11, 2, 4, 47, 0.0673431543170252
0.584070201260063, 11, 2, 4, 47, 0.0673431543170252
0.581824733775887, 12, 3, 4, 25, 0.0319165363830463
0.580000000000013, 14, 1, 0, 2, 0.00416666666666667
0.580000000000013, 17, 1, 3, 1, 0.0997474747474748
0.579999999999998, 12, 1, 0, 1, 0.00126262626262626
0.579999999999998, 12, 1, 0, 1, 0.00126262626262626
0.579999999999998, 12, 1, 0, 13, 0.170454545454545
0.579999999999998, 12, 1, 0, 13, 0.170454545454545
0.579999999999984, 14, 1, 0, 2, 0.00416666666666667
0.579999999999984, 17, 1, 3, 1, 0.0997474747474748
0.579827560572964, 9, 2, 0, 13, 0.170454545454545
0.579000000000008, 10, 1, 3, 1, 0.0997474747474748
0.577999999999975, 12, 4, 4, 32, 0.0409687585124503
0.577500000000001, 12, 1, 2, 5, 0.863636363636364
0.577500000000001, 12, 1, 2, 5, 0.863636363636364
0.573227897281892, 14, 2, 0, 14, 0.217171717171717
0.57161538461537, 14, 4, 3, 1, 0.0997474747474748
0.569999999999993, 13, 1, 0, 14, 0.217171717171717
0.569999999999993, 13, 1, 0, 14, 0.217171717171717
0.568999999999988, 15, 1, 2, 1, 0.0454545454545454
0.568999999999988, 15, 1, 2, 1, 0.0454545454545454
0.565000000000012, 11, 1, 0, 1, 0.00126262626262626
0.564999999999998, 11, 1, 0, 1, 0.00126262626262626
0.563328402345293, 13, 2, 3, 2, 0.400252525252525
0.562916512459915, 14, 3, 4, 60, 0.0833233322906506
0.56291651245989, 11, 3, 0, 9, 0.0618686868686869
0.560000000000002, 13, 1, 0, 9, 0.0618686868686869
0.560000000000002, 13, 1, 0, 9, 0.0618686868686869
0.560000000000002, 12, 1, 0, 11, 0.103535353535354
0.560000000000002, 12, 1, 0, 11, 0.103535353535354
0.556666666666672, 14, 1, 0, 14, 0.217171717171717
0.553193205148271, 14, 2, 0, 8, 0.0467171717171717
0.552359936997633, 14, 6, 0, 9, 0.0618686868686869
0.5505, 14, 1, 2, 4, 0.590909090909091
0.5505, 14, 1, 2, 4, 0.590909090909091
0.550333333333327, 13, 1, 0, 14, 0.217171717171717
0.550000000000011, 10, 1, 0, 8, 0.0467171717171717
0.549250000000001, 11, 1, 4, 85, 0.311682906050061
0.547666666666672, 11, 1, 3, 3, 0.800505050505051
0.546333333333322, 13, 1, 0, 14, 0.217171717171717
0.545000000000002, 12, 1, 0, 13, 0.170454545454545
0.545000000000002, 12, 1, 0, 13, 0.170454545454545
0.543333333333322, 12, 1, 0, 16, 0.351010101010101
0.542115198909716, 13, 2, 0, 4, 0.0126262626262626
0.540999999999997, 14, 1, 3, 2, 0.400252525252525
0.540999999999997, 14, 1, 3, 2, 0.400252525252525
0.537499999999994, 11, 1, 0, 6, 0.026010101010101
0.535044131097837, 8, 2, 0, 7, 0.0353535353535354
0.534808428837393, 15, 2, 3, 1, 0.0997474747474748
0.53386561979584, 15, 2, 0, 10, 0.0808080808080808
0.53386561979584, 15, 2, 0, 10, 0.0808080808080808
0.531390746061706, 11, 2, 1, 6, 0.164414414414414
0.531390746061685, 11, 2, 1, 6, 0.164414414414414
0.530000000000001, 12, 1, 4, 20, 0.0246350245742943
0.529999999999987, 12, 1, 4, 20, 0.0246350245742943
0.529999999999987, 15, 1, 1, 10, 0.240990990990991
0.525000000000006, 10, 1, 0, 2, 0.00416666666666667
0.524999999999977, 10, 1, 0, 2, 0.00416666666666667
0.524673231640411, 11, 2, 4, 93, 0.471038215796977
0.524000000000001, 11, 1, 4, 41, 0.0589841673467433
0.524000000000001, 10, 1, 4, 23, 0.0296164402178925
0.523500000000013, 15, 1, 4, 73, 0.179360578437554
0.523500000000013, 15, 1, 4, 73, 0.179360578437554
0.518309270609742, 12, 2, 4, 36, 0.0468471651172549
0.516659354786959, 14, 2, 0, 14, 0.217171717171717
0.510000000000019, 17, 1, 0, 7, 0.0353535353535354
0.509999999999991, 13, 1, 3, 2, 0.400252525252525
0.509999999999991, 17, 1, 0, 7, 0.0353535353535354
0.507666666666665, 9, 1, 3, 2, 0.400252525252525
0.507500000000007, 11, 1, 3, 3, 0.800505050505051
0.507499999999993, 11, 1, 3, 3, 0.800505050505051
0.50533333333334, 12, 4, 2, 2, 0.181818181818182
0.505000000000024, 13, 1, 0, 6, 0.026010101010101
0.504999999999995, 13, 1, 0, 6, 0.026010101010101
0.500104155818265, 11, 6, 3, 3, 0.800505050505051
0.499688792038481, 10, 2, 0, 6, 0.026010101010101
0.498000000000005, 11, 1, 4, 22, 0.0286232599694077
0.49799999999999, 11, 1, 4, 22, 0.0286232599694077
0.497331769434548, 11, 2, 0, 6, 0.026010101010101
0.495000000000005, 13, 1, 0, 10, 0.0808080808080808
0.495000000000005, 13, 1, 0, 1, 0.00126262626262626
0.495000000000005, 10, 1, 0, 1, 0.00126262626262626
0.495000000000005, 10, 1, 0, 1, 0.00126262626262626
0.495000000000005, 13, 1, 0, 13, 0.170454545454545
0.495000000000005, 13, 1, 0, 13, 0.170454545454545
0.49499999999999, 13, 1, 0, 1, 0.00126262626262626
0.494999999999976, 13, 1, 0, 10, 0.0808080808080808
0.492191104484151, 12, 3, 0, 1, 0.00126262626262626
0.492191104484127, 7, 3, 0, 5, 0.0184343434343434
0.490000000000009, 10, 1, 0, 11, 0.103535353535354
0.490000000000009, 12, 1, 0, 6, 0.026010101010101
0.489999999999995, 12, 1, 0, 6, 0.026010101010101
0.489999999999995, 13, 1, 0, 14, 0.217171717171717
0.489999999999995, 13, 1, 0, 14, 0.217171717171717
0.489999999999981, 10, 1, 0, 11, 0.103535353535354
0.489999999999952, 15, 4, 0, 8, 0.0467171717171717
0.485262901253892, 12, 3, 4, 43, 0.0622011646212767
0.480211086398487, 13, 3, 4, 65, 0.0928774452980315
0.479500000000002, 11, 1, 4, 38, 0.0506681897441603
0.479499999999987, 11, 1, 4, 38, 0.0506681897441603
0.478852712219509, 14, 2, 3, 1, 0.0997474747474748
0.476589970519758, 13, 2, 2, 4, 0.590909090909091
0.475999999999999, 13, 1, 4, 84, 0.293759463138283
0.475999999999999, 13, 1, 4, 84, 0.293759463138283
0.475595986099165, 13, 13, 0, 12, 0.132575757575758
0.471404520791025, 13, 2, 0, 6, 0.026010101010101
0.471404520791025, 6, 2, 0, 4, 0.0126262626262626
0.469999999999999, 10, 1, 0, 2, 0.00416666666666667
0.466666666666697, 17, 1, 0, 8, 0.0467171717171717
0.463999999999999, 15, 1, 2, 1, 0.0454545454545454
0.463999999999999, 15, 1, 2, 1, 0.0454545454545454
0.46050000000001, 12, 1, 4, 38, 0.0506681897441603
0.460499999999996, 12, 1, 4, 38, 0.0506681897441603
0.460436839678702, 11, 3, 0, 14, 0.217171717171717
0.458440896469263, 14, 2, 2, 5, 0.863636363636364
0.45700000000005, 4, 4, 0, 7, 0.0353535353535354
0.456666666666678, 14, 1, 4, 16, 0.0186420699741554
0.454999999999998, 11, 1, 0, 9, 0.0618686868686869
0.454999999999998, 11, 1, 0, 9, 0.0618686868686869
0.454905362563314, 11, 2, 4, 78, 0.219710950157435
0.454000000000008, 12, 1, 1, 3, 0.105855855855856
0.453999999999994, 12, 1, 1, 3, 0.105855855855856
0.452500000000001, 11, 1, 3, 3, 0.800505050505051
0.452500000000001, 9, 1, 4, 84, 0.293759463138283
0.452500000000001, 9, 1, 4, 84, 0.293759463138283
0.452499999999986, 11, 1, 3, 3, 0.800505050505051
0.449073119510189, 14, 6, 4, 57, 0.0798737051896258
0.445477272147482, 10, 2, 0, 14, 0.217171717171717
0.445000000000022, 13, 1, 0, 4, 0.0126262626262626
0.445000000000007, 12, 1, 0, 5, 0.0184343434343434
0.445000000000007, 9, 1, 0, 11, 0.103535353535354
0.444999999999993, 12, 1, 0, 5, 0.0184343434343434
0.444999999999993, 9, 1, 0, 11, 0.103535353535354
0.444999999999993, 13, 1, 0, 4, 0.0126262626262626
0.444000000000017, 13, 1, 3, 2, 0.400252525252525
0.443357643443714, 15, 6, 0, 4, 0.0126262626262626
0.440763226939616, 5, 2, 0, 15, 0.275252525252525
0.440763226939596, 14, 2, 3, 2, 0.400252525252525
0.440000000000012, 14, 1, 4, 52, 0.0736969911266934
0.439999999999998, 14, 1, 4, 52, 0.0736969911266934
0.435000000000002, 11, 1, 0, 1, 0.00126262626262626
0.435000000000002, 11, 1, 0, 1, 0.00126262626262626
0.435000000000002, 15, 1, 0, 9, 0.0618686868686869
0.434999999999974, 15, 1, 0, 9, 0.0618686868686869
0.434870670429733, 11, 2, 0, 6, 0.026010101010101
0.434870670429733, 11, 2, 0, 6, 0.026010101010101
0.433500000000009, 15, 1, 4, 70, 0.136274845408473
0.433500000000009, 15, 1, 4, 69, 0.110861739138859
0.433499999999981, 15, 1, 4, 70, 0.136274845408473
0.433499999999981, 15, 1, 4, 69, 0.110861739138859
0.42968522070102, 12, 2, 0, 14, 0.217171717171717
0.429449518440617, 12, 2, 4, 65, 0.0928774452980315
0.426666666666648, 9, 1, 0, 13, 0.170454545454545
0.426385389055474, 12, 2, 0, 8, 0.0467171717171717
0.425795823527356, 5, 3, 0, 5, 0.0184343434343434
0.4255, 10, 1, 4, 3, 0.000573791508306289
0.4255, 10, 1, 4, 3, 0.000573791508306289
0.421500000000009, 12, 1, 4, 17, 0.0191899869089483
0.421500000000009, 12, 1, 4, 17, 0.0191899869089483
0.419550023504039, 18, 2, 0, 8, 0.0467171717171717
0.419000000000011, 12, 1, 4, 27, 0.0352394625411507
0.418999999999997, 12, 1, 4, 27, 0.0352394625411507
0.418500000000009, 14, 1, 2, 4, 0.590909090909091
0.418499999999995, 14, 1, 2, 4, 0.590909090909091
0.417500000000018, 14, 1, 1, 9, 0.227477477477477
0.41749999999999, 14, 1, 1, 9, 0.227477477477477
0.415000000000006, 10, 1, 0, 14, 0.217171717171717
0.415000000000006, 15, 1, 4, 54, 0.0761223229857679
0.414999999999992, 10, 1, 0, 14, 0.217171717171717
0.414999999999992, 15, 1, 4, 54, 0.0761223229857679
0.414835978296112, 12, 2, 0, 8, 0.0467171717171717
0.414364573775326, 11, 2, 3, 3, 0.800505050505051
0.41208375463409, 10, 3, 4, 60, 0.0833233322906506
0.409414826306996, 10, 2, 3, 1, 0.0997474747474748
0.408500000000004, 13, 1, 4, 56, 0.078725036164931
0.408500000000004, 13, 1, 4, 56, 0.078725036164931
0.400000000000006, 12, 1, 0, 9, 0.0618686868686869
0.399999999999977, 11, 1, 4, 59, 0.0828015312645006
0.399999999999977, 12, 1, 0, 9, 0.0618686868686869
0.397999999999982, 11, 1, 4, 11, 0.00893715698736393
0.396999999999991, 10, 1, 4, 69, 0.110861739138859
0.395500000000013, 12, 1, 4, 38, 0.0506681897441603
0.395499999999998, 12, 1, 4, 38, 0.0506681897441603
0.394333333333336, 11, 1, 1, 10, 0.240990990990991
0.393622774860515, 14, 2, 0, 14, 0.217171717171717
0.392886858183537, 13, 3, 3, 2, 0.400252525252525
0.391166666666663, 14, 4, 0, 8, 0.0467171717171717
0.390981602295198, 14, 3, 3, 1, 0.0997474747474748
0.389144431913013, 13, 2, 0, 14, 0.217171717171717
0.387258813829826, 11, 2, 3, 3, 0.800505050505051
0.386316004788253, 13, 2, 0, 14, 0.217171717171717
0.384999999999991, 14, 1, 4, 57, 0.0798737051896258
0.384194684444663, 12, 2, 0, 16, 0.351010101010101
0.381076923076961, 14, 9, 3, 1, 0.0997474747474748
0.379999999999995, 14, 1, 0, 11, 0.103535353535354
0.379999999999995, 14, 1, 0, 11, 0.103535353535354
0.379999999999995, 14, 1, 4, 68, 0.0971476980300399
0.379999999999995, 15, 1, 0, 6, 0.026010101010101
0.378333333333345, 10, 1, 1, 23, 0.698198198198198
0.375, 13, 1, 0, 8, 0.0467171717171717
0.375, 13, 1, 0, 8, 0.0467171717171717
0.375, 13, 1, 0, 3, 0.00795454545454546
0.375, 13, 1, 0, 3, 0.00795454545454546
0.375, 7, 1, 0, 15, 0.275252525252525
0.375, 7, 1, 0, 15, 0.275252525252525
0.374766594028891, 15, 2, 1, 10, 0.240990990990991
0.370523953341752, 11, 2, 4, 41, 0.0589841673467433
0.370523953341731, 10, 2, 4, 23, 0.0296164402178925
0.370000000000005, 17, 1, 0, 7, 0.0353535353535354
0.370000000000005, 17, 1, 0, 7, 0.0353535353535354
0.367333333333335, 9, 1, 3, 1, 0.0997474747474748
0.365000000000009, 13, 1, 0, 7, 0.0353535353535354
0.364999999999981, 13, 1, 0, 7, 0.0353535353535354
0.364867099092272, 12, 2, 2, 5, 0.863636363636364
0.364867099092252, 12, 2, 2, 5, 0.863636363636364
0.361000000000018, 10, 4, 0, 8, 0.0467171717171717
0.360624458405133, 13, 2, 3, 2, 0.400252525252525
0.360000000000014, 14, 1, 0, 9, 0.0618686868686869
0.35897454258235, 9, 2, 3, 2, 0.400252525252525
0.356666666666655, 12, 1, 0, 7, 0.0353535353535354
0.356513791224565, 17, 3, 0, 10, 0.0808080808080808
0.351385135720721, 13, 6, 1, 2, 0.0788288288288288
0.350000000000009, 10, 1, 0, 12, 0.132575757575758
0.349999999999994, 10, 1, 0, 12, 0.132575757575758
0.349296912859751, 12, 3, 3, 1, 0.0997474747474748
0.349296912859701, 12, 3, 3, 1, 0.0997474747474748
0.348142212321358, 12, 3, 0, 8, 0.0467171717171717
0.346000000000004, 12, 1, 3, 1, 0.0997474747474748
0.346000000000004, 12, 1, 3, 1, 0.0997474747474748
0.343333333333334, 13, 1, 0, 12, 0.132575757575758
0.340000000000003, 13, 1, 0, 6, 0.026010101010101
0.339999999999989, 13, 1, 0, 6, 0.026010101010101
0.335499999999996, 10, 1, 3, 1, 0.0997474747474748
0.335499999999996, 10, 1, 3, 1, 0.0997474747474748
0.332999999999998, 11, 1, 4, 9, 0.0079337803296631
0.332999999999998, 11, 1, 4, 9, 0.0079337803296631
0.332499999999996, 11, 1, 4, 24, 0.0306244453386102
0.332499999999996, 11, 1, 4, 24, 0.0306244453386102
0.332340187157677, 10, 2, 0, 2, 0.00416666666666667
0.331500000000005, 10, 1, 4, 23, 0.0296164402178925
0.331500000000005, 10, 1, 4, 23, 0.0296164402178925
0.330000000000013, 14, 1, 0, 6, 0.026010101010101
0.329999999999984, 14, 1, 0, 6, 0.026010101010101
0.329983164553703, 17, 2, 0, 8, 0.0467171717171717
0.324137748495922, 8, 2, 3, 2, 0.400252525252525
0.322912096741844, 14, 2, 4, 16, 0.0186420699741554
0.320499999999996, 7, 1, 4, 3, 0.000573791508306289
0.320499999999996, 7, 1, 4, 3, 0.000573791508306289
0.320000000000022, 15, 1, 0, 8, 0.0467171717171717
0.319999999999993, 13, 1, 0, 12, 0.132575757575758
0.319999999999993, 13, 1, 0, 12, 0.132575757575758
0.319999999999993, 15, 1, 0, 8, 0.0467171717171717
0.317542648054276, 10, 3, 0, 8, 0.0467171717171717
0.31710963535237, 11, 3, 4, 85, 0.311682906050061
0.317000000000007, 10, 1, 1, 7, 0.184684684684685
0.316999999999993, 10, 1, 1, 7, 0.184684684684685
0.313955410846819, 13, 2, 3, 2, 0.400252525252525
0.310325769689412, 11, 3, 0, 6, 0.026010101010101
0.310000000000002, 11, 1, 0, 5, 0.0184343434343434
0.310000000000002, 11, 1, 0, 5, 0.0184343434343434
0.310000000000002, 13, 1, 0, 14, 0.217171717171717
0.310000000000002, 9, 1, 0, 10, 0.0808080808080808
0.310000000000002, 9, 1, 0, 10, 0.0808080808080808
0.309999999999988, 13, 1, 0, 14, 0.217171717171717
0.306666666666672, 12, 1, 0, 6, 0.026010101010101
0.305000000000007, 12, 1, 0, 11, 0.103535353535354
0.304999999999993, 12, 1, 0, 11, 0.103535353535354
0.304328851737656, 13, 5, 3, 2, 0.400252525252525
0.304000000000002, 14, 1, 4, 16, 0.0186420699741554
0.304000000000002, 14, 1, 4, 16, 0.0186420699741554
0.302500000000009, 15, 1, 4, 52, 0.0736969911266934
0.302499999999995, 15, 1, 4, 52, 0.0736969911266934
0.301698893306267, 9, 2, 0, 13, 0.170454545454545
0.300000000000011, 16, 1, 0, 7, 0.0353535353535354
0.299999999999997, 10, 1, 0, 11, 0.103535353535354
0.299999999999997, 10, 1, 0, 11, 0.103535353535354
0.299999999999983, 16, 1, 0, 7, 0.0353535353535354
0.299813275223101, 11, 2, 4, 34, 0.0437591097547004
0.299813275223081, 11, 2, 4, 34, 0.0437591097547004
0.298000000000002, 12, 1, 4, 41, 0.0589841673467433
0.298000000000002, 12, 1, 4, 41, 0.0589841673467433
0.296999999999997, 8, 1, 4, 90, 0.412079181780135
0.296999999999997, 8, 1, 4, 90, 0.412079181780135
0.296500000000009, 18, 1, 1, 6, 0.164414414414414
0.296499999999995, 18, 1, 1, 6, 0.164414414414414
0.295500000000004, 15, 1, 4, 55, 0.0776266165618163
0.295500000000004, 15, 1, 4, 55, 0.0776266165618163
0.294666666666672, 15, 1, 3, 2, 0.400252525252525
0.292000000000002, 11, 1, 0, 14, 0.217171717171717
0.292000000000002, 11, 1, 0, 14, 0.217171717171717
0.291749999999993, 11, 1, 3, 3, 0.800505050505051
0.287500000000009, 15, 1, 3, 2, 0.400252525252525
0.287499999999994, 15, 1, 3, 2, 0.400252525252525
0.284000000000006, 11, 1, 4, 87, 0.357350407816721
0.282842712474643, 11, 2, 4, 59, 0.0828015312645006
0.281428498912263, 11, 2, 4, 11, 0.00893715698736393
0.280721392131073, 10, 2, 4, 69, 0.110861739138859
0.278835774047887, 11, 2, 1, 10, 0.240990990990991
0.277500000000003, 11, 1, 4, 50, 0.0708643200456854
0.277499999999989, 11, 1, 4, 50, 0.0708643200456854
0.273333333333312, 12, 1, 0, 9, 0.0618686868686869
0.272236110756814, 14, 2, 4, 57, 0.0798737051896258
0.271000000000015, 9, 1, 0, 11, 0.103535353535354
0.27000000000001, 12, 1, 0, 14, 0.217171717171717
0.269999999999996, 12, 1, 0, 8, 0.0467171717171717
0.269999999999982, 12, 1, 0, 14, 0.217171717171717
0.268700576850925, 15, 2, 0, 6, 0.026010101010101
0.268700576850885, 14, 2, 4, 68, 0.0971476980300399
0.267522065548908, 10, 2, 1, 23, 0.698198198198198
0.26700000000001, 14, 1, 3, 1, 0.0997474747474748
0.266999999999996, 14, 1, 3, 1, 0.0997474747474748
0.266500000000008, 13, 1, 2, 4, 0.590909090909091
0.266500000000008, 13, 1, 2, 4, 0.590909090909091
0.265999999999991, 13, 1, 4, 16, 0.0186420699741554
0.265999999999991, 13, 1, 4, 16, 0.0186420699741554
0.264657363396548, 8, 3, 3, 2, 0.400252525252525
0.260000000000019, 17, 1, 0, 7, 0.0353535353535354
0.260000000000005, 11, 1, 0, 13, 0.170454545454545
0.259999999999991, 17, 1, 0, 7, 0.0353535353535354
0.259999999999991, 11, 1, 0, 13, 0.170454545454545
0.259743890955839, 9, 2, 3, 1, 0.0997474747474748
0.258801081914286, 13, 2, 1, 2, 0.0788288288288288
0.258801081914266, 13, 2, 1, 2, 0.0788288288288288
0.257500000000007, 12, 1, 0, 9, 0.0618686868686869
0.256666666666717, 15, 4, 4, 63, 0.0888584396739231
0.256500000000003, 12, 1, 2, 5, 0.863636363636364
0.256500000000003, 12, 1, 2, 5, 0.863636363636364
0.25500000000001, 11, 1, 0, 18, 0.558080808080808
0.25500000000001, 10, 1, 0, 6, 0.026010101010101
0.254999999999995, 11, 1, 0, 18, 0.558080808080808
0.254999999999995, 10, 1, 0, 20, 0.898989898989899
0.254999999999995, 10, 1, 0, 20, 0.898989898989899
0.254999999999995, 10, 1, 0, 6, 0.026010101010101
0.254558441227167, 14, 2, 0, 9, 0.0618686868686869
0.254500000000007, 13, 1, 1, 10, 0.240990990990991
0.254499999999993, 13, 1, 1, 10, 0.240990990990991
0.252201418623214, 12, 2, 0, 7, 0.0353535353535354
0.251000000000033, 14, 1, 4, 39, 0.051987603372886
0.251000000000005, 6, 1, 3, 2, 0.400252525252525
0.250500000000002, 11, 1, 1, 1, 0.0337837837837838
0.250499999999988, 11, 1, 1, 1, 0.0337837837837838
0.25, 14, 1, 0, 5, 0.0184343434343434
0.25, 14, 1, 0, 5, 0.0184343434343434
0.25, 12, 1, 0, 9, 0.0618686868686869
0.25, 12, 1, 0, 9, 0.0618686868686869
0.245500000000007, 16, 1, 2, 5, 0.863636363636364
0.245499999999993, 16, 1, 2, 5, 0.863636363636364
0.245000000000005, 14, 1, 0, 10, 0.0808080808080808
0.244999999999976, 14, 1, 0, 10, 0.0808080808080808
0.244500000000002, 12, 1, 4, 85, 0.311682906050061
0.244499999999988, 12, 1, 4, 85, 0.311682906050061
0.242773328207402, 13, 2, 0, 12, 0.132575757575758
0.240000000000009, 12, 1, 0, 7, 0.0353535353535354
0.240000000000009, 12, 1, 0, 7, 0.0353535353535354
0.240000000000009, 13, 1, 0, 8, 0.0467171717171717
0.240000000000009, 13, 1, 0, 8, 0.0467171717171717
0.233666666666679, 12, 1, 4, 31, 0.0395255744388036
0.233500000000006, 13, 1, 4, 43, 0.0622011646212767
0.233499999999992, 13, 1, 4, 43, 0.0622011646212767
0.233000000000004, 15, 1, 4, 37, 0.0486682110506046
0.233000000000004, 15, 1, 4, 37, 0.0486682110506046
0.230000000000004, 14, 1, 4, 31, 0.0395255744388036
0.230000000000004, 14, 1, 4, 31, 0.0395255744388036
0.229569645689909, 15, 5, 4, 63, 0.0888584396739231
0.223500000000001, 10, 1, 4, 103, 0.865041948010276
0.223500000000001, 10, 1, 4, 103, 0.865041948010276
0.222000000000008, 12, 1, 3, 1, 0.0997474747474748
0.221999999999994, 12, 1, 3, 1, 0.0997474747474748
0.219999999999999, 11, 1, 0, 15, 0.275252525252525
0.216846079563878, 12, 2, 0, 6, 0.026010101010101
0.216499999999996, 14, 1, 4, 69, 0.110861739138859
0.216499999999996, 14, 1, 4, 69, 0.110861739138859
0.215667568261902, 14, 2, 0, 6, 0.026010101010101
0.215667568261902, 14, 2, 0, 6, 0.026010101010101
0.215000000000003, 10, 1, 0, 2, 0.00416666666666667
0.215000000000003, 10, 1, 0, 2, 0.00416666666666667
0.215000000000003, 13, 1, 3, 1, 0.0997474747474748
0.214999999999989, 13, 1, 3, 1, 0.0997474747474748
0.210000000000008, 18, 1, 4, 40, 0.0550596271875607
0.20999999999998, 18, 1, 4, 40, 0.0550596271875607
0.20836079818968, 15, 2, 3, 2, 0.400252525252525
0.206003775585686, 10, 2, 4, 67, 0.0942557274601005
0.205000000000013, 16, 1, 0, 11, 0.103535353535354
0.204999999999984, 16, 1, 0, 11, 0.103535353535354
0.203000000000003, 14, 1, 3, 3, 0.800505050505051
0.203000000000003, 14, 1, 3, 3, 0.800505050505051
0.200818325856974, 11, 2, 4, 87, 0.357350407816721
0.200000000000017, 15, 1, 0, 10, 0.0808080808080808
0.200000000000017, 14, 1, 4, 57, 0.0798737051896258
0.199999999999989, 15, 1, 0, 10, 0.0808080808080808
0.199999999999989, 14, 1, 4, 57, 0.0798737051896258
0.196666666666687, 17, 1, 3, 2, 0.400252525252525
0.195000000000007, 14, 1, 0, 6, 0.026010101010101
0.195000000000007, 14, 1, 0, 6, 0.026010101010101
0.195000000000007, 12, 1, 0, 14, 0.217171717171717
0.194999999999993, 12, 1, 0, 14, 0.217171717171717
0.193275853524348, 12, 2, 0, 9, 0.0618686868686869
0.192499999999995, 15, 1, 4, 52, 0.0736969911266934
0.192499999999995, 15, 1, 4, 52, 0.0736969911266934
0.191625937701545, 9, 2, 0, 11, 0.103535353535354
0.191500000000005, 12, 1, 4, 47, 0.0673431543170252
0.191499999999991, 12, 1, 4, 47, 0.0673431543170252
0.190918830920375, 12, 2, 0, 8, 0.0467171717171717
0.189999999999998, 12, 1, 0, 11, 0.103535353535354
0.189999999999998, 12, 1, 0, 11, 0.103535353535354
0.189999999999998, 10, 1, 0, 14, 0.217171717171717
0.189999999999998, 10, 1, 0, 14, 0.217171717171717
0.189000000000007, 11, 1, 4, 49, 0.0692091058226616
0.188999999999993, 11, 1, 4, 49, 0.0692091058226616
0.185500000000005, 9, 1, 4, 87, 0.357350407816721
0.185500000000005, 9, 1, 4, 87, 0.357350407816721
0.185000000000002, 12, 1, 0, 7, 0.0353535353535354
0.185000000000002, 6, 1, 0, 14, 0.217171717171717
0.185000000000002, 6, 1, 0, 14, 0.217171717171717
0.184999999999988, 12, 1, 0, 7, 0.0353535353535354
0.182666666666677, 15, 1, 0, 14, 0.217171717171717
0.182666666666663, 11, 1, 4, 41, 0.0589841673467433
0.182000000000002, 11, 1, 3, 3, 0.800505050505051
0.182000000000002, 11, 1, 3, 3, 0.800505050505051
0.177483802077827, 6, 2, 3, 2, 0.400252525252525
0.177483802077767, 14, 2, 4, 39, 0.051987603372886
0.175000000000011, 12, 1, 0, 8, 0.0467171717171717
0.174999999999983, 12, 1, 0, 8, 0.0467171717171717
0.174499999999995, 14, 1, 4, 30, 0.0378992342401869
0.174499999999995, 14, 1, 4, 30, 0.0378992342401869
0.172000000000011, 9, 1, 3, 1, 0.0997474747474748
0.171999999999997, 9, 1, 3, 1, 0.0997474747474748
0.170000000000016, 16, 1, 4, 54, 0.0761223229857679
0.169999999999987, 16, 1, 4, 54, 0.0761223229857679
0.169000000000011, 10, 1, 4, 27, 0.0352394625411507
0.168999999999997, 10, 1, 4, 27, 0.0352394625411507
0.168500000000023, 15, 1, 4, 36, 0.0468471651172549
0.168499999999995, 15, 1, 4, 36, 0.0468471651172549
0.168441941036078, 11, 3, 3, 3, 0.800505050505051
0.167999999999992, 9, 1, 3, 1, 0.0997474747474748
0.165999999999997, 12, 1, 4, 70, 0.136274845408473
0.165500000000009, 13, 1, 1, 7, 0.184684684684685
0.165500000000009, 13, 1, 1, 7, 0.184684684684685
0.165227284537255, 12, 2, 4, 31, 0.0395255744388036
0.156000000000006, 16, 1, 2, 1, 0.0454545454545454
0.155999999999977, 16, 1, 2, 1, 0.0454545454545454
0.15556349186106, 11, 2, 0, 15, 0.275252525252525
0.155500000000004, 10, 1, 0, 12, 0.132575757575758
0.155499999999989, 10, 1, 0, 12, 0.132575757575758
0.155000000000001, 12, 1, 0, 12, 0.132575757575758
0.154999999999987, 12, 1, 0, 12, 0.132575757575758
0.152500000000003, 11, 1, 4, 92, 0.455244555401909
0.152500000000003, 11, 1, 4, 92, 0.455244555401909
0.15132085117392, 12, 2, 3, 1, 0.0997474747474748
0.15132085117392, 12, 2, 3, 1, 0.0997474747474748
0.150000000000006, 13, 1, 0, 5, 0.0184343434343434
0.150000000000006, 13, 1, 0, 5, 0.0184343434343434
0.150000000000006, 11, 1, 4, 40, 0.0550596271875607
0.149999999999991, 11, 1, 4, 40, 0.0550596271875607
0.148667694316316, 12, 3, 0, 9, 0.0618686868686869
0.145666666666671, 10, 4, 4, 67, 0.0942557274601005
0.14500000000001, 13, 1, 0, 15, 0.275252525252525
0.14500000000001, 10, 1, 0, 18, 0.558080808080808
0.144999999999996, 10, 1, 0, 18, 0.558080808080808
0.144999999999982, 13, 1, 0, 15, 0.275252525252525
0.142499999999998, 10, 1, 4, 95, 0.534067194388448
0.142499999999998, 10, 1, 4, 95, 0.534067194388448
0.141999999999996, 10, 1, 4, 51, 0.0718603446010522
0.141999999999996, 9, 1, 3, 3, 0.800505050505051
0.141999999999996, 9, 1, 3, 3, 0.800505050505051
0.141999999999996, 12, 1, 3, 2, 0.400252525252525
0.141999999999996, 12, 1, 3, 2, 0.400252525252525
0.139064333633348, 17, 2, 3, 2, 0.400252525252525
0.137, 10, 1, 4, 47, 0.0673431543170252
0.137, 10, 1, 4, 47, 0.0673431543170252
0.135000000000005, 13, 1, 0, 7, 0.0353535353535354
0.135000000000005, 13, 1, 0, 7, 0.0353535353535354
0.132228968081893, 16, 2, 4, 56, 0.078725036164931
0.132228968081893, 16, 2, 4, 56, 0.078725036164931
0.13000000000001, 13, 1, 0, 7, 0.0353535353535354
0.13000000000001, 10, 1, 0, 10, 0.0808080808080808
0.129999999999995, 13, 1, 0, 7, 0.0353535353535354
0.129999999999995, 12, 1, 0, 13, 0.170454545454545
0.129999999999995, 12, 1, 0, 13, 0.170454545454545
0.129999999999995, 10, 1, 0, 10, 0.0808080808080808
0.129500000000007, 13, 1, 3, 2, 0.400252525252525
0.129499999999993, 13, 1, 3, 2, 0.400252525252525
0.12916483869675, 11, 2, 4, 41, 0.0589841673467433
0.12916483869673, 15, 2, 0, 14, 0.217171717171717
0.128000000000014, 16, 1, 3, 1, 0.0997474747474748
0.127999999999986, 16, 1, 3, 1, 0.0997474747474748
0.12700000000001, 14, 1, 4, 38, 0.0506681897441603
0.126999999999995, 14, 1, 4, 38, 0.0506681897441603
0.125, 9, 1, 0, 11, 0.103535353535354
0.125, 9, 1, 0, 11, 0.103535353535354
0.125, 9, 1, 0, 6, 0.026010101010101
0.125, 9, 1, 0, 6, 0.026010101010101
0.121500000000012, 11, 1, 1, 25, 0.835585585585586
0.121499999999998, 11, 1, 1, 25, 0.835585585585586
0.120000000000005, 19, 1, 0, 9, 0.0618686868686869
0.120000000000005, 19, 1, 0, 9, 0.0618686868686869
0.120000000000005, 16, 1, 0, 5, 0.0184343434343434
0.120000000000005, 16, 1, 0, 5, 0.0184343434343434
0.120000000000005, 14, 1, 0, 8, 0.0467171717171717
0.120000000000005, 14, 1, 0, 8, 0.0467171717171717
0.120000000000005, 12, 1, 4, 40, 0.0550596271875607
0.120000000000005, 12, 1, 4, 40, 0.0550596271875607
0.119264069892621, 10, 3, 4, 2, 0.000339506812356317
0.119, 10, 1, 4, 11, 0.00893715698736393
0.119, 10, 1, 4, 11, 0.00893715698736393
0.118793939239365, 9, 2, 3, 1, 0.0997474747474748
0.117379725676965, 12, 2, 4, 70, 0.136274845408473
0.115000000000009, 10, 1, 0, 9, 0.0618686868686869
0.115000000000009, 10, 1, 0, 9, 0.0618686868686869
0.115000000000009, 16, 1, 0, 9, 0.0618686868686869
0.115000000000009, 12, 1, 0, 13, 0.170454545454545
0.114999999999995, 16, 1, 0, 9, 0.0618686868686869
0.114999999999995, 12, 1, 0, 13, 0.170454545454545
0.111999999999995, 8, 1, 4, 90, 0.412079181780135
0.111999999999995, 8, 1, 4, 90, 0.412079181780135
0.110000000000014, 18, 1, 0, 9, 0.0618686868686869
0.109999999999985, 18, 1, 0, 9, 0.0618686868686869
0.109999999999985, 11, 1, 3, 2, 0.400252525252525
0.10499999999999, 12, 1, 0, 9, 0.0618686868686869
0.10499999999999, 12, 1, 0, 9, 0.0618686868686869
0.103499999999997, 15, 1, 4, 55, 0.0776266165618163
0.103499999999997, 15, 1, 4, 55, 0.0776266165618163
0.103285714285732, 10, 4, 4, 2, 0.000339506812356317
0.100409162928487, 10, 2, 4, 51, 0.0718603446010522
0.099000000000018, 14, 1, 4, 11, 0.00893715698736393
0.0989999999999895, 14, 1, 4, 11, 0.00893715698736393
0.0966666666666498, 13, 1, 2, 5, 0.863636363636364
0.096500000000006, 12, 1, 4, 68, 0.0971476980300399
0.0964999999999918, 12, 1, 4, 68, 0.0971476980300399
0.0955000000000013, 12, 1, 4, 58, 0.081739484313027
0.0955000000000013, 12, 1, 4, 58, 0.081739484313027
0.0945000000000107, 12, 1, 3, 1, 0.0997474747474748
0.0944999999999965, 12, 1, 3, 1, 0.0997474747474748
0.0925000000000011, 13, 1, 4, 82, 0.274718983341981
0.0925000000000011, 13, 1, 4, 82, 0.274718983341981
0.0884999999999962, 13, 1, 3, 1, 0.0997474747474748
0.0884999999999962, 13, 1, 3, 1, 0.0997474747474748
0.0859134739141839, 15, 2, 3, 1, 0.0997474747474748
0.0859134739141437, 15, 2, 3, 1, 0.0997474747474748
0.0810000000000031, 14, 1, 4, 45, 0.0660434784542375
0.0810000000000031, 14, 1, 4, 45, 0.0660434784542375
0.078000000000003, 11, 1, 4, 38, 0.0506681897441603
0.0779999999999887, 11, 1, 4, 38, 0.0506681897441603
0.0777817459305299, 11, 2, 3, 2, 0.400252525252525
0.0699999999999932, 14, 1, 0, 8, 0.0467171717171717
0.0699999999999932, 14, 1, 0, 8, 0.0467171717171717
0.0683536555146977, 13, 2, 2, 5, 0.863636363636364
0.0680000000000121, 15, 1, 3, 1, 0.0997474747474748
0.0680000000000121, 15, 1, 3, 1, 0.0997474747474748
0.0670000000000073, 11, 1, 4, 86, 0.339097714835584
0.0669999999999931, 11, 1, 4, 86, 0.339097714835584
0.0649999999999977, 15, 1, 0, 13, 0.170454545454545
0.0649999999999977, 15, 1, 0, 13, 0.170454545454545
0.0649999999999977, 10, 1, 0, 2, 0.00416666666666667
0.0649999999999977, 10, 1, 0, 2, 0.00416666666666667
0.061333333333323, 14, 1, 4, 16, 0.0186420699741554
0.0600000000000023, 13, 1, 4, 82, 0.274718983341981
0.0600000000000023, 12, 1, 0, 7, 0.0353535353535354
0.0600000000000023, 12, 1, 0, 7, 0.0353535353535354
0.0544472221513629, 15, 2, 4, 73, 0.179360578437554
0.0544472221513629, 15, 2, 4, 73, 0.179360578437554
0.0499999999999972, 12, 1, 0, 14, 0.217171717171717
0.0499999999999972, 12, 1, 0, 14, 0.217171717171717
0.0433692159128078, 14, 2, 4, 16, 0.0186420699741554
0.0424264068711945, 13, 2, 4, 82, 0.274718983341981
0.0349999999999966, 11, 1, 0, 15, 0.275252525252525
0.0349999999999966, 11, 1, 0, 15, 0.275252525252525
0.0330000000000155, 15, 1, 3, 2, 0.400252525252525
0.032999999999987, 15, 1, 3, 2, 0.400252525252525
0.0324999999999989, 12, 1, 4, 92, 0.455244555401909
0.0324999999999989, 12, 1, 4, 92, 0.455244555401909
0.0300000000000011, 12, 1, 0, 16, 0.351010101010101
0.0300000000000011, 12, 1, 0, 16, 0.351010101010101
0.0294999999999987, 11, 1, 2, 2, 0.181818181818182
0.0294999999999987, 11, 1, 2, 2, 0.181818181818182
0.027000000000001, 12, 1, 2, 4, 0.590909090909091
0.0269999999999868, 12, 1, 2, 4, 0.590909090909091
0.0250000000000057, 14, 1, 0, 9, 0.0618686868686869
0.0250000000000057, 14, 1, 0, 9, 0.0618686868686869
0.0250000000000057, 10, 1, 0, 6, 0.026010101010101
0.0249999999999773, 10, 1, 0, 6, 0.026010101010101
0.0200000000000102, 15, 1, 3, 1, 0.0997474747474748
0.0200000000000102, 10, 1, 4, 20, 0.0246350245742943
0.019999999999996, 15, 1, 3, 1, 0.0997474747474748
0.0199999999999818, 10, 1, 4, 20, 0.0246350245742943
0.0175000000000125, 11, 1, 1, 9, 0.227477477477477
0.0174999999999983, 11, 1, 1, 9, 0.227477477477477
0.015500000000003, 13, 1, 1, 6, 0.164414414414414
0.015500000000003, 13, 1, 1, 6, 0.164414414414414
0.0150000000000148, 15, 1, 0, 7, 0.0353535353535354
0.0149999999999864, 15, 1, 0, 7, 0.0353535353535354
0.0130000000000052, 9, 1, 3, 3, 0.800505050505051
0.012999999999991, 9, 1, 3, 3, 0.800505050505051
0.0100000000000193, 10, 1, 4, 26, 0.0338774705003143
0.0100000000000051, 7, 1, 0, 3, 0.00795454545454546
0.00999999999999091, 10, 1, 4, 26, 0.0338774705003143
0.00999999999999091, 7, 1, 0, 3, 0.00795454545454546
0.00849999999999795, 16, 1, 3, 2, 0.400252525252525
0.00849999999999795, 16, 1, 3, 2, 0.400252525252525
0.00800000000000978, 17, 1, 3, 1, 0.0997474747474748
0.00799999999999557, 17, 1, 3, 1, 0.0997474747474748
0.00499999999999545, 15, 1, 0, 6, 0.026010101010101
0.00499999999999545, 15, 1, 0, 6, 0.026010101010101
