norm, level, Npoints, dimSplit, MainGridIndexSplit
3873.32665268086, 0, 962, -1, -1, -1
73.9013012022802, 1, 282, 0, 13, 0.170454545454545
63.1462051759862, 2, 99, 2, 2, 0.181818181818182
47.5907098890833, 1, 680, 0, 13, 0.170454545454545
46.4450365323944, 2, 183, 2, 2, 0.181818181818182
43.4090909090908, 3, 36, 4, 49, 0.0692091058226616
38.718560691196, 2, 176, 1, 19, 0.529279279279279
37.3449980587471, 3, 68, 4, 34, 0.0437591097547004
32.8141883385283, 3, 63, 4, 49, 0.0692091058226616
32.2609210831783, 4, 84, 0, 10, 0.0808080808080808
30.4747377121041, 3, 17, 4, 103, 0.865041948010276
28.7169278725876, 3, 115, 4, 34, 0.0437591097547004
25.8212337978042, 3, 185, 2, 3, 0.363636363636364
23.7550314274242, 4, 20, 0, 17, 0.444444444444444
23.4384600605659, 4, 26, 1, 17, 0.436936936936937
22.8802239152455, 2, 504, 1, 19, 0.529279279279279
22.374912026048, 6, 19, 0, 4, 0.0126262626262626
21.106216541099, 5, 34, 4, 50, 0.0708643200456854
20.2099254214095, 4, 27, 0, 16, 0.351010101010101
19.6638029122145, 3, 319, 2, 3, 0.363636363636364
19.2877902562075, 4, 235, 0, 10, 0.0808080808080808
17.7634690555054, 4, 5, 0, 2, 0.00416666666666667
17.742010121878, 4, 28, 0, 10, 0.0808080808080808
17.404632031221, 5, 50, 4, 50, 0.0708643200456854
17.2410276260714, 6, 32, 0, 4, 0.0126262626262626
16.9466491617532, 6, 13, 3, 1, 0.0997474747474748
16.4004084642405, 4, 41, 0, 16, 0.351010101010101
16.2007969674469, 4, 43, 0, 17, 0.444444444444444
15.1617541798837, 7, 12, 0, 16, 0.351010101010101
14.8811269077621, 5, 106, 3, 2, 0.400252525252525
13.8061039644345, 5, 44, 3, 3, 0.800505050505051
13.7950898931726, 5, 14, 4, 94, 0.486490559366218
13.7950898931726, 5, 14, 4, 94, 0.486490559366218
13.5249430620939, 5, 6, 4, 17, 0.0191899869089483
13.4894392895695, 5, 129, 3, 2, 0.400252525252525
12.9864528025033, 6, 7, 0, 2, 0.00416666666666667
12.8736666666667, 7, 9, 4, 88, 0.375097158937352
12.835873696619, 9, 8, 0, 6, 0.026010101010101
12.8267058823529, 4, 4, 0, 10, 0.0808080808080808
12.7967337183072, 8, 11, 3, 2, 0.400252525252525
12.6683701763291, 4, 89, 1, 17, 0.436936936936937
12.2130325513362, 7, 10, 4, 88, 0.375097158937352
12.0966970290108, 6, 6, 0, 4, 0.0126262626262626
11.9790291870267, 7, 43, 1, 6, 0.164414414414414
11.9788055555556, 4, 16, 2, 1, 0.0454545454545454
11.3194134369061, 9, 7, 0, 3, 0.00795454545454546
11.2357266067223, 5, 51, 1, 24, 0.743243243243243
11.1704688681672, 10, 2, 1, 26, 0.943693693693694
10.9599375000001, 7, 4, 4, 97, 0.601622068566827
10.8466672107349, 6, 18, 0, 9, 0.0618686868686869
10.7141694045897, 4, 20, 2, 1, 0.0454545454545454
10.4969187922461, 7, 56, 1, 6, 0.164414414414414
10.4416101355213, 12, 2, 0, 5, 0.0184343434343434
10.2936883358055, 8, 17, 3, 2, 0.400252525252525
10.2189411764705, 6, 9, 4, 75, 0.204510284651682
10.0201043446126, 5, 13, 4, 99, 0.6623678444522
10.0201043446125, 5, 13, 4, 99, 0.6623678444522
9.96473778370046, 3, 159, 4, 103, 0.865041948010276
9.95370645650261, 12, 2, 0, 5, 0.0184343434343434
9.92433333333335, 10, 4, 2, 2, 0.181818181818182
9.88594444444448, 7, 4, 1, 12, 0.313063063063063
9.78245000000005, 5, 9, 4, 6, 0.00648491626136443
9.58913530640236, 7, 30, 0, 16, 0.351010101010101
9.54955521017146, 5, 15, 4, 22, 0.0286232599694077
9.50416692631889, 8, 3, 4, 97, 0.601622068566827
9.47050074647204, 9, 10, 0, 3, 0.00795454545454546
9.4656803705811, 9, 5, 4, 71, 0.160308462840372
9.26318697429289, 10, 10, 4, 28, 0.0358931359772792
9.2431428571429, 10, 1, 4, 84, 0.293759463138283
9.12268391977649, 9, 7, 0, 7, 0.0353535353535354
9.07633333333331, 9, 16, 0, 6, 0.026010101010101
9.01743927080208, 5, 6, 4, 93, 0.471038215796977
8.97100828462916, 5, 80, 1, 24, 0.743243243243243
8.93030071444409, 10, 6, 0, 10, 0.0808080808080808
8.87659358588011, 10, 5, 2, 2, 0.181818181818182
8.84855895829407, 5, 11, 4, 6, 0.00648491626136443
8.84740366672161, 7, 7, 2, 3, 0.363636363636364
8.7757572024536, 9, 10, 0, 10, 0.0808080808080808
8.71953192001422, 7, 34, 1, 2, 0.0788288288288288
8.67455971742663, 6, 18, 4, 29, 0.0366148142052202
8.51356564548605, 9, 2, 0, 18, 0.558080808080808
8.51356564548605, 9, 2, 0, 18, 0.558080808080808
8.41200000000003, 9, 4, 0, 6, 0.026010101010101
8.39582761455555, 9, 3, 4, 66, 0.0931101613156405
8.39582761455552, 9, 3, 4, 66, 0.0931101613156405
8.38577978983301, 8, 19, 3, 2, 0.400252525252525
8.3673561848421, 9, 11, 0, 10, 0.0808080808080808
8.33072803492212, 6, 2, 1, 22, 0.632882882882883
8.24158318232026, 8, 6, 0, 12, 0.132575757575758
8.21436363636366, 9, 4, 0, 8, 0.0467171717171717
8.20249908325609, 4, 131, 0, 10, 0.0808080808080808
8.11321592811387, 7, 8, 0, 11, 0.103535353535354
7.94916856621995, 8, 21, 2, 1, 0.0454545454545454
7.85286304747999, 5, 136, 3, 3, 0.800505050505051
7.84128571428572, 7, 1, 2, 5, 0.863636363636364
7.7051068923294, 11, 2, 0, 5, 0.0184343434343434
7.65796644025034, 12, 2, 0, 6, 0.026010101010101
7.65796644025026, 12, 2, 0, 6, 0.026010101010101
7.6325849703821, 9, 10, 0, 7, 0.0353535353535354
7.55141364322681, 5, 10, 0, 17, 0.444444444444444
7.46479891617703, 6, 67, 3, 1, 0.0997474747474748
7.41165757813701, 6, 2, 4, 14, 0.0167757737040485
7.39633693121129, 6, 2, 4, 62, 0.0856939327900282
7.38333333333333, 12, 4, 0, 5, 0.0184343434343434
7.36451712605791, 13, 2, 0, 6, 0.026010101010101
7.36451712605787, 13, 2, 0, 6, 0.026010101010101
7.32319230769241, 10, 16, 4, 28, 0.0358931359772792
7.25511179672307, 5, 35, 4, 55, 0.0776266165618163
7.2534078746099, 5, 26, 4, 22, 0.0286232599694077
7.23598590571689, 9, 26, 0, 8, 0.0467171717171717
7.155, 8, 1, 0, 6, 0.026010101010101
7.1253736126606, 10, 2, 4, 96, 0.578309095069458
7.1149762698645, 4, 13, 0, 10, 0.0808080808080808
7.09013168313454, 10, 13, 0, 5, 0.0184343434343434
7.06482483108229, 10, 5, 1, 26, 0.943693693693694
7.04034999999998, 11, 1, 0, 3, 0.00795454545454546
7.03833333333336, 12, 4, 0, 5, 0.0184343434343434
7.01746911785156, 10, 2, 0, 7, 0.0353535353535354
7.00466666666665, 10, 1, 4, 79, 0.228732574440079
6.98487842425069, 5, 10, 4, 93, 0.471038215796977
6.89900516177674, 12, 2, 0, 7, 0.0353535353535354
6.86836923876404, 9, 6, 0, 6, 0.026010101010101
6.84677354087309, 5, 2, 4, 79, 0.228732574440079
6.83999999999998, 11, 1, 0, 8, 0.0467171717171717
6.69882560033494, 10, 5, 4, 59, 0.0828015312645006
6.57649999999995, 7, 4, 0, 16, 0.351010101010101
6.52285802593698, 10, 2, 0, 5, 0.0184343434343434
6.5059197880699, 6, 32, 4, 29, 0.0366148142052202
6.50378663239113, 6, 12, 1, 2, 0.0788288288288288
6.43972247152033, 8, 2, 0, 4, 0.0126262626262626
6.43750000000001, 7, 1, 1, 18, 0.475225225225225
6.42719516239474, 6, 12, 3, 3, 0.800505050505051
6.41444444444443, 6, 4, 0, 4, 0.0126262626262626
6.36899999999997, 9, 9, 2, 2, 0.181818181818182
6.36899999999997, 9, 9, 2, 2, 0.181818181818182
6.36433333333335, 7, 1, 3, 1, 0.0997474747474748
6.32768611347163, 9, 34, 0, 8, 0.0467171717171717
6.32371428571427, 9, 1, 0, 18, 0.558080808080808
6.29064765964836, 9, 5, 2, 1, 0.0454545454545454
6.22193776533601, 8, 7, 4, 97, 0.601622068566827
6.20947524584876, 9, 7, 0, 8, 0.0467171717171717
6.19682666666662, 9, 9, 0, 15, 0.275252525252525
6.19356109712337, 10, 12, 4, 98, 0.624936765886549
6.1727482050716, 6, 12, 2, 1, 0.0454545454545454
6.17264285714285, 10, 1, 0, 4, 0.0126262626262626
6.13136470588245, 6, 25, 4, 75, 0.204510284651682
6.12867389433798, 9, 17, 1, 9, 0.227477477477477
6.10847082080248, 12, 3, 0, 4, 0.0126262626262626
6.10407036202344, 7, 12, 1, 8, 0.202702702702703
6.0833846153846, 8, 4, 0, 16, 0.351010101010101
6.07250000000002, 12, 1, 0, 4, 0.0126262626262626
5.96691503207482, 11, 3, 0, 6, 0.026010101010101
5.96691503207477, 11, 3, 0, 6, 0.026010101010101
5.91848375853141, 7, 2, 0, 15, 0.275252525252525
5.91848375853139, 7, 2, 0, 15, 0.275252525252525
5.91509683258889, 8, 10, 1, 17, 0.436936936936937
5.91238167483043, 7, 3, 4, 16, 0.0186420699741554
5.87520718658236, 8, 24, 1, 13, 0.326576576576577
5.86460110660302, 7, 13, 1, 8, 0.202702702702703
5.84091991011254, 5, 54, 4, 55, 0.0776266165618163
5.83599999999998, 14, 1, 0, 6, 0.026010101010101
5.79411709570298, 7, 77, 1, 2, 0.0788288288288288
5.79166988065915, 5, 17, 0, 17, 0.444444444444444
5.75019234460903, 11, 2, 0, 6, 0.026010101010101
5.7372535262695, 6, 5, 0, 4, 0.0126262626262626
5.72790659340677, 7, 49, 1, 14, 0.353603603603604
5.72438461538459, 5, 4, 2, 3, 0.363636363636364
5.70858307776959, 8, 41, 3, 2, 0.400252525252525
5.70292162148779, 7, 12, 3, 2, 0.400252525252525
5.69928065636355, 11, 2, 0, 6, 0.026010101010101
5.63533851689504, 13, 5, 0, 6, 0.026010101010101
5.59036718650933, 5, 3, 4, 79, 0.228732574440079
5.56562021050862, 7, 17, 0, 11, 0.103535353535354
5.52436783734635, 6, 6, 1, 2, 0.0788288288288288
5.52166666666668, 11, 1, 0, 5, 0.0184343434343434
5.4483333333333, 11, 4, 0, 5, 0.0184343434343434
5.44640845952957, 5, 37, 4, 17, 0.0191899869089483
5.43316357068319, 6, 5, 4, 103, 0.865041948010276
5.39697367049347, 6, 5, 0, 16, 0.351010101010101
5.38133333333334, 7, 1, 1, 18, 0.475225225225225
5.35100000000001, 8, 1, 2, 2, 0.181818181818182
5.33042772855284, 10, 23, 0, 5, 0.0184343434343434
5.29147619047615, 9, 16, 4, 71, 0.160308462840372
5.28425957939879, 7, 14, 1, 12, 0.313063063063063
5.28346676876837, 7, 7, 0, 14, 0.217171717171717
5.28000000000002, 8, 1, 0, 4, 0.0126262626262626
5.25184210526317, 11, 4, 4, 80, 0.244079764845808
5.24255555555554, 12, 1, 4, 39, 0.051987603372886
5.13580278429221, 7, 2, 4, 4, 0.00326307504602002
5.1342366463942, 8, 17, 4, 35, 0.0452335812040479
5.13423664639396, 8, 17, 4, 35, 0.0452335812040479
5.11068497170387, 6, 2, 0, 15, 0.275252525252525
5.10278663631766, 9, 3, 0, 2, 0.00416666666666667
5.08975461098075, 13, 2, 0, 8, 0.0467171717171717
5.08168808566598, 7, 5, 0, 15, 0.275252525252525
5.07981634346493, 11, 3, 4, 76, 0.20691329301129
5.0798163434649, 11, 3, 4, 76, 0.20691329301129
5.06745178620933, 8, 5, 4, 39, 0.051987603372886
5.06696081591659, 8, 8, 4, 60, 0.0833233322906506
5.02695155929292, 9, 14, 1, 9, 0.227477477477477
5.01839576538356, 10, 19, 0, 10, 0.0808080808080808
5.01586956521737, 12, 4, 0, 9, 0.0618686868686869
4.97801899372918, 7, 3, 4, 96, 0.578309095069458
4.97753846153836, 11, 4, 1, 13, 0.326576576576577
4.95681853611769, 10, 2, 0, 6, 0.026010101010101
4.95681853611769, 10, 2, 0, 6, 0.026010101010101
4.9558757270761, 9, 2, 4, 72, 0.171932627919944
4.8924661811129, 10, 3, 1, 11, 0.272522522522523
4.8824, 7, 1, 4, 97, 0.601622068566827
4.87833333333333, 12, 4, 0, 7, 0.0353535353535354
4.84172266282876, 11, 6, 2, 2, 0.181818181818182
4.83059485231574, 7, 5, 1, 22, 0.632882882882883
4.82350000000001, 7, 1, 0, 16, 0.351010101010101
4.81011762979868, 5, 5, 4, 74, 0.194361280550399
4.79751179657551, 10, 20, 4, 98, 0.624936765886549
4.77717647058827, 8, 9, 4, 60, 0.0833233322906506
4.76000000000001, 8, 1, 0, 20, 0.898989898989899
4.75999999999999, 8, 1, 0, 20, 0.898989898989899
4.75217006569981, 6, 3, 0, 12, 0.132575757575758
4.74001946685283, 6, 3, 0, 5, 0.0184343434343434
4.70279154470649, 8, 60, 2, 1, 0.0454545454545454
4.65344316966843, 11, 3, 0, 6, 0.026010101010101
4.6502877464733, 7, 8, 0, 16, 0.351010101010101
4.64762000000007, 9, 16, 0, 15, 0.275252525252525
4.64246023544182, 6, 23, 3, 3, 0.800505050505051
4.58500000000001, 11, 1, 0, 9, 0.0618686868686869
4.58499999999998, 11, 1, 0, 9, 0.0618686868686869
4.5532, 8, 4, 2, 4, 0.590909090909091
4.49785073674085, 10, 5, 4, 78, 0.219710950157435
4.4906303937569, 9, 3, 3, 3, 0.800505050505051
4.45503846153812, 7, 81, 1, 14, 0.353603603603604
4.42129268292688, 9, 9, 0, 2, 0.00416666666666667
4.42042753496053, 7, 2, 3, 1, 0.0997474747474748
4.41914285714287, 9, 4, 0, 2, 0.00416666666666667
4.41746409294971, 7, 20, 3, 2, 0.400252525252525
4.36788382642551, 6, 111, 0, 9, 0.0618686868686869
4.34504304641228, 8, 10, 4, 26, 0.0338774705003143
4.33777690998894, 9, 3, 2, 4, 0.590909090909091
4.31299781184737, 10, 2, 1, 16, 0.414414414414414
4.29529294590307, 6, 8, 4, 103, 0.865041948010276
4.29481030680385, 7, 7, 0, 15, 0.275252525252525
4.27660540540543, 6, 25, 2, 1, 0.0454545454545454
4.24443174325246, 7, 3, 0, 18, 0.558080808080808
4.23041862743318, 12, 3, 0, 6, 0.026010101010101
4.21152830188672, 9, 36, 1, 9, 0.227477477477477
4.18892307692306, 6, 4, 3, 3, 0.800505050505051
4.17333333333332, 13, 1, 0, 7, 0.0353535353535354
4.17285680559496, 6, 3, 0, 15, 0.275252525252525
4.16213152931847, 9, 2, 0, 3, 0.00795454545454546
4.15576723762695, 13, 3, 0, 8, 0.0467171717171717
4.1424670014015, 7, 28, 4, 97, 0.601622068566827
4.13873821955435, 6, 5, 4, 22, 0.0286232599694077
4.13873821955435, 6, 5, 4, 22, 0.0286232599694077
4.13094117605176, 8, 3, 0, 6, 0.026010101010101
4.1254176431741, 10, 5, 0, 5, 0.0184343434343434
4.08001604290339, 6, 11, 1, 2, 0.0788288288288288
4.08000612744637, 12, 2, 4, 53, 0.0751545691169847
4.07283810187458, 8, 5, 0, 4, 0.0126262626262626
4.05558974358971, 8, 9, 0, 16, 0.351010101010101
4.02666666666666, 10, 1, 0, 12, 0.132575757575758
4.01597368003893, 8, 2, 4, 84, 0.293759463138283
4.0036385950782, 6, 2, 3, 3, 0.800505050505051
3.98478607957816, 13, 10, 0, 6, 0.026010101010101
3.96934391619072, 8, 2, 2, 1, 0.0454545454545454
3.96934391619068, 8, 2, 2, 1, 0.0454545454545454
3.96169761792508, 6, 7, 4, 14, 0.0167757737040485
3.95358310770817, 8, 53, 1, 13, 0.326576576576577
3.89826901756837, 11, 3, 0, 5, 0.0184343434343434
3.85880000000002, 11, 1, 4, 96, 0.578309095069458
3.84749999999998, 11, 1, 0, 2, 0.00416666666666667
3.84302434049441, 8, 2, 3, 3, 0.800505050505051
3.83958982184296, 10, 2, 0, 5, 0.0184343434343434
3.81892054670059, 7, 8, 1, 22, 0.632882882882883
3.81666666666668, 12, 1, 0, 7, 0.0353535353535354
3.81625641025646, 5, 9, 2, 3, 0.363636363636364
3.81623668029129, 6, 10, 0, 16, 0.351010101010101
3.8051772918252, 7, 2, 1, 18, 0.475225225225225
3.79679970775824, 10, 3, 3, 1, 0.0997474747474748
3.78500000000001, 8, 1, 0, 20, 0.898989898989899
3.785, 8, 1, 0, 20, 0.898989898989899
3.77349726994179, 10, 6, 4, 84, 0.293759463138283
3.75938102702696, 9, 14, 2, 1, 0.0454545454545454
3.75443663175649, 8, 3, 3, 3, 0.800505050505051
3.75400000000002, 13, 1, 4, 61, 0.084023548930301
3.75399999999999, 13, 1, 4, 61, 0.084023548930301
3.75038224801828, 11, 10, 2, 2, 0.181818181818182
3.69816846560562, 6, 8, 4, 62, 0.0856939327900282
3.69646430149565, 10, 5, 4, 10, 0.00844094610403909
3.6832105263158, 12, 4, 4, 95, 0.534067194388448
3.67578571428572, 7, 4, 0, 18, 0.558080808080808
3.65058575208594, 12, 3, 0, 5, 0.0184343434343434
3.63999999999999, 9, 1, 0, 9, 0.0618686868686869
3.63438461538456, 6, 9, 1, 3, 0.105855855855856
3.62518234024162, 9, 3, 4, 61, 0.084023548930301
3.6226422364674, 10, 6, 4, 73, 0.179360578437554
3.62057956697908, 7, 8, 4, 16, 0.0186420699741554
3.59108790406506, 8, 5, 0, 17, 0.444444444444444
3.56268680633032, 10, 8, 4, 96, 0.578309095069458
3.53553390593274, 8, 2, 0, 18, 0.558080808080808
3.52987705168322, 12, 2, 3, 1, 0.0997474747474748
3.50922953367263, 7, 2, 3, 1, 0.0997474747474748
3.50873455892566, 10, 8, 0, 7, 0.0353535353535354
3.50600000000001, 9, 1, 4, 11, 0.00893715698736393
3.50595950965401, 12, 3, 0, 4, 0.0126262626262626
3.50496935235217, 9, 18, 4, 63, 0.0888584396739231
3.495, 7, 1, 0, 15, 0.275252525252525
3.49499999999999, 7, 1, 0, 15, 0.275252525252525
3.4946847826086, 7, 16, 0, 14, 0.217171717171717
3.4888104655451, 11, 2, 0, 9, 0.0618686868686869
3.47642018501241, 6, 42, 1, 2, 0.0788288288288288
3.46294691459939, 14, 3, 0, 11, 0.103535353535354
3.46066666666667, 8, 4, 2, 5, 0.863636363636364
3.45949601339075, 10, 6, 1, 11, 0.272522522522523
3.45320184425831, 6, 99, 0, 2, 0.00416666666666667
3.44591508165829, 12, 3, 2, 5, 0.863636363636364
3.44479907493405, 8, 6, 3, 1, 0.0997474747474748
3.42706372569874, 11, 2, 0, 7, 0.0353535353535354
3.42000000000002, 11, 4, 0, 8, 0.0467171717171717
3.40100547857629, 6, 12, 1, 22, 0.632882882882883
3.38500000000001, 8, 1, 1, 23, 0.698198198198198
3.38250000000001, 14, 1, 0, 9, 0.0618686868686869
3.37439480156947, 10, 6, 4, 10, 0.00844094610403909
3.37200000000001, 7, 1, 0, 14, 0.217171717171717
3.36002754639, 9, 5, 2, 4, 0.590909090909091
3.35117190248428, 7, 3, 4, 15, 0.0180125300509641
3.34960000000002, 11, 1, 2, 1, 0.0454545454545454
3.3372121212121, 9, 4, 2, 4, 0.590909090909091
3.33475000000001, 11, 1, 0, 6, 0.026010101010101
3.33131105322416, 12, 3, 4, 53, 0.0751545691169847
3.32501591966412, 9, 32, 1, 9, 0.227477477477477
3.31986633767086, 8, 2, 0, 3, 0.00795454545454546
3.31633080376493, 12, 2, 0, 5, 0.0184343434343434
3.31633080376489, 12, 2, 0, 5, 0.0184343434343434
3.29134636416298, 7, 2, 0, 18, 0.558080808080808
3.27951448621682, 8, 3, 0, 11, 0.103535353535354
3.25283333333334, 6, 1, 0, 15, 0.275252525252525
3.25243057269613, 13, 3, 2, 5, 0.863636363636364
3.25066666666666, 7, 1, 4, 97, 0.601622068566827
3.24666666666668, 12, 1, 0, 2, 0.00416666666666667
3.23260936087239, 10, 2, 3, 2, 0.400252525252525
3.22333333333333, 11, 1, 0, 10, 0.0808080808080808
3.22087138830473, 9, 2, 3, 3, 0.800505050505051
3.21483333333333, 8, 1, 4, 73, 0.179360578437554
3.20119148789588, 7, 6, 2, 5, 0.863636363636364
3.18866666666668, 10, 1, 4, 51, 0.0718603446010522
3.18113198720201, 9, 2, 4, 87, 0.357350407816721
3.15233246977534, 12, 3, 0, 11, 0.103535353535354
3.15233246977534, 12, 3, 0, 11, 0.103535353535354
3.14875000000001, 9, 1, 1, 16, 0.414414414414414
3.13371387760067, 10, 6, 2, 2, 0.181818181818182
3.131, 7, 4, 3, 2, 0.400252525252525
3.1052772725407, 11, 6, 4, 27, 0.0352394625411507
3.10499999999999, 12, 1, 0, 8, 0.0467171717171717
3.10499999999999, 12, 1, 0, 8, 0.0467171717171717
3.10122892092797, 8, 2, 0, 14, 0.217171717171717
3.07859134242304, 8, 43, 0, 12, 0.132575757575758
3.07450028459912, 13, 2, 2, 2, 0.181818181818182
3.07450028459912, 13, 2, 2, 2, 0.181818181818182
3.07360709451103, 11, 7, 0, 6, 0.026010101010101
3.0575297218506, 10, 2, 0, 5, 0.0184343434343434
3.05706967535914, 12, 3, 0, 4, 0.0126262626262626
3.04949999999999, 11, 1, 0, 12, 0.132575757575758
3.04840161612983, 7, 8, 4, 96, 0.578309095069458
3.039, 9, 1, 4, 72, 0.171932627919944
3.03502322122459, 8, 7, 0, 17, 0.444444444444444
3.03245034809093, 10, 11, 4, 78, 0.219710950157435
3.03152048981225, 11, 8, 0, 8, 0.0467171717171717
3.03100000000001, 8, 4, 3, 3, 0.800505050505051
3.03099999999998, 8, 4, 3, 3, 0.800505050505051
3.02196365931575, 7, 60, 2, 3, 0.363636363636364
3.01958619681573, 11, 5, 0, 5, 0.0184343434343434
3.01266666666666, 9, 1, 0, 14, 0.217171717171717
2.98686666666663, 12, 4, 4, 40, 0.0550596271875607
2.98328350982604, 8, 8, 3, 1, 0.0997474747474748
2.97406511627898, 9, 25, 4, 63, 0.0888584396739231
2.96057817591748, 4, 180, 0, 2, 0.00416666666666667
2.95550000000001, 7, 1, 4, 77, 0.212750155497395
2.9555, 7, 1, 4, 77, 0.212750155497395
2.95366666666663, 8, 4, 3, 2, 0.400252525252525
2.95099230015187, 13, 2, 0, 7, 0.0353535353535354
2.94098840740661, 10, 5, 3, 1, 0.0997474747474748
2.93980767106583, 9, 7, 3, 3, 0.800505050505051
2.93918181818179, 6, 4, 4, 2, 0.000339506812356317
2.92863548365844, 11, 3, 0, 5, 0.0184343434343434
2.91800000000001, 14, 4, 0, 6, 0.026010101010101
2.90817410983678, 8, 5, 3, 3, 0.800505050505051
2.89, 7, 1, 0, 14, 0.217171717171717
2.89, 7, 1, 0, 14, 0.217171717171717
2.88675134594814, 8, 3, 0, 18, 0.558080808080808
2.87893752103097, 7, 5, 1, 18, 0.475225225225225
2.86033333333333, 9, 1, 4, 82, 0.274718983341981
2.84728330557783, 10, 2, 0, 12, 0.132575757575758
2.84645834766644, 11, 2, 0, 5, 0.0184343434343434
2.84266666666664, 10, 1, 1, 10, 0.240990990990991
2.84058936138264, 10, 2, 0, 8, 0.0467171717171717
2.84014285714289, 8, 4, 0, 11, 0.103535353535354
2.84, 7, 1, 0, 17, 0.444444444444444
2.83666666666666, 12, 1, 1, 18, 0.475225225225225
2.83196265865212, 12, 2, 0, 7, 0.0353535353535354
2.83196265865212, 12, 2, 0, 7, 0.0353535353535354
2.83100000000005, 6, 4, 3, 3, 0.800505050505051
2.80127422434863, 10, 2, 4, 79, 0.228732574440079
2.80045153502076, 7, 5, 3, 2, 0.400252525252525
2.79850000000002, 12, 1, 4, 67, 0.0942557274601005
2.79849999999999, 12, 1, 4, 67, 0.0942557274601005
2.79572384843966, 7, 5, 3, 1, 0.0997474747474748
2.79421034565803, 10, 3, 4, 68, 0.0971476980300399
2.79358144625768, 8, 3, 0, 14, 0.217171717171717
2.79261538461537, 6, 9, 3, 3, 0.800505050505051
2.7925, 12, 1, 0, 9, 0.0618686868686869
2.79247058823529, 9, 4, 4, 22, 0.0286232599694077
2.78502944539529, 8, 3, 0, 16, 0.351010101010101
2.78153593218164, 10, 29, 4, 59, 0.0828015312645006
2.77712270839803, 5, 15, 4, 74, 0.194361280550399
2.76945908308048, 12, 7, 0, 6, 0.026010101010101
2.76759999999999, 8, 1, 4, 5, 0.00604237658698964
2.76325, 9, 1, 0, 19, 0.70959595959596
2.75800000000001, 14, 1, 0, 6, 0.026010101010101
2.75792811879824, 8, 46, 1, 17, 0.436936936936937
2.73975000000002, 8, 1, 0, 17, 0.444444444444444
2.73226923076922, 11, 4, 0, 3, 0.00795454545454546
2.72138888888895, 12, 4, 4, 21, 0.0272340315353993
2.72080000000005, 14, 4, 4, 92, 0.455244555401909
2.71833333333333, 12, 1, 0, 15, 0.275252525252525
2.71500000000003, 10, 4, 0, 5, 0.0184343434343434
2.7138758261939, 10, 8, 2, 2, 0.181818181818182
2.71203960141266, 11, 15, 4, 80, 0.244079764845808
2.70333333333333, 12, 1, 0, 2, 0.00416666666666667
2.69879088152865, 12, 2, 0, 7, 0.0353535353535354
2.69, 12, 1, 0, 11, 0.103535353535354
2.69, 12, 1, 0, 11, 0.103535353535354
2.67666666666666, 9, 1, 0, 3, 0.00795454545454546
2.67549999999997, 8, 4, 2, 2, 0.181818181818182
2.66919434474148, 12, 5, 2, 5, 0.863636363636364
2.65624425097418, 8, 3, 0, 14, 0.217171717171717
2.64902700316404, 9, 7, 4, 72, 0.171932627919944
2.6444032329443, 6, 17, 1, 3, 0.105855855855856
2.63999999999999, 12, 1, 0, 7, 0.0353535353535354
2.63999999999999, 8, 4, 0, 4, 0.0126262626262626
2.63941449062731, 10, 3, 3, 2, 0.400252525252525
2.63236311076922, 9, 5, 0, 3, 0.00795454545454546
2.61653079265062, 10, 2, 1, 6, 0.164414414414414
2.59878740076746, 6, 130, 0, 4, 0.0126262626262626
2.59738339103031, 9, 3, 4, 87, 0.357350407816721
2.5816455465248, 9, 6, 0, 18, 0.558080808080808
2.57999999999998, 12, 1, 0, 4, 0.0126262626262626
2.57249999999999, 12, 1, 0, 4, 0.0126262626262626
2.5718181818182, 8, 4, 3, 3, 0.800505050505051
2.5675, 13, 1, 0, 9, 0.0618686868686869
2.5543727394092, 15, 2, 0, 9, 0.0618686868686869
2.54885714285712, 12, 1, 0, 8, 0.0467171717171717
2.53763207932508, 8, 3, 0, 15, 0.275252525252525
2.536, 10, 1, 4, 81, 0.26159379994883
2.536, 10, 1, 4, 81, 0.26159379994883
2.53427070377259, 13, 2, 1, 11, 0.272522522522523
2.53214281061186, 8, 3, 0, 14, 0.217171717171717
2.52933333333333, 13, 1, 4, 9, 0.0079337803296631
2.52199999999999, 7, 1, 0, 9, 0.0618686868686869
2.51932188854959, 13, 5, 2, 5, 0.863636363636364
2.51022907321225, 16, 2, 0, 8, 0.0467171717171717
2.51022907321221, 16, 2, 0, 8, 0.0467171717171717
2.51000000000002, 13, 1, 0, 9, 0.0618686868686869
2.50999999999999, 13, 1, 0, 9, 0.0618686868686869
2.50922200492494, 14, 3, 0, 12, 0.132575757575758
2.50316666666663, 15, 1, 0, 9, 0.0618686868686869
2.5, 13, 1, 0, 6, 0.026010101010101
2.5, 13, 1, 0, 6, 0.026010101010101
2.49900000000001, 10, 1, 1, 24, 0.743243243243243
2.49646256397597, 10, 3, 0, 5, 0.0184343434343434
2.49599999999998, 12, 4, 3, 1, 0.0997474747474748
2.49199999999999, 11, 1, 0, 7, 0.0353535353535354
2.4825, 12, 1, 4, 70, 0.136274845408473
2.4825, 12, 1, 4, 70, 0.136274845408473
2.4817398772195, 6, 11, 0, 12, 0.132575757575758
2.48145145697703, 7, 3, 0, 15, 0.275252525252525
2.4765236499757, 10, 8, 4, 79, 0.228732574440079
2.4693644031522, 11, 5, 0, 5, 0.0184343434343434
2.465, 11, 1, 0, 8, 0.0467171717171717
2.46499999999999, 11, 1, 0, 8, 0.0467171717171717
2.45266666666666, 13, 1, 2, 5, 0.863636363636364
2.44867324620222, 14, 6, 0, 11, 0.103535353535354
2.44834536416376, 6, 5, 2, 3, 0.363636363636364
2.44706086742625, 8, 8, 2, 5, 0.863636363636364
2.44500000000001, 11, 1, 0, 5, 0.0184343434343434
2.44499999999999, 11, 1, 0, 5, 0.0184343434343434
2.44214127355486, 7, 6, 0, 11, 0.103535353535354
2.44120000000001, 7, 4, 4, 97, 0.601622068566827
2.43408421950721, 12, 5, 4, 21, 0.0272340315353993
2.43054200388578, 8, 5, 3, 3, 0.800505050505051
2.42726017630211, 12, 19, 0, 4, 0.0126262626262626
2.42660318140397, 7, 3, 0, 14, 0.217171717171717
2.41985714285713, 10, 4, 4, 68, 0.0971476980300399
2.41497164594813, 10, 6, 0, 5, 0.0184343434343434
2.41374954120049, 13, 3, 0, 5, 0.0184343434343434
2.40966666666667, 8, 1, 4, 3, 0.000573791508306289
2.40574636034871, 11, 8, 1, 2, 0.0788288288288288
2.4025, 8, 1, 0, 5, 0.0184343434343434
2.39573684210532, 13, 9, 2, 2, 0.181818181818182
2.39355645431646, 8, 2, 1, 23, 0.698198198198198
2.39186747600708, 8, 33, 4, 26, 0.0338774705003143
2.38860670684817, 8, 2, 3, 2, 0.400252525252525
2.38660000000002, 9, 1, 4, 42, 0.0614175149797577
2.37966666666667, 8, 1, 3, 3, 0.800505050505051
2.378046291952, 7, 6, 3, 2, 0.400252525252525
2.37804629195196, 7, 6, 3, 2, 0.400252525252525
2.378, 6, 1, 4, 51, 0.0718603446010522
2.36799598817221, 12, 5, 0, 4, 0.0126262626262626
2.36500000000001, 7, 1, 0, 3, 0.00795454545454546
2.35735258711971, 12, 2, 3, 2, 0.400252525252525
2.34474452828086, 9, 32, 0, 2, 0.00416666666666667
2.3425, 13, 1, 0, 9, 0.0618686868686869
2.33913461562179, 9, 3, 4, 31, 0.0395255744388036
2.32733333333331, 7, 4, 0, 18, 0.558080808080808
2.325, 8, 1, 0, 12, 0.132575757575758
2.32499999999999, 8, 1, 0, 12, 0.132575757575758
2.32256293348532, 11, 2, 0, 6, 0.026010101010101
2.32066666666668, 10, 1, 4, 70, 0.136274845408473
2.31973450636058, 9, 2, 0, 14, 0.217171717171717
2.30640554353523, 12, 2, 0, 5, 0.0184343434343434
2.30149115140597, 11, 2, 4, 64, 0.0917218809839261
2.30143879460677, 12, 19, 0, 9, 0.0618686868686869
2.29856844337707, 7, 2, 4, 97, 0.601622068566827
2.29574001625231, 12, 2, 0, 2, 0.00416666666666667
2.28723082642162, 10, 3, 4, 79, 0.228732574440079
2.27924085802466, 11, 2, 0, 10, 0.0808080808080808
2.27800000000001, 10, 1, 2, 5, 0.863636363636364
2.27659999999992, 8, 16, 2, 4, 0.590909090909091
2.27279552862968, 13, 10, 2, 2, 0.181818181818182
2.26623333333322, 8, 25, 4, 39, 0.051987603372886
2.25874999999999, 11, 1, 0, 18, 0.558080808080808
2.25472782294351, 10, 2, 4, 51, 0.0718603446010522
2.245, 9, 1, 0, 9, 0.0618686868686869
2.2355180887213, 12, 8, 0, 5, 0.0184343434343434
2.22266666666668, 12, 1, 4, 66, 0.0931101613156405
2.22181261397484, 6, 7, 4, 2, 0.000339506812356317
2.22152389738818, 14, 6, 4, 92, 0.455244555401909
2.21390954107884, 11, 15, 0, 8, 0.0467171717171717
2.20671708559536, 8, 18, 0, 9, 0.0618686868686869
2.20450000000001, 9, 1, 4, 99, 0.6623678444522
2.2045, 9, 1, 4, 99, 0.6623678444522
2.19514229151552, 7, 2, 3, 2, 0.400252525252525
2.19385698713472, 7, 7, 4, 15, 0.0180125300509641
2.19200000000004, 10, 4, 3, 3, 0.800505050505051
2.19, 12, 1, 0, 5, 0.0184343434343434
2.19, 12, 1, 0, 5, 0.0184343434343434
2.18401714482488, 7, 2, 4, 90, 0.412079181780135
2.18333333333331, 14, 1, 0, 7, 0.0353535353535354
2.18249999999998, 12, 1, 0, 8, 0.0467171717171717
2.16389888352596, 8, 5, 0, 14, 0.217171717171717
2.14889750802593, 9, 2, 4, 72, 0.171932627919944
2.14662822642963, 8, 7, 4, 84, 0.293759463138283
2.1450791314075, 11, 2, 0, 12, 0.132575757575758
2.13581603257397, 9, 2, 1, 6, 0.164414414414414
2.13027702945467, 9, 2, 0, 14, 0.217171717171717
2.12895709679647, 11, 2, 4, 43, 0.0622011646212767
2.12242953137527, 11, 22, 1, 13, 0.326576576576577
2.104, 8, 1, 2, 4, 0.590909090909091
2.10155497985025, 9, 3, 0, 9, 0.0618686868686869
2.09, 12, 1, 0, 4, 0.0126262626262626
2.09, 12, 1, 0, 4, 0.0126262626262626
2.08999999999999, 8, 1, 4, 87, 0.357350407816721
2.0885577293647, 8, 8, 3, 2, 0.400252525252525
2.08115667838826, 10, 2, 2, 5, 0.863636363636364
2.07466666666667, 11, 1, 0, 7, 0.0353535353535354
2.05751794949638, 8, 5, 0, 14, 0.217171717171717
2.05616666666667, 9, 1, 4, 61, 0.084023548930301
2.05121003637691, 11, 3, 2, 5, 0.863636363636364
2.05108106996178, 11, 2, 2, 5, 0.863636363636364
2.0430230323555, 8, 21, 0, 9, 0.0618686868686869
2.03, 14, 1, 0, 5, 0.0184343434343434
2.03, 14, 1, 0, 5, 0.0184343434343434
2.02419004377883, 9, 3, 4, 11, 0.00893715698736393
2.02256109645392, 9, 2, 4, 82, 0.274718983341981
2.01666666666669, 13, 1, 0, 7, 0.0353535353535354
2.010068876653, 10, 2, 1, 10, 0.240990990990991
2.00917893677992, 11, 3, 0, 14, 0.217171717171717
2.00917893677989, 11, 3, 0, 14, 0.217171717171717
2.00582623596584, 12, 2, 1, 18, 0.475225225225225
2, 8, 1, 0, 14, 0.217171717171717
2, 8, 1, 0, 14, 0.217171717171717
1.995, 13, 1, 0, 7, 0.0353535353535354
1.99499999999999, 13, 1, 0, 7, 0.0353535353535354
1.98999999999998, 12, 1, 0, 7, 0.0353535353535354
1.98748706238036, 13, 3, 0, 7, 0.0353535353535354
1.98666666666666, 9, 1, 0, 14, 0.217171717171717
1.98559414281976, 9, 10, 4, 61, 0.084023548930301
1.98480000000001, 13, 1, 4, 39, 0.051987603372886
1.98343452122827, 9, 2, 4, 102, 0.786411515216059
1.97572577726238, 11, 5, 0, 12, 0.132575757575758
1.96727208051544, 8, 2, 3, 1, 0.0997474747474748
1.9657568516986, 8, 2, 0, 14, 0.217171717171717
1.9657568516986, 8, 2, 0, 14, 0.217171717171717
1.96169098770676, 11, 2, 0, 8, 0.0467171717171717
1.95500000000001, 13, 1, 0, 7, 0.0353535353535354
1.95499999999998, 13, 1, 0, 7, 0.0353535353535354
1.95288728553388, 14, 3, 0, 9, 0.0618686868686869
1.94682510770741, 7, 3, 0, 14, 0.217171717171717
1.94500000000001, 14, 1, 0, 9, 0.0618686868686869
1.94499999999999, 14, 1, 0, 9, 0.0618686868686869
1.94411180753287, 8, 7, 3, 3, 0.800505050505051
1.92939999999999, 11, 4, 4, 96, 0.578309095069458
1.92792663890513, 8, 2, 4, 89, 0.391602757964068
1.92792663890513, 8, 2, 4, 89, 0.391602757964068
1.92516666666668, 8, 1, 4, 82, 0.274718983341981
1.9247703274244, 12, 3, 3, 2, 0.400252525252525
1.92300000000002, 11, 1, 2, 5, 0.863636363636364
1.92215193352543, 12, 2, 0, 15, 0.275252525252525
1.91891870067438, 7, 11, 3, 1, 0.0997474747474748
1.91672572372783, 8, 6, 0, 3, 0.00795454545454546
1.91325000000001, 9, 1, 0, 19, 0.70959595959596
1.91249999999999, 8, 1, 3, 2, 0.400252525252525
1.91249999999999, 8, 1, 3, 2, 0.400252525252525
1.91154533180762, 12, 2, 0, 2, 0.00416666666666667
1.9020017371994, 12, 15, 4, 95, 0.534067194388448
1.89636469418028, 11, 3, 0, 6, 0.026010101010101
1.8940552931035, 9, 3, 0, 14, 0.217171717171717
1.892689150976, 9, 2, 0, 3, 0.00795454545454546
1.89000000000001, 9, 1, 0, 8, 0.0467171717171717
1.88128571428572, 9, 1, 0, 20, 0.898989898989899
1.87963874188638, 7, 5, 0, 14, 0.217171717171717
1.8791596561584, 11, 3, 4, 64, 0.0917218809839261
1.85957096306291, 9, 6, 3, 3, 0.800505050505051
1.85352329204031, 12, 8, 4, 39, 0.051987603372886
1.85120000000001, 9, 1, 0, 15, 0.275252525252525
1.85016666666667, 10, 4, 1, 6, 0.164414414414414
1.83999999999999, 13, 1, 0, 9, 0.0618686868686869
1.83500000000001, 11, 1, 0, 8, 0.0467171717171717
1.83499999999999, 11, 1, 0, 8, 0.0467171717171717
1.82433549546132, 12, 2, 0, 4, 0.0126262626262626
1.82311163556003, 7, 7, 0, 16, 0.351010101010101
1.82151282051279, 11, 9, 0, 3, 0.00795454545454546
1.82000000000001, 10, 1, 0, 15, 0.275252525252525
1.81999999999999, 10, 1, 0, 15, 0.275252525252525
1.8188, 11, 1, 4, 43, 0.0622011646212767
1.81793166011083, 9, 3, 1, 16, 0.414414414414414
1.81188588216811, 9, 5, 4, 31, 0.0395255744388036
1.81033333333335, 8, 4, 4, 3, 0.000573791508306289
1.80114836948227, 12, 11, 4, 40, 0.0550596271875607
1.79341564439304, 11, 8, 0, 5, 0.0184343434343434
1.79232617567228, 7, 3, 3, 2, 0.400252525252525
1.79200000000003, 13, 4, 1, 11, 0.272522522522523
1.7885087518812, 13, 2, 4, 9, 0.0079337803296631
1.78784878555205, 13, 2, 0, 11, 0.103535353535354
1.77786847841188, 12, 2, 0, 4, 0.0126262626262626
1.77766644790299, 11, 2, 0, 12, 0.132575757575758
1.77766644790297, 11, 2, 0, 12, 0.132575757575758
1.77, 9, 1, 0, 14, 0.217171717171717
1.77, 9, 1, 0, 14, 0.217171717171717
1.76705984618518, 10, 2, 1, 24, 0.743243243243243
1.765, 13, 1, 0, 8, 0.0467171717171717
1.765, 13, 1, 0, 8, 0.0467171717171717
1.76499999999999, 15, 1, 0, 7, 0.0353535353535354
1.76057142857142, 10, 1, 4, 41, 0.0589841673467433
1.76000000000001, 11, 1, 0, 11, 0.103535353535354
1.75999999999999, 11, 1, 0, 11, 0.103535353535354
1.75690873226521, 11, 15, 1, 2, 0.0788288288288288
1.7546511524137, 7, 6, 0, 15, 0.275252525252525
1.75461476683622, 7, 8, 3, 1, 0.0997474747474748
1.7514497766137, 11, 3, 0, 12, 0.132575757575758
1.74938217665555, 11, 2, 0, 4, 0.0126262626262626
1.742, 8, 1, 3, 3, 0.800505050505051
1.74026103966567, 10, 26, 4, 73, 0.179360578437554
1.73666666666666, 9, 1, 3, 3, 0.800505050505051
1.73429723199022, 13, 2, 2, 5, 0.863636363636364
1.73124160968684, 6, 10, 2, 3, 0.363636363636364
1.7268546551462, 7, 12, 0, 11, 0.103535353535354
1.72121428571432, 13, 4, 0, 7, 0.0353535353535354
1.71874088280412, 8, 2, 2, 4, 0.590909090909091
1.71733333333333, 10, 1, 4, 76, 0.20691329301129
1.71353186284939, 11, 8, 0, 7, 0.0353535353535354
1.7119831020427, 10, 13, 0, 4, 0.0126262626262626
1.70448089605018, 9, 2, 3, 3, 0.800505050505051
1.70389164039921, 8, 2, 4, 3, 0.000573791508306289
1.7, 11, 1, 0, 12, 0.132575757575758
1.69999999999999, 11, 1, 0, 12, 0.132575757575758
1.6992573122789, 10, 3, 2, 5, 0.863636363636364
1.69479353314795, 12, 2, 0, 6, 0.026010101010101
1.69412834335249, 10, 6, 3, 2, 0.400252525252525
1.69000000000001, 8, 1, 0, 18, 0.558080808080808
1.69, 8, 1, 0, 18, 0.558080808080808
1.6826784369636, 8, 2, 3, 3, 0.800505050505051
1.6814999256616, 6, 2, 4, 51, 0.0718603446010522
1.67584307141212, 14, 2, 0, 7, 0.0353535353535354
1.67584307141212, 14, 2, 0, 7, 0.0353535353535354
1.67479999999998, 11, 4, 2, 1, 0.0454545454545454
1.65000000000001, 8, 1, 0, 12, 0.132575757575758
1.65000000000001, 8, 1, 0, 12, 0.132575757575758
1.65000000000001, 13, 1, 0, 2, 0.00416666666666667
1.64999999999999, 13, 1, 0, 2, 0.00416666666666667
1.64340349326225, 11, 6, 0, 5, 0.0184343434343434
1.64267139614549, 14, 7, 0, 12, 0.132575757575758
1.64095913687357, 10, 2, 4, 70, 0.136274845408473
1.63341666454093, 10, 2, 0, 8, 0.0467171717171717
1.63341666454093, 10, 2, 0, 8, 0.0467171717171717
1.63333333333333, 14, 1, 1, 10, 0.240990990990991
1.63015994504477, 10, 14, 1, 16, 0.414414414414414
1.61999999999999, 15, 1, 0, 8, 0.0467171717171717
1.61552716991534, 15, 5, 0, 9, 0.0618686868686869
1.61516706195561, 11, 19, 0, 3, 0.00795454545454546
1.61333333333333, 14, 1, 0, 8, 0.0467171717171717
1.61300000000003, 14, 1, 4, 69, 0.110861739138859
1.61225062671204, 12, 3, 0, 9, 0.0618686868686869
1.61078924754295, 10, 2, 2, 5, 0.863636363636364
1.61, 9, 1, 0, 12, 0.132575757575758
1.60935294117647, 7, 4, 2, 5, 0.863636363636364
1.60371428571429, 12, 1, 0, 7, 0.0353535353535354
1.59536313133825, 9, 3, 0, 19, 0.70959595959596
1.59169736445096, 10, 2, 3, 3, 0.800505050505051
1.58603253484015, 11, 23, 4, 27, 0.0352394625411507
1.58179540001226, 8, 3, 0, 17, 0.444444444444444
1.57866666666666, 10, 1, 4, 23, 0.0296164402178925
1.57166267231728, 12, 2, 4, 66, 0.0931101613156405
1.56659507371879, 10, 2, 1, 18, 0.475225225225225
1.56659507371879, 10, 2, 1, 18, 0.475225225225225
1.56496872812207, 7, 2, 1, 5, 0.141891891891892
1.5575, 15, 1, 0, 9, 0.0618686868686869
1.55500000000001, 15, 1, 0, 11, 0.103535353535354
1.55500000000001, 15, 1, 0, 11, 0.103535353535354
1.54898398324737, 9, 13, 4, 22, 0.0286232599694077
1.54526401915297, 13, 2, 4, 44, 0.0639293827209357
1.54384980559063, 14, 2, 0, 7, 0.0353535353535354
1.54039999999999, 14, 1, 4, 91, 0.438747575486957
1.5242047106606, 12, 3, 0, 7, 0.0353535353535354
1.52410393346399, 13, 5, 1, 6, 0.164414414414414
1.52000000000001, 11, 1, 0, 15, 0.275252525252525
1.51000000000001, 14, 1, 0, 6, 0.026010101010101
1.51000000000001, 14, 1, 0, 6, 0.026010101010101
1.504, 7, 1, 0, 14, 0.217171717171717
1.49666666666667, 11, 1, 0, 14, 0.217171717171717
1.496, 12, 1, 3, 1, 0.0997474747474748
1.496, 12, 1, 3, 1, 0.0997474747474748
1.49000000000001, 8, 1, 2, 3, 0.363636363636364
1.48952043456947, 9, 2, 4, 25, 0.0319165363830463
1.48763378096629, 11, 11, 0, 9, 0.0618686868686869
1.48523356749034, 12, 3, 0, 4, 0.0126262626262626
1.48450000000001, 9, 1, 1, 13, 0.326576576576577
1.4845, 9, 1, 1, 13, 0.326576576576577
1.48234681614435, 13, 3, 0, 9, 0.0618686868686869
1.47775000000003, 13, 1, 0, 9, 0.0618686868686869
1.47455334103438, 15, 2, 4, 17, 0.0191899869089483
1.47313912747196, 11, 2, 4, 71, 0.160308462840372
1.47261904761911, 11, 9, 0, 12, 0.132575757575758
1.47078210486803, 8, 2, 3, 2, 0.400252525252525
1.46701086870169, 11, 2, 0, 7, 0.0353535353535354
1.45977242061907, 13, 3, 0, 11, 0.103535353535354
1.4547112905621, 6, 5, 0, 15, 0.275252525252525
1.45421830990304, 11, 7, 0, 2, 0.00416666666666667
1.45033333333333, 11, 4, 2, 5, 0.863636363636364
1.44828315026216, 8, 3, 1, 24, 0.743243243243243
1.44828315026216, 8, 3, 1, 24, 0.743243243243243
1.43771717393318, 8, 5, 4, 73, 0.179360578437554
1.43249999999999, 15, 1, 0, 6, 0.026010101010101
1.4283645659751, 11, 3, 0, 4, 0.0126262626262626
1.42599867539282, 13, 2, 0, 7, 0.0353535353535354
1.42029468069126, 10, 8, 0, 8, 0.0467171717171717
1.42000000000002, 7, 4, 0, 17, 0.444444444444444
1.41845620306023, 16, 2, 0, 8, 0.0467171717171717
1.40714249456124, 12, 2, 0, 7, 0.0353535353535354
1.40666666666669, 12, 1, 0, 7, 0.0353535353535354
1.40478547195728, 9, 2, 0, 14, 0.217171717171717
1.40249999999998, 9, 4, 4, 102, 0.786411515216059
1.39780868504957, 7, 2, 0, 14, 0.217171717171717
1.39733333333334, 14, 1, 2, 5, 0.863636363636364
1.39131017390091, 11, 6, 4, 101, 0.73090184972689
1.39131017390081, 11, 6, 4, 101, 0.73090184972689
1.39131017390074, 13, 6, 1, 6, 0.164414414414414
1.38991833249509, 8, 10, 0, 15, 0.275252525252525
1.38708402172807, 8, 3, 0, 5, 0.0184343434343434
1.38634252621773, 10, 10, 3, 3, 0.800505050505051
1.38380000000001, 8, 4, 4, 5, 0.00604237658698964
1.38379312519368, 12, 3, 0, 6, 0.026010101010101
1.37906272518694, 8, 6, 3, 2, 0.400252525252525
1.37900000000002, 14, 4, 0, 6, 0.026010101010101
1.37650000000001, 10, 1, 2, 4, 0.590909090909091
1.37649999999999, 10, 1, 2, 4, 0.590909090909091
1.37349999999999, 13, 1, 0, 9, 0.0618686868686869
1.36699999999999, 13, 1, 0, 10, 0.0808080808080808
1.36543338663348, 7, 3, 0, 3, 0.00795454545454546
1.36377785947714, 11, 5, 0, 12, 0.132575757575758
1.3524430055767, 13, 3, 0, 9, 0.0618686868686869
1.352, 9, 1, 4, 9, 0.0079337803296631
1.35199999999999, 9, 1, 4, 9, 0.0079337803296631
1.35000000000001, 11, 1, 0, 3, 0.00795454545454546
1.34999999999999, 11, 1, 0, 3, 0.00795454545454546
1.34283217970717, 11, 7, 2, 5, 0.863636363636364
1.34, 9, 1, 0, 15, 0.275252525252525
1.34, 9, 1, 0, 15, 0.275252525252525
1.33788487015194, 8, 13, 0, 16, 0.351010101010101
1.33500000000001, 8, 1, 0, 19, 0.70959595959596
1.33499999999999, 8, 1, 0, 19, 0.70959595959596
1.33160386142048, 12, 6, 0, 5, 0.0184343434343434
1.33, 13, 1, 0, 9, 0.0618686868686869
1.32500000000002, 9, 1, 0, 3, 0.00795454545454546
1.32499999999999, 9, 1, 0, 3, 0.00795454545454546
1.32000000000001, 10, 1, 0, 19, 0.70959595959596
1.31999999999999, 13, 1, 0, 8, 0.0467171717171717
1.31999999999999, 13, 1, 0, 8, 0.0467171717171717
1.31999999999999, 10, 1, 0, 19, 0.70959595959596
1.315, 13, 1, 0, 4, 0.0126262626262626
1.315, 13, 1, 0, 4, 0.0126262626262626
1.315, 11, 1, 0, 3, 0.00795454545454546
1.315, 11, 1, 0, 3, 0.00795454545454546
1.31479434893828, 9, 2, 0, 12, 0.132575757575758
1.31226617202828, 10, 10, 3, 2, 0.400252525252525
1.31022222222225, 10, 4, 3, 2, 0.400252525252525
1.30408992053206, 11, 3, 0, 18, 0.558080808080808
1.303079557561, 10, 3, 4, 41, 0.0589841673467433
1.303079557561, 10, 3, 4, 41, 0.0589841673467433
1.30201928642482, 10, 2, 4, 52, 0.0736969911266934
1.30000000000001, 10, 1, 0, 15, 0.275252525252525
1.3, 10, 1, 0, 15, 0.275252525252525
1.29999999999998, 13, 1, 0, 4, 0.0126262626262626
1.29433333333333, 10, 1, 0, 9, 0.0618686868686869
1.29365185618081, 12, 2, 4, 65, 0.0928774452980315
1.29365185618081, 12, 2, 4, 65, 0.0928774452980315
1.28860000000002, 9, 1, 4, 63, 0.0888584396739231
1.2885, 12, 1, 4, 25, 0.0319165363830463
1.2885, 12, 1, 4, 25, 0.0319165363830463
1.28700000000001, 11, 1, 4, 86, 0.339097714835584
1.28700000000001, 11, 1, 4, 86, 0.339097714835584
1.28523728548469, 9, 2, 1, 17, 0.436936936936937
1.2821794862981, 6, 41, 0, 5, 0.0184343434343434
1.28009897620806, 8, 8, 4, 3, 0.000573791508306289
1.2795, 9, 1, 4, 87, 0.357350407816721
1.2795, 9, 1, 4, 87, 0.357350407816721
1.27779161577049, 7, 3, 1, 5, 0.141891891891892
1.26100000000002, 7, 4, 0, 9, 0.0618686868686869
1.26066666666671, 10, 9, 3, 2, 0.400252525252525
1.26066666666662, 10, 9, 3, 2, 0.400252525252525
1.26041702636759, 11, 7, 0, 6, 0.026010101010101
1.26006696250639, 12, 3, 0, 8, 0.0467171717171717
1.25193255609076, 12, 2, 0, 4, 0.0126262626262626
1.25125, 10, 1, 2, 4, 0.590909090909091
1.24600000000004, 11, 4, 0, 7, 0.0353535353535354
1.24421211033735, 8, 5, 3, 1, 0.0997474747474748
1.23940946683409, 9, 29, 2, 4, 0.590909090909091
1.239, 10, 1, 3, 1, 0.0997474747474748
1.239, 8, 1, 4, 27, 0.0352394625411507
1.239, 8, 1, 4, 27, 0.0352394625411507
1.23899999999999, 10, 1, 3, 1, 0.0997474747474748
1.23666666666668, 14, 1, 3, 1, 0.0997474747474748
1.23345623112635, 10, 23, 0, 5, 0.0184343434343434
1.22800877666065, 9, 2, 3, 3, 0.800505050505051
1.22570926212791, 10, 5, 4, 29, 0.0366148142052202
1.22500000000001, 14, 1, 0, 11, 0.103535353535354
1.22499999999999, 14, 1, 0, 11, 0.103535353535354
1.21533333333333, 8, 1, 4, 95, 0.534067194388448
1.21533333333332, 8, 4, 2, 4, 0.590909090909091
1.21474496637496, 8, 3, 2, 4, 0.590909090909091
1.21433804555771, 10, 2, 4, 76, 0.20691329301129
1.214, 10, 1, 3, 1, 0.0997474747474748
1.20666206260633, 8, 3, 4, 87, 0.357350407816721
1.20500000000001, 14, 1, 0, 6, 0.026010101010101
1.20499999999998, 14, 1, 0, 6, 0.026010101010101
1.19550000000001, 9, 1, 4, 89, 0.391602757964068
1.19329999999997, 9, 4, 4, 42, 0.0614175149797577
1.18774669628378, 10, 5, 1, 12, 0.313063063063063
1.18000000000001, 14, 1, 0, 5, 0.0184343434343434
1.17662568389441, 9, 2, 2, 4, 0.590909090909091
1.17599999999999, 12, 1, 0, 11, 0.103535353535354
1.17189838180785, 10, 5, 3, 2, 0.400252525252525
1.17000000000002, 17, 1, 0, 8, 0.0467171717171717
1.17000000000002, 14, 1, 0, 6, 0.026010101010101
1.16999999999999, 17, 1, 0, 8, 0.0467171717171717
1.16999999999999, 14, 1, 0, 6, 0.026010101010101
1.16800000000002, 12, 1, 4, 60, 0.0833233322906506
1.16740626896782, 7, 7, 4, 90, 0.412079181780135
1.16303030890998, 7, 39, 4, 4, 0.00326307504602002
1.15816463999434, 16, 3, 0, 8, 0.0467171717171717
1.15611958724, 9, 2, 0, 14, 0.217171717171717
1.15611958724, 9, 2, 0, 14, 0.217171717171717
1.155, 13, 1, 0, 9, 0.0618686868686869
1.155, 13, 1, 0, 9, 0.0618686868686869
1.155, 17, 1, 0, 6, 0.026010101010101
1.155, 17, 1, 0, 6, 0.026010101010101
1.15494107593802, 14, 2, 1, 10, 0.240990990990991
1.15258405333409, 8, 2, 0, 14, 0.217171717171717
1.15258405333407, 8, 2, 0, 14, 0.217171717171717
1.14999999999998, 13, 1, 0, 2, 0.00416666666666667
1.14551298552225, 15, 2, 0, 8, 0.0467171717171717
1.14130601213403, 7, 3, 0, 14, 0.217171717171717
1.1407989403143, 14, 2, 0, 8, 0.0467171717171717
1.1405632380539, 14, 2, 4, 69, 0.110861739138859
1.13844191771033, 9, 2, 0, 12, 0.132575757575758
1.13500000000001, 15, 1, 3, 1, 0.0997474747474748
1.13500000000001, 10, 1, 0, 11, 0.103535353535354
1.13500000000001, 10, 1, 0, 11, 0.103535353535354
1.13499999999999, 15, 1, 3, 1, 0.0997474747474748
1.13258281981939, 11, 6, 0, 8, 0.0467171717171717
1.13, 13, 1, 0, 6, 0.026010101010101
1.12866666666665, 17, 1, 2, 1, 0.0454545454545454
1.12666666666667, 11, 1, 0, 2, 0.00416666666666667
1.12549999999993, 10, 4, 3, 3, 0.800505050505051
1.125, 13, 1, 0, 11, 0.103535353535354
1.125, 13, 1, 0, 11, 0.103535353535354
1.125, 14, 1, 0, 7, 0.0353535353535354
1.125, 14, 1, 0, 7, 0.0353535353535354
1.125, 11, 1, 0, 12, 0.132575757575758
1.125, 11, 1, 0, 12, 0.132575757575758
1.12442275439988, 12, 5, 0, 4, 0.0126262626262626
1.12, 13, 1, 0, 5, 0.0184343434343434
1.12, 13, 1, 0, 5, 0.0184343434343434
1.11945016513569, 15, 5, 0, 9, 0.0618686868686869
1.11866666666667, 9, 1, 3, 3, 0.800505050505051
1.11628590523318, 10, 2, 4, 23, 0.0296164402178925
1.11122606310927, 10, 3, 2, 4, 0.590909090909091
1.11024456765166, 11, 3, 2, 5, 0.863636363636364
1.10461540252705, 9, 3, 0, 19, 0.70959595959596
1.09266666666667, 13, 4, 4, 44, 0.0639293827209357
1.08666666666667, 17, 1, 0, 6, 0.026010101010101
1.084, 13, 1, 1, 6, 0.164414414414414
1.084, 13, 1, 1, 6, 0.164414414414414
1.08357043149024, 14, 2, 0, 4, 0.0126262626262626
1.07525000000001, 13, 1, 4, 32, 0.0409687585124503
1.07480230740354, 11, 2, 0, 15, 0.275252525252525
1.07352509053116, 9, 3, 0, 12, 0.132575757575758
1.06999999999999, 14, 1, 0, 12, 0.132575757575758
1.06999999999999, 14, 1, 0, 12, 0.132575757575758
1.06959999999999, 10, 1, 4, 37, 0.0486682110506046
1.06599999999999, 10, 1, 4, 60, 0.0833233322906506
1.06533333333331, 13, 1, 1, 7, 0.184684684684685
1.06525636585755, 10, 2, 0, 11, 0.103535353535354
1.06525636585751, 10, 2, 0, 11, 0.103535353535354
1.065, 11, 1, 0, 7, 0.0353535353535354
1.065, 14, 1, 0, 14, 0.217171717171717
1.065, 14, 1, 0, 14, 0.217171717171717
1.06499999999998, 11, 1, 0, 7, 0.0353535353535354
1.06447854839819, 11, 8, 4, 43, 0.0622011646212767
1.06348859890458, 7, 2, 0, 14, 0.217171717171717
1.06333333333333, 11, 1, 0, 7, 0.0353535353535354
1.062, 9, 1, 0, 11, 0.103535353535354
1.05933333333331, 10, 1, 4, 86, 0.339097714835584
1.05875, 12, 4, 0, 7, 0.0353535353535354
1.05875, 12, 4, 0, 7, 0.0353535353535354
1.05830314917585, 11, 2, 0, 14, 0.217171717171717
1.0575, 15, 1, 0, 7, 0.0353535353535354
1.057, 11, 1, 1, 10, 0.240990990990991
1.05566666666667, 11, 1, 4, 19, 0.0217556379075293
1.05500000000001, 13, 1, 0, 11, 0.103535353535354
1.05500000000001, 13, 1, 0, 11, 0.103535353535354
1.05358910396794, 8, 2, 2, 3, 0.363636363636364
1.0525838117716, 14, 7, 4, 58, 0.081739484313027
1.05200000000001, 8, 1, 1, 23, 0.698198198198198
1.05199999999999, 8, 1, 1, 23, 0.698198198198198
1.04939184927905, 9, 3, 1, 17, 0.436936936936937
1.04757869632786, 13, 2, 4, 12, 0.0115508595340253
1.04757869632786, 13, 2, 4, 12, 0.0115508595340253
1.04700000000001, 8, 1, 0, 15, 0.275252525252525
1.04518421052637, 13, 16, 0, 5, 0.0184343434343434
1.04266666666666, 15, 4, 4, 17, 0.0191899869089483
1.04166666666669, 11, 4, 4, 71, 0.160308462840372
1.04056657120812, 12, 6, 0, 8, 0.0467171717171717
1.03999999999999, 8, 4, 3, 2, 0.400252525252525
1.03799999999998, 14, 1, 0, 7, 0.0353535353535354
1.02954747340763, 8, 2, 3, 1, 0.0997474747474748
1.027, 9, 1, 4, 48, 0.067745494454136
1.02433333333333, 10, 1, 4, 63, 0.0888584396739231
1.02337377770238, 12, 5, 2, 2, 0.181818181818182
1.02266666666665, 11, 1, 4, 21, 0.0272340315353993
1.0190232251197, 15, 3, 0, 7, 0.0353535353535354
1.01333333333334, 14, 1, 0, 7, 0.0353535353535354
1.01133333333333, 11, 1, 1, 2, 0.0788288288288288
1.00966666666666, 8, 1, 4, 32, 0.0409687585124503
1.00574416892831, 8, 3, 3, 3, 0.800505050505051
1.00409162928491, 11, 2, 0, 5, 0.0184343434343434
1.00409162928491, 11, 2, 0, 5, 0.0184343434343434
1.0039945218974, 9, 5, 0, 9, 0.0618686868686869
1, 13, 1, 0, 5, 0.0184343434343434
1, 14, 1, 2, 4, 0.590909090909091
1, 14, 1, 2, 4, 0.590909090909091
0.994663538869056, 12, 2, 0, 7, 0.0353535353535354
0.992400000000032, 13, 4, 4, 39, 0.051987603372886
0.988063875577964, 14, 2, 2, 5, 0.863636363636364
0.98599999999999, 15, 1, 4, 16, 0.0186420699741554
0.984082504163124, 9, 6, 3, 3, 0.800505050505051
0.982171319068162, 11, 2, 4, 86, 0.339097714835584
0.982171319068081, 11, 2, 4, 86, 0.339097714835584
0.981000000000009, 10, 1, 2, 3, 0.363636363636364
0.980999999999995, 10, 1, 2, 3, 0.363636363636364
0.977500000000006, 9, 1, 3, 3, 0.800505050505051
0.977500000000006, 9, 1, 3, 3, 0.800505050505051
0.977399999999989, 9, 4, 0, 14, 0.217171717171717
0.97433333333332, 12, 1, 0, 7, 0.0353535353535354
0.972999999999999, 13, 1, 4, 69, 0.110861739138859
0.972499999999997, 13, 1, 4, 50, 0.0708643200456854
0.972499999999997, 13, 1, 4, 50, 0.0708643200456854
0.969008254372155, 10, 8, 4, 29, 0.0366148142052202
0.967500000000001, 10, 1, 4, 82, 0.274718983341981
0.967500000000001, 10, 1, 4, 82, 0.274718983341981
0.966614969882024, 13, 2, 0, 10, 0.0808080808080808
0.965200756319644, 12, 2, 0, 15, 0.275252525252525
0.965200756319644, 12, 2, 0, 15, 0.275252525252525
0.960710847931554, 9, 3, 2, 4, 0.590909090909091
0.959500000000006, 9, 1, 2, 3, 0.363636363636364
0.959499999999991, 9, 1, 2, 3, 0.363636363636364
0.955000000000013, 14, 1, 3, 1, 0.0997474747474748
0.954999999999984, 14, 1, 3, 1, 0.0997474747474748
0.953600000000009, 8, 1, 4, 100, 0.705914182813912
0.950000000000017, 13, 1, 0, 4, 0.0126262626262626
0.950000000000003, 10, 1, 0, 15, 0.275252525252525
0.950000000000003, 10, 1, 0, 15, 0.275252525252525
0.949999999999989, 13, 1, 0, 4, 0.0126262626262626
0.949199999999991, 7, 1, 3, 3, 0.800505050505051
0.946000000000012, 12, 1, 2, 4, 0.590909090909091
0.945999999999998, 12, 1, 2, 4, 0.590909090909091
0.944999999999993, 9, 4, 0, 8, 0.0467171717171717
0.938000000000002, 11, 1, 4, 60, 0.0833233322906506
0.938000000000002, 11, 1, 4, 60, 0.0833233322906506
0.935000000000002, 15, 1, 0, 5, 0.0184343434343434
0.935000000000002, 15, 1, 0, 5, 0.0184343434343434
0.930000000000007, 10, 1, 0, 12, 0.132575757575758
0.929999999999993, 10, 1, 0, 12, 0.132575757575758
0.929845417260349, 13, 2, 0, 9, 0.0618686868686869
0.929845417260268, 13, 2, 0, 9, 0.0618686868686869
0.928333333333342, 12, 1, 2, 5, 0.863636363636364
0.92829166666678, 14, 9, 4, 58, 0.081739484313027
0.925599999999974, 9, 4, 0, 15, 0.275252525252525
0.924000000000007, 10, 1, 0, 8, 0.0467171717171717
0.920666666666676, 10, 4, 4, 52, 0.0736969911266934
0.920000000000016, 13, 4, 0, 9, 0.0618686868686869
0.919545687947184, 9, 5, 4, 61, 0.084023548930301
0.919499999999999, 13, 1, 4, 87, 0.357350407816721
0.919499999999999, 13, 1, 4, 87, 0.357350407816721
0.91923881554252, 13, 2, 0, 4, 0.0126262626262626
0.91782460198014, 12, 2, 4, 88, 0.375097158937352
0.915231877115784, 10, 2, 0, 9, 0.0618686868686869
0.909999999999997, 10, 1, 0, 16, 0.351010101010101
0.909399999999977, 11, 4, 4, 43, 0.0622011646212767
0.904625393210261, 8, 3, 4, 7, 0.00691788872168195
0.902500000000003, 8, 1, 4, 47, 0.0673431543170252
0.902500000000003, 8, 1, 4, 47, 0.0673431543170252
0.899223044262861, 15, 3, 0, 9, 0.0618686868686869
0.89500000000001, 14, 1, 0, 8, 0.0467171717171717
0.894999999999982, 14, 1, 0, 8, 0.0467171717171717
0.892708392266228, 7, 13, 2, 5, 0.863636363636364
0.888597521691131, 12, 2, 3, 1, 0.0997474747474748
0.887243026177173, 12, 3, 1, 6, 0.164414414414414
0.884731552506188, 14, 3, 0, 4, 0.0126262626262626
0.88333333333334, 8, 1, 0, 2, 0.00416666666666667
0.88000000000001, 11, 1, 0, 14, 0.217171717171717
0.879999999999995, 11, 1, 0, 14, 0.217171717171717
0.878333333333316, 13, 1, 0, 4, 0.0126262626262626
0.877943779521221, 10, 2, 4, 39, 0.051987603372886
0.87700000000001, 13, 1, 3, 3, 0.800505050505051
0.876999999999995, 13, 1, 3, 3, 0.800505050505051
0.876341004150519, 13, 2, 2, 4, 0.590909090909091
0.874455386067372, 14, 2, 3, 1, 0.0997474747474748
0.870333333333335, 9, 1, 0, 15, 0.275252525252525
0.865000000000009, 13, 1, 0, 7, 0.0353535353535354
0.865000000000009, 14, 1, 0, 7, 0.0353535353535354
0.864999999999981, 13, 1, 0, 7, 0.0353535353535354
0.864999999999981, 14, 1, 0, 7, 0.0353535353535354
0.863, 12, 1, 4, 98, 0.624936765886549
0.863, 12, 1, 4, 98, 0.624936765886549
0.860960706936651, 8, 5, 4, 82, 0.274718983341981
0.860000000000014, 10, 1, 0, 14, 0.217171717171717
0.859999999999985, 10, 1, 0, 14, 0.217171717171717
0.859975023862132, 9, 6, 4, 25, 0.0319165363830463
0.859370441402061, 8, 2, 4, 95, 0.534067194388448
0.856999999999999, 10, 1, 4, 88, 0.375097158937352
0.852666666666693, 15, 1, 0, 10, 0.0808080808080808
0.852666666666664, 10, 1, 1, 26, 0.943693693693694
0.852500000000006, 10, 1, 0, 5, 0.0184343434343434
0.852399999999989, 9, 1, 4, 69, 0.110861739138859
0.852000000000004, 9, 1, 3, 3, 0.800505050505051
0.85199999999999, 9, 1, 3, 3, 0.800505050505051
0.847500000000011, 9, 1, 3, 3, 0.800505050505051
0.847499999999997, 9, 1, 3, 3, 0.800505050505051
0.845699710299109, 9, 2, 4, 22, 0.0286232599694077
0.845699710299109, 9, 2, 4, 22, 0.0286232599694077
0.838204378418544, 16, 2, 0, 7, 0.0353535353535354
0.837500000000006, 6, 1, 0, 7, 0.0353535353535354
0.836790164856124, 14, 2, 0, 6, 0.026010101010101
0.831557574675371, 12, 2, 0, 11, 0.103535353535354
0.831333333333333, 14, 1, 4, 15, 0.0180125300509641
0.830000000000013, 10, 1, 0, 12, 0.132575757575758
0.829999999999998, 10, 1, 0, 12, 0.132575757575758
0.828666666666663, 10, 1, 4, 6, 0.00648491626136443
0.827054260614174, 15, 3, 0, 6, 0.026010101010101
0.825900720425872, 12, 2, 4, 60, 0.0833233322906506
0.825500000000005, 15, 1, 4, 56, 0.078725036164931
0.825500000000005, 15, 1, 4, 56, 0.078725036164931
0.814999999999998, 10, 1, 0, 12, 0.132575757575758
0.814999999999998, 10, 1, 0, 12, 0.132575757575758
0.813172798364554, 13, 2, 0, 2, 0.00416666666666667
0.811999999999998, 12, 1, 1, 6, 0.164414414414414
0.810000000000002, 11, 1, 4, 71, 0.160308462840372
0.810000000000002, 11, 1, 4, 71, 0.160308462840372
0.809500000000014, 12, 1, 4, 56, 0.078725036164931
0.8095, 12, 1, 4, 56, 0.078725036164931
0.808000000000007, 12, 1, 3, 1, 0.0997474747474748
0.807999999999993, 12, 1, 3, 1, 0.0997474747474748
0.807262581196531, 9, 14, 1, 6, 0.164414414414414
0.802666666666681, 9, 1, 3, 3, 0.800505050505051
0.802500000000009, 9, 1, 0, 14, 0.217171717171717
0.799999999999997, 11, 1, 0, 4, 0.0126262626262626
0.799999999999997, 11, 1, 0, 4, 0.0126262626262626
0.799030662740795, 13, 2, 0, 6, 0.026010101010101
0.798087853699222, 17, 2, 2, 1, 0.0454545454545454
0.798043758198831, 9, 6, 0, 14, 0.217171717171717
0.796673640136843, 11, 2, 0, 2, 0.00416666666666667
0.795000000000016, 14, 1, 0, 3, 0.00795454545454546
0.795000000000002, 11, 1, 1, 22, 0.632882882882883
0.795000000000002, 11, 1, 1, 22, 0.632882882882883
0.794999999999987, 14, 1, 0, 3, 0.00795454545454546
0.793333333333337, 15, 1, 0, 8, 0.0467171717171717
0.792990594731963, 13, 3, 0, 9, 0.0618686868686869
0.791016785887343, 9, 2, 3, 3, 0.800505050505051
0.790000000000006, 10, 1, 3, 2, 0.400252525252525
0.789999999999992, 10, 1, 3, 2, 0.400252525252525
0.789484721194782, 13, 2, 3, 2, 0.400252525252525
0.789484721194782, 13, 2, 3, 2, 0.400252525252525
0.783428571428601, 8, 4, 4, 7, 0.00691788872168195
0.771333333333331, 17, 1, 3, 2, 0.400252525252525
0.770199999999988, 14, 4, 4, 91, 0.438747575486957
0.77000000000001, 8, 1, 0, 3, 0.00795454545454546
0.77000000000001, 15, 1, 0, 4, 0.0126262626262626
0.769999999999982, 8, 1, 0, 3, 0.00795454545454546
0.769999999999982, 15, 1, 0, 4, 0.0126262626262626
0.768389368889366, 17, 2, 0, 6, 0.026010101010101
0.768031676731176, 9, 6, 0, 20, 0.898989898989899
0.767875858022193, 13, 3, 0, 9, 0.0618686868686869
0.766687195703274, 10, 12, 1, 12, 0.313063063063063
0.763333333333321, 7, 1, 0, 5, 0.0184343434343434
0.760000000000005, 16, 1, 4, 40, 0.0550596271875607
0.760000000000005, 16, 1, 4, 40, 0.0550596271875607
0.759500000000003, 9, 1, 3, 1, 0.0997474747474748
0.756666666666689, 11, 1, 0, 7, 0.0353535353535354
0.755000000000024, 14, 1, 0, 7, 0.0353535353535354
0.754999999999995, 14, 1, 0, 7, 0.0353535353535354
0.753775828744861, 10, 2, 4, 60, 0.0833233322906506
0.753304424224075, 13, 2, 1, 7, 0.184684684684685
0.751890210661695, 11, 2, 0, 7, 0.0353535353535354
0.749400649408152, 12, 3, 4, 88, 0.375097158937352
0.749061783536976, 10, 2, 4, 86, 0.339097714835584
0.748000000000005, 15, 1, 1, 6, 0.164414414414414
0.746469058672619, 11, 2, 4, 19, 0.0217556379075293
0.745000000000005, 12, 1, 0, 15, 0.275252525252525
0.74499999999999, 12, 1, 0, 15, 0.275252525252525
0.744, 10, 1, 0, 14, 0.217171717171717
0.744, 11, 1, 1, 2, 0.0788288288288288
0.744, 11, 1, 1, 2, 0.0788288288288288
0.740340799902293, 8, 2, 0, 15, 0.275252525252525
0.736666666666665, 9, 1, 3, 2, 0.400252525252525
0.731000000000023, 16, 1, 3, 2, 0.400252525252525
0.730999999999995, 16, 1, 3, 2, 0.400252525252525
0.729500000000002, 10, 1, 4, 98, 0.624936765886549
0.729500000000002, 10, 1, 4, 98, 0.624936765886549
0.728999999999999, 5, 1, 0, 12, 0.132575757575758
0.727468221200833, 10, 7, 2, 4, 0.590909090909091
0.724313046195408, 10, 2, 4, 63, 0.0888584396739231
0.723634537901799, 12, 10, 2, 2, 0.181818181818182
0.723134534893452, 11, 2, 4, 21, 0.0272340315353993
0.72280359826628, 12, 6, 0, 4, 0.0126262626262626
0.722409524323527, 10, 3, 2, 4, 0.590909090909091
0.719999999999999, 12, 1, 0, 14, 0.217171717171717
0.719999999999999, 12, 1, 0, 14, 0.217171717171717
0.718750275953788, 10, 6, 4, 41, 0.0589841673467433
0.718000000000004, 11, 1, 0, 12, 0.132575757575758
0.717333333333343, 11, 1, 0, 9, 0.0618686868686869
0.716838094225834, 10, 3, 4, 39, 0.051987603372886
0.71653487160236, 14, 2, 0, 7, 0.0353535353535354
0.71512065804, 11, 2, 1, 2, 0.0788288288288288
0.713942146738023, 8, 2, 4, 32, 0.0409687585124503
0.713000000000008, 9, 1, 4, 90, 0.412079181780135
0.712999999999994, 9, 1, 4, 90, 0.412079181780135
0.707106781186507, 13, 2, 0, 5, 0.0184343434343434
0.706666666666678, 10, 1, 0, 6, 0.026010101010101
0.706000000000003, 6, 1, 1, 23, 0.698198198198198
0.704999999999998, 13, 1, 0, 8, 0.0467171717171717
0.704999999999998, 13, 1, 0, 8, 0.0467171717171717
0.703333333333347, 14, 1, 0, 10, 0.0808080808080808
0.703333333333333, 14, 1, 0, 6, 0.026010101010101
0.702500000000001, 14, 1, 4, 50, 0.0708643200456854
0.702499999999986, 14, 1, 4, 50, 0.0708643200456854
0.700903226796213, 10, 3, 3, 1, 0.0997474747474748
0.700601398799616, 13, 2, 1, 10, 0.240990990990991
0.700000000000003, 13, 1, 0, 1, 0.00126262626262626
0.700000000000003, 13, 1, 0, 1, 0.00126262626262626
0.700000000000003, 12, 1, 0, 11, 0.103535353535354
0.699999999999989, 12, 1, 0, 11, 0.103535353535354
0.698621499812268, 13, 2, 0, 6, 0.026010101010101
0.697207286249969, 15, 2, 4, 16, 0.0186420699741554
0.69375031976412, 9, 2, 0, 15, 0.275252525252525
0.6933333333333, 14, 1, 0, 10, 0.0808080808080808
0.69225753878164, 12, 2, 3, 1, 0.0997474747474748
0.69022224681617, 9, 3, 4, 89, 0.391602757964068
0.689999999999998, 14, 1, 0, 10, 0.0808080808080808
0.689999999999998, 14, 1, 0, 10, 0.0808080808080808
0.689999999999998, 11, 1, 0, 7, 0.0353535353535354
0.689999999999998, 11, 1, 0, 7, 0.0353535353535354
0.688957707136113, 12, 2, 0, 7, 0.0353535353535354
0.6880148980945, 13, 2, 4, 69, 0.110861739138859
0.687255492884559, 12, 5, 1, 6, 0.164414414414414
0.686666666666667, 15, 1, 3, 1, 0.0997474747474748
0.686666666666667, 12, 1, 0, 1, 0.00126262626262626
0.685000000000002, 12, 1, 0, 5, 0.0184343434343434
0.685000000000002, 12, 1, 0, 5, 0.0184343434343434
0.685000000000002, 11, 1, 0, 5, 0.0184343434343434
0.685000000000002, 11, 1, 0, 5, 0.0184343434343434
0.684391009097408, 16, 3, 0, 7, 0.0353535353535354
0.683236308559039, 14, 3, 0, 6, 0.026010101010101
0.682358043845001, 13, 2, 0, 7, 0.0353535353535354
0.682358043845001, 13, 2, 0, 7, 0.0353535353535354
0.682000000000002, 13, 1, 4, 65, 0.0928774452980315
0.681273317643754, 14, 3, 0, 5, 0.0184343434343434
0.680943830282641, 13, 2, 4, 39, 0.051987603372886
0.680943830282621, 13, 2, 4, 39, 0.051987603372886
0.676000000000016, 13, 1, 3, 1, 0.0997474747474748
0.675999999999988, 13, 1, 3, 1, 0.0997474747474748
0.675711240101827, 16, 2, 4, 69, 0.110861739138859
0.6755, 14, 1, 4, 17, 0.0191899869089483
0.6755, 14, 1, 4, 17, 0.0191899869089483
0.669499999999999, 14, 1, 4, 24, 0.0306244453386102
0.669499999999999, 14, 1, 4, 24, 0.0306244453386102
0.665500000000009, 11, 1, 2, 2, 0.181818181818182
0.665499999999994, 11, 1, 2, 2, 0.181818181818182
0.663499999999999, 12, 1, 4, 45, 0.0660434784542375
0.663499999999999, 12, 1, 4, 70, 0.136274845408473
0.663499999999999, 12, 1, 4, 70, 0.136274845408473
0.662000000000006, 11, 1, 4, 101, 0.73090184972689
0.662000000000006, 11, 1, 4, 101, 0.73090184972689
0.659999999999997, 11, 1, 0, 1, 0.00126262626262626
0.659999999999997, 11, 1, 0, 1, 0.00126262626262626
0.658333333333331, 10, 1, 1, 13, 0.326576576576577
0.656430795201497, 12, 2, 2, 5, 0.863636363636364
0.654713615535346, 12, 6, 0, 7, 0.0353535353535354
0.65442732598819, 14, 2, 4, 16, 0.0186420699741554
0.654427325988109, 14, 2, 4, 16, 0.0186420699741554
0.651142995047915, 8, 5, 3, 1, 0.0997474747474748
0.647999999999996, 12, 1, 4, 89, 0.391602757964068
0.647999999999996, 12, 1, 4, 89, 0.391602757964068
0.644299999999959, 9, 4, 4, 63, 0.0888584396739231
0.643467170879776, 10, 2, 0, 16, 0.351010101010101
0.638517423411467, 11, 2, 4, 101, 0.73090184972689
0.638517423411467, 11, 2, 4, 101, 0.73090184972689
0.637466865968952, 13, 3, 0, 8, 0.0467171717171717
0.63300000000001, 9, 1, 4, 69, 0.110861739138859
0.63000000000001, 10, 1, 0, 12, 0.132575757575758
0.63000000000001, 15, 1, 0, 8, 0.0467171717171717
0.629999999999995, 10, 1, 0, 12, 0.132575757575758
0.629999999999995, 12, 1, 0, 1, 0.00126262626262626
0.629999999999995, 12, 1, 0, 1, 0.00126262626262626
0.629999999999995, 15, 1, 0, 8, 0.0467171717171717
0.629000000000005, 10, 1, 4, 33, 0.042748691282689
0.628999999999991, 10, 1, 4, 33, 0.042748691282689
0.62833333333333, 12, 4, 3, 1, 0.0997474747474748
0.626666666666679, 11, 1, 4, 40, 0.0550596271875607
0.625, 14, 1, 0, 7, 0.0353535353535354
0.625, 14, 1, 0, 7, 0.0353535353535354
0.625, 9, 1, 0, 1, 0.00126262626262626
0.625, 9, 1, 0, 1, 0.00126262626262626
0.625, 10, 1, 0, 1, 0.00126262626262626
0.625, 10, 1, 0, 1, 0.00126262626262626
0.624610990048112, 8, 2, 0, 2, 0.00416666666666667
0.621075456142202, 13, 2, 0, 4, 0.0126262626262626
0.620795876946127, 13, 3, 4, 32, 0.0409687585124503
0.620000000000005, 12, 1, 0, 12, 0.132575757575758
0.620000000000005, 12, 1, 0, 12, 0.132575757575758
0.620000000000005, 13, 1, 0, 1, 0.00126262626262626
0.61999999999999, 13, 1, 0, 1, 0.00126262626262626
0.61966666666666, 13, 4, 2, 4, 0.590909090909091
0.619425540319439, 12, 2, 2, 5, 0.863636363636364
0.619425540319399, 12, 2, 2, 5, 0.863636363636364
0.617500000000007, 10, 1, 4, 58, 0.081739484313027
0.617499999999993, 10, 1, 4, 58, 0.081739484313027
0.616, 12, 1, 3, 1, 0.0997474747474748
0.615418601892683, 9, 2, 0, 15, 0.275252525252525
0.615000000000009, 13, 1, 0, 1, 0.00126262626262626
0.614999999999995, 13, 1, 0, 1, 0.00126262626262626
0.614666666666665, 10, 1, 4, 21, 0.0272340315353993
0.614000000000004, 13, 1, 3, 1, 0.0997474747474748
0.613145985879381, 9, 3, 0, 11, 0.103535353535354
0.610547909667966, 15, 3, 0, 7, 0.0353535353535354
0.610259234533436, 11, 3, 1, 10, 0.240990990990991
0.603999999999999, 9, 1, 4, 86, 0.339097714835584
0.602926382091728, 15, 2, 0, 10, 0.0808080808080808
0.602926382091728, 10, 2, 1, 26, 0.943693693693694
0.600000000000009, 11, 1, 4, 19, 0.0217556379075293
0.599999999999994, 11, 1, 4, 19, 0.0217556379075293
0.595030356368497, 11, 2, 3, 1, 0.0997474747474748
0.595030356368457, 11, 2, 3, 1, 0.0997474747474748
0.594999999999999, 13, 1, 0, 1, 0.00126262626262626
0.594999999999999, 13, 1, 0, 1, 0.00126262626262626
0.593333333333334, 16, 1, 0, 8, 0.0467171717171717
0.592938726457738, 9, 3, 4, 48, 0.067745494454136
0.592500000000001, 13, 1, 4, 75, 0.204510284651682
0.592500000000001, 13, 1, 4, 75, 0.204510284651682
0.587841437426396, 14, 2, 4, 15, 0.0180125300509641
0.58595581934325, 10, 2, 4, 6, 0.00648491626136443
0.585928044617641, 10, 3, 0, 14, 0.217171717171717
0.584000000000003, 14, 1, 0, 12, 0.132575757575758
0.583499999999987, 17, 1, 2, 1, 0.0454545454545454
0.583499999999987, 17, 1, 2, 1, 0.0454545454545454
0.579999999999998, 6, 1, 0, 1, 0.00126262626262626
0.579999999999998, 6, 1, 0, 1, 0.00126262626262626
0.575000000000017, 12, 1, 0, 3, 0.00795454545454546
0.575000000000003, 11, 1, 0, 18, 0.558080808080808
0.574999999999989, 10, 1, 0, 1, 0.00126262626262626
0.574999999999989, 10, 1, 0, 1, 0.00126262626262626
0.574999999999989, 12, 1, 0, 3, 0.00795454545454546
0.574999999999989, 11, 1, 0, 18, 0.558080808080808
0.574170706323485, 12, 2, 1, 6, 0.164414414414414
0.573362584287857, 15, 2, 4, 24, 0.0306244453386102
0.572958523270002, 12, 2, 1, 1, 0.0337837837837838
0.572473650048641, 9, 2, 2, 4, 0.590909090909091
0.572038646713094, 13, 3, 1, 10, 0.240990990990991
0.571342279198725, 13, 2, 4, 53, 0.0751545691169847
0.570422065959383, 13, 3, 0, 6, 0.026010101010101
0.569999999999993, 9, 1, 0, 14, 0.217171717171717
0.569999999999993, 9, 1, 0, 14, 0.217171717171717
0.568000000000012, 9, 1, 4, 19, 0.0217556379075293
0.567727764703141, 11, 3, 2, 1, 0.0454545454545454
0.567571043032372, 9, 2, 3, 3, 0.800505050505051
0.565000000000012, 9, 1, 0, 1, 0.00126262626262626
0.564999999999998, 9, 1, 0, 1, 0.00126262626262626
0.564000000000007, 8, 1, 4, 51, 0.0718603446010522
0.563999999999993, 8, 1, 4, 51, 0.0718603446010522
0.562666666666672, 17, 1, 0, 12, 0.132575757575758
0.561514376091836, 11, 3, 1, 13, 0.326576576576577
0.56097137974132, 15, 2, 0, 8, 0.0467171717171717
0.560666666666677, 9, 1, 0, 12, 0.132575757575758
0.560000000000002, 15, 1, 0, 9, 0.0618686868686869
0.560000000000002, 15, 1, 0, 9, 0.0618686868686869
0.558999999999998, 14, 1, 1, 4, 0.128378378378378
0.558999999999998, 14, 1, 1, 4, 0.128378378378378
0.558536999989391, 13, 7, 0, 9, 0.0618686868686869
0.557500000000005, 11, 4, 3, 1, 0.0997474747474748
0.557499999999976, 11, 4, 3, 1, 0.0997474747474748
0.556666666666672, 12, 1, 0, 12, 0.132575757575758
0.555333333333351, 14, 1, 4, 61, 0.084023548930301
0.552957502887888, 11, 2, 2, 5, 0.863636363636364
0.552957502887868, 11, 2, 2, 5, 0.863636363636364
0.552000000000021, 9, 1, 3, 3, 0.800505050505051
0.551999999999993, 9, 1, 3, 3, 0.800505050505051
0.551715917237609, 16, 3, 4, 69, 0.110861739138859
0.550000000000011, 11, 1, 0, 2, 0.00416666666666667
0.549999999999997, 11, 1, 0, 2, 0.00416666666666667
0.545415030555202, 17, 2, 3, 2, 0.400252525252525
0.543333333333322, 12, 1, 0, 16, 0.351010101010101
0.542666666666676, 14, 1, 3, 3, 0.800505050505051
0.540333333333336, 11, 1, 2, 5, 0.863636363636364
0.540287615350962, 12, 7, 2, 5, 0.863636363636364
0.539758176305743, 7, 2, 0, 5, 0.0184343434343434
0.536666666666662, 17, 1, 0, 6, 0.026010101010101
0.536552625564358, 14, 2, 2, 5, 0.863636363636364
0.535044131097797, 11, 2, 0, 7, 0.0353535353535354
0.53479999999999, 10, 4, 4, 37, 0.0486682110506046
0.528915872327531, 15, 2, 1, 6, 0.164414414414414
0.524500000000003, 14, 1, 4, 87, 0.357350407816721
0.524499999999989, 14, 1, 4, 87, 0.357350407816721
0.520901995474078, 9, 2, 3, 2, 0.400252525252525
0.520430590953332, 11, 2, 4, 10, 0.00844094610403909
0.520430590953292, 11, 2, 4, 10, 0.00844094610403909
0.518500000000017, 17, 1, 3, 2, 0.400252525252525
0.518499999999989, 17, 1, 3, 2, 0.400252525252525
0.516499999999994, 11, 1, 2, 4, 0.590909090909091
0.516499999999994, 11, 1, 2, 4, 0.590909090909091
0.515000000000001, 10, 1, 0, 11, 0.103535353535354
0.515000000000001, 10, 1, 0, 11, 0.103535353535354
0.512666666666661, 14, 1, 4, 38, 0.0506681897441603
0.510000000000019, 18, 1, 0, 8, 0.0467171717171717
0.509999999999991, 18, 1, 0, 8, 0.0467171717171717
0.509965410591745, 15, 2, 3, 1, 0.0997474747474748
0.507428571428534, 10, 4, 0, 14, 0.217171717171717
0.507231264371147, 11, 2, 0, 9, 0.0618686868686869
0.505392786740081, 12, 8, 2, 5, 0.863636363636364
0.505000000000024, 11, 1, 0, 1, 0.00126262626262626
0.50500000000001, 10, 1, 0, 8, 0.0467171717171717
0.504999999999995, 11, 1, 0, 1, 0.00126262626262626
0.504999999999995, 10, 1, 0, 8, 0.0467171717171717
0.504999999999995, 8, 1, 0, 4, 0.0126262626262626
0.504999999999995, 8, 1, 0, 4, 0.0126262626262626
0.50200000000001, 12, 1, 3, 3, 0.800505050505051
0.501999999999981, 12, 1, 3, 3, 0.800505050505051
0.500500000000002, 9, 1, 4, 75, 0.204510284651682
0.500499999999988, 9, 1, 4, 75, 0.204510284651682
0.5, 14, 1, 0, 6, 0.026010101010101
0.5, 14, 1, 0, 6, 0.026010101010101
0.499688792038481, 10, 2, 0, 6, 0.026010101010101
0.499217387517715, 6, 2, 1, 23, 0.698198198198198
0.497333333333359, 10, 1, 3, 1, 0.0997474747474748
0.497331769434548, 14, 2, 0, 6, 0.026010101010101
0.497331769434528, 14, 2, 0, 10, 0.0808080808080808
0.495500000000007, 11, 1, 2, 5, 0.863636363636364
0.495499999999993, 11, 1, 2, 5, 0.863636363636364
0.495000000000005, 7, 1, 0, 1, 0.00126262626262626
0.495000000000005, 13, 1, 4, 90, 0.412079181780135
0.495000000000005, 13, 1, 4, 90, 0.412079181780135
0.49499999999999, 7, 1, 0, 1, 0.00126262626262626
0.494789180695517, 10, 3, 4, 88, 0.375097158937352
0.49377971113137, 13, 5, 0, 8, 0.0467171717171717
0.492191104484176, 10, 3, 0, 5, 0.0184343434343434
0.490260701622669, 14, 2, 0, 10, 0.0808080808080808
0.490000000000009, 11, 1, 0, 11, 0.103535353535354
0.490000000000009, 16, 1, 0, 6, 0.026010101010101
0.489999999999995, 16, 1, 0, 6, 0.026010101010101
0.489999999999995, 15, 1, 0, 14, 0.217171717171717
0.489999999999995, 15, 1, 0, 14, 0.217171717171717
0.489999999999981, 11, 1, 0, 11, 0.103535353535354
0.489666666666665, 12, 1, 3, 3, 0.800505050505051
0.489499999999993, 12, 4, 3, 1, 0.0997474747474748
0.487499999999997, 11, 1, 3, 3, 0.800505050505051
0.487499999999997, 11, 1, 3, 3, 0.800505050505051
0.486489465456336, 14, 2, 3, 1, 0.0997474747474748
0.486489465456336, 14, 2, 3, 1, 0.0997474747474748
0.486285714285742, 11, 4, 1, 13, 0.326576576576577
0.485546656414763, 12, 2, 0, 1, 0.00126262626262626
0.485546656414723, 15, 2, 3, 1, 0.0997474747474748
0.485000000000014, 18, 1, 0, 7, 0.0353535353535354
0.485000000000014, 12, 1, 0, 9, 0.0618686868686869
0.484999999999985, 18, 1, 0, 7, 0.0353535353535354
0.484999999999985, 12, 1, 0, 9, 0.0618686868686869
0.483530850446315, 6, 3, 0, 7, 0.0353535353535354
0.482664825042576, 11, 3, 4, 37, 0.0486682110506046
0.482664825042502, 11, 3, 4, 37, 0.0486682110506046
0.482246824769237, 13, 2, 4, 65, 0.0928774452980315
0.482000000000014, 14, 1, 3, 1, 0.0997474747474748
0.481999999999999, 14, 1, 3, 1, 0.0997474747474748
0.481999999999999, 11, 1, 4, 34, 0.0437591097547004
0.481999999999999, 11, 1, 4, 34, 0.0437591097547004
0.476799999999969, 8, 4, 4, 100, 0.705914182813912
0.475500000000011, 10, 1, 1, 24, 0.743243243243243
0.475499999999997, 10, 1, 1, 24, 0.743243243243243
0.474599999999981, 7, 4, 3, 3, 0.800505050505051
0.467422777935931, 9, 3, 2, 4, 0.590909090909091
0.466690475583119, 12, 2, 3, 3, 0.800505050505051
0.466690475583119, 12, 2, 3, 3, 0.800505050505051
0.466499017505246, 13, 3, 4, 53, 0.0751545691169847
0.465511964281142, 10, 2, 1, 13, 0.326576576576577
0.464207712128987, 14, 5, 0, 7, 0.0353535353535354
0.463323591024647, 9, 3, 0, 14, 0.217171717171717
0.461999999999989, 10, 4, 0, 8, 0.0467171717171717
0.455000000000013, 16, 1, 4, 6, 0.00648491626136443
0.45150000000001, 10, 1, 4, 21, 0.0272340315353993
0.451499999999996, 10, 1, 4, 21, 0.0272340315353993
0.450000000000003, 9, 1, 0, 11, 0.103535353535354
0.450000000000003, 9, 1, 0, 11, 0.103535353535354
0.450000000000003, 10, 1, 2, 3, 0.363636363636364
0.449999999999989, 10, 1, 2, 3, 0.363636363636364
0.447598592491071, 9, 2, 4, 69, 0.110861739138859
0.446666666666658, 15, 1, 0, 7, 0.0353535353535354
0.4465, 14, 1, 4, 58, 0.081739484313027
0.4465, 14, 1, 4, 58, 0.081739484313027
0.443120249543549, 11, 2, 4, 40, 0.0550596271875607
0.440333333333342, 13, 1, 3, 3, 0.800505050505051
0.438497529449506, 9, 3, 3, 1, 0.0997474747474748
0.438093384261109, 14, 3, 2, 5, 0.863636363636364
0.436000000000007, 10, 1, 4, 92, 0.455244555401909
0.435577777210903, 12, 2, 3, 1, 0.0997474747474748
0.435000000000002, 13, 1, 4, 10, 0.00844094610403909
0.435000000000002, 12, 1, 0, 8, 0.0467171717171717
0.435000000000002, 12, 1, 0, 8, 0.0467171717171717
0.435000000000002, 17, 1, 0, 9, 0.0618686868686869
0.435000000000002, 12, 1, 0, 6, 0.026010101010101
0.435000000000002, 12, 1, 0, 6, 0.026010101010101
0.434999999999988, 13, 1, 4, 10, 0.00844094610403909
0.434999999999974, 17, 1, 0, 9, 0.0618686868686869
0.43463496816933, 10, 2, 4, 21, 0.0272340315353993
0.434163563648523, 13, 2, 3, 1, 0.0997474747474748
0.433333333333337, 13, 1, 0, 8, 0.0467171717171717
0.432333333333332, 11, 1, 4, 33, 0.042748691282689
0.4315, 13, 1, 4, 67, 0.0942557274601005
0.4315, 13, 1, 4, 67, 0.0942557274601005
0.430499999999995, 14, 1, 4, 17, 0.0191899869089483
0.430499999999995, 14, 1, 4, 17, 0.0191899869089483
0.430000000000007, 13, 1, 0, 3, 0.00795454545454546
0.429999999999993, 13, 1, 0, 3, 0.00795454545454546
0.427799602617874, 10, 2, 0, 15, 0.275252525252525
0.427799602617854, 10, 2, 0, 15, 0.275252525252525
0.427092495836684, 9, 2, 4, 86, 0.339097714835584
0.426200000000023, 9, 4, 4, 69, 0.110861739138859
0.4255, 9, 1, 4, 3, 0.000573791508306289
0.4255, 9, 1, 4, 3, 0.000573791508306289
0.424500000000009, 11, 1, 4, 66, 0.0931101613156405
0.424499999999995, 11, 1, 4, 66, 0.0931101613156405
0.423333333333332, 9, 1, 0, 7, 0.0353535353535354
0.420888346239228, 5, 3, 0, 12, 0.132575757575758
0.419733645700909, 13, 3, 4, 51, 0.0718603446010522
0.41973364570086, 13, 3, 4, 51, 0.0718603446010522
0.419550023504039, 16, 2, 0, 8, 0.0467171717171717
0.419333333333327, 12, 1, 3, 1, 0.0997474747474748
0.418500000000009, 11, 1, 4, 23, 0.0296164402178925
0.418499999999995, 11, 1, 4, 23, 0.0296164402178925
0.418333333333337, 13, 1, 4, 16, 0.0186420699741554
0.418000000000006, 11, 1, 1, 6, 0.164414414414414
0.418000000000006, 11, 1, 1, 6, 0.164414414414414
0.416385014139548, 15, 3, 3, 1, 0.0997474747474748
0.415999999999997, 12, 1, 4, 11, 0.00893715698736393
0.415999999999997, 12, 1, 4, 11, 0.00893715698736393
0.415999999999997, 9, 1, 0, 14, 0.217171717171717
0.414537493278129, 11, 3, 0, 12, 0.132575757575758
0.412950360212946, 14, 2, 0, 12, 0.132575757575758
0.410121933088206, 12, 2, 4, 90, 0.412079181780135
0.410121933088186, 12, 2, 4, 90, 0.412079181780135
0.408500000000004, 13, 1, 4, 25, 0.0319165363830463
0.408500000000004, 13, 1, 4, 25, 0.0319165363830463
0.401444152289402, 11, 6, 2, 1, 0.0454545454545454
0.397865415547615, 17, 2, 0, 12, 0.132575757575758
0.396451201985255, 9, 2, 0, 12, 0.132575757575758
0.395500000000013, 15, 1, 4, 38, 0.0506681897441603
0.395499999999998, 15, 1, 4, 38, 0.0506681897441603
0.39500000000001, 11, 1, 0, 16, 0.351010101010101
0.394999999999982, 11, 1, 0, 16, 0.351010101010101
0.394000000000005, 14, 1, 4, 41, 0.0589841673467433
0.393999999999977, 14, 1, 4, 41, 0.0589841673467433
0.393622774860495, 12, 2, 0, 12, 0.132575757575758
0.392679965818902, 14, 2, 4, 61, 0.084023548930301
0.39200000000001, 10, 1, 4, 78, 0.219710950157435
0.390000000000001, 9, 1, 4, 72, 0.171932627919944
0.384999999999991, 15, 1, 0, 6, 0.026010101010101
0.384999999999991, 15, 1, 0, 6, 0.026010101010101
0.384500000000003, 14, 1, 3, 2, 0.400252525252525
0.384500000000003, 14, 1, 3, 2, 0.400252525252525
0.384194684444663, 12, 2, 0, 16, 0.351010101010101
0.384185364840708, 14, 3, 3, 3, 0.800505050505051
0.384, 12, 1, 4, 84, 0.293759463138283
0.384, 12, 1, 4, 84, 0.293759463138283
0.383999999999986, 9, 1, 1, 12, 0.313063063063063
0.383723279923896, 14, 2, 3, 3, 0.800505050505051
0.383071903607357, 12, 3, 4, 45, 0.0660434784542375
0.382073364101133, 11, 2, 2, 5, 0.863636363636364
0.379999999999995, 16, 1, 0, 11, 0.103535353535354
0.379999999999995, 16, 1, 0, 11, 0.103535353535354
0.379480639236837, 17, 2, 0, 6, 0.026010101010101
0.377999999999986, 11, 4, 4, 60, 0.0833233322906506
0.375, 12, 1, 0, 3, 0.00795454545454546
0.375, 12, 1, 0, 3, 0.00795454545454546
0.375, 13, 1, 0, 11, 0.103535353535354
0.375, 13, 1, 0, 11, 0.103535353535354
0.375, 10, 1, 0, 15, 0.275252525252525
0.375, 10, 1, 0, 15, 0.275252525252525
0.375, 9, 1, 0, 15, 0.275252525252525
0.375, 9, 1, 0, 15, 0.275252525252525
0.371499999999998, 13, 1, 4, 46, 0.0667300768973018
0.371499999999998, 13, 1, 4, 46, 0.0667300768973018
0.370825144074536, 9, 7, 0, 15, 0.275252525252525
0.367000000000019, 8, 1, 4, 89, 0.391602757964068
0.366, 10, 1, 0, 12, 0.132575757575758
0.362626338293992, 15, 5, 4, 24, 0.0306244453386102
0.362510076488319, 14, 2, 4, 38, 0.0506681897441603
0.362370787667952, 12, 5, 1, 1, 0.0337837837837838
0.362333333333325, 11, 1, 4, 65, 0.0928774452980315
0.361755829255029, 11, 2, 4, 2, 0.000339506812356317
0.360000000000014, 10, 1, 0, 12, 0.132575757575758
0.359999999999999, 16, 1, 0, 4, 0.0126262626262626
0.359999999999999, 16, 1, 0, 4, 0.0126262626262626
0.359999999999999, 10, 1, 0, 17, 0.444444444444444
0.359999999999999, 10, 1, 0, 17, 0.444444444444444
0.359999999999985, 16, 1, 0, 9, 0.0618686868686869
0.351667772510087, 10, 2, 3, 1, 0.0997474747474748
0.347500000000011, 13, 1, 3, 2, 0.400252525252525
0.347499999999997, 9, 1, 4, 26, 0.0338774705003143
0.347499999999997, 9, 1, 4, 26, 0.0338774705003143
0.347499999999997, 13, 1, 3, 2, 0.400252525252525
0.346246620521011, 12, 2, 3, 3, 0.800505050505051
0.344000000000008, 11, 1, 3, 1, 0.0997474747474748
0.343999999999994, 11, 1, 3, 1, 0.0997474747474748
0.342239682094295, 10, 2, 4, 96, 0.578309095069458
0.342239682094275, 10, 2, 4, 96, 0.578309095069458
0.340000000000003, 13, 1, 3, 3, 0.800505050505051
0.336666666666673, 10, 1, 3, 2, 0.400252525252525
0.335499999999996, 13, 1, 4, 3, 0.000573791508306289
0.335499999999996, 13, 1, 4, 3, 0.000573791508306289
0.335000000000008, 14, 1, 0, 8, 0.0467171717171717
0.334999999999994, 14, 1, 0, 8, 0.0467171717171717
0.332999999999998, 11, 1, 4, 9, 0.0079337803296631
0.332999999999998, 11, 1, 4, 9, 0.0079337803296631
0.332726915051956, 10, 5, 0, 14, 0.217171717171717
0.33271428571436, 14, 4, 3, 3, 0.800505050505051
0.330000000000013, 14, 1, 0, 6, 0.026010101010101
0.329999999999984, 14, 1, 0, 6, 0.026010101010101
0.329499999999996, 14, 1, 4, 28, 0.0358931359772792
0.329499999999996, 14, 1, 4, 28, 0.0358931359772792
0.328000000000003, 16, 1, 4, 24, 0.0306244453386102
0.327999999999975, 16, 1, 4, 24, 0.0306244453386102
0.327934952899764, 9, 3, 4, 19, 0.0217556379075293
0.326333333333338, 14, 1, 0, 8, 0.0467171717171717
0.325000000000003, 11, 1, 4, 71, 0.160308462840372
0.325000000000003, 11, 1, 4, 71, 0.160308462840372
0.320000000000022, 17, 1, 0, 8, 0.0467171717171717
0.319999999999993, 17, 1, 0, 8, 0.0467171717171717
0.319612265096338, 9, 2, 4, 102, 0.786411515216059
0.319612265096318, 9, 2, 4, 102, 0.786411515216059
0.318333333333328, 11, 1, 3, 3, 0.800505050505051
0.315841028929985, 15, 2, 0, 7, 0.0353535353535354
0.315000000000012, 7, 1, 0, 11, 0.103535353535354
0.314999999999998, 7, 1, 0, 11, 0.103535353535354
0.311999999999998, 9, 1, 3, 3, 0.800505050505051
0.311999999999998, 9, 1, 3, 3, 0.800505050505051
0.311362685982463, 13, 2, 3, 3, 0.800505050505051
0.310000000000002, 10, 1, 0, 12, 0.132575757575758
0.310000000000002, 11, 1, 0, 5, 0.0184343434343434
0.310000000000002, 11, 1, 0, 5, 0.0184343434343434
0.310000000000002, 8, 1, 4, 13, 0.0149040473935306
0.310000000000002, 14, 1, 0, 14, 0.217171717171717
0.309999999999988, 10, 1, 0, 12, 0.132575757575758
0.309999999999988, 14, 1, 0, 14, 0.217171717171717
0.30829855659734, 10, 2, 4, 92, 0.455244555401909
0.307500000000005, 12, 1, 0, 8, 0.0467171717171717
0.306412938514153, 13, 2, 0, 8, 0.0467171717171717
0.305999999999997, 13, 1, 4, 54, 0.0761223229857679
0.305999999999997, 13, 1, 4, 54, 0.0761223229857679
0.305705831732983, 11, 2, 4, 33, 0.042748691282689
0.305000000000007, 13, 1, 0, 6, 0.026010101010101
0.305000000000007, 13, 1, 0, 6, 0.026010101010101
0.305000000000007, 12, 1, 0, 11, 0.103535353535354
0.305000000000007, 12, 1, 0, 14, 0.217171717171717
0.304999999999993, 12, 1, 0, 11, 0.103535353535354
0.304999999999993, 12, 1, 0, 14, 0.217171717171717
0.299341870702294, 9, 2, 0, 7, 0.0353535353535354
0.299333333333323, 8, 1, 4, 104, 0.952055328905477
0.296513443577555, 12, 2, 3, 1, 0.0997474747474748
0.295806336796365, 13, 2, 4, 16, 0.0186420699741554
0.295372397717422, 11, 3, 4, 2, 0.000339506812356317
0.294156420973642, 9, 2, 0, 14, 0.217171717171717
0.292742207411262, 10, 2, 3, 3, 0.800505050505051
0.292742207411222, 10, 2, 3, 3, 0.800505050505051
0.289206673505292, 14, 2, 4, 90, 0.412079181780135
0.289206673505292, 14, 2, 4, 90, 0.412079181780135
0.284000000000006, 13, 1, 4, 57, 0.0798737051896258
0.283999999999992, 13, 1, 4, 57, 0.0798737051896258
0.278000000000006, 14, 1, 3, 3, 0.800505050505051
0.277999999999992, 14, 1, 3, 3, 0.800505050505051
0.277185858225104, 10, 2, 4, 78, 0.219710950157435
0.276666666666671, 16, 1, 0, 8, 0.0467171717171717
0.275771644662764, 9, 2, 4, 72, 0.171932627919944
0.274500000000018, 14, 1, 1, 8, 0.202702702702703
0.274499999999989, 14, 1, 1, 8, 0.202702702702703
0.271529003975645, 9, 2, 1, 12, 0.313063063063063
0.27000000000001, 12, 1, 0, 1, 0.00126262626262626
0.269999999999996, 12, 1, 0, 1, 0.00126262626262626
0.269999999999996, 9, 1, 0, 8, 0.0467171717171717
0.269500000000008, 14, 1, 4, 11, 0.00893715698736393
0.269499999999994, 14, 1, 4, 11, 0.00893715698736393
0.267286363288465, 11, 8, 4, 60, 0.0833233322906506
0.265999999999991, 15, 1, 4, 16, 0.0186420699741554
0.265999999999991, 15, 1, 4, 16, 0.0186420699741554
0.265000000000001, 13, 1, 0, 8, 0.0467171717171717
0.265000000000001, 13, 1, 0, 8, 0.0467171717171717
0.262694372481287, 16, 3, 4, 6, 0.00648491626136443
0.262500000000003, 9, 1, 4, 26, 0.0338774705003143
0.262500000000003, 9, 1, 4, 26, 0.0338774705003143
0.260000000000019, 16, 1, 0, 6, 0.026010101010101
0.260000000000019, 16, 1, 0, 7, 0.0353535353535354
0.259999999999991, 16, 1, 0, 6, 0.026010101010101
0.259508188695436, 8, 2, 4, 89, 0.391602757964068
0.259333333333331, 11, 1, 0, 15, 0.275252525252525
0.259, 12, 1, 4, 52, 0.0736969911266934
0.259, 12, 1, 4, 52, 0.0736969911266934
0.258801081914266, 10, 2, 0, 12, 0.132575757575758
0.257000000000005, 10, 1, 4, 26, 0.0338774705003143
0.256999999999991, 10, 1, 4, 26, 0.0338774705003143
0.256500000000017, 15, 1, 4, 58, 0.081739484313027
0.256499999999988, 15, 1, 4, 58, 0.081739484313027
0.25620835704993, 11, 2, 4, 65, 0.0928774452980315
0.256, 10, 1, 4, 14, 0.0167757737040485
0.256, 10, 1, 4, 14, 0.0167757737040485
0.25500000000001, 11, 1, 0, 18, 0.558080808080808
0.254999999999995, 11, 1, 0, 18, 0.558080808080808
0.254558441227207, 16, 2, 0, 9, 0.0618686868686869
0.254558441227147, 10, 2, 0, 12, 0.132575757575758
0.254417019870885, 16, 2, 0, 11, 0.103535353535354
0.25200000000001, 9, 1, 3, 2, 0.400252525252525
0.251111111111186, 15, 4, 3, 3, 0.800505050505051
0.25, 11, 1, 0, 9, 0.0618686868686869
0.25, 11, 1, 0, 9, 0.0618686868686869
0.245500000000007, 13, 1, 1, 6, 0.164414414414414
0.245499999999993, 13, 1, 1, 6, 0.164414414414414
0.244, 15, 1, 1, 4, 0.128378378378378
0.244, 15, 1, 1, 4, 0.128378378378378
0.241830519165788, 10, 2, 4, 36, 0.0468471651172549
0.241830519165788, 10, 2, 4, 36, 0.0468471651172549
0.240500000000011, 15, 1, 3, 2, 0.400252525252525
0.240499999999997, 15, 1, 3, 2, 0.400252525252525
0.240416305603429, 13, 2, 3, 3, 0.800505050505051
0.240000000000009, 13, 1, 0, 8, 0.0467171717171717
0.240000000000009, 13, 1, 0, 8, 0.0467171717171717
0.239999999999995, 16, 1, 0, 4, 0.0126262626262626
0.239999999999995, 16, 1, 0, 4, 0.0126262626262626
0.238059282999455, 10, 2, 3, 2, 0.400252525252525
0.23599999999999, 16, 1, 2, 5, 0.863636363636364
0.230752512927213, 14, 2, 0, 8, 0.0467171717171717
0.227500000000006, 13, 1, 4, 50, 0.0708643200456854
0.227499999999992, 13, 1, 4, 50, 0.0708643200456854
0.227000000000004, 15, 1, 3, 3, 0.800505050505051
0.227000000000004, 10, 1, 3, 3, 0.800505050505051
0.22699999999999, 10, 1, 3, 3, 0.800505050505051
0.226999999999975, 15, 1, 3, 3, 0.800505050505051
0.225095658677714, 11, 2, 3, 3, 0.800505050505051
0.224600605739893, 15, 5, 3, 3, 0.800505050505051
0.22399999999999, 18, 1, 4, 7, 0.00691788872168195
0.22399999999999, 18, 1, 4, 7, 0.00691788872168195
0.219203102167831, 8, 2, 4, 13, 0.0149040473935306
0.218495995386662, 7, 2, 3, 3, 0.800505050505051
0.218495995386621, 7, 2, 3, 3, 0.800505050505051
0.216499999999996, 16, 1, 4, 69, 0.110861739138859
0.216499999999996, 16, 1, 4, 69, 0.110861739138859
0.215000000000003, 10, 1, 3, 1, 0.0997474747474748
0.214999999999989, 10, 1, 3, 1, 0.0997474747474748
0.213999999999999, 10, 1, 4, 5, 0.00604237658698964
0.212000000000003, 12, 1, 4, 36, 0.0468471651172549
0.212000000000003, 12, 1, 4, 36, 0.0468471651172549
0.211660629835186, 8, 2, 4, 104, 0.952055328905477
0.210999999999999, 12, 1, 4, 76, 0.20691329301129
0.210999999999999, 12, 1, 4, 76, 0.20691329301129
0.210000000000008, 15, 1, 3, 1, 0.0997474747474748
0.20999999999998, 15, 1, 3, 1, 0.0997474747474748
0.207846096908273, 10, 3, 0, 12, 0.132575757575758
0.207846096908273, 10, 3, 0, 12, 0.132575757575758
0.207730626854481, 16, 3, 0, 11, 0.103535353535354
0.205000000000013, 15, 1, 0, 11, 0.103535353535354
0.204999999999984, 15, 1, 0, 11, 0.103535353535354
0.201000000000008, 7, 1, 3, 1, 0.0997474747474748
0.200999999999993, 7, 1, 3, 1, 0.0997474747474748
0.195632876128301, 16, 2, 0, 8, 0.0467171717171717
0.195000000000007, 15, 1, 0, 6, 0.026010101010101
0.195000000000007, 15, 1, 0, 6, 0.026010101010101
0.195000000000007, 11, 1, 0, 15, 0.275252525252525
0.195000000000007, 11, 1, 0, 14, 0.217171717171717
0.194999999999993, 15, 1, 2, 1, 0.0454545454545454
0.194999999999993, 15, 1, 2, 1, 0.0454545454545454
0.194999999999993, 11, 1, 0, 14, 0.217171717171717
0.194999999999993, 11, 1, 0, 14, 0.217171717171717
0.194999999999993, 11, 1, 0, 15, 0.275252525252525
0.194999999999993, 11, 1, 0, 14, 0.217171717171717
0.190918830920375, 9, 2, 0, 8, 0.0467171717171717
0.190000000000026, 16, 1, 0, 6, 0.026010101010101
0.189999999999998, 15, 1, 0, 3, 0.00795454545454546
0.189999999999998, 15, 1, 0, 3, 0.00795454545454546
0.189999999999998, 16, 1, 0, 6, 0.026010101010101
0.188000000000002, 11, 1, 4, 86, 0.339097714835584
0.187999999999988, 11, 1, 4, 86, 0.339097714835584
0.186499999999995, 9, 1, 3, 3, 0.800505050505051
0.186499999999995, 9, 1, 3, 3, 0.800505050505051
0.185333333333318, 12, 1, 4, 90, 0.412079181780135
0.185000000000002, 13, 1, 0, 3, 0.00795454545454546
0.185000000000002, 13, 1, 0, 3, 0.00795454545454546
0.185000000000002, 13, 1, 0, 12, 0.132575757575758
0.185000000000002, 13, 1, 0, 12, 0.132575757575758
0.185000000000002, 15, 1, 0, 7, 0.0353535353535354
0.184999999999988, 15, 1, 0, 7, 0.0353535353535354
0.1845, 10, 1, 4, 92, 0.455244555401909
0.1845, 10, 1, 4, 92, 0.455244555401909
0.183847763108496, 16, 2, 0, 7, 0.0353535353535354
0.183376358587709, 11, 2, 0, 15, 0.275252525252525
0.180500000000009, 7, 1, 4, 17, 0.0191899869089483
0.180499999999995, 7, 1, 4, 17, 0.0191899869089483
0.180000000000007, 12, 1, 0, 16, 0.351010101010101
0.180000000000007, 12, 1, 0, 16, 0.351010101010101
0.180000000000007, 8, 1, 3, 1, 0.0997474747474748
0.179999999999993, 8, 1, 3, 1, 0.0997474747474748
0.177535207775796, 12, 3, 0, 8, 0.0467171717171717
0.175000000000011, 14, 1, 4, 14, 0.0167757737040485
0.175000000000011, 14, 1, 4, 14, 0.0167757737040485
0.175000000000011, 15, 1, 0, 6, 0.026010101010101
0.174999999999997, 15, 1, 4, 61, 0.084023548930301
0.174999999999997, 15, 1, 4, 61, 0.084023548930301
0.174999999999983, 15, 1, 0, 6, 0.026010101010101
0.174499999999995, 9, 1, 4, 15, 0.0180125300509641
0.174499999999995, 9, 1, 4, 15, 0.0180125300509641
0.169000000000011, 10, 1, 3, 2, 0.400252525252525
0.168999999999997, 10, 1, 3, 2, 0.400252525252525
0.168291413922398, 14, 2, 1, 6, 0.164414414414414
0.168291413922398, 14, 2, 1, 6, 0.164414414414414
0.166877200360018, 16, 2, 2, 5, 0.863636363636364
0.165999999999997, 15, 1, 3, 2, 0.400252525252525
0.165999999999997, 15, 1, 3, 2, 0.400252525252525
0.165999999999997, 12, 1, 4, 11, 0.00893715698736393
0.165999999999997, 12, 1, 4, 11, 0.00893715698736393
0.165000000000006, 8, 1, 1, 25, 0.835585585585586
0.164999999999992, 8, 1, 1, 25, 0.835585585585586
0.163333333333355, 14, 1, 0, 9, 0.0618686868686869
0.162000000000006, 9, 1, 4, 90, 0.412079181780135
0.161999999999992, 9, 1, 4, 90, 0.412079181780135
0.160000000000011, 11, 1, 4, 80, 0.244079764845808
0.159999999999997, 11, 1, 4, 80, 0.244079764845808
0.159000000000006, 14, 1, 4, 41, 0.0589841673467433
0.158999999999992, 14, 1, 4, 41, 0.0589841673467433
0.15132085117392, 10, 2, 4, 5, 0.00604237658698964
0.150000000000006, 14, 1, 0, 6, 0.026010101010101
0.150000000000006, 13, 1, 4, 40, 0.0550596271875607
0.149999999999991, 13, 1, 4, 40, 0.0550596271875607
0.149999999999977, 14, 1, 0, 6, 0.026010101010101
0.145492267835791, 9, 3, 3, 2, 0.400252525252525
0.14500000000001, 13, 1, 0, 15, 0.275252525252525
0.144999999999982, 13, 1, 0, 15, 0.275252525252525
0.144000000000005, 11, 1, 1, 1, 0.0337837837837838
0.143999999999991, 11, 1, 1, 1, 0.0337837837837838
0.141990316571247, 13, 5, 3, 1, 0.0997474747474748
0.141990316571184, 13, 5, 3, 1, 0.0997474747474748
0.140500000000003, 12, 1, 4, 52, 0.0736969911266934
0.140500000000003, 12, 1, 4, 52, 0.0736969911266934
0.140000000000001, 11, 1, 0, 11, 0.103535353535354
0.140000000000001, 11, 1, 0, 11, 0.103535353535354
0.138000000000005, 13, 1, 4, 89, 0.391602757964068
0.138000000000005, 13, 1, 4, 89, 0.391602757964068
0.138000000000005, 11, 1, 4, 11, 0.00893715698736393
0.135000000000005, 10, 1, 0, 7, 0.0353535353535354
0.135000000000005, 10, 1, 0, 7, 0.0353535353535354
0.131050456779916, 12, 2, 4, 90, 0.412079181780135
0.130814754519513, 15, 2, 3, 3, 0.800505050505051
0.130814754519513, 15, 2, 3, 3, 0.800505050505051
0.13066666666667, 12, 1, 3, 1, 0.0997474747474748
0.130000000000024, 16, 1, 0, 12, 0.132575757575758
0.129999999999995, 16, 1, 0, 12, 0.132575757575758
0.129999999999995, 16, 1, 0, 6, 0.026010101010101
0.129999999999995, 16, 1, 0, 6, 0.026010101010101
0.129999999999995, 13, 1, 0, 2, 0.00416666666666667
0.129999999999995, 13, 1, 0, 2, 0.00416666666666667
0.126500000000021, 14, 1, 4, 14, 0.0167757737040485
0.126499999999993, 14, 1, 4, 14, 0.0167757737040485
0.125500000000002, 9, 1, 4, 5, 0.00604237658698964
0.125499999999988, 9, 1, 4, 5, 0.00604237658698964
0.125, 13, 1, 0, 3, 0.00795454545454546
0.125, 13, 1, 0, 3, 0.00795454545454546
0.125, 12, 1, 0, 6, 0.026010101010101
0.125, 12, 1, 0, 6, 0.026010101010101
0.120000000000005, 17, 1, 0, 9, 0.0618686868686869
0.120000000000005, 17, 1, 0, 9, 0.0618686868686869
0.120000000000005, 15, 1, 0, 5, 0.0184343434343434
0.120000000000005, 15, 1, 0, 5, 0.0184343434343434
0.120000000000005, 17, 1, 0, 8, 0.0467171717171717
0.120000000000005, 17, 1, 0, 8, 0.0467171717171717
0.119500000000002, 9, 1, 2, 3, 0.363636363636364
0.119499999999988, 9, 1, 2, 3, 0.363636363636364
0.117500000000007, 12, 1, 3, 2, 0.400252525252525
0.117499999999993, 12, 1, 3, 2, 0.400252525252525
0.115494107593778, 14, 2, 0, 9, 0.0618686868686869
0.113500000000016, 12, 1, 2, 4, 0.590909090909091
0.113499999999988, 12, 1, 2, 4, 0.590909090909091
0.113, 11, 1, 4, 41, 0.0589841673467433
0.113, 11, 1, 4, 41, 0.0589841673467433
0.110500000000002, 12, 1, 1, 8, 0.202702702702703
0.110500000000002, 12, 1, 1, 8, 0.202702702702703
0.110000000000014, 15, 1, 3, 1, 0.0997474747474748
0.109999999999985, 15, 1, 3, 1, 0.0997474747474748
0.10499999999999, 17, 1, 0, 9, 0.0618686868686869
0.10499999999999, 17, 1, 0, 9, 0.0618686868686869
0.0975807358037272, 11, 2, 4, 11, 0.00893715698736393
0.0949999999999989, 12, 1, 4, 57, 0.0798737051896258
0.0949999999999989, 12, 1, 4, 57, 0.0798737051896258
0.0923952860750346, 12, 2, 3, 1, 0.0997474747474748
0.0914999999999964, 12, 1, 4, 61, 0.084023548930301
0.0914999999999964, 12, 1, 4, 61, 0.084023548930301
0.0873333333333335, 12, 1, 4, 36, 0.0468471651172549
0.0809999999999889, 10, 1, 3, 3, 0.800505050505051
0.0809999999999889, 10, 1, 3, 3, 0.800505050505051
0.0745000000000005, 10, 1, 4, 28, 0.0358931359772792
0.0745000000000005, 10, 1, 4, 28, 0.0358931359772792
0.0724999999999909, 8, 1, 3, 2, 0.400252525252525
0.0700000000000216, 13, 1, 0, 6, 0.026010101010101
0.0699999999999932, 14, 1, 0, 11, 0.103535353535354
0.0699999999999932, 14, 1, 0, 11, 0.103535353535354
0.0699999999999932, 13, 1, 0, 6, 0.026010101010101
0.0699999999999932, 16, 1, 0, 8, 0.0467171717171717
0.0699999999999932, 16, 1, 0, 8, 0.0467171717171717
0.0676666666666677, 15, 1, 4, 46, 0.0667300768973018
0.0670000000000073, 11, 1, 3, 2, 0.400252525252525
0.0670000000000073, 11, 1, 3, 2, 0.400252525252525
0.0625, 13, 1, 4, 65, 0.0928774452980315
0.0625, 13, 1, 4, 65, 0.0928774452980315
0.0617539922236253, 12, 2, 4, 36, 0.0468471651172549
0.0600000000000023, 13, 1, 4, 82, 0.274718983341981
0.0600000000000023, 10, 1, 0, 15, 0.275252525252525
0.0599999999999881, 10, 1, 0, 15, 0.275252525252525
0.0585598130178044, 13, 3, 3, 3, 0.800505050505051
0.0550000000000068, 13, 1, 0, 11, 0.103535353535354
0.0549999999999926, 13, 1, 0, 11, 0.103535353535354
0.0545000000000186, 16, 1, 4, 56, 0.078725036164931
0.0544999999999902, 16, 1, 4, 56, 0.078725036164931
0.054000000000002, 18, 1, 4, 16, 0.0186420699741554
0.054000000000002, 18, 1, 4, 16, 0.0186420699741554
0.0507142857142924, 13, 4, 3, 3, 0.800505050505051
0.0500000000000114, 15, 1, 0, 11, 0.103535353535354
0.0500000000000114, 18, 1, 0, 8, 0.0467171717171717
0.0500000000000114, 11, 1, 0, 15, 0.275252525252525
0.0499999999999972, 11, 1, 0, 15, 0.275252525252525
0.0499999999999829, 15, 1, 0, 11, 0.103535353535354
0.0499999999999829, 18, 1, 0, 8, 0.0467171717171717
0.0490000000000066, 10, 1, 3, 1, 0.0997474747474748
0.0489999999999924, 10, 1, 3, 1, 0.0997474747474748
0.0478475588603105, 15, 2, 4, 46, 0.0667300768973018
0.0424264068711945, 13, 2, 4, 82, 0.274718983341981
0.041857894516259, 8, 3, 3, 2, 0.400252525252525
0.0405000000000086, 12, 1, 3, 3, 0.800505050505051
0.0404999999999944, 12, 1, 3, 3, 0.800505050505051
0.0349999999999966, 11, 1, 0, 15, 0.275252525252525
0.0349999999999966, 11, 1, 0, 15, 0.275252525252525
0.0335000000000036, 9, 1, 4, 23, 0.0296164402178925
0.0335000000000036, 9, 1, 4, 23, 0.0296164402178925
0.0330000000000155, 15, 1, 4, 24, 0.0306244453386102
0.032999999999987, 15, 1, 4, 24, 0.0306244453386102
0.0305000000000035, 11, 1, 3, 1, 0.0997474747474748
0.0304999999999893, 11, 1, 3, 1, 0.0997474747474748
0.0290000000000248, 12, 1, 3, 2, 0.400252525252525
0.0289999999999964, 12, 1, 3, 2, 0.400252525252525
0.0275000000000034, 12, 1, 4, 29, 0.0366148142052202
0.0275000000000034, 12, 1, 4, 29, 0.0366148142052202
0.0255000000000081, 10, 1, 4, 98, 0.624936765886549
0.0254999999999939, 10, 1, 4, 98, 0.624936765886549
0.0250000000000057, 15, 1, 0, 11, 0.103535353535354
0.0250000000000057, 15, 1, 0, 11, 0.103535353535354
0.0250000000000057, 13, 1, 0, 6, 0.026010101010101
0.0250000000000057, 14, 1, 0, 9, 0.0618686868686869
0.0250000000000057, 14, 1, 0, 9, 0.0618686868686869
0.0249999999999773, 13, 1, 0, 6, 0.026010101010101
0.0200000000000102, 11, 1, 3, 2, 0.400252525252525
0.0199999999999818, 11, 1, 3, 2, 0.400252525252525
0.0150000000000148, 17, 1, 0, 7, 0.0353535353535354
0.0149999999999864, 17, 1, 0, 7, 0.0353535353535354
0.0144999999999982, 9, 1, 4, 28, 0.0358931359772792
0.0144999999999982, 9, 1, 4, 28, 0.0358931359772792
0.0130000000000052, 11, 1, 4, 87, 0.357350407816721
0.012999999999991, 11, 1, 4, 87, 0.357350407816721
0.00500000000000966, 12, 1, 0, 4, 0.0126262626262626
0.00499999999999545, 17, 1, 0, 6, 0.026010101010101
0.00499999999999545, 17, 1, 0, 6, 0.026010101010101
0.00499999999999545, 15, 1, 0, 3, 0.00795454545454546
0.00499999999999545, 15, 1, 0, 3, 0.00795454545454546
0.00499999999999545, 12, 1, 0, 4, 0.0126262626262626
