norm, level, Npoints, dimSplit, MainGridIndexSplit
3870.65568716111, 0, 962, -1, -1, -1
82.1919740027748, 2, 68, 4, 16, 0.0186420699741554
72.6604084422502, 1, 281, 0, 13, 0.170454545454545
46.6742597507408, 1, 681, 0, 13, 0.170454545454545
46.4401983145385, 2, 213, 4, 16, 0.0186420699741554
41.565598861355, 2, 192, 4, 81, 0.26159379994883
33.8561586058598, 3, 27, 4, 89, 0.391602757964068
31.961550342456, 3, 37, 0, 10, 0.0808080808080808
31.218053782463, 4, 30, 0, 17, 0.444444444444444
30.9078892746357, 4, 78, 0, 10, 0.0808080808080808
26.3670628544754, 3, 213, 2, 3, 0.363636363636364
26.0453517345247, 2, 489, 4, 81, 0.26159379994883
23.1631177628474, 3, 276, 2, 3, 0.363636363636364
21.6263835696627, 5, 57, 4, 52, 0.0736969911266934
20.5267056962027, 7, 16, 0, 4, 0.0126262626262626
19.4142002251389, 5, 17, 4, 100, 0.705914182813912
19.3992104278332, 4, 198, 0, 10, 0.0808080808080808
19.1951183473512, 4, 26, 0, 16, 0.351010101010101
19.0161987463107, 6, 15, 1, 21, 0.56981981981982
18.836299449408, 4, 27, 0, 16, 0.351010101010101
18.7620859313784, 5, 34, 4, 50, 0.0708643200456854
17.8840122203221, 4, 46, 0, 6, 0.026010101010101
16.7923233150566, 5, 59, 1, 9, 0.227477477477477
16.515810869347, 6, 7, 0, 1, 0.00126262626262626
16.4927942453654, 5, 44, 4, 50, 0.0708643200456854
16.409816777126, 5, 99, 4, 52, 0.0736969911266934
16.0189703829643, 7, 12, 4, 84, 0.293759463138283
15.9278984131252, 3, 15, 4, 12, 0.0115508595340253
15.9214090449494, 6, 48, 2, 4, 0.590909090909091
15.6157500952657, 3, 155, 0, 10, 0.0808080808080808
15.5215913654089, 4, 15, 4, 96, 0.578309095069458
15.4460355767038, 6, 51, 2, 4, 0.590909090909091
15.3195170996565, 8, 6, 0, 5, 0.0184343434343434
15.3195170996564, 8, 6, 0, 5, 0.0184343434343434
14.6284755475529, 6, 14, 4, 67, 0.0942557274601005
13.6900222085334, 4, 156, 0, 17, 0.444444444444444
13.5126654241124, 7, 10, 1, 24, 0.743243243243243
13.165, 11, 1, 0, 5, 0.0184343434343434
13.0324710144927, 5, 9, 1, 20, 0.560810810810811
12.8992093280493, 3, 186, 4, 89, 0.391602757964068
12.81653225281, 4, 22, 4, 96, 0.578309095069458
12.6897879115872, 4, 46, 3, 3, 0.800505050505051
12.3505198875083, 5, 8, 1, 19, 0.529279279279279
12.3320000000001, 7, 4, 4, 101, 0.73090184972689
12.3061328663801, 7, 8, 0, 7, 0.0353535353535354
11.6431887583185, 8, 5, 1, 11, 0.272522522522523
11.5581773678414, 8, 14, 0, 8, 0.0467171717171717
11.5519953396906, 8, 12, 2, 1, 0.0454545454545454
11.3643523911897, 6, 42, 1, 21, 0.56981981981982
11.3603269794491, 7, 7, 2, 2, 0.181818181818182
11.143216658727, 5, 77, 3, 2, 0.400252525252525
11.033045118008, 7, 15, 1, 24, 0.743243243243243
10.9469487179487, 6, 25, 4, 67, 0.0942557274601005
10.940304079766, 5, 139, 1, 9, 0.227477477477477
10.9375, 5, 1, 0, 18, 0.558080808080808
10.5959951160804, 15, 2, 0, 5, 0.0184343434343434
10.5959951160804, 15, 2, 0, 5, 0.0184343434343434
10.5171230048395, 6, 29, 3, 2, 0.400252525252525
10.4762595380054, 7, 3, 0, 3, 0.00795454545454546
10.344487334774, 7, 63, 0, 4, 0.0126262626262626
10.3403520453752, 6, 30, 3, 2, 0.400252525252525
10.3070571119194, 5, 90, 3, 2, 0.400252525252525
10.2613181818181, 10, 4, 4, 88, 0.375097158937352
10.2513529411764, 6, 4, 0, 3, 0.00795454545454546
10.0043214285715, 8, 16, 2, 1, 0.0454545454545454
9.96778124862341, 6, 2, 1, 16, 0.414414414414414
9.831541693417, 6, 12, 0, 7, 0.0353535353535354
9.80368196776086, 7, 8, 0, 8, 0.0467171717171717
9.52397916666682, 7, 9, 1, 16, 0.414414414414414
9.41828976981927, 7, 11, 0, 4, 0.0126262626262626
9.38610997026507, 4, 167, 0, 6, 0.026010101010101
9.37226666666669, 6, 4, 4, 5, 0.00604237658698964
9.33611548134388, 5, 14, 1, 19, 0.529279279279279
9.3125, 11, 1, 0, 11, 0.103535353535354
9.2360454405088, 9, 14, 0, 15, 0.275252525252525
9.21879918398044, 7, 3, 2, 1, 0.0454545454545454
9.06, 11, 4, 0, 4, 0.0126262626262626
9.04906666666648, 6, 36, 1, 8, 0.202702702702703
8.93422727272736, 6, 16, 2, 4, 0.590909090909091
8.9257214129217, 5, 7, 3, 3, 0.800505050505051
8.85164590238386, 6, 11, 3, 2, 0.400252525252525
8.82974339193089, 7, 2, 0, 7, 0.0353535353535354
8.7200408255925, 7, 8, 4, 101, 0.73090184972689
8.48803333333338, 5, 9, 2, 5, 0.863636363636364
8.47356512914081, 3, 53, 4, 12, 0.0115508595340253
8.34545560827439, 5, 92, 4, 100, 0.705914182813912
8.2974700915407, 5, 8, 4, 99, 0.6623678444522
8.2436592219587, 4, 109, 3, 3, 0.800505050505051
8.20352551107576, 4, 8, 2, 2, 0.181818181818182
8.10671014492756, 7, 9, 4, 68, 0.0971476980300399
8.03389314580367, 5, 12, 0, 18, 0.558080808080808
8.01383333333337, 7, 9, 0, 11, 0.103535353535354
8.01383333333328, 7, 9, 0, 11, 0.103535353535354
7.98371428571426, 7, 4, 2, 1, 0.0454545454545454
7.7274300233258, 9, 20, 0, 15, 0.275252525252525
7.66822245083928, 6, 5, 3, 2, 0.400252525252525
7.60418710959347, 8, 10, 0, 9, 0.0618686868686869
7.6008162938814, 11, 3, 0, 5, 0.0184343434343434
7.57030898010688, 7, 20, 4, 35, 0.0452335812040479
7.50000000000001, 9, 1, 0, 5, 0.0184343434343434
7.48766666666666, 10, 1, 0, 9, 0.0618686868686869
7.42087733418968, 7, 22, 0, 7, 0.0353535353535354
7.39745902320519, 11, 6, 0, 4, 0.0126262626262626
7.38853199392023, 6, 54, 1, 8, 0.202702702702703
7.34, 7, 1, 0, 9, 0.0618686868686869
7.33999999999999, 7, 1, 0, 9, 0.0618686868686869
7.31891121809747, 8, 13, 0, 15, 0.275252525252525
7.27962823739568, 8, 5, 1, 10, 0.240990990990991
7.19228611721179, 9, 2, 2, 1, 0.0454545454545454
7.18573247919446, 5, 15, 0, 18, 0.558080808080808
7.11901749424262, 8, 3, 1, 26, 0.943693693693694
7.08440855980388, 7, 18, 2, 2, 0.181818181818182
7.07610626982311, 5, 11, 4, 99, 0.6623678444522
6.98795652173911, 14, 4, 1, 26, 0.943693693693694
6.93886666666668, 8, 9, 0, 15, 0.275252525252525
6.89248999219561, 9, 3, 2, 3, 0.363636363636364
6.89111914024289, 9, 7, 4, 67, 0.0942557274601005
6.81149189189178, 6, 25, 0, 7, 0.0353535353535354
6.78822509939087, 11, 2, 4, 94, 0.486490559366218
6.75364100576214, 6, 28, 2, 4, 0.590909090909091
6.75166666666669, 11, 9, 0, 6, 0.026010101010101
6.59451712505582, 8, 8, 0, 4, 0.0126262626262626
6.58533653110388, 7, 6, 4, 77, 0.212750155497395
6.49982826347216, 7, 14, 4, 68, 0.0971476980300399
6.49477023074595, 7, 73, 4, 84, 0.293759463138283
6.493, 7, 4, 0, 19, 0.70959595959596
6.48083083053159, 6, 7, 3, 2, 0.400252525252525
6.44986853225193, 9, 3, 0, 7, 0.0353535353535354
6.44986853225193, 9, 3, 0, 7, 0.0353535353535354
6.42757511060726, 5, 37, 1, 20, 0.560810810810811
6.34227232983906, 7, 26, 0, 9, 0.0618686868686869
6.34010531602299, 6, 60, 1, 3, 0.105855855855856
6.31967604654953, 7, 12, 3, 2, 0.400252525252525
6.3147685692615, 5, 3, 0, 18, 0.558080808080808
6.31192622947473, 13, 3, 0, 2, 0.00416666666666667
6.3041783927934, 6, 5, 1, 16, 0.414414414414414
6.27644105553754, 8, 11, 0, 15, 0.275252525252525
6.21987851988894, 8, 18, 0, 15, 0.275252525252525
6.17626346398394, 12, 2, 0, 12, 0.132575757575758
6.12148030901127, 6, 23, 3, 2, 0.400252525252525
6.11156653974397, 7, 28, 0, 9, 0.0618686868686869
6.08061849858603, 7, 31, 4, 35, 0.0452335812040479
6.07739583333343, 9, 9, 4, 67, 0.0942557274601005
6.05040803837264, 8, 7, 0, 10, 0.0808080808080808
5.89855134411695, 7, 10, 3, 3, 0.800505050505051
5.89831542816445, 8, 10, 0, 4, 0.0126262626262626
5.8908972466315, 9, 3, 1, 24, 0.743243243243243
5.82420285437319, 6, 2, 2, 1, 0.0454545454545454
5.79666666666665, 18, 1, 0, 5, 0.0184343434343434
5.78608892776461, 7, 3, 0, 14, 0.217171717171717
5.75855555555552, 8, 4, 4, 49, 0.0692091058226616
5.70306872840563, 7, 8, 4, 77, 0.212750155497395
5.68642748804466, 6, 13, 0, 3, 0.00795454545454546
5.68129437929828, 8, 21, 1, 11, 0.272522522522523
5.66750000000002, 11, 1, 0, 5, 0.0184343434343434
5.65168944881609, 6, 11, 4, 5, 0.00604237658698964
5.63024594840302, 8, 59, 0, 8, 0.0467171717171717
5.6035692626648, 11, 3, 0, 5, 0.0184343434343434
5.59727588079368, 6, 7, 2, 3, 0.363636363636364
5.58442005466435, 7, 5, 0, 7, 0.0353535353535354
5.55672217875831, 5, 21, 2, 5, 0.863636363636364
5.55540000000002, 11, 1, 1, 4, 0.128378378378378
5.52533420158308, 6, 79, 1, 3, 0.105855855855856
5.51436723931226, 8, 5, 1, 26, 0.943693693693694
5.50987499999999, 8, 4, 0, 2, 0.00416666666666667
5.50666666666667, 13, 1, 0, 10, 0.0808080808080808
5.49999999999999, 11, 1, 0, 5, 0.0184343434343434
5.47300000000013, 7, 16, 3, 2, 0.400252525252525
5.44509544823996, 15, 7, 0, 4, 0.0126262626262626
5.42557698592581, 8, 3, 2, 2, 0.181818181818182
5.40114879205929, 9, 15, 3, 2, 0.400252525252525
5.3881536726415, 7, 2, 0, 16, 0.351010101010101
5.37825417770488, 9, 2, 0, 6, 0.026010101010101
5.37657438182837, 11, 3, 0, 11, 0.103535353535354
5.33595833333342, 8, 9, 0, 10, 0.0808080808080808
5.32332352941177, 11, 4, 0, 8, 0.0467171717171717
5.32315026675654, 4, 19, 2, 2, 0.181818181818182
5.30151229996376, 7, 6, 0, 19, 0.70959595959596
5.29840000000002, 8, 4, 1, 23, 0.698198198198198
5.29457987526448, 10, 2, 0, 9, 0.0618686868686869
5.28138054868234, 8, 2, 0, 6, 0.026010101010101
5.279, 14, 1, 4, 97, 0.601622068566827
5.2743094808705, 11, 2, 0, 7, 0.0353535353535354
5.24028843603646, 7, 28, 0, 8, 0.0467171717171717
5.1925, 6, 1, 0, 17, 0.444444444444444
5.15060866977255, 8, 5, 4, 49, 0.0692091058226616
5.14953138846957, 8, 3, 1, 26, 0.943693693693694
5.11068497170387, 9, 2, 0, 15, 0.275252525252525
5.10060609816395, 6, 18, 4, 12, 0.0115508595340253
5.08725000000004, 7, 4, 0, 12, 0.132575757575758
5.0792727272727, 8, 4, 4, 78, 0.219710950157435
5.07349115501349, 9, 2, 0, 15, 0.275252525252525
5.07349115501347, 9, 2, 0, 15, 0.275252525252525
5.06683333333332, 9, 1, 0, 4, 0.0126262626262626
4.979125, 5, 1, 4, 97, 0.601622068566827
4.97098581772271, 16, 3, 4, 97, 0.601622068566827
4.96795546792138, 6, 2, 3, 3, 0.800505050505051
4.91964095808936, 8, 15, 4, 70, 0.136274845408473
4.91255908511091, 11, 17, 0, 6, 0.026010101010101
4.87479414950006, 10, 2, 0, 4, 0.0126262626262626
4.83350417196027, 8, 7, 2, 1, 0.0454545454545454
4.81068313467246, 10, 2, 0, 5, 0.0184343434343434
4.79515641756035, 7, 3, 3, 1, 0.0997474747474748
4.77480925064026, 9, 2, 0, 12, 0.132575757575758
4.76679999999999, 9, 4, 2, 5, 0.863636363636364
4.73957563340349, 6, 85, 0, 1, 0.00126262626262626
4.68469121101957, 5, 8, 2, 1, 0.0454545454545454
4.67037877756468, 10, 3, 0, 11, 0.103535353535354
4.62626691317133, 9, 8, 2, 4, 0.590909090909091
4.62350000000001, 8, 1, 4, 9, 0.0079337803296631
4.62119800705944, 8, 17, 4, 70, 0.136274845408473
4.61528596080459, 8, 2, 4, 85, 0.311682906050061
4.59222340117206, 7, 2, 0, 9, 0.0618686868686869
4.57517160250884, 7, 39, 1, 16, 0.414414414414414
4.56044359119325, 12, 10, 2, 3, 0.363636363636364
4.55832458120895, 9, 2, 4, 79, 0.228732574440079
4.54890000000003, 11, 4, 4, 22, 0.0286232599694077
4.54880114279951, 9, 5, 2, 1, 0.0454545454545454
4.52500000000001, 12, 1, 0, 9, 0.0618686868686869
4.52499999999998, 12, 1, 0, 9, 0.0618686868686869
4.51666666666668, 10, 1, 0, 10, 0.0808080808080808
4.48807758121452, 16, 6, 4, 97, 0.601622068566827
4.48807758121445, 16, 6, 4, 97, 0.601622068566827
4.47611111111109, 10, 4, 3, 3, 0.800505050505051
4.46241904761877, 7, 49, 0, 4, 0.0126262626262626
4.46200000000002, 6, 4, 4, 103, 0.865041948010276
4.44517718165524, 8, 3, 4, 104, 0.952055328905477
4.4425, 10, 1, 0, 12, 0.132575757575758
4.42096346127467, 8, 3, 0, 12, 0.132575757575758
4.4208315959783, 9, 2, 0, 2, 0.00416666666666667
4.40574665131299, 11, 2, 2, 2, 0.181818181818182
4.39940905122493, 7, 3, 0, 16, 0.351010101010101
4.39132614745631, 9, 3, 0, 6, 0.026010101010101
4.36168627450976, 9, 9, 2, 4, 0.590909090909091
4.33012701892219, 9, 3, 0, 5, 0.0184343434343434
4.30645565788537, 11, 3, 0, 7, 0.0353535353535354
4.30499999999998, 16, 4, 4, 97, 0.601622068566827
4.25359999999998, 9, 1, 4, 47, 0.0673431543170252
4.20263386201148, 8, 5, 2, 2, 0.181818181818182
4.17333333333332, 12, 1, 0, 7, 0.0353535353535354
4.17285680559496, 9, 3, 0, 15, 0.275252525252525
4.1695729863967, 13, 2, 0, 9, 0.0618686868686869
4.16549339036631, 9, 6, 1, 24, 0.743243243243243
4.15876034296984, 15, 12, 0, 4, 0.0126262626262626
4.10265101286151, 7, 3, 0, 18, 0.558080808080808
4.10265101286146, 7, 3, 0, 18, 0.558080808080808
4.09886230827803, 18, 2, 0, 5, 0.0184343434343434
4.04465078838707, 10, 2, 2, 2, 0.181818181818182
4.03980971086512, 10, 10, 0, 16, 0.351010101010101
4.03980971086507, 10, 10, 0, 16, 0.351010101010101
4.01778073070197, 11, 2, 2, 4, 0.590909090909091
4.00355548771472, 10, 5, 3, 3, 0.800505050505051
3.98025275579321, 10, 3, 0, 4, 0.0126262626262626
3.96862696659689, 6, 7, 1, 24, 0.743243243243243
3.96862696659689, 6, 7, 1, 24, 0.743243243243243
3.96232182447875, 11, 6, 0, 5, 0.0184343434343434
3.95787173148099, 6, 14, 2, 3, 0.363636363636364
3.95018930249042, 7, 3, 1, 2, 0.0788288288288288
3.9425, 8, 1, 4, 79, 0.228732574440079
3.9425, 8, 1, 4, 79, 0.228732574440079
3.91918358845307, 11, 6, 4, 94, 0.486490559366218
3.91266666666667, 8, 4, 3, 3, 0.800505050505051
3.90086666666664, 4, 4, 2, 2, 0.181818181818182
3.89861542772987, 9, 3, 0, 12, 0.132575757575758
3.89380134173392, 13, 2, 0, 10, 0.0808080808080808
3.89361277992561, 7, 2, 0, 14, 0.217171717171717
3.89207590196631, 9, 6, 2, 5, 0.863636363636364
3.86666666666665, 9, 1, 0, 9, 0.0618686868686869
3.85571185645402, 9, 2, 2, 1, 0.0454545454545454
3.850529820278, 8, 39, 0, 9, 0.0618686868686869
3.815, 12, 1, 1, 22, 0.632882882882883
3.79376930242204, 11, 2, 0, 10, 0.0808080808080808
3.79225000000005, 8, 4, 2, 4, 0.590909090909091
3.79224999999997, 8, 4, 2, 4, 0.590909090909091
3.78146464362205, 5, 39, 3, 3, 0.800505050505051
3.77736442509849, 8, 2, 0, 4, 0.0126262626262626
3.75247668700937, 9, 19, 1, 6, 0.164414414414414
3.74519106655451, 8, 2, 4, 25, 0.0319165363830463
3.7328166978838, 14, 2, 4, 97, 0.601622068566827
3.71855000000005, 11, 4, 0, 7, 0.0353535353535354
3.7175, 12, 1, 2, 4, 0.590909090909091
3.7175, 12, 1, 2, 4, 0.590909090909091
3.71416129698214, 11, 6, 4, 22, 0.0286232599694077
3.688, 11, 1, 0, 6, 0.026010101010101
3.68400000000001, 9, 1, 4, 72, 0.171932627919944
3.65746185519706, 9, 20, 1, 6, 0.164414414414414
3.63773076923079, 9, 4, 0, 16, 0.351010101010101
3.6188453161572, 8, 5, 4, 20, 0.0246350245742943
3.6095938829735, 9, 3, 0, 2, 0.00416666666666667
3.59948550461853, 9, 11, 2, 3, 0.363636363636364
3.59400542570538, 8, 3, 4, 28, 0.0358931359772792
3.58107158264118, 9, 2, 0, 7, 0.0353535353535354
3.57718701480495, 8, 5, 2, 5, 0.863636363636364
3.55860842358651, 7, 26, 0, 3, 0.00795454545454546
3.54992307692311, 8, 4, 0, 9, 0.0618686868686869
3.52926062448723, 10, 5, 1, 22, 0.632882882882883
3.51361359571597, 11, 2, 0, 16, 0.351010101010101
3.49959545598567, 8, 5, 3, 3, 0.800505050505051
3.45625000000001, 10, 4, 1, 16, 0.414414414414414
3.45625000000001, 10, 4, 1, 16, 0.414414414414414
3.434, 10, 1, 2, 1, 0.0454545454545454
3.43080774961443, 11, 3, 1, 13, 0.326576576576577
3.41815418025573, 12, 2, 0, 10, 0.0808080808080808
3.40166666666667, 10, 4, 0, 5, 0.0184343434343434
3.38032396746228, 6, 2, 0, 12, 0.132575757575758
3.37859999999998, 11, 4, 4, 22, 0.0286232599694077
3.37643488016577, 9, 2, 0, 5, 0.0184343434343434
3.37643488016575, 9, 2, 0, 5, 0.0184343434343434
3.37295495713438, 6, 7, 4, 103, 0.865041948010276
3.37221411686743, 10, 5, 0, 5, 0.0184343434343434
3.3700709191351, 11, 2, 3, 2, 0.400252525252525
3.37, 10, 1, 0, 8, 0.0467171717171717
3.36999999999998, 10, 1, 0, 8, 0.0467171717171717
3.35974999999999, 6, 1, 4, 7, 0.00691788872168195
3.30925973595305, 10, 2, 0, 17, 0.444444444444444
3.30925973595305, 10, 2, 0, 17, 0.444444444444444
3.30897689324056, 10, 2, 3, 2, 0.400252525252525
3.30600000000001, 8, 1, 4, 97, 0.601622068566827
3.30245650432567, 10, 6, 0, 11, 0.103535353535354
3.30244353976466, 10, 3, 2, 2, 0.181818181818182
3.30135168752546, 12, 7, 0, 12, 0.132575757575758
3.29739044355455, 7, 32, 3, 3, 0.800505050505051
3.2951762510712, 9, 5, 1, 14, 0.353603603603604
3.28729661016951, 7, 16, 4, 62, 0.0856939327900282
3.28003265566404, 6, 8, 1, 8, 0.202702702702703
3.27213265063218, 11, 3, 0, 5, 0.0184343434343434
3.25174838441654, 10, 2, 3, 3, 0.800505050505051
3.24491372502434, 10, 40, 4, 88, 0.375097158937352
3.23162190674407, 12, 3, 2, 4, 0.590909090909091
3.23, 7, 1, 0, 16, 0.351010101010101
3.23, 7, 1, 0, 16, 0.351010101010101
3.2295169838876, 10, 3, 4, 80, 0.244079764845808
3.2211744340681, 13, 2, 4, 29, 0.0366148142052202
3.2102647865869, 10, 2, 0, 8, 0.0467171717171717
3.20629434738068, 14, 19, 1, 26, 0.943693693693694
3.20550725553797, 10, 6, 0, 14, 0.217171717171717
3.19505541622162, 8, 11, 1, 23, 0.698198198198198
3.19376562835923, 10, 2, 0, 10, 0.0808080808080808
3.18112781445119, 8, 12, 0, 2, 0.00416666666666667
3.17912152226575, 7, 3, 0, 14, 0.217171717171717
3.17542648054296, 11, 3, 0, 5, 0.0184343434343434
3.16850000000001, 10, 1, 4, 69, 0.110861739138859
3.16849999999999, 10, 1, 4, 69, 0.110861739138859
3.15359147390807, 9, 44, 3, 2, 0.400252525252525
3.14875000000001, 10, 1, 4, 62, 0.0856939327900282
3.14817554783719, 9, 3, 2, 1, 0.0454545454545454
3.13905341358404, 9, 3, 3, 3, 0.800505050505051
3.13334728227798, 9, 8, 3, 2, 0.400252525252525
3.12609324284531, 8, 6, 0, 12, 0.132575757575758
3.12371491656969, 10, 2, 3, 3, 0.800505050505051
3.12312747401304, 5, 18, 2, 1, 0.0454545454545454
3.11924999999999, 9, 1, 2, 1, 0.0454545454545454
3.11533333333333, 11, 4, 2, 2, 0.181818181818182
3.11250000000001, 8, 4, 4, 28, 0.0358931359772792
3.1075, 10, 1, 4, 69, 0.110861739138859
3.10333333333332, 14, 1, 0, 11, 0.103535353535354
3.0975996642562, 11, 3, 0, 10, 0.0808080808080808
3.09690684393312, 10, 3, 1, 22, 0.632882882882883
3.09025, 9, 4, 0, 15, 0.275252525252525
3.09025, 9, 4, 0, 15, 0.275252525252525
3.09013874428149, 10, 6, 0, 5, 0.0184343434343434
3.08974770059518, 11, 3, 3, 1, 0.0997474747474748
3.0873696280167, 7, 2, 0, 5, 0.0184343434343434
3.08683333333335, 9, 4, 0, 11, 0.103535353535354
3.0855, 13, 1, 1, 11, 0.272522522522523
3.0855, 13, 1, 1, 11, 0.272522522522523
3.08420513801107, 8, 3, 0, 4, 0.0126262626262626
3.06833835407731, 7, 2, 0, 14, 0.217171717171717
3.06433333333334, 10, 1, 0, 11, 0.103535353535354
3.045, 7, 1, 0, 17, 0.444444444444444
3.045, 7, 1, 0, 17, 0.444444444444444
3.03695903276065, 8, 6, 0, 11, 0.103535353535354
3.0235, 10, 1, 3, 1, 0.0997474747474748
3.02327482552191, 8, 7, 2, 5, 0.863636363636364
2.99789127276711, 6, 3, 0, 17, 0.444444444444444
2.98750000000001, 14, 1, 0, 8, 0.0467171717171717
2.97308333333332, 8, 9, 1, 26, 0.943693693693694
2.95462121212111, 9, 9, 1, 12, 0.313063063063063
2.95284860633504, 11, 13, 0, 8, 0.0467171717171717
2.95099230015187, 12, 2, 0, 7, 0.0353535353535354
2.94833333333332, 13, 4, 0, 9, 0.0618686868686869
2.94475, 9, 4, 0, 3, 0.00795454545454546
2.94474999999997, 9, 4, 0, 3, 0.00795454545454546
2.94156420973608, 7, 2, 3, 2, 0.400252525252525
2.93909777035464, 6, 3, 3, 2, 0.400252525252525
2.93712515693483, 7, 12, 0, 12, 0.132575757575758
2.93642161496383, 7, 8, 3, 1, 0.0997474747474748
2.93375039459351, 6, 10, 1, 8, 0.202702702702703
2.9239327032839, 9, 3, 0, 7, 0.0353535353535354
2.91815031828017, 11, 3, 0, 8, 0.0467171717171717
2.91430131495027, 10, 2, 4, 61, 0.084023548930301
2.90813734371634, 8, 2, 0, 19, 0.70959595959596
2.89933333333333, 8, 1, 0, 17, 0.444444444444444
2.89304446388234, 7, 12, 0, 14, 0.217171717171717
2.86840000000001, 9, 1, 0, 15, 0.275252525252525
2.86825042672648, 6, 6, 3, 3, 0.800505050505051
2.84800000000001, 13, 1, 0, 6, 0.026010101010101
2.84100000000001, 11, 4, 2, 4, 0.590909090909091
2.82826705221395, 12, 26, 2, 3, 0.363636363636364
2.81729310592025, 6, 59, 4, 12, 0.0115508595340253
2.80985714285714, 11, 1, 0, 12, 0.132575757575758
2.80255100811496, 9, 10, 3, 2, 0.400252525252525
2.79160999495327, 8, 34, 1, 10, 0.240990990990991
2.79091120126265, 12, 3, 0, 10, 0.0808080808080808
2.7906249348104, 8, 21, 2, 1, 0.0454545454545454
2.77769999999998, 11, 4, 1, 4, 0.128378378378378
2.77605071531109, 10, 8, 0, 14, 0.217171717171717
2.77286900535052, 10, 3, 1, 2, 0.0788288288288288
2.76384470539781, 11, 2, 2, 5, 0.863636363636364
2.75861534832244, 11, 6, 4, 22, 0.0286232599694077
2.75500000000001, 7, 1, 4, 100, 0.705914182813912
2.74121728839985, 9, 2, 3, 1, 0.0997474747474748
2.73414622058803, 9, 2, 0, 9, 0.0618686868686869
2.72210397782964, 8, 8, 4, 104, 0.952055328905477
2.71246226010614, 9, 5, 0, 3, 0.00795454545454546
2.71233333333335, 8, 1, 1, 26, 0.943693693693694
2.71033333333335, 8, 1, 4, 84, 0.293759463138283
2.70176831969979, 10, 3, 3, 2, 0.400252525252525
2.69933333333333, 8, 1, 4, 73, 0.179360578437554
2.69525000000002, 9, 4, 0, 3, 0.00795454545454546
2.69524999999999, 9, 4, 0, 3, 0.00795454545454546
2.69251113634145, 9, 20, 2, 5, 0.863636363636364
2.69100617146754, 9, 5, 4, 102, 0.786411515216059
2.68370593686336, 7, 2, 0, 15, 0.275252525252525
2.67093333333334, 9, 1, 2, 2, 0.181818181818182
2.66937896959824, 8, 3, 4, 9, 0.0079337803296631
2.66666666666666, 12, 1, 1, 13, 0.326576576576577
2.66473190490152, 10, 2, 2, 1, 0.0454545454545454
2.6647319049015, 10, 2, 2, 1, 0.0454545454545454
2.65839999999994, 10, 4, 4, 45, 0.0660434784542375
2.65666666666667, 12, 1, 0, 8, 0.0467171717171717
2.65294444444442, 8, 4, 3, 3, 0.800505050505051
2.64333333333333, 12, 1, 0, 8, 0.0467171717171717
2.6406902743411, 8, 8, 0, 6, 0.026010101010101
2.64000000000001, 9, 1, 0, 17, 0.444444444444444
2.63999999999999, 9, 1, 0, 17, 0.444444444444444
2.63008367262339, 8, 8, 0, 11, 0.103535353535354
2.61556167664874, 9, 3, 4, 45, 0.0660434784542375
2.61533333333333, 12, 1, 3, 2, 0.400252525252525
2.60851691579721, 12, 2, 3, 2, 0.400252525252525
2.6046626994254, 6, 10, 2, 1, 0.0454545454545454
2.60333333333332, 6, 1, 0, 15, 0.275252525252525
2.57556573979385, 8, 2, 4, 93, 0.471038215796977
2.57000000000001, 12, 1, 0, 10, 0.0808080808080808
2.56999999999999, 12, 1, 0, 10, 0.0808080808080808
2.56487857087494, 10, 3, 0, 12, 0.132575757575758
2.55266666666667, 8, 1, 3, 3, 0.800505050505051
2.55050254917206, 10, 3, 3, 3, 0.800505050505051
2.54938888888887, 9, 4, 0, 16, 0.351010101010101
2.52082674533571, 7, 3, 0, 5, 0.0184343434343434
2.51066666666665, 10, 1, 4, 90, 0.412079181780135
2.49556412014943, 10, 10, 1, 22, 0.632882882882883
2.49278710594297, 8, 2, 4, 76, 0.20691329301129
2.48566666666669, 9, 1, 3, 1, 0.0997474747474748
2.46800000000002, 11, 1, 0, 8, 0.0467171717171717
2.459, 7, 1, 3, 1, 0.0997474747474748
2.459, 7, 1, 3, 1, 0.0997474747474748
2.45839344920229, 9, 13, 1, 12, 0.313063063063063
2.45654130416388, 9, 6, 4, 102, 0.786411515216059
2.44550000000001, 8, 1, 4, 101, 0.73090184972689
2.4455, 8, 1, 4, 101, 0.73090184972689
2.43652697722778, 9, 7, 4, 79, 0.228732574440079
2.42965488996969, 13, 3, 3, 3, 0.800505050505051
2.42594742469986, 11, 6, 1, 13, 0.326576576576577
2.42515384615383, 9, 9, 0, 16, 0.351010101010101
2.42290138573571, 9, 2, 3, 1, 0.0997474747474748
2.42290138573569, 9, 2, 3, 1, 0.0997474747474748
2.41369230769237, 10, 4, 4, 48, 0.067745494454136
2.40266666666668, 10, 1, 3, 3, 0.800505050505051
2.40000000000001, 10, 4, 3, 2, 0.400252525252525
2.39439212596714, 8, 18, 4, 78, 0.219710950157435
2.38866666666667, 13, 1, 0, 5, 0.0184343434343434
2.38300000000001, 11, 4, 3, 2, 0.400252525252525
2.37286564732333, 8, 5, 3, 3, 0.800505050505051
2.36, 7, 1, 0, 12, 0.132575757575758
2.36, 7, 1, 0, 12, 0.132575757575758
2.35856589147295, 8, 9, 1, 5, 0.141891891891892
2.35749400847595, 7, 2, 3, 1, 0.0997474747474748
2.35231110737045, 4, 11, 2, 2, 0.181818181818182
2.30764298040231, 8, 8, 4, 85, 0.311682906050061
2.30247287352828, 5, 3, 1, 25, 0.835585585585586
2.29933333333335, 10, 4, 3, 3, 0.800505050505051
2.29244901991918, 9, 7, 0, 3, 0.00795454545454546
2.28510176448971, 12, 6, 2, 4, 0.590909090909091
2.2802427426553, 9, 5, 0, 16, 0.351010101010101
2.27959987124928, 13, 23, 0, 2, 0.00416666666666667
2.27880151249149, 17, 3, 3, 1, 0.0997474747474748
2.27880151249144, 17, 3, 3, 1, 0.0997474747474748
2.27000000000001, 8, 1, 0, 18, 0.558080808080808
2.27, 8, 1, 0, 18, 0.558080808080808
2.26999999999998, 10, 4, 0, 8, 0.0467171717171717
2.26595675279908, 9, 5, 0, 4, 0.0126262626262626
2.26533333333335, 12, 1, 4, 51, 0.0718603446010522
2.25999999999999, 11, 1, 0, 9, 0.0618686868686869
2.25587266249398, 7, 2, 0, 11, 0.103535353535354
2.2428012885675, 9, 2, 0, 12, 0.132575757575758
2.22500000000001, 12, 1, 0, 16, 0.351010101010101
2.22499999999999, 12, 1, 0, 16, 0.351010101010101
2.22333333333334, 9, 1, 0, 15, 0.275252525252525
2.22220435603924, 11, 5, 0, 16, 0.351010101010101
2.22066884631635, 13, 2, 4, 92, 0.455244555401909
2.22066884631635, 13, 2, 4, 92, 0.455244555401909
2.21964595525198, 9, 6, 3, 3, 0.800505050505051
2.21000000000001, 12, 1, 0, 6, 0.026010101010101
2.20259127695844, 12, 3, 1, 22, 0.632882882882883
2.20150000000001, 10, 1, 4, 64, 0.0917218809839261
2.20149999999998, 10, 1, 4, 64, 0.0917218809839261
2.20000000000002, 10, 1, 0, 5, 0.0184343434343434
2.19438804428227, 14, 2, 0, 11, 0.103535353535354
2.18272078239264, 9, 8, 0, 11, 0.103535353535354
2.17325, 10, 1, 0, 16, 0.351010101010101
2.17057451073834, 10, 6, 4, 45, 0.0660434784542375
2.1705, 8, 1, 4, 102, 0.786411515216059
2.16681087981598, 10, 2, 0, 11, 0.103535353535354
2.16573347566209, 8, 5, 2, 5, 0.863636363636364
2.16455487246649, 6, 2, 4, 93, 0.471038215796977
2.14785509578739, 10, 5, 1, 2, 0.0788288288288288
2.14662525839978, 10, 5, 3, 2, 0.400252525252525
2.14507913140754, 8, 2, 4, 102, 0.786411515216059
2.14500000000001, 9, 1, 0, 19, 0.70959595959596
2.145, 9, 1, 0, 19, 0.70959595959596
2.14405555555555, 10, 4, 0, 5, 0.0184343434343434
2.14266666666666, 9, 1, 3, 2, 0.400252525252525
2.1269583916946, 9, 3, 4, 72, 0.171932627919944
2.11500000000001, 14, 1, 0, 9, 0.0618686868686869
2.11499999999999, 14, 1, 0, 9, 0.0618686868686869
2.10414285714285, 13, 4, 3, 3, 0.800505050505051
2.10294062049632, 8, 3, 4, 93, 0.471038215796977
2.0993358794824, 10, 13, 0, 5, 0.0184343434343434
2.09017293168619, 9, 3, 3, 1, 0.0997474747474748
2.09, 12, 1, 0, 9, 0.0618686868686869
2.08999999999998, 12, 1, 0, 9, 0.0618686868686869
2.07999999999996, 7, 4, 3, 2, 0.400252525252525
2.07825596398803, 6, 6, 3, 2, 0.400252525252525
2.06955327921514, 10, 3, 3, 3, 0.800505050505051
2.06291908307646, 7, 11, 1, 2, 0.0788288288288288
2.06157347370882, 10, 3, 0, 14, 0.217171717171717
2.05013826092021, 8, 2, 0, 17, 0.444444444444444
2.04650000000001, 9, 1, 3, 2, 0.400252525252525
2.04649999999999, 9, 1, 3, 2, 0.400252525252525
2.03999999999999, 11, 1, 0, 8, 0.0467171717171717
2.03724959047185, 13, 5, 4, 29, 0.0366148142052202
2.03325661194056, 9, 5, 0, 11, 0.103535353535354
2.0332566119405, 9, 5, 0, 11, 0.103535353535354
2.03, 7, 1, 0, 15, 0.275252525252525
2.03, 7, 1, 0, 15, 0.275252525252525
2.0284536529638, 10, 2, 4, 32, 0.0409687585124503
2.02111321114007, 9, 2, 4, 31, 0.0395255744388036
2.00750000000001, 11, 1, 0, 15, 0.275252525252525
2.00749999999999, 11, 1, 0, 15, 0.275252525252525
2.00523213324017, 7, 43, 4, 62, 0.0856939327900282
2.00333333333333, 11, 1, 0, 8, 0.0467171717171717
2.0025264043203, 12, 2, 0, 10, 0.0808080808080808
2.00199607423442, 12, 2, 2, 2, 0.181818181818182
1.98262082439717, 10, 3, 2, 1, 0.0454545454545454
1.97829069737826, 12, 3, 4, 98, 0.624936765886549
1.97829069737826, 12, 3, 4, 98, 0.624936765886549
1.97703513027365, 8, 6, 2, 5, 0.863636363636364
1.976717006807, 10, 2, 4, 51, 0.0718603446010522
1.976717006807, 10, 2, 4, 51, 0.0718603446010522
1.97113086323562, 11, 2, 2, 5, 0.863636363636364
1.97, 11, 1, 0, 18, 0.558080808080808
1.97, 11, 1, 0, 18, 0.558080808080808
1.96991911847497, 7, 3, 0, 11, 0.103535353535354
1.95813063758972, 7, 11, 0, 9, 0.0618686868686869
1.95433333333338, 11, 4, 2, 5, 0.863636363636364
1.95335288257222, 9, 38, 2, 5, 0.863636363636364
1.95333333333335, 12, 1, 0, 8, 0.0467171717171717
1.9523099352647, 9, 3, 1, 10, 0.240990990990991
1.95163095256243, 6, 6, 0, 12, 0.132575757575758
1.94694872813838, 10, 15, 0, 5, 0.0184343434343434
1.94058756618733, 7, 5, 0, 14, 0.217171717171717
1.93833333333333, 9, 4, 3, 1, 0.0997474747474748
1.9326945366252, 10, 5, 2, 5, 0.863636363636364
1.92791172688664, 10, 6, 0, 4, 0.0126262626262626
1.92275000000001, 11, 4, 3, 2, 0.400252525252525
1.92274999999998, 11, 4, 3, 2, 0.400252525252525
1.9195, 15, 1, 3, 1, 0.0997474747474748
1.9195, 15, 1, 3, 1, 0.0997474747474748
1.91790929283829, 8, 2, 1, 26, 0.943693693693694
1.91770158790334, 10, 5, 0, 5, 0.0184343434343434
1.91649507927591, 8, 2, 4, 84, 0.293759463138283
1.91383501090862, 10, 2, 4, 80, 0.244079764845808
1.9097539946286, 10, 2, 4, 67, 0.0942557274601005
1.90871998994091, 8, 3, 4, 97, 0.601622068566827
1.9087169046829, 8, 2, 4, 73, 0.179360578437554
1.90565277529774, 11, 2, 0, 10, 0.0808080808080808
1.90565277529774, 11, 2, 0, 10, 0.0808080808080808
1.89933333333329, 13, 1, 4, 70, 0.136274845408473
1.89766666666665, 7, 4, 0, 15, 0.275252525252525
1.89646038714237, 10, 8, 1, 22, 0.632882882882883
1.89033333333333, 11, 1, 0, 4, 0.0126262626262626
1.89024478132687, 10, 3, 0, 15, 0.275252525252525
1.89024478132682, 10, 3, 0, 15, 0.275252525252525
1.88733333333333, 7, 1, 4, 41, 0.0589841673467433
1.88666666666666, 11, 1, 4, 82, 0.274718983341981
1.88561808316414, 12, 2, 1, 13, 0.326576576576577
1.88500000000002, 9, 1, 0, 5, 0.0184343434343434
1.88299999999998, 11, 1, 0, 11, 0.103535353535354
1.88193235667207, 5, 7, 4, 97, 0.601622068566827
1.87854701535224, 12, 2, 0, 8, 0.0467171717171717
1.875, 14, 1, 0, 8, 0.0467171717171717
1.87499999999999, 14, 1, 0, 8, 0.0467171717171717
1.86999999999998, 11, 1, 0, 12, 0.132575757575758
1.86911892493643, 12, 2, 0, 8, 0.0467171717171717
1.85899999999999, 10, 1, 3, 1, 0.0997474747474748
1.85899999999999, 10, 1, 3, 1, 0.0997474747474748
1.85533333333333, 10, 1, 4, 4, 0.00326307504602002
1.84931993506323, 12, 2, 3, 2, 0.400252525252525
1.848, 10, 1, 4, 9, 0.0079337803296631
1.84633333333332, 11, 1, 0, 12, 0.132575757575758
1.845, 12, 1, 0, 18, 0.558080808080808
1.845, 12, 1, 0, 18, 0.558080808080808
1.84449999999995, 12, 4, 3, 2, 0.400252525252525
1.84400000000002, 11, 4, 0, 6, 0.026010101010101
1.84205952380944, 9, 16, 1, 14, 0.353603603603604
1.84083465368903, 6, 2, 0, 15, 0.275252525252525
1.83500000000001, 8, 1, 0, 8, 0.0467171717171717
1.83499999999999, 8, 1, 0, 8, 0.0467171717171717
1.83327272727277, 7, 4, 4, 72, 0.171932627919944
1.83123958381565, 9, 3, 0, 12, 0.132575757575758
1.8285781361484, 14, 2, 0, 4, 0.0126262626262626
1.82822458275784, 12, 2, 0, 9, 0.0618686868686869
1.8282245827578, 12, 2, 0, 9, 0.0618686868686869
1.81793166011083, 10, 3, 4, 62, 0.0856939327900282
1.81531451973359, 12, 5, 2, 5, 0.863636363636364
1.81035393782775, 8, 3, 4, 80, 0.244079764845808
1.81014285714286, 9, 4, 3, 1, 0.0997474747474748
1.80825000000002, 11, 1, 4, 51, 0.0718603446010522
1.80500791010885, 8, 2, 3, 3, 0.800505050505051
1.80089982716974, 9, 3, 2, 1, 0.0454545454545454
1.7922857142857, 10, 4, 3, 3, 0.800505050505051
1.78968726318318, 14, 2, 0, 8, 0.0467171717171717
1.78968726318316, 12, 2, 1, 12, 0.313063063063063
1.78968726318316, 12, 2, 1, 12, 0.313063063063063
1.78901701677415, 12, 7, 0, 8, 0.0467171717171717
1.78544462249604, 11, 2, 0, 2, 0.00416666666666667
1.78544462249602, 11, 2, 0, 2, 0.00416666666666667
1.78433345469701, 7, 2, 0, 15, 0.275252525252525
1.7771950433822, 13, 2, 0, 5, 0.0184343434343434
1.77530942529905, 10, 2, 4, 90, 0.412079181780135
1.76430065746094, 10, 6, 2, 5, 0.863636363636364
1.76266666666669, 8, 4, 4, 76, 0.20691329301129
1.75144977661363, 8, 3, 4, 102, 0.786411515216059
1.751, 12, 1, 0, 4, 0.0126262626262626
1.74999999999997, 13, 1, 0, 7, 0.0353535353535354
1.74938217665553, 7, 2, 1, 23, 0.698198198198198
1.74938217665551, 7, 2, 1, 23, 0.698198198198198
1.74561853889484, 10, 3, 3, 1, 0.0997474747474748
1.74195755545307, 9, 2, 0, 20, 0.898989898989899
1.74195755545305, 9, 2, 0, 20, 0.898989898989899
1.73275, 8, 1, 4, 43, 0.0622011646212767
1.730007450851, 12, 2, 0, 15, 0.275252525252525
1.72483392920401, 14, 3, 0, 8, 0.0467171717171717
1.71604714268533, 8, 2, 3, 3, 0.800505050505051
1.71402683759618, 11, 2, 2, 5, 0.863636363636364
1.70851140470294, 12, 2, 4, 76, 0.20691329301129
1.70600000000002, 7, 4, 0, 11, 0.103535353535354
1.70463636363641, 5, 4, 4, 15, 0.0180125300509641
1.70333333333335, 10, 1, 0, 7, 0.0353535353535354
1.70033333333335, 11, 1, 0, 12, 0.132575757575758
1.69894189293086, 10, 2, 3, 3, 0.800505050505051
1.69333333333334, 9, 1, 0, 5, 0.0184343434343434
1.68904239799427, 13, 2, 0, 5, 0.0184343434343434
1.67112902620419, 11, 2, 4, 50, 0.0708643200456854
1.66125, 9, 1, 3, 1, 0.0997474747474748
1.65074078068003, 9, 2, 0, 5, 0.0184343434343434
1.65074078067999, 9, 2, 0, 5, 0.0184343434343434
1.65000000000001, 11, 1, 0, 2, 0.00416666666666667
1.64999999999999, 11, 1, 0, 2, 0.00416666666666667
1.6469931147397, 9, 2, 0, 8, 0.0467171717171717
1.635055962345, 12, 3, 0, 10, 0.0808080808080808
1.62666666666667, 10, 1, 0, 4, 0.0126262626262626
1.61500000000001, 11, 1, 0, 2, 0.00416666666666667
1.61499999999999, 11, 1, 0, 2, 0.00416666666666667
1.61395321037795, 9, 5, 3, 3, 0.800505050505051
1.61, 11, 1, 0, 2, 0.00416666666666667
1.61, 11, 1, 0, 2, 0.00416666666666667
1.60942161039299, 11, 3, 2, 5, 0.863636363636364
1.60912820512817, 10, 9, 4, 48, 0.067745494454136
1.6018325616479, 12, 2, 4, 51, 0.0718603446010522
1.59833675551304, 11, 10, 0, 8, 0.0467171717171717
1.59806132548163, 11, 2, 0, 9, 0.0618686868686869
1.59688794613151, 10, 5, 0, 14, 0.217171717171717
1.59099999999999, 9, 1, 3, 1, 0.0997474747474748
1.57975008227533, 10, 5, 0, 15, 0.275252525252525
1.57896944238956, 12, 2, 3, 1, 0.0997474747474748
1.57413333333318, 10, 9, 0, 4, 0.0126262626262626
1.57366666666664, 9, 1, 4, 2, 0.000339506812356317
1.57213407683809, 9, 2, 0, 15, 0.275252525252525
1.56270598642226, 12, 2, 0, 6, 0.026010101010101
1.55930760702737, 10, 3, 4, 67, 0.0942557274601005
1.55846334573516, 10, 2, 0, 11, 0.103535353535354
1.55846334573514, 10, 2, 0, 11, 0.103535353535354
1.55815290648895, 10, 3, 4, 16, 0.0186420699741554
1.55775957748129, 10, 7, 4, 61, 0.084023548930301
1.55775623895397, 8, 2, 3, 3, 0.800505050505051
1.55775623895397, 8, 2, 3, 3, 0.800505050505051
1.5556349186104, 10, 2, 0, 5, 0.0184343434343434
1.55140977693628, 10, 13, 4, 80, 0.244079764845808
1.54499999999999, 15, 1, 0, 10, 0.0808080808080808
1.54499999999999, 15, 1, 0, 10, 0.0808080808080808
1.54487385029759, 11, 12, 3, 1, 0.0997474747474748
1.535, 13, 1, 0, 2, 0.00416666666666667
1.535, 13, 1, 0, 2, 0.00416666666666667
1.53422079002324, 12, 7, 2, 5, 0.863636363636364
1.523, 10, 1, 0, 12, 0.132575757575758
1.52027957955106, 14, 2, 0, 4, 0.0126262626262626
1.52000000000001, 9, 1, 0, 11, 0.103535353535354
1.52, 9, 1, 0, 11, 0.103535353535354
1.52, 9, 1, 0, 9, 0.0618686868686869
1.51999999999998, 10, 1, 0, 2, 0.00416666666666667
1.518, 11, 1, 3, 1, 0.0997474747474748
1.51509412982235, 9, 2, 3, 2, 0.400252525252525
1.51369228601459, 8, 22, 0, 9, 0.0618686868686869
1.512, 10, 1, 4, 47, 0.0673431543170252
1.512, 10, 1, 4, 47, 0.0673431543170252
1.50500000000001, 10, 1, 0, 5, 0.0184343434343434
1.505, 10, 1, 0, 5, 0.0184343434343434
1.50000000000001, 14, 1, 0, 9, 0.0618686868686869
1.49679902472413, 12, 10, 0, 8, 0.0467171717171717
1.49302779612439, 14, 3, 0, 4, 0.0126262626262626
1.49101012739691, 7, 5, 3, 1, 0.0997474747474748
1.48999999999999, 10, 1, 0, 6, 0.026010101010101
1.48999999999999, 10, 1, 0, 6, 0.026010101010101
1.48633845405411, 9, 2, 3, 1, 0.0997474747474748
1.48320698116603, 10, 2, 4, 35, 0.0452335812040479
1.48244936675759, 8, 2, 3, 1, 0.0997474747474748
1.47876724447535, 12, 3, 3, 3, 0.800505050505051
1.477, 12, 1, 4, 45, 0.0660434784542375
1.47500000000001, 11, 1, 0, 10, 0.0808080808080808
1.47499999999999, 11, 1, 0, 10, 0.0808080808080808
1.47333096680319, 9, 6, 3, 3, 0.800505050505051
1.47078210486803, 12, 2, 0, 3, 0.00795454545454546
1.47078210486801, 12, 2, 0, 3, 0.00795454545454546
1.46944117647058, 9, 9, 4, 59, 0.0828015312645006
1.46399387976861, 10, 2, 4, 37, 0.0486682110506046
1.46339676737562, 6, 2, 2, 3, 0.363636363636364
1.46127353131896, 14, 3, 0, 8, 0.0467171717171717
1.44249783362057, 11, 2, 0, 8, 0.0467171717171717
1.44000000000001, 9, 1, 0, 12, 0.132575757575758
1.44, 15, 1, 0, 9, 0.0618686868686869
1.44, 15, 1, 0, 9, 0.0618686868686869
1.44, 9, 1, 0, 12, 0.132575757575758
1.43433333333334, 10, 4, 4, 32, 0.0409687585124503
1.43419999999998, 9, 4, 0, 15, 0.275252525252525
1.43266666666668, 9, 1, 3, 3, 0.800505050505051
1.43075, 12, 1, 4, 20, 0.0246350245742943
1.42991133291543, 11, 2, 2, 1, 0.0454545454545454
1.42976991155921, 12, 2, 1, 5, 0.141891891891892
1.42976991155919, 12, 2, 1, 5, 0.141891891891892
1.42673914495785, 7, 5, 0, 11, 0.103535353535354
1.42649999999999, 12, 1, 4, 57, 0.0798737051896258
1.4255, 12, 1, 4, 97, 0.601622068566827
1.4255, 12, 1, 4, 97, 0.601622068566827
1.42490046436001, 9, 3, 2, 5, 0.863636363636364
1.42490046435999, 9, 3, 2, 5, 0.863636363636364
1.42400000000001, 13, 4, 0, 6, 0.026010101010101
1.41786666666673, 9, 9, 4, 47, 0.0673431543170252
1.41657058497705, 11, 2, 0, 8, 0.0467171717171717
1.41554916778925, 8, 14, 4, 25, 0.0319165363830463
1.41397786011271, 8, 2, 3, 2, 0.400252525252525
1.41254516859934, 12, 3, 0, 15, 0.275252525252525
1.41000000000001, 11, 1, 0, 14, 0.217171717171717
1.41, 11, 1, 0, 14, 0.217171717171717
1.40666666666668, 11, 1, 0, 14, 0.217171717171717
1.40229413038957, 8, 5, 4, 80, 0.244079764845808
1.39949705251566, 11, 3, 2, 5, 0.863636363636364
1.39499372041601, 12, 3, 4, 76, 0.20691329301129
1.39333333333335, 11, 1, 0, 10, 0.0808080808080808
1.38971624801611, 10, 5, 4, 69, 0.110861739138859
1.38946482503159, 13, 2, 0, 7, 0.0353535353535354
1.38946482503155, 13, 2, 0, 7, 0.0353535353535354
1.38582392049166, 7, 7, 4, 72, 0.171932627919944
1.38380797078209, 10, 2, 3, 1, 0.0997474747474748
1.38380797078205, 10, 2, 3, 1, 0.0997474747474748
1.38166666666666, 8, 1, 3, 1, 0.0997474747474748
1.38121524591771, 12, 2, 0, 8, 0.0467171717171717
1.37749999999997, 7, 4, 4, 100, 0.705914182813912
1.37178715550194, 11, 2, 0, 12, 0.132575757575758
1.3717871555019, 11, 2, 0, 12, 0.132575757575758
1.37090909090908, 8, 9, 0, 19, 0.70959595959596
1.37066666666669, 13, 1, 0, 10, 0.0808080808080808
1.36898470348184, 6, 5, 4, 93, 0.471038215796977
1.3659325370357, 9, 11, 4, 45, 0.0660434784542375
1.36266666666666, 9, 1, 3, 3, 0.800505050505051
1.35198816562868, 8, 2, 2, 3, 0.363636363636364
1.35198816562868, 8, 2, 2, 3, 0.363636363636364
1.35128641958501, 9, 10, 1, 5, 0.141891891891892
1.35000000000001, 16, 1, 0, 3, 0.00795454545454546
1.34999999999999, 16, 1, 0, 3, 0.00795454545454546
1.346, 8, 1, 3, 1, 0.0997474747474748
1.346, 8, 1, 3, 1, 0.0997474747474748
1.34476424699649, 9, 3, 0, 8, 0.0467171717171717
1.34303147973366, 13, 2, 4, 70, 0.136274845408473
1.33666751870297, 11, 2, 0, 4, 0.0126262626262626
1.33454619835942, 7, 2, 4, 41, 0.0589841673467433
1.33407479383863, 11, 2, 4, 82, 0.274718983341981
1.32999999999998, 11, 1, 3, 3, 0.800505050505051
1.32936074863071, 8, 2, 0, 11, 0.103535353535354
1.32936074863071, 8, 2, 0, 11, 0.103535353535354
1.32933333333332, 9, 1, 0, 7, 0.0353535353535354
1.32709800693091, 9, 2, 0, 12, 0.132575757575758
1.327, 10, 1, 3, 3, 0.800505050505051
1.327, 10, 1, 3, 3, 0.800505050505051
1.32500000000002, 11, 1, 0, 3, 0.00795454545454546
1.32499999999999, 11, 1, 0, 3, 0.00795454545454546
1.32228968081885, 11, 2, 0, 12, 0.132575757575758
1.32000000000001, 9, 1, 0, 19, 0.70959595959596
1.31999999999999, 9, 1, 0, 19, 0.70959595959596
1.31889556826916, 10, 2, 2, 5, 0.863636363636364
1.31666666666668, 7, 1, 0, 14, 0.217171717171717
1.31333333333335, 18, 1, 0, 5, 0.0184343434343434
1.31191878136146, 10, 2, 4, 4, 0.00326307504602002
1.31033333333333, 11, 1, 3, 2, 0.400252525252525
1.30850000000001, 11, 1, 3, 2, 0.400252525252525
1.30673333163273, 10, 2, 4, 9, 0.0079337803296631
1.30555482033077, 11, 2, 0, 12, 0.132575757575758
1.30343349998718, 14, 2, 0, 7, 0.0353535353535354
1.30166666666668, 10, 4, 2, 2, 0.181818181818182
1.30066666666667, 9, 1, 2, 4, 0.590909090909091
1.29999999999998, 13, 1, 0, 9, 0.0618686868686869
1.2885839697083, 5, 7, 4, 15, 0.0180125300509641
1.2884010484301, 9, 11, 1, 5, 0.141891891891892
1.288, 9, 1, 3, 1, 0.0997474747474748
1.28382307192229, 10, 2, 4, 65, 0.0928774452980315
1.27826423125189, 9, 5, 4, 31, 0.0395255744388036
1.27000000000001, 10, 1, 0, 3, 0.00795454545454546
1.27, 10, 1, 0, 3, 0.00795454545454546
1.26986613819276, 6, 7, 4, 7, 0.00691788872168195
1.265, 9, 1, 0, 15, 0.275252525252525
1.265, 9, 1, 0, 15, 0.275252525252525
1.26433333333335, 8, 1, 0, 17, 0.444444444444444
1.26300000000001, 12, 1, 0, 12, 0.132575757575758
1.26000000000002, 10, 1, 0, 17, 0.444444444444444
1.25999999999999, 11, 1, 0, 9, 0.0618686868686869
1.25999999999999, 10, 1, 0, 17, 0.444444444444444
1.25666666666666, 13, 4, 0, 5, 0.0184343434343434
1.25472647251634, 10, 3, 0, 16, 0.351010101010101
1.25313875927609, 8, 3, 4, 102, 0.786411515216059
1.24967465766093, 12, 3, 0, 5, 0.0184343434343434
1.24967465766093, 12, 3, 0, 5, 0.0184343434343434
1.249, 9, 1, 4, 8, 0.00740754908006669
1.24750199743743, 10, 12, 3, 2, 0.400252525252525
1.245, 13, 1, 0, 6, 0.026010101010101
1.245, 13, 1, 0, 6, 0.026010101010101
1.24130307875772, 14, 3, 0, 4, 0.0126262626262626
1.23951666666682, 11, 36, 0, 7, 0.0353535353535354
1.239, 13, 1, 3, 2, 0.400252525252525
1.239, 13, 1, 3, 2, 0.400252525252525
1.239, 9, 1, 3, 1, 0.0997474747474748
1.23899999999999, 9, 1, 3, 1, 0.0997474747474748
1.2385, 12, 1, 4, 55, 0.0776266165618163
1.2385, 12, 1, 4, 55, 0.0776266165618163
1.23814397385763, 12, 2, 0, 4, 0.0126262626262626
1.236, 11, 1, 4, 99, 0.6623678444522
1.23399999999998, 11, 4, 0, 8, 0.0467171717171717
1.22258762467155, 10, 2, 0, 14, 0.217171717171717
1.22258762467155, 10, 2, 0, 14, 0.217171717171717
1.22256806252249, 10, 3, 4, 32, 0.0409687585124503
1.21475000000004, 9, 4, 4, 60, 0.0833233322906506
1.21474999999998, 9, 4, 4, 60, 0.0833233322906506
1.21359026583659, 9, 3, 3, 1, 0.0997474747474748
1.21347214005891, 8, 34, 1, 5, 0.141891891891892
1.21041554004884, 10, 5, 4, 80, 0.244079764845808
1.20950000000001, 11, 1, 2, 4, 0.590909090909091
1.20949999999999, 11, 1, 2, 4, 0.590909090909091
1.20443855062108, 10, 2, 0, 7, 0.0353535353535354
1.20231723027751, 11, 2, 0, 12, 0.132575757575758
1.1985, 10, 1, 4, 4, 0.00326307504602002
1.1985, 10, 1, 4, 4, 0.00326307504602002
1.1973674828092, 9, 2, 0, 5, 0.0184343434343434
1.19534599733021, 10, 3, 4, 37, 0.0486682110506046
1.19500000000001, 12, 1, 0, 9, 0.0618686868686869
1.19500000000001, 9, 1, 0, 14, 0.217171717171717
1.19499999999999, 12, 1, 0, 9, 0.0618686868686869
1.19499999999999, 9, 1, 0, 14, 0.217171717171717
1.19430335342409, 12, 2, 1, 19, 0.529279279279279
1.19430335342405, 12, 2, 1, 19, 0.529279279279279
1.19, 13, 1, 0, 2, 0.00416666666666667
1.19, 13, 1, 0, 2, 0.00416666666666667
1.18935360595578, 14, 2, 0, 7, 0.0353535353535354
1.18369675170629, 11, 2, 4, 33, 0.042748691282689
1.1816666666667, 11, 4, 4, 50, 0.0708643200456854
1.17747619047617, 10, 9, 0, 15, 0.275252525252525
1.17533333333334, 10, 1, 4, 83, 0.284343083536879
1.17492862761956, 11, 2, 0, 14, 0.217171717171717
1.17000000000002, 13, 1, 0, 6, 0.026010101010101
1.16999999999999, 13, 1, 0, 6, 0.026010101010101
1.16849999999998, 9, 1, 0, 4, 0.0126262626262626
1.16751771435525, 11, 3, 2, 1, 0.0454545454545454
1.16424606028484, 10, 5, 2, 2, 0.181818181818182
1.16333333333334, 10, 1, 0, 12, 0.132575757575758
1.15585297237584, 12, 6, 2, 2, 0.181818181818182
1.155, 13, 1, 0, 6, 0.026010101010101
1.155, 13, 1, 0, 6, 0.026010101010101
1.15123643676408, 5, 12, 1, 25, 0.835585585585586
1.15022703073012, 10, 2, 0, 4, 0.0126262626262626
1.1471193750191, 11, 6, 0, 12, 0.132575757575758
1.14500000000001, 13, 1, 0, 3, 0.00795454545454546
1.145, 13, 1, 0, 3, 0.00795454545454546
1.1395, 13, 1, 4, 66, 0.0931101613156405
1.1395, 13, 1, 4, 66, 0.0931101613156405
1.12851156441592, 7, 5, 0, 15, 0.275252525252525
1.12500688886782, 9, 2, 3, 1, 0.0997474747474748
1.125, 11, 1, 0, 11, 0.103535353535354
1.125, 11, 1, 0, 11, 0.103535353535354
1.125, 14, 1, 0, 7, 0.0353535353535354
1.125, 14, 1, 0, 7, 0.0353535353535354
1.12326923076921, 12, 4, 4, 38, 0.0506681897441603
1.12121422276626, 13, 3, 3, 2, 0.400252525252525
1.11650000000003, 12, 4, 3, 1, 0.0997474747474748
1.11500000000001, 11, 1, 0, 8, 0.0467171717171717
1.11499999999998, 11, 1, 0, 8, 0.0467171717171717
1.11275037132723, 9, 2, 4, 2, 0.000339506812356317
1.11162392721437, 9, 5, 3, 1, 0.0997474747474748
1.11043701774144, 9, 3, 3, 3, 0.800505050505051
1.108, 13, 1, 4, 20, 0.0246350245742943
1.10666666666668, 10, 1, 0, 3, 0.00795454545454546
1.10533709036356, 12, 3, 3, 3, 0.800505050505051
1.10533709036356, 12, 3, 3, 3, 0.800505050505051
1.08830525742239, 9, 3, 0, 5, 0.0184343434343434
1.08532350862186, 8, 5, 3, 3, 0.800505050505051
1.08500000000001, 9, 1, 0, 12, 0.132575757575758
1.08499999999999, 9, 1, 0, 12, 0.132575757575758
1.08357098521507, 9, 3, 0, 12, 0.132575757575758
1.08229763928414, 11, 2, 2, 4, 0.590909090909091
1.08086322267089, 13, 2, 4, 55, 0.0776266165618163
1.08000000000001, 12, 1, 0, 7, 0.0353535353535354
1.07999999999998, 12, 1, 0, 7, 0.0353535353535354
1.07975205487187, 12, 2, 4, 24, 0.0306244453386102
1.07975205487185, 12, 2, 4, 24, 0.0306244453386102
1.07692362774709, 10, 2, 0, 12, 0.132575757575758
1.07687372209247, 10, 3, 2, 5, 0.863636363636364
1.07480230740358, 10, 2, 0, 2, 0.00416666666666667
1.07480230740354, 9, 2, 0, 9, 0.0618686868686869
1.065, 12, 1, 0, 12, 0.132575757575758
1.06392114369438, 13, 5, 3, 1, 0.0997474747474748
1.06392114369438, 13, 5, 3, 1, 0.0997474747474748
1.06252957047181, 8, 58, 4, 20, 0.0246350245742943
1.05995306499865, 10, 2, 4, 48, 0.067745494454136
1.05995306499863, 10, 2, 4, 48, 0.067745494454136
1.04823714874068, 10, 3, 4, 65, 0.0928774452980315
1.04800000000002, 12, 1, 4, 41, 0.0589841673467433
1.04439671581253, 12, 2, 4, 45, 0.0660434784542375
1.04399362426212, 11, 3, 4, 51, 0.0718603446010522
1.0355, 10, 1, 4, 70, 0.136274845408473
1.0355, 10, 1, 4, 70, 0.136274845408473
1.03, 11, 1, 0, 8, 0.0467171717171717
1.03, 11, 1, 0, 8, 0.0467171717171717
1.02866666666667, 13, 1, 4, 90, 0.412079181780135
1.02433333333333, 11, 1, 4, 63, 0.0888584396739231
1.02137646171391, 11, 2, 4, 73, 0.179360578437554
1.02021366389593, 9, 2, 0, 7, 0.0353535353535354
1.02005051975733, 10, 7, 4, 16, 0.0186420699741554
1.01333333333332, 11, 1, 0, 11, 0.103535353535354
1.01304831517991, 9, 2, 3, 3, 0.800505050505051
1.01100000000001, 11, 1, 4, 75, 0.204510284651682
1.011, 11, 1, 4, 75, 0.204510284651682
1.01000000000002, 11, 1, 0, 5, 0.0184343434343434
1.00040367893831, 8, 3, 4, 43, 0.0622011646212767
0.999833333333328, 8, 4, 3, 2, 0.400252525252525
0.998000000000005, 13, 1, 4, 65, 0.0928774452980315
0.99799999999999, 13, 1, 4, 65, 0.0928774452980315
0.997869089610441, 11, 2, 0, 12, 0.132575757575758
0.99666666666667, 10, 1, 0, 10, 0.0808080808080808
0.996333333333325, 11, 1, 4, 46, 0.0667300768973018
0.994663538869077, 11, 2, 0, 14, 0.217171717171717
0.989242386880021, 17, 2, 4, 99, 0.6623678444522
0.989242386879981, 17, 2, 4, 99, 0.6623678444522
0.985235448453244, 11, 2, 0, 10, 0.0808080808080808
0.983444111274259, 11, 2, 4, 60, 0.0833233322906506
0.982000000000014, 8, 1, 4, 79, 0.228732574440079
0.976985869339449, 8, 2, 3, 1, 0.0997474747474748
0.972271824131503, 12, 2, 0, 14, 0.217171717171717
0.972271824131503, 12, 2, 0, 14, 0.217171717171717
0.971103152776894, 14, 3, 0, 7, 0.0353535353535354
0.969999999999999, 8, 1, 0, 14, 0.217171717171717
0.969992904951811, 10, 7, 4, 24, 0.0306244453386102
0.96920769474634, 13, 2, 0, 10, 0.0808080808080808
0.968080404718637, 12, 7, 3, 3, 0.800505050505051
0.966484350623446, 11, 3, 4, 33, 0.042748691282689
0.965000000000003, 11, 1, 0, 15, 0.275252525252525
0.964999999999989, 11, 1, 0, 15, 0.275252525252525
0.963550840496881, 9, 2, 3, 3, 0.800505050505051
0.959325207285478, 11, 3, 0, 14, 0.217171717171717
0.95912313469128, 9, 3, 3, 1, 0.0997474747474748
0.957999999999998, 12, 1, 0, 14, 0.217171717171717
0.957333333333338, 15, 1, 4, 31, 0.0395255744388036
0.955000000000013, 9, 1, 0, 5, 0.0184343434343434
0.955000000000013, 9, 1, 0, 5, 0.0184343434343434
0.950000000000003, 18, 1, 0, 5, 0.0184343434343434
0.950000000000003, 9, 1, 0, 12, 0.132575757575758
0.950000000000003, 13, 1, 3, 3, 0.800505050505051
0.950000000000003, 13, 1, 3, 3, 0.800505050505051
0.949999999999989, 9, 1, 0, 12, 0.132575757575758
0.949778473704524, 11, 5, 0, 7, 0.0353535353535354
0.947500000000005, 13, 1, 4, 26, 0.0338774705003143
0.947499999999991, 13, 1, 4, 26, 0.0338774705003143
0.943999999999988, 8, 1, 0, 12, 0.132575757575758
0.941000000000003, 10, 1, 3, 1, 0.0997474747474748
0.940999999999988, 10, 1, 3, 1, 0.0997474747474748
0.940000000000012, 11, 1, 0, 7, 0.0353535353535354
0.939999999999998, 11, 1, 0, 7, 0.0353535353535354
0.939999999999998, 10, 1, 0, 8, 0.0467171717171717
0.939980614457331, 9, 2, 0, 7, 0.0353535353535354
0.93950000000001, 12, 1, 4, 66, 0.0931101613156405
0.939499999999995, 12, 1, 4, 66, 0.0931101613156405
0.93806246038938, 10, 5, 4, 35, 0.0452335812040479
0.935000000000016, 13, 1, 0, 8, 0.0467171717171717
0.935000000000002, 13, 1, 0, 8, 0.0467171717171717
0.935000000000002, 15, 1, 0, 7, 0.0353535353535354
0.935000000000002, 15, 1, 0, 7, 0.0353535353535354
0.935000000000002, 11, 1, 0, 6, 0.026010101010101
0.934999999999974, 11, 1, 0, 6, 0.026010101010101
0.934333333333342, 11, 1, 4, 84, 0.293759463138283
0.9321081589601, 12, 2, 0, 12, 0.132575757575758
0.931023928562285, 7, 2, 0, 14, 0.217171717171717
0.930000000000007, 13, 1, 0, 7, 0.0353535353535354
0.930000000000007, 13, 1, 0, 7, 0.0353535353535354
0.928999999999988, 11, 1, 4, 63, 0.0888584396739231
0.928666905958312, 18, 2, 0, 5, 0.0184343434343434
0.926545585614762, 11, 2, 3, 2, 0.400252525252525
0.925500000000028, 11, 1, 4, 9, 0.0079337803296631
0.9255, 11, 1, 4, 9, 0.0079337803296631
0.9255, 13, 1, 3, 3, 0.800505050505051
0.9255, 13, 1, 3, 3, 0.800505050505051
0.925000000000011, 10, 1, 1, 5, 0.141891891891892
0.924999999999997, 10, 1, 1, 5, 0.141891891891892
0.924188563010829, 13, 2, 0, 8, 0.0467171717171717
0.922774349448449, 12, 2, 0, 10, 0.0808080808080808
0.922774349448409, 12, 2, 0, 10, 0.0808080808080808
0.921713689276675, 13, 2, 2, 3, 0.363636363636364
0.921713689276654, 13, 2, 2, 3, 0.363636363636364
0.921666666666681, 14, 4, 0, 7, 0.0353535353535354
0.919710220063306, 9, 2, 2, 4, 0.590909090909091
0.91923881554252, 13, 2, 0, 9, 0.0618686868686869
0.918666666666681, 11, 1, 3, 2, 0.400252525252525
0.915750000000003, 10, 1, 1, 2, 0.0788288288288288
0.91570328163657, 9, 2, 0, 1, 0.00126262626262626
0.91570328163657, 9, 2, 0, 1, 0.00126262626262626
0.913333333333341, 12, 1, 3, 1, 0.0997474747474748
0.913249999999991, 10, 1, 1, 1, 0.0337837837837838
0.911924750185012, 12, 3, 2, 3, 0.363636363636364
0.911924750185012, 12, 3, 2, 3, 0.363636363636364
0.907199999999989, 10, 1, 4, 19, 0.0217556379075293
0.905000000000001, 11, 1, 0, 11, 0.103535353535354
0.905000000000001, 11, 1, 0, 11, 0.103535353535354
0.904499999999999, 14, 1, 4, 38, 0.0506681897441603
0.904499999999999, 14, 1, 4, 38, 0.0506681897441603
0.903333333333336, 9, 1, 4, 95, 0.534067194388448
0.901333333333326, 10, 1, 3, 1, 0.0997474747474748
0.898333333333341, 10, 1, 0, 3, 0.00795454545454546
0.898328657870298, 7, 2, 2, 1, 0.0454545454545454
0.894018673680206, 8, 2, 0, 17, 0.444444444444444
0.893075864638633, 12, 2, 0, 12, 0.132575757575758
0.890954544295064, 11, 2, 0, 9, 0.0618686868686869
0.885000000000019, 13, 1, 0, 9, 0.0618686868686869
0.884999999999991, 13, 1, 0, 9, 0.0618686868686869
0.883692322021637, 11, 3, 2, 4, 0.590909090909091
0.882333333333335, 13, 1, 4, 19, 0.0217556379075293
0.881664705882059, 9, 25, 4, 59, 0.0828015312645006
0.88000000000001, 11, 1, 0, 14, 0.217171717171717
0.879999999999995, 15, 1, 0, 7, 0.0353535353535354
0.879999999999995, 15, 1, 0, 7, 0.0353535353535354
0.879999999999995, 11, 1, 0, 14, 0.217171717171717
0.879249999999999, 12, 1, 2, 2, 0.181818181818182
0.877943779521221, 10, 2, 1, 2, 0.0788288288288288
0.87700000000001, 10, 1, 4, 1, 0.000100050649348366
0.876999999999981, 10, 1, 4, 1, 0.000100050649348366
0.876417708629877, 11, 3, 3, 1, 0.0997474747474748
0.875363636363659, 10, 4, 4, 28, 0.0358931359772792
0.875, 12, 1, 0, 12, 0.132575757575758
0.875, 12, 1, 0, 12, 0.132575757575758
0.874000000000009, 12, 1, 0, 16, 0.351010101010101
0.873983981546566, 11, 2, 4, 99, 0.6623678444522
0.873099545679949, 9, 15, 1, 10, 0.240990990990991
0.872600000000006, 10, 1, 3, 2, 0.400252525252525
0.872286925271702, 8, 2, 4, 24, 0.0306244453386102
0.866025403784389, 14, 3, 0, 9, 0.0618686868686869
0.866, 12, 1, 4, 25, 0.0319165363830463
0.85799999999999, 11, 1, 4, 50, 0.0708643200456854
0.850500000000011, 10, 1, 3, 1, 0.0997474747474748
0.850499999999982, 10, 1, 3, 1, 0.0997474747474748
0.847510717048833, 10, 26, 3, 2, 0.400252525252525
0.846000000000004, 11, 1, 4, 8, 0.00740754908006669
0.846000000000004, 11, 1, 4, 8, 0.00740754908006669
0.845666666666673, 11, 1, 4, 29, 0.0366148142052202
0.842103200326444, 11, 5, 0, 11, 0.103535353535354
0.842000000000013, 13, 1, 3, 1, 0.0997474747474748
0.841999999999999, 13, 1, 3, 1, 0.0997474747474748
0.840000000000003, 11, 1, 0, 3, 0.00795454545454546
0.839999999999975, 11, 1, 0, 3, 0.00795454545454546
0.83450000000002, 13, 1, 4, 66, 0.0931101613156405
0.834499999999991, 13, 1, 4, 66, 0.0931101613156405
0.833999999999989, 12, 1, 4, 76, 0.20691329301129
0.833000968386803, 9, 3, 0, 7, 0.0353535353535354
0.831086170154565, 10, 2, 4, 83, 0.284343083536879
0.826043897643059, 12, 3, 4, 20, 0.0246350245742943
0.82359015899902, 12, 3, 4, 57, 0.0798737051896258
0.822600888780346, 10, 2, 0, 12, 0.132575757575758
0.814756699880421, 11, 3, 0, 12, 0.132575757575758
0.814000000000007, 11, 1, 4, 40, 0.0550596271875607
0.813999999999993, 11, 1, 4, 40, 0.0550596271875607
0.811999999999998, 17, 1, 4, 94, 0.486490559366218
0.807000000000002, 11, 1, 4, 30, 0.0378992342401869
0.802978754388931, 11, 3, 4, 60, 0.0833233322906506
0.8005, 14, 1, 2, 3, 0.363636363636364
0.8005, 14, 1, 2, 3, 0.363636363636364
0.799999999999997, 10, 1, 0, 4, 0.0126262626262626
0.799999999999997, 10, 1, 0, 4, 0.0126262626262626
0.799499999999995, 8, 1, 4, 77, 0.212750155497395
0.799499999999995, 8, 1, 4, 77, 0.212750155497395
0.796999999999997, 14, 1, 4, 22, 0.0286232599694077
0.796999999999997, 14, 1, 4, 22, 0.0286232599694077
0.796666666666681, 15, 1, 4, 52, 0.0736969911266934
0.795000000000016, 10, 1, 0, 3, 0.00795454545454546
0.794999999999987, 10, 1, 0, 3, 0.00795454545454546
0.792818180080755, 13, 6, 3, 2, 0.400252525252525
0.785197545325432, 9, 6, 3, 3, 0.800505050505051
0.783474313554698, 13, 2, 4, 20, 0.0246350245742943
0.783000000000001, 9, 1, 4, 90, 0.412079181780135
0.783000000000001, 9, 1, 4, 90, 0.412079181780135
0.782531504513084, 10, 2, 0, 3, 0.00795454545454546
0.782218474918798, 6, 7, 2, 3, 0.363636363636364
0.780000000000001, 7, 1, 4, 89, 0.391602757964068
0.779999999999987, 7, 1, 4, 89, 0.391602757964068
0.775000000000006, 12, 1, 0, 11, 0.103535353535354
0.775000000000006, 12, 1, 0, 11, 0.103535353535354
0.774000000000001, 13, 1, 4, 41, 0.0589841673467433
0.774000000000001, 13, 1, 4, 41, 0.0589841673467433
0.77000000000001, 7, 1, 0, 3, 0.00795454545454546
0.769999999999982, 7, 1, 0, 3, 0.00795454545454546
0.767875858022193, 11, 3, 3, 3, 0.800505050505051
0.76579664402503, 12, 2, 1, 5, 0.141891891891892
0.76579664402503, 12, 2, 1, 5, 0.141891891891892
0.763333333333321, 9, 1, 0, 5, 0.0184343434343434
0.761063124845775, 12, 3, 0, 12, 0.132575757575758
0.757750000000001, 13, 1, 0, 5, 0.0184343434343434
0.755462827234623, 11, 3, 3, 2, 0.400252525252525
0.754999999999995, 12, 1, 0, 11, 0.103535353535354
0.754999999999995, 12, 1, 0, 11, 0.103535353535354
0.754596801830834, 13, 3, 0, 8, 0.0467171717171717
0.75333333333333, 13, 1, 0, 11, 0.103535353535354
0.750865812376079, 11, 8, 0, 7, 0.0353535353535354
0.75, 11, 1, 0, 9, 0.0618686868686869
0.75, 11, 1, 0, 9, 0.0618686868686869
0.75, 11, 1, 0, 9, 0.0618686868686869
0.75, 11, 1, 0, 9, 0.0618686868686869
0.75, 11, 1, 0, 14, 0.217171717171717
0.75, 11, 1, 0, 14, 0.217171717171717
0.74884615384623, 12, 9, 4, 38, 0.0506681897441603
0.748118974495322, 13, 2, 2, 1, 0.0454545454545454
0.743627146716236, 9, 3, 3, 1, 0.0997474747474748
0.743333333333339, 8, 1, 4, 50, 0.0708643200456854
0.742462120245883, 11, 2, 0, 10, 0.0808080808080808
0.742462120245843, 11, 2, 0, 10, 0.0808080808080808
0.741047906683483, 12, 2, 4, 41, 0.0589841673467433
0.737500000000011, 13, 1, 3, 3, 0.800505050505051
0.737499999999997, 13, 1, 3, 3, 0.800505050505051
0.73666666666665, 12, 1, 0, 7, 0.0353535353535354
0.734999999999999, 10, 1, 0, 16, 0.351010101010101
0.734999999999999, 10, 1, 0, 16, 0.351010101010101
0.730000000000004, 13, 1, 0, 9, 0.0618686868686869
0.730000000000004, 13, 1, 0, 9, 0.0618686868686869
0.728499999999997, 14, 1, 4, 93, 0.471038215796977
0.728499999999997, 14, 1, 4, 93, 0.471038215796977
0.727377175580551, 13, 2, 4, 90, 0.412079181780135
0.72466666666665, 15, 1, 4, 39, 0.051987603372886
0.724333333333334, 10, 1, 2, 1, 0.0454545454545454
0.724313046195408, 11, 2, 4, 63, 0.0888584396739231
0.721110486217856, 9, 3, 4, 8, 0.00740754908006669
0.717777820777428, 13, 5, 3, 1, 0.0997474747474748
0.717777820777396, 13, 5, 3, 1, 0.0997474747474748
0.717500000000001, 8, 1, 2, 3, 0.363636363636364
0.717500000000001, 8, 1, 2, 3, 0.363636363636364
0.716838094225834, 10, 3, 1, 2, 0.0788288288288288
0.716666666666697, 9, 1, 0, 1, 0.00126262626262626
0.71653487160238, 11, 2, 0, 11, 0.103535353535354
0.714434508311737, 13, 6, 0, 7, 0.0353535353535354
0.714177848998387, 11, 2, 0, 5, 0.0184343434343434
0.71383695973194, 9, 14, 2, 2, 0.181818181818182
0.712219292072312, 8, 3, 4, 24, 0.0306244453386102
0.710666666666668, 13, 1, 4, 60, 0.0833233322906506
0.710000000000008, 10, 1, 0, 1, 0.00126262626262626
0.710000000000008, 11, 1, 0, 2, 0.00416666666666667
0.709999999999994, 10, 1, 0, 1, 0.00126262626262626
0.709999999999994, 11, 1, 0, 2, 0.00416666666666667
0.707106781186568, 14, 2, 3, 1, 0.0997474747474748
0.707106781186548, 14, 2, 3, 1, 0.0997474747474748
0.706999999999994, 13, 1, 3, 3, 0.800505050505051
0.704749758582594, 10, 2, 0, 10, 0.0808080808080808
0.704514056322191, 11, 2, 4, 46, 0.0667300768973018
0.703571247280618, 10, 2, 0, 14, 0.217171717171717
0.703571247280578, 10, 2, 0, 14, 0.217171717171717
0.703333333333333, 13, 1, 0, 6, 0.026010101010101
0.699999999999989, 13, 1, 0, 8, 0.0467171717171717
0.698000000000008, 10, 1, 3, 1, 0.0997474747474748
0.697999999999993, 10, 1, 3, 1, 0.0997474747474748
0.694999999999993, 9, 1, 0, 5, 0.0184343434343434
0.694999999999993, 9, 1, 0, 5, 0.0184343434343434
0.694378859125169, 8, 2, 4, 79, 0.228732574440079
0.692964645562809, 8, 2, 4, 100, 0.705914182813912
0.691833274712913, 14, 2, 4, 40, 0.0550596271875607
0.689999999999998, 12, 1, 0, 14, 0.217171717171717
0.689999999999998, 12, 1, 0, 14, 0.217171717171717
0.68589357775093, 8, 2, 0, 14, 0.217171717171717
0.685000000000002, 11, 1, 0, 8, 0.0467171717171717
0.685000000000002, 11, 1, 0, 8, 0.0467171717171717
0.685000000000002, 13, 1, 0, 6, 0.026010101010101
0.685000000000002, 13, 1, 0, 6, 0.026010101010101
0.685000000000002, 13, 1, 0, 5, 0.0184343434343434
0.685000000000002, 13, 1, 0, 5, 0.0184343434343434
0.685000000000002, 11, 1, 0, 14, 0.217171717171717
0.684999999999988, 11, 1, 0, 14, 0.217171717171717
0.68359792454994, 13, 5, 4, 55, 0.0776266165618163
0.680000000000007, 12, 1, 0, 7, 0.0353535353535354
0.679999999999978, 12, 1, 0, 7, 0.0353535353535354
0.677644258808851, 10, 3, 4, 103, 0.865041948010276
0.677408296376732, 12, 2, 0, 14, 0.217171717171717
0.677000000000007, 8, 1, 3, 1, 0.0997474747474748
0.676999999999993, 8, 1, 3, 1, 0.0997474747474748
0.676936891855925, 15, 2, 4, 31, 0.0395255744388036
0.676000000000016, 12, 1, 3, 1, 0.0997474747474748
0.675999999999988, 12, 1, 3, 1, 0.0997474747474748
0.673333333333332, 11, 1, 0, 6, 0.026010101010101
0.671751442127232, 18, 2, 0, 5, 0.0184343434343434
0.666666666666671, 13, 1, 0, 6, 0.026010101010101
0.664680374315393, 10, 2, 0, 8, 0.0467171717171717
0.663499999999999, 11, 1, 2, 4, 0.590909090909091
0.663499999999999, 11, 1, 2, 4, 0.590909090909091
0.662971511454244, 8, 10, 3, 1, 0.0997474747474748
0.661712711019166, 10, 7, 4, 28, 0.0358931359772792
0.660673435888637, 11, 2, 4, 84, 0.293759463138283
0.660200032818298, 12, 3, 2, 2, 0.181818181818182
0.660200032818298, 12, 3, 2, 2, 0.181818181818182
0.659999999999997, 12, 1, 0, 9, 0.0618686868686869
0.659999999999997, 12, 1, 0, 9, 0.0618686868686869
0.657609306503494, 11, 2, 0, 6, 0.026010101010101
0.657609306503494, 11, 2, 0, 6, 0.026010101010101
0.656902199722304, 11, 2, 4, 63, 0.0888584396739231
0.652240846964501, 12, 3, 0, 14, 0.217171717171717
0.649595429650022, 11, 2, 3, 2, 0.400252525252525
0.649124025129255, 8, 2, 0, 15, 0.275252525252525
0.649000000000001, 13, 1, 4, 34, 0.0437591097547004
0.648999999999987, 13, 1, 4, 34, 0.0437591097547004
0.645824193483709, 12, 2, 3, 1, 0.0997474747474748
0.645500000000112, 11, 9, 2, 2, 0.181818181818182
0.645499999999856, 11, 9, 2, 2, 0.181818181818182
0.644500000000008, 10, 1, 4, 9, 0.0079337803296631
0.644499999999994, 10, 1, 4, 9, 0.0079337803296631
0.644000000000005, 14, 1, 1, 2, 0.0788288288288288
0.644000000000005, 14, 1, 1, 2, 0.0788288288288288
0.643553100056784, 12, 3, 3, 3, 0.800505050505051
0.641999999999996, 10, 1, 4, 1, 0.000100050649348366
0.641999999999996, 10, 1, 4, 1, 0.000100050649348366
0.63966666666667, 14, 1, 0, 6, 0.026010101010101
0.63875312567185, 9, 2, 4, 95, 0.534067194388448
0.63733891210949, 10, 2, 3, 1, 0.0997474747474748
0.636499999999998, 12, 1, 3, 2, 0.400252525252525
0.636499999999998, 12, 1, 3, 2, 0.400252525252525
0.636396103067877, 8, 2, 4, 10, 0.00844094610403909
0.63521759176592, 10, 2, 0, 3, 0.00795454545454546
0.635000000000005, 12, 1, 0, 14, 0.217171717171717
0.634999999999991, 12, 1, 0, 14, 0.217171717171717
0.630666666666684, 12, 1, 1, 10, 0.240990990990991
0.630499999999998, 12, 1, 4, 79, 0.228732574440079
0.630499999999984, 12, 1, 4, 79, 0.228732574440079
0.63000000000001, 10, 1, 0, 8, 0.0467171717171717
0.629999999999995, 11, 1, 0, 1, 0.00126262626262626
0.629999999999995, 11, 1, 0, 1, 0.00126262626262626
0.629999999999995, 10, 1, 0, 8, 0.0467171717171717
0.629000000000005, 11, 1, 1, 2, 0.0788288288288288
0.628999999999991, 11, 1, 1, 2, 0.0788288288288288
0.625999999999991, 13, 1, 4, 21, 0.0272340315353993
0.625, 12, 1, 0, 11, 0.103535353535354
0.625, 12, 1, 0, 11, 0.103535353535354
0.625, 12, 1, 0, 7, 0.0353535353535354
0.625, 12, 1, 0, 7, 0.0353535353535354
0.625, 10, 1, 0, 7, 0.0353535353535354
0.625, 10, 1, 0, 7, 0.0353535353535354
0.624999999999986, 9, 1, 4, 17, 0.0191899869089483
0.623903883266942, 13, 2, 4, 19, 0.0217556379075293
0.623333333333335, 14, 1, 4, 34, 0.0437591097547004
0.620000000000005, 11, 1, 0, 12, 0.132575757575758
0.620000000000005, 11, 1, 0, 12, 0.132575757575758
0.620000000000005, 12, 1, 0, 1, 0.00126262626262626
0.61999999999999, 12, 1, 0, 1, 0.00126262626262626
0.618011326757039, 12, 2, 0, 16, 0.351010101010101
0.616666666666688, 14, 1, 0, 7, 0.0353535353535354
0.614878036686934, 12, 3, 0, 12, 0.132575757575758
0.61399999999999, 12, 1, 1, 1, 0.0337837837837838
0.61235447250756, 12, 2, 4, 25, 0.0319165363830463
0.611000000000018, 15, 1, 4, 65, 0.0928774452980315
0.6109402589452, 14, 2, 4, 66, 0.0931101613156405
0.61094025894512, 14, 2, 4, 66, 0.0931101613156405
0.609999999999999, 13, 1, 0, 2, 0.00416666666666667
0.609999999999999, 13, 1, 0, 2, 0.00416666666666667
0.608238508591303, 17, 3, 4, 99, 0.6623678444522
0.608238508591254, 17, 3, 4, 99, 0.6623678444522
0.607666666666674, 13, 1, 0, 14, 0.217171717171717
0.606697618258061, 11, 2, 4, 50, 0.0708643200456854
0.604896852988804, 10, 18, 4, 24, 0.0306244453386102
0.603999999999999, 10, 1, 4, 41, 0.0589841673467433
0.603999999999999, 10, 1, 4, 41, 0.0589841673467433
0.601040764008582, 11, 2, 1, 21, 0.56981981981982
0.601040764008582, 11, 2, 1, 21, 0.56981981981982
0.597999999999999, 10, 1, 4, 60, 0.0833233322906506
0.597976634623418, 11, 2, 4, 29, 0.0366148142052202
0.593500000000006, 9, 1, 3, 2, 0.400252525252525
0.593499999999977, 9, 1, 3, 2, 0.400252525252525
0.589727055509603, 12, 2, 4, 76, 0.20691329301129
0.586857142857156, 10, 4, 4, 103, 0.865041948010276
0.585000000000008, 13, 1, 0, 6, 0.026010101010101
0.58499999999998, 13, 1, 0, 6, 0.026010101010101
0.582000000000008, 13, 1, 3, 1, 0.0997474747474748
0.582000000000008, 13, 1, 4, 75, 0.204510284651682
0.579999999999998, 9, 1, 0, 1, 0.00126262626262626
0.579999999999998, 9, 1, 0, 1, 0.00126262626262626
0.579827560572964, 9, 2, 2, 1, 0.0454545454545454
0.578500000000005, 10, 1, 4, 93, 0.471038215796977
0.578499999999991, 10, 1, 4, 93, 0.471038215796977
0.577749999999995, 10, 1, 0, 12, 0.132575757575758
0.575749999999999, 8, 1, 3, 1, 0.0997474747474748
0.575000000000017, 18, 1, 0, 3, 0.00795454545454546
0.575000000000003, 19, 1, 0, 6, 0.026010101010101
0.575000000000003, 13, 1, 0, 18, 0.558080808080808
0.574999999999989, 18, 1, 0, 3, 0.00795454545454546
0.574999999999989, 19, 1, 0, 6, 0.026010101010101
0.574999999999989, 13, 1, 0, 18, 0.558080808080808
0.574170706323485, 17, 2, 4, 94, 0.486490559366218
0.573999999999984, 6, 1, 3, 3, 0.800505050505051
0.5715, 11, 1, 4, 83, 0.284343083536879
0.5715, 11, 1, 4, 83, 0.284343083536879
0.570635172417535, 11, 2, 4, 30, 0.0378992342401869
0.569220958855176, 11, 2, 3, 2, 0.400252525252525
0.569220958855176, 11, 2, 3, 2, 0.400252525252525
0.568666666666658, 11, 1, 4, 33, 0.042748691282689
0.5681529292544, 7, 5, 2, 1, 0.0454545454545454
0.567499999999995, 14, 1, 0, 10, 0.0808080808080808
0.567000000000007, 15, 1, 4, 39, 0.051987603372886
0.567000000000007, 14, 1, 1, 17, 0.436936936936937
0.566999999999993, 15, 1, 4, 39, 0.051987603372886
0.566999999999993, 14, 1, 1, 17, 0.436936936936937
0.566666666666663, 15, 1, 0, 12, 0.132575757575758
0.566500000000005, 11, 1, 4, 17, 0.0191899869089483
0.566499999999991, 11, 1, 4, 17, 0.0191899869089483
0.565803263805836, 8, 3, 4, 100, 0.705914182813912
0.565000000000012, 8, 1, 0, 1, 0.00126262626262626
0.564999999999998, 15, 1, 0, 5, 0.0184343434343434
0.564999999999998, 15, 1, 0, 5, 0.0184343434343434
0.564999999999998, 8, 1, 0, 1, 0.00126262626262626
0.564879503375151, 14, 3, 4, 40, 0.0550596271875607
0.564857142857164, 12, 4, 0, 14, 0.217171717171717
0.563328402345293, 15, 2, 4, 52, 0.0736969911266934
0.560000000000002, 11, 1, 0, 11, 0.103535353535354
0.560000000000002, 11, 1, 0, 11, 0.103535353535354
0.560000000000002, 8, 1, 0, 15, 0.275252525252525
0.560000000000002, 8, 1, 0, 15, 0.275252525252525
0.55021480653769, 11, 3, 1, 2, 0.0788288288288288
0.546593541857219, 7, 2, 4, 103, 0.865041948010276
0.546593541857178, 7, 2, 4, 103, 0.865041948010276
0.546000000000021, 9, 1, 0, 14, 0.217171717171717
0.546000000000006, 8, 1, 1, 1, 0.0337837837837838
0.545948683235502, 11, 7, 4, 73, 0.179360578437554
0.545018654115008, 8, 3, 0, 12, 0.132575757575758
0.545000000000002, 12, 1, 0, 4, 0.0126262626262626
0.545000000000002, 12, 1, 0, 4, 0.0126262626262626
0.540000000000006, 10, 1, 4, 78, 0.219710950157435
0.539999999999992, 10, 1, 4, 78, 0.219710950157435
0.539758176305743, 9, 2, 0, 5, 0.0184343434343434
0.536666666666662, 13, 1, 0, 6, 0.026010101010101
0.536000000000001, 11, 1, 3, 2, 0.400252525252525
0.536000000000001, 11, 1, 3, 2, 0.400252525252525
0.533000000000001, 9, 1, 4, 90, 0.412079181780135
0.533000000000001, 9, 1, 4, 90, 0.412079181780135
0.532687108493864, 13, 2, 0, 11, 0.103535353535354
0.530000000000001, 8, 1, 3, 3, 0.800505050505051
0.529999999999987, 8, 1, 3, 3, 0.800505050505051
0.529499999999999, 13, 1, 4, 38, 0.0506681897441603
0.529499999999999, 13, 1, 4, 38, 0.0506681897441603
0.528999999999996, 13, 4, 2, 1, 0.0454545454545454
0.528708509010401, 10, 3, 1, 2, 0.0788288288288288
0.527500000000003, 11, 1, 4, 31, 0.0395255744388036
0.527499999999989, 11, 1, 4, 31, 0.0395255744388036
0.527265133337429, 10, 3, 1, 1, 0.0337837837837838
0.525616040681985, 8, 2, 4, 50, 0.0708643200456854
0.525000000000006, 9, 1, 0, 2, 0.00416666666666667
0.524999999999977, 9, 1, 0, 2, 0.00416666666666667
0.524500000000003, 9, 1, 1, 26, 0.943693693693694
0.524499999999989, 9, 1, 1, 26, 0.943693693693694
0.524234044424206, 14, 3, 0, 6, 0.026010101010101
0.524234044424156, 14, 3, 0, 6, 0.026010101010101
0.524000000000001, 10, 1, 4, 64, 0.0917218809839261
0.524000000000001, 10, 1, 4, 64, 0.0917218809839261
0.524000000000001, 10, 1, 3, 1, 0.0997474747474748
0.520901995474099, 12, 2, 0, 7, 0.0353535353535354
0.519000000000005, 15, 1, 4, 39, 0.051987603372886
0.518999999999991, 15, 1, 4, 39, 0.051987603372886
0.518666666666675, 12, 1, 4, 65, 0.0928774452980315
0.513713076532038, 12, 2, 4, 55, 0.0776266165618163
0.513713076532038, 12, 2, 4, 55, 0.0776266165618163
0.51358131279571, 10, 17, 4, 32, 0.0409687585124503
0.51241671409986, 15, 2, 4, 39, 0.051987603372886
0.512181011839477, 10, 2, 2, 1, 0.0454545454545454
0.50763522418497, 12, 3, 2, 2, 0.181818181818182
0.507500000000007, 15, 1, 4, 86, 0.339097714835584
0.507499999999993, 15, 1, 4, 86, 0.339097714835584
0.50675985985034, 9, 2, 0, 1, 0.00126262626262626
0.505000000000024, 15, 1, 0, 8, 0.0467171717171717
0.504999999999995, 15, 1, 0, 8, 0.0467171717171717
0.504999999999995, 10, 1, 0, 4, 0.0126262626262626
0.504999999999995, 10, 1, 0, 4, 0.0126262626262626
0.502517219163241, 13, 2, 4, 60, 0.0833233322906506
0.5, 12, 1, 0, 7, 0.0353535353535354
0.5, 12, 1, 0, 7, 0.0353535353535354
0.5, 12, 1, 0, 14, 0.217171717171717
0.5, 12, 1, 0, 14, 0.217171717171717
0.499924494298885, 13, 2, 3, 3, 0.800505050505051
0.497331769434548, 13, 2, 0, 6, 0.026010101010101
0.495000000000005, 11, 1, 0, 1, 0.00126262626262626
0.49499999999999, 11, 1, 0, 1, 0.00126262626262626
0.494974746830575, 13, 2, 0, 8, 0.0467171717171717
0.490000000000009, 14, 1, 0, 11, 0.103535353535354
0.490000000000009, 19, 1, 0, 6, 0.026010101010101
0.489999999999995, 19, 1, 0, 6, 0.026010101010101
0.489999999999995, 11, 1, 0, 14, 0.217171717171717
0.489999999999995, 11, 1, 0, 14, 0.217171717171717
0.489999999999981, 14, 1, 0, 11, 0.103535353535354
0.485000000000014, 14, 1, 0, 7, 0.0353535353535354
0.484999999999999, 12, 1, 0, 14, 0.217171717171717
0.484999999999999, 12, 1, 0, 14, 0.217171717171717
0.484999999999985, 14, 1, 0, 7, 0.0353535353535354
0.478000000000009, 12, 1, 3, 3, 0.800505050505051
0.477999999999994, 12, 1, 3, 3, 0.800505050505051
0.476118565998931, 11, 2, 0, 6, 0.026010101010101
0.475500000000011, 9, 1, 1, 24, 0.743243243243243
0.475499999999997, 9, 1, 1, 24, 0.743243243243243
0.471404520791025, 13, 2, 0, 6, 0.026010101010101
0.467000000000013, 10, 1, 4, 37, 0.0486682110506046
0.466999999999999, 10, 1, 4, 37, 0.0486682110506046
0.460000000000008, 11, 1, 0, 1, 0.00126262626262626
0.460000000000008, 11, 1, 0, 1, 0.00126262626262626
0.456500000000005, 12, 1, 3, 2, 0.400252525252525
0.456499999999991, 12, 1, 3, 2, 0.400252525252525
0.455060761103603, 12, 6, 3, 3, 0.800505050505051
0.453600000000051, 10, 4, 4, 19, 0.0217556379075293
0.452500000000001, 9, 1, 4, 84, 0.293759463138283
0.452500000000001, 9, 1, 4, 84, 0.293759463138283
0.452312637698998, 14, 2, 0, 6, 0.026010101010101
0.450000000000003, 11, 1, 2, 3, 0.363636363636364
0.449999999999989, 11, 1, 2, 3, 0.363636363636364
0.449000000000012, 13, 1, 1, 16, 0.414414414414414
0.4465, 13, 1, 3, 3, 0.800505050505051
0.4465, 13, 1, 3, 3, 0.800505050505051
0.445948676668328, 12, 2, 1, 10, 0.240990990990991
0.445000000000007, 19, 1, 0, 5, 0.0184343434343434
0.445000000000007, 8, 1, 0, 11, 0.103535353535354
0.444999999999993, 19, 1, 0, 5, 0.0184343434343434
0.444999999999993, 8, 1, 0, 11, 0.103535353535354
0.444999999999993, 10, 1, 4, 1, 0.000100050649348366
0.442648845022782, 13, 2, 4, 21, 0.0272340315353993
0.441941738241612, 9, 2, 4, 17, 0.0191899869089483
0.441651486711318, 9, 7, 0, 4, 0.0126262626262626
0.440763226939616, 14, 2, 4, 34, 0.0437591097547004
0.440000000000026, 13, 1, 0, 2, 0.00416666666666667
0.439999999999998, 13, 1, 0, 2, 0.00416666666666667
0.439666666666668, 10, 1, 3, 1, 0.0997474747474748
0.43748716647844, 13, 3, 0, 5, 0.0184343434343434
0.436300000000017, 10, 4, 3, 2, 0.400252525252525
0.43604918173169, 14, 2, 0, 7, 0.0353535353535354
0.435000000000002, 14, 1, 0, 5, 0.0184343434343434
0.435000000000002, 19, 1, 0, 6, 0.026010101010101
0.435000000000002, 19, 1, 0, 6, 0.026010101010101
0.434999999999988, 14, 1, 0, 5, 0.0184343434343434
0.434163563648543, 12, 2, 1, 1, 0.0337837837837838
0.432042243304973, 15, 2, 4, 65, 0.0928774452980315
0.430000000000007, 18, 1, 0, 3, 0.00795454545454546
0.429999999999993, 18, 1, 0, 3, 0.00795454545454546
0.429999999999978, 13, 1, 0, 11, 0.103535353535354
0.42968522070102, 13, 2, 0, 14, 0.217171717171717
0.4255, 12, 1, 0, 5, 0.0184343434343434
0.4255, 12, 1, 0, 5, 0.0184343434343434
0.425333333333327, 9, 1, 0, 12, 0.132575757575758
0.424500000000009, 12, 1, 4, 66, 0.0931101613156405
0.424499999999995, 12, 1, 4, 66, 0.0931101613156405
0.424250000000001, 11, 1, 4, 62, 0.0856939327900282
0.422849855149565, 10, 2, 4, 60, 0.0833233322906506
0.417500000000004, 12, 1, 3, 3, 0.800505050505051
0.41749999999999, 12, 1, 3, 3, 0.800505050505051
0.415999999999997, 12, 1, 4, 11, 0.00893715698736393
0.415999999999997, 12, 1, 4, 11, 0.00893715698736393
0.411536146650566, 13, 2, 3, 1, 0.0997474747474748
0.410542080668926, 8, 5, 0, 15, 0.275252525252525
0.409999999999968, 9, 4, 2, 1, 0.0454545454545454
0.408999999999992, 14, 1, 4, 76, 0.20691329301129
0.4084, 9, 1, 4, 9, 0.0079337803296631
0.406000000000006, 13, 1, 4, 49, 0.0692091058226616
0.406000000000006, 13, 1, 4, 49, 0.0692091058226616
0.405879292401087, 6, 2, 3, 3, 0.800505050505051
0.403888888888929, 12, 4, 3, 3, 0.800505050505051
0.402108056234774, 11, 2, 4, 33, 0.042748691282689
0.400693842672334, 15, 2, 0, 12, 0.132575757575758
0.397999999999996, 12, 1, 4, 42, 0.0614175149797577
0.397666666666652, 11, 1, 4, 58, 0.081739484313027
0.395499999999998, 7, 1, 3, 1, 0.0997474747474748
0.390000000000015, 11, 1, 0, 9, 0.0618686868686869
0.389999999999986, 11, 1, 0, 9, 0.0618686868686869
0.38666666666667, 11, 1, 0, 2, 0.00416666666666667
0.38608030252787, 8, 2, 1, 1, 0.0337837837837838
0.386080302527849, 9, 2, 0, 14, 0.217171717171717
0.385000000000019, 7, 1, 0, 14, 0.217171717171717
0.385000000000005, 11, 1, 0, 12, 0.132575757575758
0.384999999999991, 11, 1, 0, 12, 0.132575757575758
0.384999999999991, 7, 1, 0, 14, 0.217171717171717
0.379999999999995, 16, 1, 0, 11, 0.103535353535354
0.379999999999995, 16, 1, 0, 11, 0.103535353535354
0.379480639236837, 13, 2, 0, 6, 0.026010101010101
0.375, 18, 1, 0, 3, 0.00795454545454546
0.375, 18, 1, 0, 3, 0.00795454545454546
0.375, 10, 1, 0, 15, 0.275252525252525
0.375, 10, 1, 0, 15, 0.275252525252525
0.372, 10, 1, 4, 104, 0.952055328905477
0.372, 10, 1, 4, 104, 0.952055328905477
0.370523953341752, 10, 2, 3, 1, 0.0997474747474748
0.370000000000005, 18, 1, 0, 6, 0.026010101010101
0.367423461417491, 8, 6, 4, 10, 0.00844094610403909
0.366752717175399, 12, 2, 4, 65, 0.0928774452980315
0.366666666666674, 10, 1, 0, 11, 0.103535353535354
0.366500000000002, 11, 1, 4, 2, 0.000339506812356317
0.366500000000002, 11, 1, 4, 2, 0.000339506812356317
0.366000000000014, 11, 1, 2, 5, 0.863636363636364
0.36365491603881, 6, 2, 4, 13, 0.0149040473935306
0.363, 9, 1, 4, 42, 0.0614175149797577
0.363, 9, 1, 4, 42, 0.0614175149797577
0.36275000000002, 11, 1, 4, 43, 0.0622011646212767
0.362333333333325, 11, 1, 4, 65, 0.0928774452980315
0.362000000000009, 10, 1, 3, 1, 0.0997474747474748
0.361999999999995, 10, 1, 3, 1, 0.0997474747474748
0.361500000000007, 13, 1, 2, 2, 0.181818181818182
0.361500000000007, 9, 1, 3, 2, 0.400252525252525
0.361499999999978, 13, 1, 2, 2, 0.181818181818182
0.361499999999978, 9, 1, 3, 2, 0.400252525252525
0.361249204364926, 12, 5, 3, 3, 0.800505050505051
0.359999999999999, 13, 1, 0, 4, 0.0126262626262626
0.359999999999999, 13, 1, 0, 4, 0.0126262626262626
0.359775930267721, 8, 2, 3, 3, 0.800505050505051
0.349500000000006, 13, 1, 4, 26, 0.0338774705003143
0.349499999999992, 13, 1, 4, 26, 0.0338774705003143
0.347896536343795, 10, 2, 4, 55, 0.0776266165618163
0.347896536343754, 10, 2, 4, 55, 0.0776266165618163
0.347500000000011, 12, 1, 3, 2, 0.400252525252525
0.347499999999997, 12, 1, 3, 2, 0.400252525252525
0.347000000000008, 13, 1, 4, 61, 0.084023548930301
0.346999999999994, 13, 1, 4, 61, 0.084023548930301
0.344500000000011, 13, 1, 4, 77, 0.212750155497395
0.344499999999996, 13, 1, 4, 77, 0.212750155497395
0.343999999999994, 9, 1, 1, 23, 0.698198198198198
0.342500000000001, 14, 1, 4, 34, 0.0437591097547004
0.342500000000001, 14, 1, 4, 34, 0.0437591097547004
0.341333333333338, 9, 1, 4, 102, 0.786411515216059
0.340000000000003, 11, 1, 0, 6, 0.026010101010101
0.339999999999989, 11, 1, 0, 6, 0.026010101010101
0.337500000000006, 12, 1, 3, 3, 0.800505050505051
0.337499999999991, 12, 1, 3, 3, 0.800505050505051
0.336017856668367, 13, 3, 4, 75, 0.204510284651682
0.333564118024303, 10, 3, 0, 12, 0.132575757575758
0.333333333333343, 15, 1, 0, 9, 0.0618686868686869
0.332999999999998, 11, 1, 4, 9, 0.0079337803296631
0.332999999999998, 11, 1, 4, 9, 0.0079337803296631
0.332409417485935, 8, 3, 3, 1, 0.0997474747474748
0.330500000000001, 9, 1, 3, 3, 0.800505050505051
0.330500000000001, 9, 1, 3, 3, 0.800505050505051
0.32764627776511, 14, 3, 0, 10, 0.0808080808080808
0.323000000000008, 13, 1, 4, 42, 0.0614175149797577
0.322999999999993, 13, 1, 4, 42, 0.0614175149797577
0.320499999999996, 9, 1, 3, 1, 0.0997474747474748
0.320499999999996, 9, 1, 3, 1, 0.0997474747474748
0.320000000000022, 15, 1, 0, 8, 0.0467171717171717
0.320000000000007, 9, 1, 0, 15, 0.275252525252525
0.319999999999993, 15, 1, 0, 8, 0.0467171717171717
0.319999999999993, 11, 1, 0, 12, 0.132575757575758
0.319999999999993, 11, 1, 0, 12, 0.132575757575758
0.319999999999993, 9, 1, 0, 15, 0.275252525252525
0.317666666666668, 13, 1, 1, 5, 0.141891891891892
0.317666666666653, 11, 9, 1, 2, 0.0788288288288288
0.317490944752728, 13, 2, 1, 16, 0.414414414414414
0.315000000000012, 9, 1, 0, 15, 0.275252525252525
0.314999999999998, 9, 1, 0, 15, 0.275252525252525
0.314662517628009, 10, 2, 4, 1, 0.000100050649348366
0.312666666666672, 10, 1, 0, 9, 0.0618686868686869
0.311999999999998, 14, 1, 4, 19, 0.0217556379075293
0.311999999999998, 14, 1, 4, 19, 0.0217556379075293
0.311666666666667, 12, 1, 3, 3, 0.800505050505051
0.310891281461696, 10, 2, 3, 1, 0.0997474747474748
0.310000000000002, 12, 1, 0, 9, 0.0618686868686869
0.310000000000002, 12, 1, 0, 9, 0.0618686868686869
0.310000000000002, 12, 1, 0, 9, 0.0618686868686869
0.310000000000002, 12, 1, 0, 9, 0.0618686868686869
0.310000000000002, 16, 1, 0, 7, 0.0353535353535354
0.310000000000002, 16, 1, 0, 7, 0.0353535353535354
0.310000000000002, 10, 1, 0, 11, 0.103535353535354
0.310000000000002, 10, 1, 0, 11, 0.103535353535354
0.310000000000002, 12, 1, 0, 5, 0.0184343434343434
0.310000000000002, 12, 1, 0, 5, 0.0184343434343434
0.308096526088443, 11, 2, 1, 7, 0.184684684684685
0.3065, 11, 1, 4, 69, 0.110861739138859
0.3065, 11, 1, 4, 69, 0.110861739138859
0.305000000000007, 11, 1, 0, 11, 0.103535353535354
0.304999999999993, 11, 1, 0, 11, 0.103535353535354
0.30405591591026, 13, 2, 0, 11, 0.103535353535354
0.302500000000009, 11, 1, 3, 2, 0.400252525252525
0.302499999999995, 11, 1, 3, 2, 0.400252525252525
0.300756084264674, 9, 2, 0, 12, 0.132575757575758
0.299999999999997, 10, 1, 0, 11, 0.103535353535354
0.299999999999997, 10, 1, 0, 11, 0.103535353535354
0.297833376235773, 14, 2, 4, 31, 0.0395255744388036
0.293755816963686, 8, 3, 3, 3, 0.800505050505051
0.293500000000009, 13, 1, 3, 2, 0.400252525252525
0.293499999999995, 13, 1, 3, 2, 0.400252525252525
0.291499999999999, 12, 1, 4, 34, 0.0437591097547004
0.291499999999999, 12, 1, 4, 34, 0.0437591097547004
0.290500000000009, 12, 1, 4, 42, 0.0614175149797577
0.290500000000009, 12, 1, 4, 42, 0.0614175149797577
0.289206673505292, 14, 2, 4, 76, 0.20691329301129
0.286666666666662, 15, 1, 0, 5, 0.0184343434343434
0.284500000000008, 14, 1, 4, 77, 0.212750155497395
0.284500000000008, 14, 1, 4, 77, 0.212750155497395
0.281428498912243, 12, 2, 4, 42, 0.0614175149797577
0.28119279665186, 11, 2, 4, 58, 0.081739484313027
0.281000000000006, 7, 1, 4, 3, 0.000573791508306289
0.279000000000011, 11, 1, 1, 12, 0.313063063063063
0.278999999999996, 13, 1, 4, 46, 0.0667300768973018
0.278999999999996, 11, 1, 1, 12, 0.313063063063063
0.274000000000001, 16, 1, 3, 1, 0.0997474747474748
0.274000000000001, 16, 1, 3, 1, 0.0997474747474748
0.274000000000001, 12, 1, 4, 33, 0.042748691282689
0.273414622058811, 11, 2, 0, 2, 0.00416666666666667
0.271000000000015, 12, 1, 4, 65, 0.0928774452980315
0.270999999999987, 12, 1, 4, 65, 0.0928774452980315
0.26700000000001, 15, 1, 4, 37, 0.0486682110506046
0.266999999999996, 15, 1, 4, 37, 0.0486682110506046
0.265999999999991, 10, 1, 3, 1, 0.0997474747474748
0.265999999999991, 10, 1, 3, 1, 0.0997474747474748
0.263999999999996, 14, 1, 4, 34, 0.0437591097547004
0.263999999999996, 14, 1, 4, 34, 0.0437591097547004
0.263000000000005, 12, 1, 4, 76, 0.20691329301129
0.263000000000005, 12, 1, 4, 76, 0.20691329301129
0.261629509039026, 18, 2, 0, 6, 0.026010101010101
0.260000000000019, 14, 1, 0, 7, 0.0353535353535354
0.260000000000019, 9, 1, 0, 12, 0.132575757575758
0.260000000000005, 10, 1, 0, 12, 0.132575757575758
0.259999999999991, 15, 1, 0, 7, 0.0353535353535354
0.259999999999991, 14, 1, 0, 7, 0.0353535353535354
0.259999999999991, 9, 1, 0, 12, 0.132575757575758
0.259999999999991, 10, 1, 0, 12, 0.132575757575758
0.259500000000003, 11, 1, 4, 77, 0.212750155497395
0.259500000000003, 11, 1, 4, 77, 0.212750155497395
0.259272486435073, 10, 2, 0, 11, 0.103535353535354
0.25620835704993, 11, 2, 4, 65, 0.0928774452980315
0.252999999999986, 10, 1, 4, 69, 0.110861739138859
0.25, 12, 1, 0, 11, 0.103535353535354
0.25, 12, 1, 0, 11, 0.103535353535354
0.25, 14, 1, 0, 5, 0.0184343434343434
0.25, 14, 1, 0, 5, 0.0184343434343434
0.246333333333325, 8, 1, 0, 12, 0.132575757575758
0.244940851703707, 11, 3, 4, 62, 0.0856939327900282
0.243244732728188, 9, 2, 1, 23, 0.698198198198198
0.24317993338267, 14, 3, 4, 31, 0.0395255744388036
0.241359114645002, 9, 2, 4, 102, 0.786411515216059
0.240000000000009, 13, 1, 0, 8, 0.0467171717171717
0.237499999999997, 13, 1, 3, 3, 0.800505050505051
0.237499999999997, 13, 1, 3, 3, 0.800505050505051
0.235702260395502, 15, 2, 0, 9, 0.0618686868686869
0.235000000000014, 16, 1, 0, 6, 0.026010101010101
0.234999999999985, 16, 1, 0, 6, 0.026010101010101
0.234577414371754, 7, 3, 0, 15, 0.275252525252525
0.229995563399955, 6, 5, 4, 13, 0.0149040473935306
0.229500000000002, 15, 1, 4, 41, 0.0589841673467433
0.229500000000002, 15, 1, 4, 41, 0.0589841673467433
0.227500000000006, 13, 1, 3, 3, 0.800505050505051
0.227499999999992, 13, 1, 3, 3, 0.800505050505051
0.227000000000004, 11, 1, 3, 3, 0.800505050505051
0.22699999999999, 11, 1, 3, 3, 0.800505050505051
0.224624254156927, 13, 2, 1, 5, 0.141891891891892
0.221088720250998, 10, 2, 0, 9, 0.0618686868686869
0.220381613469808, 12, 2, 3, 3, 0.800505050505051
0.216999999999999, 12, 1, 2, 5, 0.863636363636364
0.216999999999999, 12, 1, 2, 5, 0.863636363636364
0.215500000000006, 11, 1, 4, 65, 0.0928774452980315
0.215499999999992, 11, 1, 4, 65, 0.0928774452980315
0.215000000000003, 11, 1, 4, 57, 0.0798737051896258
0.214999999999989, 11, 1, 4, 57, 0.0798737051896258
0.212839141137182, 15, 2, 4, 37, 0.0486682110506046
0.212839141137182, 15, 2, 4, 37, 0.0486682110506046
0.211310198523378, 11, 3, 2, 5, 0.863636363636364
0.210999999999999, 13, 1, 2, 3, 0.363636363636364
0.210999999999999, 13, 1, 2, 3, 0.363636363636364
0.210000000000008, 15, 1, 0, 2, 0.00416666666666667
0.209433810148524, 11, 3, 4, 43, 0.0622011646212767
0.209000000000003, 9, 1, 2, 1, 0.0454545454545454
0.208999999999989, 9, 1, 2, 1, 0.0454545454545454
0.208000000000013, 9, 1, 4, 38, 0.0506681897441603
0.207999999999998, 9, 1, 4, 38, 0.0506681897441603
0.204199999999958, 9, 4, 4, 9, 0.0079337803296631
0.20270394394014, 15, 2, 0, 5, 0.0184343434343434
0.201999999999998, 12, 1, 3, 1, 0.0997474747474748
0.201999999999998, 12, 1, 3, 1, 0.0997474747474748
0.201000000000022, 16, 1, 4, 29, 0.0366148142052202
0.201000000000008, 10, 1, 4, 51, 0.0718603446010522
0.200999999999993, 16, 1, 4, 29, 0.0366148142052202
0.200999999999993, 10, 1, 4, 51, 0.0718603446010522
0.200000000000017, 16, 1, 4, 57, 0.0798737051896258
0.200000000000017, 14, 1, 0, 6, 0.026010101010101
0.200000000000003, 10, 1, 0, 12, 0.132575757575758
0.200000000000003, 10, 1, 0, 12, 0.132575757575758
0.199999999999989, 16, 1, 4, 57, 0.0798737051896258
0.199999999999989, 14, 1, 0, 6, 0.026010101010101
0.197282791951064, 13, 2, 4, 46, 0.0667300768973018
0.195000000000007, 15, 1, 0, 6, 0.026010101010101
0.195000000000007, 15, 1, 0, 6, 0.026010101010101
0.195000000000007, 8, 1, 0, 15, 0.275252525252525
0.195000000000007, 13, 1, 3, 3, 0.800505050505051
0.194999999999993, 8, 1, 0, 15, 0.275252525252525
0.194999999999993, 13, 1, 3, 3, 0.800505050505051
0.194857352324968, 11, 5, 1, 7, 0.184684684684685
0.193747258045095, 12, 2, 4, 33, 0.042748691282689
0.192499999999995, 16, 1, 3, 2, 0.400252525252525
0.192499999999995, 16, 1, 3, 2, 0.400252525252525
0.189999999999998, 14, 1, 0, 11, 0.103535353535354
0.189999999999998, 14, 1, 0, 11, 0.103535353535354
0.189999999999998, 8, 1, 0, 14, 0.217171717171717
0.189999999999998, 8, 1, 0, 14, 0.217171717171717
0.188000000000002, 10, 1, 4, 51, 0.0718603446010522
0.185500000000005, 9, 1, 4, 87, 0.357350407816721
0.185500000000005, 9, 1, 4, 87, 0.357350407816721
0.185000000000002, 14, 1, 0, 7, 0.0353535353535354
0.184999999999988, 14, 1, 0, 7, 0.0353535353535354
0.184857915653082, 11, 2, 4, 27, 0.0352394625411507
0.183847763108536, 15, 2, 0, 7, 0.0353535353535354
0.181000000000012, 10, 1, 4, 6, 0.00648491626136443
0.180999999999983, 10, 1, 4, 6, 0.00648491626136443
0.180000000000007, 14, 1, 0, 7, 0.0353535353535354
0.180000000000007, 12, 1, 0, 15, 0.275252525252525
0.179999999999993, 12, 1, 0, 15, 0.275252525252525
0.179999999999978, 14, 1, 0, 7, 0.0353535353535354
0.178898015640187, 10, 2, 4, 69, 0.110861739138859
0.175000000000011, 13, 1, 0, 8, 0.0467171717171717
0.174999999999983, 13, 1, 0, 8, 0.0467171717171717
0.174183970432301, 8, 2, 0, 12, 0.132575757575758
0.169705627484778, 13, 2, 0, 8, 0.0467171717171717
0.169000000000011, 9, 1, 4, 27, 0.0352394625411507
0.168999999999997, 9, 1, 4, 27, 0.0352394625411507
0.165999999999997, 10, 1, 4, 70, 0.136274845408473
0.162235425642255, 7, 3, 4, 3, 0.000573791508306289
0.162000000000006, 9, 1, 4, 90, 0.412079181780135
0.161999999999992, 9, 1, 4, 90, 0.412079181780135
0.161666666666676, 12, 1, 4, 66, 0.0931101613156405
0.158500000000004, 12, 1, 4, 69, 0.110861739138859
0.158500000000004, 12, 1, 4, 69, 0.110861739138859
0.155000000000001, 13, 1, 0, 12, 0.132575757575758
0.154999999999987, 13, 1, 0, 12, 0.132575757575758
0.153566965383709, 7, 7, 0, 15, 0.275252525252525
0.152500000000003, 15, 1, 4, 50, 0.0708643200456854
0.152500000000003, 15, 1, 4, 50, 0.0708643200456854
0.150000000000006, 10, 1, 0, 12, 0.132575757575758
0.150000000000006, 12, 1, 0, 3, 0.00795454545454546
0.150000000000006, 12, 1, 3, 1, 0.0997474747474748
0.149999999999991, 12, 1, 0, 3, 0.00795454545454546
0.149999999999991, 12, 1, 3, 1, 0.0997474747474748
0.149999999999977, 10, 1, 0, 12, 0.132575757575758
0.149484949075149, 7, 7, 3, 1, 0.0997474747474748
0.14849242404916, 15, 2, 0, 2, 0.00416666666666667
0.144000000000005, 16, 1, 4, 40, 0.0550596271875607
0.144000000000005, 16, 1, 4, 40, 0.0550596271875607
0.143000000000001, 14, 1, 3, 1, 0.0997474747474748
0.143000000000001, 14, 1, 3, 1, 0.0997474747474748
0.137500000000017, 13, 1, 4, 50, 0.0708643200456854
0.137500000000003, 14, 1, 4, 52, 0.0736969911266934
0.137499999999989, 13, 1, 4, 50, 0.0708643200456854
0.137499999999989, 14, 1, 4, 52, 0.0736969911266934
0.136499999999998, 10, 1, 4, 21, 0.0272340315353993
0.136499999999998, 10, 1, 4, 21, 0.0272340315353993
0.135000000000005, 8, 1, 0, 2, 0.00416666666666667
0.134999999999991, 8, 1, 0, 2, 0.00416666666666667
0.132936074863063, 10, 2, 4, 51, 0.0718603446010522
0.130000000000024, 14, 1, 0, 12, 0.132575757575758
0.13000000000001, 12, 1, 0, 7, 0.0353535353535354
0.13000000000001, 12, 1, 0, 7, 0.0353535353535354
0.129999999999995, 14, 1, 0, 12, 0.132575757575758
0.129999999999995, 12, 1, 0, 2, 0.00416666666666667
0.129999999999995, 12, 1, 0, 2, 0.00416666666666667
0.129999999999995, 12, 1, 0, 7, 0.0353535353535354
0.129999999999995, 12, 1, 0, 7, 0.0353535353535354
0.128000000000014, 14, 1, 4, 60, 0.0833233322906506
0.127999999999986, 14, 1, 4, 60, 0.0833233322906506
0.125, 12, 1, 0, 6, 0.026010101010101
0.125, 12, 1, 0, 6, 0.026010101010101
0.122000000000014, 8, 1, 4, 5, 0.00604237658698964
0.121999999999986, 8, 1, 4, 5, 0.00604237658698964
0.120000000000005, 16, 1, 0, 8, 0.0467171717171717
0.120000000000005, 16, 1, 0, 8, 0.0467171717171717
0.120000000000005, 11, 1, 0, 5, 0.0184343434343434
0.120000000000005, 11, 1, 0, 5, 0.0184343434343434
0.120000000000005, 12, 1, 3, 1, 0.0997474747474748
0.120000000000005, 12, 1, 3, 1, 0.0997474747474748
0.117999999999995, 12, 1, 3, 3, 0.800505050505051
0.117999999999995, 12, 1, 3, 3, 0.800505050505051
0.117379725676965, 10, 2, 4, 70, 0.136274845408473
0.11691441139493, 11, 5, 4, 27, 0.0352394625411507
0.115000000000009, 11, 1, 0, 9, 0.0618686868686869
0.115000000000009, 11, 1, 0, 9, 0.0618686868686869
0.115000000000009, 10, 1, 0, 9, 0.0618686868686869
0.115000000000009, 11, 1, 3, 3, 0.800505050505051
0.114999999999995, 10, 1, 0, 9, 0.0618686868686869
0.114999999999995, 11, 1, 3, 3, 0.800505050505051
0.114315596291822, 12, 2, 4, 66, 0.0931101613156405
0.114000000000004, 12, 1, 3, 2, 0.400252525252525
0.103499999999997, 13, 1, 4, 26, 0.0338774705003143
0.103499999999997, 13, 1, 4, 26, 0.0338774705003143
0.103499999999997, 13, 1, 1, 6, 0.164414414414414
0.103499999999997, 13, 1, 1, 6, 0.164414414414414
0.102000000000004, 14, 1, 4, 17, 0.0191899869089483
0.102000000000004, 14, 1, 4, 17, 0.0191899869089483
0.0980000000000132, 14, 1, 4, 22, 0.0286232599694077
0.0979999999999848, 14, 1, 4, 22, 0.0286232599694077
0.0966666666666924, 15, 1, 4, 50, 0.0708643200456854
0.0960000000000036, 15, 1, 0, 7, 0.0353535353535354
0.0945000000000107, 14, 1, 4, 66, 0.0931101613156405
0.0944999999999823, 14, 1, 4, 66, 0.0931101613156405
0.0940000000000083, 13, 1, 2, 5, 0.863636363636364
0.0939999999999941, 13, 1, 2, 5, 0.863636363636364
0.0914999999999964, 12, 1, 4, 61, 0.084023548930301
0.0914999999999964, 12, 1, 4, 61, 0.084023548930301
0.0884999999999962, 14, 1, 4, 57, 0.0798737051896258
0.0884999999999962, 14, 1, 4, 57, 0.0798737051896258
0.0809999999999889, 9, 1, 4, 10, 0.00844094610403909
0.0809999999999889, 9, 1, 4, 10, 0.00844094610403909
0.0806101730552695, 12, 2, 3, 2, 0.400252525252525
0.0800000000000125, 10, 1, 0, 8, 0.0467171717171717
0.0799999999999841, 10, 1, 0, 8, 0.0467171717171717
0.0776666666666586, 13, 1, 0, 6, 0.026010101010101
0.0745000000000005, 14, 1, 3, 1, 0.0997474747474748
0.0745000000000005, 14, 1, 3, 1, 0.0997474747474748
0.0700000000000216, 16, 1, 0, 6, 0.026010101010101
0.0700000000000074, 10, 1, 0, 12, 0.132575757575758
0.0700000000000074, 12, 1, 3, 1, 0.0997474747474748
0.0699999999999932, 13, 1, 0, 11, 0.103535353535354
0.0699999999999932, 13, 1, 0, 11, 0.103535353535354
0.0699999999999932, 14, 1, 0, 8, 0.0467171717171717
0.0699999999999932, 14, 1, 0, 8, 0.0467171717171717
0.0699999999999932, 16, 1, 0, 6, 0.026010101010101
0.0699999999999932, 10, 1, 0, 12, 0.132575757575758
0.0699999999999932, 12, 1, 3, 1, 0.0997474747474748
0.0683536555146776, 15, 2, 4, 50, 0.0708643200456854
0.0678822509939111, 15, 2, 0, 7, 0.0353535353535354
0.0670000000000073, 8, 1, 4, 86, 0.339097714835584
0.0669999999999931, 8, 1, 4, 86, 0.339097714835584
0.0655000000000001, 11, 1, 4, 56, 0.078725036164931
0.0655000000000001, 11, 1, 4, 56, 0.078725036164931
0.0649999999999977, 16, 1, 0, 3, 0.00795454545454546
0.0649999999999977, 16, 1, 0, 3, 0.00795454545454546
0.0649999999999977, 10, 1, 0, 2, 0.00416666666666667
0.0649999999999977, 10, 1, 0, 2, 0.00416666666666667
0.0600000000000023, 16, 1, 0, 6, 0.026010101010101
0.0600000000000023, 16, 1, 0, 6, 0.026010101010101
0.0579999999999927, 9, 1, 3, 1, 0.0997474747474748
0.0550000000000068, 13, 1, 0, 11, 0.103535353535354
0.0549999999999926, 13, 1, 0, 11, 0.103535353535354
0.0549186266721294, 13, 2, 0, 6, 0.026010101010101
0.0535000000000139, 11, 1, 2, 4, 0.590909090909091
0.0534999999999997, 13, 1, 4, 63, 0.0888584396739231
0.0534999999999997, 13, 1, 4, 63, 0.0888584396739231
0.0534999999999854, 11, 1, 2, 4, 0.590909090909091
0.0500000000000114, 16, 1, 0, 11, 0.103535353535354
0.0500000000000114, 13, 1, 0, 15, 0.275252525252525
0.0499999999999972, 13, 1, 0, 15, 0.275252525252525
0.0499999999999829, 16, 1, 0, 11, 0.103535353535354
0.0470000000000113, 12, 1, 3, 3, 0.800505050505051
0.046999999999997, 12, 1, 3, 3, 0.800505050505051
0.0459999999999923, 14, 1, 4, 7, 0.00691788872168195
0.0459999999999923, 14, 1, 4, 7, 0.00691788872168195
0.0420000000000016, 13, 1, 4, 61, 0.084023548930301
0.0420000000000016, 13, 1, 4, 61, 0.084023548930301
0.0410121933088347, 9, 2, 3, 1, 0.0997474747474748
0.0384999999999991, 8, 1, 4, 103, 0.865041948010276
0.0384999999999991, 8, 1, 4, 103, 0.865041948010276
0.0371978530578421, 8, 3, 0, 14, 0.217171717171717
0.0322142857142467, 8, 4, 0, 14, 0.217171717171717
0.0305000000000035, 12, 1, 3, 1, 0.0997474747474748
0.0305000000000035, 12, 1, 4, 66, 0.0931101613156405
0.0304999999999893, 12, 1, 3, 1, 0.0997474747474748
0.0304999999999893, 12, 1, 4, 66, 0.0931101613156405
0.0290000000000248, 11, 1, 3, 2, 0.400252525252525
0.0289999999999964, 11, 1, 3, 2, 0.400252525252525
0.0250000000000057, 16, 1, 0, 6, 0.026010101010101
0.0250000000000057, 10, 1, 0, 9, 0.0618686868686869
0.0250000000000057, 10, 1, 0, 9, 0.0618686868686869
0.0249999999999773, 16, 1, 0, 6, 0.026010101010101
0.0240000000000009, 8, 1, 3, 3, 0.800505050505051
0.0235000000000127, 14, 1, 4, 56, 0.078725036164931
0.0234999999999843, 14, 1, 4, 56, 0.078725036164931
0.0200000000000102, 13, 1, 4, 20, 0.0246350245742943
0.0199999999999818, 13, 1, 4, 20, 0.0246350245742943
0.0169705627484577, 8, 2, 3, 3, 0.800505050505051
0.0144999999999982, 14, 1, 4, 28, 0.0358931359772792
0.0144999999999982, 14, 1, 4, 28, 0.0358931359772792
0.007000000000005, 13, 1, 4, 37, 0.0486682110506046
0.00699999999999079, 13, 1, 4, 37, 0.0486682110506046
0.00549999999999784, 11, 1, 1, 26, 0.943693693693694
0.00549999999999784, 11, 1, 1, 26, 0.943693693693694
0.00500000000000966, 12, 1, 4, 40, 0.0550596271875607
0.00499999999999545, 14, 1, 0, 10, 0.0808080808080808
0.00499999999999545, 14, 1, 0, 10, 0.0808080808080808
0.00499999999999545, 12, 1, 4, 40, 0.0550596271875607
0.00499999999999545, 15, 1, 0, 3, 0.00795454545454546
0.00499999999999545, 15, 1, 0, 3, 0.00795454545454546
0.00100000000000477, 15, 1, 4, 40, 0.0550596271875607
0.00100000000000477, 15, 1, 4, 40, 0.0550596271875607
