norm, level, Npoints, dimSplit, MainGridIndexSplit
3870.32859923336, 0, 962, -1, -1, -1
70.708078059563, 3, 69, 2, 2, 0.181818181818182
66.038119853754, 2, 235, 0, 13, 0.170454545454545
50.2972158510823, 2, 48, 0, 13, 0.170454545454545
45.586844758673, 3, 166, 2, 2, 0.181818181818182
45.1831778480998, 2, 502, 0, 13, 0.170454545454545
43.1843676368661, 1, 225, 1, 19, 0.529279279279279
37.4892172523966, 4, 81, 0, 10, 0.0808080808080808
30.7586212634026, 5, 42, 4, 35, 0.0452335812040479
28.4170457002032, 3, 189, 2, 3, 0.363636363636364
28.2825246153856, 3, 19, 4, 96, 0.578309095069458
26.1925590280797, 2, 177, 0, 13, 0.170454545454545
25.4608985507247, 4, 16, 4, 17, 0.0191899869089483
24.5438015516044, 5, 20, 0, 5, 0.0184343434343434
23.9975532705321, 5, 69, 4, 35, 0.0452335812040479
23.860749402905, 1, 737, 1, 19, 0.529279279279279
22.8926450873592, 3, 29, 4, 96, 0.578309095069458
22.8755104629114, 4, 18, 0, 9, 0.0618686868686869
22.1515892465183, 4, 232, 0, 10, 0.0808080808080808
22.081962042687, 3, 313, 2, 3, 0.363636363636364
21.3574998509389, 5, 29, 0, 4, 0.0126262626262626
20.9717481580799, 5, 12, 4, 99, 0.6623678444522
20.1213040073025, 4, 55, 0, 16, 0.351010101010101
19.1051589453031, 6, 19, 4, 94, 0.486490559366218
18.7517894937944, 4, 15, 4, 81, 0.26159379994883
17.2941984870062, 6, 14, 4, 91, 0.438747575486957
17.0658333333335, 5, 36, 1, 4, 0.128378378378378
16.7077830532391, 6, 15, 4, 91, 0.438747575486957
16.5800507246375, 8, 9, 0, 3, 0.00795454545454546
16.3294630758549, 7, 5, 4, 67, 0.0942557274601005
15.7351424527735, 6, 37, 0, 7, 0.0353535353535354
15.264145370406, 5, 45, 1, 4, 0.128378378378378
14.6543702149541, 3, 63, 2, 2, 0.181818181818182
14.6476833005279, 6, 2, 0, 19, 0.70959595959596
14.4677431403627, 4, 45, 0, 9, 0.0618686868686869
14.3112360697362, 7, 18, 3, 2, 0.400252525252525
14.27575, 6, 16, 0, 16, 0.351010101010101
14.2757499999999, 6, 16, 0, 16, 0.351010101010101
14.1636758228645, 4, 111, 0, 16, 0.351010101010101
13.9892935342714, 4, 53, 4, 17, 0.0191899869089483
13.9295343202226, 7, 19, 3, 2, 0.400252525252525
13.7467612791436, 5, 70, 0, 4, 0.0126262626262626
13.0028434032264, 6, 31, 4, 60, 0.0833233322906506
12.7550362367864, 7, 7, 0, 6, 0.026010101010101
12.6464399705777, 5, 33, 4, 99, 0.6623678444522
12.4900805719573, 5, 106, 1, 6, 0.164414414414414
12.1644814966908, 5, 3, 4, 62, 0.0856939327900282
11.9198277888447, 6, 7, 1, 18, 0.475225225225225
11.8785887151354, 6, 7, 4, 30, 0.0378992342401869
11.7443066090423, 6, 38, 4, 60, 0.0833233322906506
11.6611764685635, 6, 51, 4, 94, 0.486490559366218
11.4688333333333, 11, 4, 4, 88, 0.375097158937352
11.4559972321852, 5, 126, 1, 6, 0.164414414414414
11.3679743139557, 6, 12, 0, 4, 0.0126262626262626
11.3560000000004, 8, 25, 0, 10, 0.0808080808080808
11.3559999999997, 8, 25, 0, 10, 0.0808080808080808
11.2614684898693, 5, 95, 0, 5, 0.0184343434343434
11.2228059938922, 5, 8, 3, 2, 0.400252525252525
10.8939407281187, 3, 114, 2, 2, 0.181818181818182
10.7840782423633, 8, 3, 0, 8, 0.0467171717171717
10.760686491581, 5, 21, 4, 4, 0.00326307504602002
10.6860350856551, 8, 6, 4, 72, 0.171932627919944
10.6519617175844, 6, 6, 2, 3, 0.363636363636364
10.3657017387935, 4, 7, 4, 92, 0.455244555401909
10.3640842105266, 6, 25, 3, 3, 0.800505050505051
10.2470587168232, 9, 8, 0, 10, 0.0808080808080808
10.1455720104636, 6, 89, 0, 7, 0.0353535353535354
10.037982840254, 5, 10, 3, 2, 0.400252525252525
10.0199855187303, 4, 74, 2, 2, 0.181818181818182
9.92248539627274, 6, 19, 3, 2, 0.400252525252525
9.75872072166559, 7, 14, 4, 67, 0.0942557274601005
9.64829885919654, 5, 24, 1, 1, 0.0337837837837838
9.49589122489835, 6, 15, 2, 4, 0.590909090909091
9.33928571428572, 8, 4, 0, 8, 0.0467171717171717
9.2610167969103, 7, 8, 4, 27, 0.0352394625411507
9.11869471153357, 6, 17, 1, 11, 0.272522522522523
9.10927591222104, 6, 2, 0, 16, 0.351010101010101
8.9975, 7, 4, 0, 5, 0.0184343434343434
8.99749999999995, 7, 4, 0, 5, 0.0184343434343434
8.95550738372764, 6, 2, 0, 5, 0.0184343434343434
8.91025254973164, 13, 2, 1, 13, 0.326576576576577
8.84079169354795, 9, 6, 0, 10, 0.0808080808080808
8.74676230916764, 6, 13, 1, 18, 0.475225225225225
8.74389713464699, 5, 33, 0, 9, 0.0618686868686869
8.71715236109959, 5, 32, 4, 4, 0.00326307504602002
8.66659937794395, 7, 7, 4, 103, 0.865041948010276
8.65840815111566, 7, 39, 3, 2, 0.400252525252525
8.61676741872821, 6, 10, 2, 4, 0.590909090909091
8.59338084151327, 6, 21, 0, 4, 0.0126262626262626
8.54294090430098, 7, 12, 4, 68, 0.0971476980300399
8.50518269481746, 7, 5, 4, 103, 0.865041948010276
8.48937115539038, 5, 31, 1, 1, 0.0337837837837838
8.48224075154328, 6, 26, 3, 2, 0.400252525252525
8.43745113098479, 7, 20, 4, 63, 0.0888584396739231
8.41507262352857, 8, 3, 4, 79, 0.228732574440079
8.37487319596199, 7, 3, 0, 19, 0.70959595959596
8.28213085083013, 7, 3, 1, 15, 0.38963963963964
8.17723064580595, 8, 37, 0, 3, 0.00795454545454546
8.10968982229837, 11, 8, 4, 88, 0.375097158937352
8.09072004162794, 7, 5, 0, 18, 0.558080808080808
8.03774147645727, 4, 115, 2, 2, 0.181818181818182
7.95835990565284, 8, 2, 0, 1, 0.00126262626262626
7.90922640037086, 7, 14, 4, 68, 0.0971476980300399
7.84458695510245, 5, 41, 0, 9, 0.0618686868686869
7.79982734935171, 9, 8, 4, 48, 0.067745494454136
7.76578886619761, 7, 10, 0, 15, 0.275252525252525
7.74201335779138, 7, 19, 0, 6, 0.026010101010101
7.67452518921245, 6, 24, 1, 11, 0.272522522522523
7.65635019617912, 9, 8, 0, 10, 0.0808080808080808
7.6468990273716, 7, 50, 3, 2, 0.400252525252525
7.63833794824305, 8, 10, 4, 83, 0.284343083536879
7.62235909538661, 6, 17, 4, 30, 0.0378992342401869
7.58327359065305, 7, 10, 3, 2, 0.400252525252525
7.5561678730642, 8, 12, 4, 72, 0.171932627919944
7.51588235294119, 8, 1, 0, 3, 0.00795454545454546
7.41730822969552, 4, 8, 3, 2, 0.400252525252525
7.36451712605791, 7, 2, 0, 6, 0.026010101010101
7.36451712605787, 7, 2, 0, 6, 0.026010101010101
7.30795454545451, 5, 9, 0, 15, 0.275252525252525
7.29912416102884, 4, 99, 4, 81, 0.26159379994883
7.29015926559425, 8, 8, 4, 75, 0.204510284651682
7.2014998437825, 8, 6, 0, 9, 0.0618686868686869
7.18819134176827, 7, 7, 4, 103, 0.865041948010276
7.07781942860545, 6, 27, 2, 4, 0.590909090909091
6.98413985923873, 7, 6, 0, 12, 0.132575757575758
6.92878058054467, 7, 3, 4, 97, 0.601622068566827
6.83968071592951, 7, 2, 4, 47, 0.0673431543170252
6.77849186431873, 6, 3, 4, 82, 0.274718983341981
6.76508242127673, 7, 6, 4, 84, 0.293759463138283
6.75044548794477, 9, 7, 0, 4, 0.0126262626262626
6.62511913519715, 6, 2, 1, 26, 0.943693693693694
6.59370645212995, 8, 2, 4, 59, 0.0828015312645006
6.4860972616435, 10, 3, 0, 5, 0.0184343434343434
6.42968569398762, 11, 5, 3, 3, 0.800505050505051
6.40903593991067, 7, 14, 3, 2, 0.400252525252525
6.390831088364, 8, 2, 0, 8, 0.0467171717171717
6.32550171200564, 4, 11, 3, 2, 0.400252525252525
6.31446355599587, 9, 8, 0, 4, 0.0126262626262626
6.3005, 13, 4, 1, 13, 0.326576576576577
6.2366818100653, 8, 8, 0, 9, 0.0618686868686869
6.21706871108454, 8, 11, 4, 75, 0.204510284651682
6.19372497898568, 6, 70, 3, 3, 0.800505050505051
6.14204461372893, 12, 3, 0, 8, 0.0467171717171717
6.12821118997125, 7, 14, 4, 103, 0.865041948010276
6.10184363012484, 7, 7, 3, 1, 0.0997474747474748
6.08500000000001, 13, 1, 2, 1, 0.0454545454545454
6.08058573055306, 5, 13, 0, 15, 0.275252525252525
6.07628571428572, 8, 1, 1, 23, 0.698198198198198
6.04160812939035, 8, 6, 0, 17, 0.444444444444444
6.00934122364252, 7, 19, 4, 27, 0.0352394625411507
5.99531016804127, 8, 3, 0, 3, 0.00795454545454546
5.95452173913047, 11, 1, 0, 2, 0.00416666666666667
5.95035491627422, 8, 6, 4, 79, 0.228732574440079
5.89927272727272, 7, 4, 4, 47, 0.0673431543170252
5.84704434955014, 4, 22, 4, 92, 0.455244555401909
5.84588746232959, 8, 2, 0, 18, 0.558080808080808
5.8436278921837, 5, 13, 4, 62, 0.0856939327900282
5.79183356294301, 8, 3, 0, 12, 0.132575757575758
5.7712057166268, 6, 26, 2, 4, 0.590909090909091
5.70638461538459, 8, 4, 0, 17, 0.444444444444444
5.68404548095322, 9, 26, 0, 10, 0.0808080808080808
5.56054666666668, 9, 9, 1, 14, 0.353603603603604
5.55120000000001, 8, 1, 2, 3, 0.363636363636364
5.53819999999999, 6, 4, 0, 11, 0.103535353535354
5.52366666666664, 7, 9, 4, 84, 0.293759463138283
5.43672983872208, 10, 12, 0, 7, 0.0353535353535354
5.39853589783716, 11, 3, 4, 75, 0.204510284651682
5.37408596931048, 7, 18, 3, 2, 0.400252525252525
5.35890343768735, 7, 21, 0, 15, 0.275252525252525
5.34389229899477, 6, 26, 2, 4, 0.590909090909091
5.33631264405544, 7, 50, 4, 63, 0.0888584396739231
5.32633333333338, 9, 9, 1, 17, 0.436936936936937
5.28933335591565, 8, 15, 1, 9, 0.227477477477477
5.24388004495961, 10, 3, 0, 7, 0.0353535353535354
5.23218611976268, 8, 8, 0, 17, 0.444444444444444
5.21837419354831, 6, 25, 2, 3, 0.363636363636364
5.21809173293588, 8, 3, 0, 8, 0.0467171717171717
5.19646153846153, 8, 4, 4, 72, 0.171932627919944
5.19450000000003, 8, 4, 0, 1, 0.00126262626262626
5.18857470042352, 5, 3, 4, 102, 0.786411515216059
5.17046459872479, 6, 6, 0, 5, 0.0184343434343434
5.13913908362416, 6, 3, 0, 10, 0.0808080808080808
5.10406505477091, 9, 3, 0, 7, 0.0353535353535354
5.0983056013726, 7, 20, 3, 2, 0.400252525252525
5.03343376172208, 10, 14, 0, 7, 0.0353535353535354
5.02410933524552, 10, 5, 0, 5, 0.0184343434343434
5.02378707838973, 7, 5, 0, 8, 0.0467171717171717
4.99468089012854, 9, 2, 0, 8, 0.0467171717171717
4.92381224364842, 10, 6, 4, 86, 0.339097714835584
4.90000000000001, 10, 1, 0, 11, 0.103535353535354
4.79240476190478, 11, 9, 3, 3, 0.800505050505051
4.75233600256996, 6, 19, 0, 19, 0.70959595959596
4.74478869952194, 7, 13, 0, 12, 0.132575757575758
4.69619230769231, 9, 4, 3, 3, 0.800505050505051
4.66937333333343, 7, 9, 0, 8, 0.0467171717171717
4.65393464632992, 7, 13, 4, 35, 0.0452335812040479
4.65393464632956, 7, 13, 4, 35, 0.0452335812040479
4.64738860867044, 12, 2, 2, 1, 0.0454545454545454
4.62174178286035, 12, 6, 0, 4, 0.0126262626262626
4.61418181818178, 11, 4, 0, 8, 0.0467171717171717
4.58500000000001, 13, 1, 0, 9, 0.0618686868686869
4.58499999999998, 13, 1, 0, 9, 0.0618686868686869
4.54669660302949, 11, 2, 0, 8, 0.0467171717171717
4.53697388478818, 12, 2, 2, 1, 0.0454545454545454
4.53599362919323, 8, 3, 0, 5, 0.0184343434343434
4.52192136449391, 6, 6, 0, 11, 0.103535353535354
4.47446458621967, 11, 3, 0, 4, 0.0126262626262626
4.47446458621954, 11, 3, 0, 4, 0.0126262626262626
4.45943101500273, 7, 7, 4, 47, 0.0673431543170252
4.45312937719084, 8, 5, 0, 15, 0.275252525252525
4.44526715832061, 8, 3, 0, 14, 0.217171717171717
4.37755712280307, 7, 34, 3, 2, 0.400252525252525
4.37417059660036, 7, 3, 0, 2, 0.00416666666666667
4.36402735122295, 8, 8, 4, 75, 0.204510284651682
4.35697380643954, 10, 3, 4, 97, 0.601622068566827
4.35697380643947, 10, 3, 4, 97, 0.601622068566827
4.34965089869398, 9, 11, 1, 8, 0.202702702702703
4.34308139671807, 12, 6, 0, 8, 0.0467171717171717
4.33456456867355, 9, 2, 0, 5, 0.0184343434343434
4.32520177449269, 7, 11, 1, 15, 0.38963963963964
4.31885714285714, 7, 1, 4, 37, 0.0486682110506046
4.30274476352013, 13, 2, 2, 1, 0.0454545454545454
4.29666666666668, 9, 1, 0, 12, 0.132575757575758
4.28035304878257, 11, 2, 0, 5, 0.0184343434343434
4.2424093922585, 7, 5, 4, 3, 0.000573791508306289
4.1954473684211, 8, 4, 4, 15, 0.0180125300509641
4.17333333333332, 9, 1, 0, 7, 0.0353535353535354
4.17040999999989, 9, 16, 1, 14, 0.353603603603604
4.14922222222222, 10, 4, 4, 60, 0.0833233322906506
4.14718127165911, 6, 2, 0, 14, 0.217171717171717
4.14718127165909, 6, 2, 0, 14, 0.217171717171717
4.14247037021501, 8, 34, 4, 83, 0.284343083536879
4.13366666666664, 8, 4, 0, 18, 0.558080808080808
4.12249999999995, 7, 4, 0, 15, 0.275252525252525
4.11660000000001, 8, 1, 2, 4, 0.590909090909091
4.0966700246602, 9, 29, 4, 48, 0.067745494454136
4.09394634726448, 11, 3, 4, 68, 0.0971476980300399
4.04762870684026, 10, 6, 0, 8, 0.0467171717171717
4.04536002081394, 7, 20, 0, 18, 0.558080808080808
4.03562499999998, 8, 4, 2, 1, 0.0454545454545454
4.02028237445709, 8, 3, 0, 2, 0.00416666666666667
4.01905268105866, 5, 5, 4, 102, 0.786411515216059
3.99279629110002, 7, 2, 0, 8, 0.0467171717171717
3.98125097999544, 8, 7, 0, 14, 0.217171717171717
3.98076001694399, 6, 5, 0, 10, 0.0808080808080808
3.94166666666666, 10, 1, 4, 70, 0.136274845408473
3.92828571428575, 8, 4, 0, 5, 0.0184343434343434
3.92667291009282, 8, 7, 0, 1, 0.00126262626262626
3.90366666666665, 6, 4, 4, 98, 0.624936765886549
3.89087596863802, 7, 5, 3, 3, 0.800505050505051
3.88436666666669, 7, 4, 0, 15, 0.275252525252525
3.88420829993287, 6, 11, 0, 16, 0.351010101010101
3.87681296893407, 7, 14, 0, 19, 0.70959595959596
3.86888424563494, 6, 2, 0, 5, 0.0184343434343434
3.85555343762734, 9, 14, 1, 8, 0.202702702702703
3.84971428571427, 8, 4, 0, 14, 0.217171717171717
3.8355, 11, 1, 0, 6, 0.026010101010101
3.80425641025644, 8, 9, 0, 17, 0.444444444444444
3.79666666666668, 11, 1, 0, 5, 0.0184343434343434
3.79457690922189, 12, 3, 2, 1, 0.0454545454545454
3.79376930242208, 8, 2, 0, 10, 0.0808080808080808
3.78814285714287, 7, 4, 0, 2, 0.00416666666666667
3.78655681325397, 8, 2, 0, 17, 0.444444444444444
3.78655681325393, 8, 2, 0, 17, 0.444444444444444
3.78253259073869, 5, 5, 4, 103, 0.865041948010276
3.77948574544208, 9, 2, 0, 6, 0.026010101010101
3.77595021153617, 10, 2, 0, 2, 0.00416666666666667
3.77595021153617, 10, 2, 0, 2, 0.00416666666666667
3.77425, 10, 1, 4, 16, 0.0186420699741554
3.76350384948973, 7, 46, 3, 2, 0.400252525252525
3.76288037944336, 10, 3, 3, 1, 0.0997474747474748
3.71273289995262, 6, 10, 4, 82, 0.274718983341981
3.71117717705666, 10, 5, 4, 60, 0.0833233322906506
3.70798313951988, 10, 6, 0, 7, 0.0353535353535354
3.68889999999998, 11, 1, 4, 3, 0.000573791508306289
3.67136269035524, 8, 8, 0, 3, 0.00795454545454546
3.66577777777778, 9, 1, 4, 5, 0.00604237658698964
3.63945113975164, 8, 3, 3, 1, 0.0997474747474748
3.625, 13, 1, 0, 5, 0.0184343434343434
3.625, 13, 1, 0, 5, 0.0184343434343434
3.62425, 12, 1, 0, 5, 0.0184343434343434
3.61843764627772, 7, 11, 4, 97, 0.601622068566827
3.60883333333334, 10, 1, 4, 64, 0.0917218809839261
3.54127513578115, 6, 7, 1, 26, 0.943693693693694
3.52761014474863, 7, 3, 0, 17, 0.444444444444444
3.52761014474863, 7, 3, 0, 17, 0.444444444444444
3.524475957573, 7, 3, 4, 81, 0.26159379994883
3.51185656206229, 8, 5, 4, 41, 0.0589841673467433
3.50202999999999, 7, 16, 0, 8, 0.0467171717171717
3.495, 9, 1, 0, 15, 0.275252525252525
3.49499999999999, 9, 1, 0, 15, 0.275252525252525
3.48799359855575, 11, 7, 0, 8, 0.0467171717171717
3.48606655242505, 6, 14, 3, 2, 0.400252525252525
3.46482322781407, 10, 2, 0, 11, 0.103535353535354
3.4643076923077, 8, 9, 4, 72, 0.171932627919944
3.46268149704814, 8, 35, 1, 9, 0.227477477477477
3.45296404074339, 5, 6, 4, 103, 0.865041948010276
3.43533333333332, 11, 4, 0, 5, 0.0184343434343434
3.42342471103675, 8, 13, 4, 75, 0.204510284651682
3.41906829414097, 8, 3, 4, 69, 0.110861739138859
3.41906829414095, 8, 3, 4, 69, 0.110861739138859
3.3485, 10, 4, 3, 2, 0.400252525252525
3.3485, 10, 4, 3, 2, 0.400252525252525
3.34391666666663, 8, 9, 0, 12, 0.132575757575758
3.34139492363801, 9, 7, 0, 7, 0.0353535353535354
3.33395036874042, 11, 3, 0, 9, 0.0618686868686869
3.32674455817878, 11, 2, 0, 11, 0.103535353535354
3.29009346564501, 6, 80, 2, 4, 0.590909090909091
3.25344093566717, 8, 3, 0, 14, 0.217171717171717
3.25099999999999, 9, 1, 2, 4, 0.590909090909091
3.2469090909091, 10, 1, 4, 3, 0.000573791508306289
3.24284061491617, 7, 12, 0, 8, 0.0467171717171717
3.23915857890903, 8, 6, 4, 27, 0.0352394625411507
3.23250000000002, 9, 1, 0, 10, 0.0808080808080808
3.22933333333332, 12, 1, 0, 20, 0.898989898989899
3.22510317348015, 8, 6, 0, 17, 0.444444444444444
3.22333333333333, 8, 1, 0, 10, 0.0808080808080808
3.21578326435932, 7, 3, 3, 3, 0.800505050505051
3.21466666666666, 8, 1, 1, 26, 0.943693693693694
3.21102974714297, 9, 3, 0, 2, 0.00416666666666667
3.18822637810059, 9, 5, 3, 2, 0.400252525252525
3.16054974058655, 8, 2, 1, 1, 0.0337837837837838
3.15393194635237, 13, 2, 3, 2, 0.400252525252525
3.13645533737262, 8, 3, 0, 6, 0.026010101010101
3.13527971464464, 10, 10, 0, 8, 0.0467171717171717
3.13373972337276, 9, 26, 1, 17, 0.436936936936937
3.13079487179485, 9, 9, 3, 3, 0.800505050505051
3.12375, 9, 1, 1, 25, 0.835585585585586
3.10830303030289, 8, 9, 4, 59, 0.0828015312645006
3.10666666666665, 10, 1, 0, 12, 0.132575757575758
3.09835021960612, 12, 3, 0, 9, 0.0618686868686869
3.09759966425615, 8, 3, 0, 10, 0.0808080808080808
3.0859371888186, 9, 3, 0, 6, 0.026010101010101
3.07600000000001, 10, 1, 0, 6, 0.026010101010101
3.06890535587746, 8, 3, 4, 86, 0.339097714835584
3.05228571428574, 7, 4, 4, 81, 0.26159379994883
3.02999999999999, 11, 1, 0, 12, 0.132575757575758
3.0290681873034, 9, 3, 4, 97, 0.601622068566827
3.02906818730335, 9, 3, 4, 97, 0.601622068566827
3.02666666666664, 11, 4, 0, 5, 0.0184343434343434
3.02531541055364, 10, 3, 4, 51, 0.0718603446010522
3.01086067429235, 14, 2, 1, 17, 0.436936936936937
2.99533333333333, 9, 1, 3, 2, 0.400252525252525
2.99242236069631, 6, 19, 3, 2, 0.400252525252525
2.98870466181516, 7, 2, 1, 20, 0.560810810810811
2.95689988874679, 11, 10, 4, 75, 0.204510284651682
2.95099230015187, 9, 2, 0, 7, 0.0353535353535354
2.9394950148467, 10, 13, 0, 4, 0.0126262626262626
2.9394950148464, 10, 13, 0, 4, 0.0126262626262626
2.92143952345934, 8, 13, 0, 14, 0.217171717171717
2.91644965655962, 7, 11, 4, 47, 0.0673431543170252
2.91471460867107, 10, 5, 3, 1, 0.0997474747474748
2.91079999999999, 10, 1, 4, 25, 0.0319165363830463
2.91043917619786, 9, 6, 3, 2, 0.400252525252525
2.90398653507869, 12, 2, 0, 5, 0.0184343434343434
2.898, 8, 1, 0, 17, 0.444444444444444
2.88075302655398, 8, 2, 3, 3, 0.800505050505051
2.88075302655398, 8, 2, 3, 3, 0.800505050505051
2.85844023123717, 9, 5, 0, 15, 0.275252525252525
2.85333333333334, 10, 1, 0, 8, 0.0467171717171717
2.84333333333332, 8, 1, 0, 2, 0.00416666666666667
2.84276892926338, 8, 6, 0, 2, 0.00416666666666667
2.83022727272737, 12, 16, 0, 4, 0.0126262626262626
2.82333333333338, 7, 4, 0, 8, 0.0467171717171717
2.81852762980957, 9, 2, 0, 12, 0.132575757575758
2.80802176378591, 9, 3, 3, 1, 0.0997474747474748
2.80600824762052, 10, 7, 0, 5, 0.0184343434343434
2.80519361622144, 8, 8, 4, 27, 0.0352394625411507
2.79941950364643, 9, 5, 4, 43, 0.0622011646212767
2.79302127805961, 8, 8, 0, 17, 0.444444444444444
2.78749999999999, 9, 4, 2, 1, 0.0454545454545454
2.78749999999997, 9, 4, 2, 1, 0.0454545454545454
2.78583333333334, 8, 1, 3, 3, 0.800505050505051
2.78199999999998, 10, 1, 3, 3, 0.800505050505051
2.77999031023493, 14, 2, 4, 73, 0.179360578437554
2.77999031023485, 14, 2, 4, 73, 0.179360578437554
2.7756, 8, 4, 2, 3, 0.363636363636364
2.76171360195636, 8, 13, 0, 15, 0.275252525252525
2.76030917149184, 6, 8, 4, 98, 0.624936765886549
2.75900000000001, 7, 4, 0, 11, 0.103535353535354
2.75799999999998, 11, 1, 0, 6, 0.026010101010101
2.75025000000001, 10, 1, 3, 1, 0.0997474747474748
2.74244294015391, 10, 2, 4, 102, 0.786411515216059
2.72882608385333, 10, 2, 4, 57, 0.0798737051896258
2.69999999999999, 10, 1, 0, 11, 0.103535353535354
2.69428750978324, 8, 3, 1, 23, 0.698198198198198
2.69, 9, 1, 0, 11, 0.103535353535354
2.69, 9, 1, 0, 11, 0.103535353535354
2.68464874590494, 11, 2, 0, 5, 0.0184343434343434
2.67993470069695, 11, 2, 0, 5, 0.0184343434343434
2.67949999999999, 9, 4, 0, 11, 0.103535353535354
2.67229794746018, 10, 2, 0, 8, 0.0467171717171717
2.66874713114606, 8, 5, 1, 15, 0.38963963963964
2.66874713114594, 8, 5, 1, 15, 0.38963963963964
2.66066666666666, 9, 1, 0, 12, 0.132575757575758
2.65707158143865, 8, 2, 3, 1, 0.0997474747474748
2.62503650768265, 11, 6, 0, 8, 0.0467171717171717
2.62347962319769, 10, 3, 3, 1, 0.0997474747474748
2.62347962319762, 10, 3, 3, 1, 0.0997474747474748
2.6225, 9, 1, 0, 6, 0.026010101010101
2.61942309368878, 12, 6, 2, 1, 0.0454545454545454
2.59100000000001, 10, 1, 4, 33, 0.042748691282689
2.59, 11, 1, 0, 12, 0.132575757575758
2.58000000000001, 8, 1, 2, 1, 0.0454545454545454
2.56525000000001, 10, 1, 4, 69, 0.110861739138859
2.54094996184264, 8, 5, 4, 20, 0.0246350245742943
2.53532453906831, 7, 14, 4, 3, 0.000573791508306289
2.53025, 8, 1, 4, 25, 0.0319165363830463
2.5298767108053, 7, 3, 4, 10, 0.00844094610403909
2.52697964963311, 8, 3, 4, 104, 0.952055328905477
2.52480000000001, 10, 1, 4, 16, 0.0186420699741554
2.52285714285715, 9, 1, 4, 69, 0.110861739138859
2.52010451234164, 8, 5, 0, 14, 0.217171717171717
2.51485639718152, 10, 23, 4, 86, 0.339097714835584
2.51315323539433, 10, 3, 0, 17, 0.444444444444444
2.50256202054347, 9, 6, 0, 5, 0.0184343434343434
2.48063325522716, 8, 6, 1, 23, 0.698198198198198
2.44689724394978, 6, 5, 0, 5, 0.0184343434343434
2.44600000000001, 9, 1, 4, 100, 0.705914182813912
2.43379366144434, 7, 44, 3, 1, 0.0997474747474748
2.42914749563624, 11, 8, 0, 5, 0.0184343434343434
2.41666666666666, 11, 1, 0, 12, 0.132575757575758
2.40400000000001, 6, 1, 0, 15, 0.275252525252525
2.3999717602505, 12, 5, 0, 9, 0.0618686868686869
2.39661765828427, 9, 5, 0, 11, 0.103535353535354
2.39567370269741, 5, 3, 3, 2, 0.400252525252525
2.38533333333334, 15, 1, 0, 6, 0.026010101010101
2.38012648473433, 7, 12, 0, 15, 0.275252525252525
2.37966666666667, 11, 1, 4, 13, 0.0149040473935306
2.3745, 10, 1, 4, 97, 0.601622068566827
2.3745, 10, 1, 4, 97, 0.601622068566827
2.37175000000001, 11, 1, 0, 12, 0.132575757575758
2.37120779490364, 9, 5, 4, 32, 0.0409687585124503
2.36500000000001, 9, 1, 0, 3, 0.00795454545454546
2.36, 11, 1, 0, 15, 0.275252525252525
2.36, 11, 1, 0, 15, 0.275252525252525
2.35700000000001, 9, 1, 4, 86, 0.339097714835584
2.35451515151513, 9, 9, 0, 8, 0.0467171717171717
2.35263636363626, 8, 4, 4, 30, 0.0378992342401869
2.34492322125482, 12, 2, 4, 10, 0.00844094610403909
2.34236123299948, 7, 11, 0, 15, 0.275252525252525
2.32996918009841, 8, 12, 2, 1, 0.0454545454545454
2.32524313654378, 7, 14, 3, 3, 0.800505050505051
2.32143156263545, 9, 2, 3, 2, 0.400252525252525
2.32143156263541, 9, 2, 3, 2, 0.400252525252525
2.31308770261743, 11, 2, 0, 3, 0.00795454545454546
2.29666666666668, 14, 1, 0, 2, 0.00416666666666667
2.27924085802466, 8, 2, 0, 10, 0.0808080808080808
2.27311259925437, 8, 2, 1, 26, 0.943693693693694
2.27054090879655, 9, 6, 0, 2, 0.00416666666666667
2.26599999999999, 10, 1, 4, 58, 0.081739484313027
2.26533333333335, 11, 1, 4, 51, 0.0718603446010522
2.26333333333332, 16, 1, 0, 5, 0.0184343434343434
2.25271406677957, 7, 6, 0, 11, 0.103535353535354
2.24234676361256, 11, 10, 4, 68, 0.0971476980300399
2.23919528402502, 10, 3, 4, 102, 0.786411515216059
2.2364624927509, 9, 3, 4, 31, 0.0395255744388036
2.23173001667921, 9, 2, 1, 4, 0.128378378378378
2.23016666666669, 13, 4, 3, 2, 0.400252525252525
2.2289934216039, 9, 2, 0, 7, 0.0353535353535354
2.21442695747682, 11, 3, 0, 6, 0.026010101010101
2.21313543945527, 9, 8, 4, 43, 0.0622011646212767
2.21298358180385, 8, 3, 0, 14, 0.217171717171717
2.2063028144032, 12, 3, 0, 11, 0.103535353535354
2.19674506688622, 10, 2, 0, 12, 0.132575757575758
2.19500000000001, 10, 1, 4, 94, 0.486490559366218
2.18842857142857, 8, 4, 4, 104, 0.952055328905477
2.18708127421, 9, 2, 4, 45, 0.0660434784542375
2.18192213732145, 10, 3, 0, 8, 0.0467171717171717
2.17906425348897, 10, 3, 4, 16, 0.0186420699741554
2.16900000000001, 9, 1, 3, 1, 0.0997474747474748
2.169, 9, 1, 3, 1, 0.0997474747474748
2.16693989783598, 9, 3, 4, 90, 0.412079181780135
2.16651970503789, 8, 15, 4, 15, 0.0180125300509641
2.15699999999998, 9, 1, 4, 1, 0.000100050649348366
2.14266666666663, 10, 1, 3, 2, 0.400252525252525
2.14253354699526, 11, 2, 0, 12, 0.132575757575758
2.13263405205864, 6, 2, 0, 14, 0.217171717171717
2.1223395895411, 10, 3, 2, 5, 0.863636363636364
2.12166666666667, 10, 1, 4, 1, 0.000100050649348366
2.1180205119141, 9, 2, 3, 2, 0.400252525252525
2.1175932055934, 13, 7, 2, 4, 0.590909090909091
2.11707770287254, 8, 2, 4, 44, 0.0639293827209357
2.1170777028725, 8, 2, 4, 44, 0.0639293827209357
2.11566666666668, 9, 1, 4, 33, 0.042748691282689
2.11500000000001, 15, 1, 0, 9, 0.0618686868686869
2.11499999999999, 15, 1, 0, 9, 0.0618686868686869
2.11333333333332, 7, 4, 1, 20, 0.560810810810811
2.10522431821409, 7, 7, 3, 3, 0.800505050505051
2.0992307692307, 8, 4, 3, 3, 0.800505050505051
2.0924617131105, 12, 3, 0, 5, 0.0184343434343434
2.08666666666667, 10, 1, 0, 5, 0.0184343434343434
2.075, 11, 1, 0, 11, 0.103535353535354
2.075, 11, 1, 0, 11, 0.103535353535354
2.07471428571429, 5, 4, 3, 2, 0.400252525252525
2.07400000000001, 8, 1, 0, 17, 0.444444444444444
2.05999999999999, 10, 1, 0, 7, 0.0353535353535354
2.0583, 8, 4, 2, 4, 0.590909090909091
2.04318131365613, 9, 5, 0, 15, 0.275252525252525
2.03999999999999, 11, 1, 0, 8, 0.0467171717171717
2.03, 9, 1, 0, 15, 0.275252525252525
2.03, 8, 1, 0, 5, 0.0184343434343434
2.03, 8, 1, 0, 5, 0.0184343434343434
2.02999999999999, 9, 1, 0, 15, 0.275252525252525
2.02757133146207, 8, 15, 4, 41, 0.0589841673467433
2.02346666666662, 9, 4, 3, 2, 0.400252525252525
2.02122247112438, 9, 10, 0, 15, 0.275252525252525
2.01761134898561, 10, 2, 0, 8, 0.0467171717171717
2.01348655942871, 14, 2, 1, 26, 0.943693693693694
2.01348655942869, 14, 2, 1, 26, 0.943693693693694
2.01054028117377, 8, 2, 0, 2, 0.00416666666666667
2.00912606761139, 9, 2, 4, 82, 0.274718983341981
2.00907015628054, 8, 7, 4, 86, 0.339097714835584
2, 11, 1, 0, 8, 0.0467171717171717
1.99828376363318, 9, 2, 4, 85, 0.311682906050061
1.99828376363318, 9, 2, 4, 85, 0.311682906050061
1.98499999999999, 9, 1, 2, 3, 0.363636363636364
1.98343452122825, 13, 2, 0, 8, 0.0467171717171717
1.9725, 10, 1, 4, 19, 0.0217556379075293
1.97035213117691, 9, 3, 1, 18, 0.475225225225225
1.94174442533852, 11, 3, 3, 1, 0.0997474747474748
1.93684404109006, 9, 2, 0, 12, 0.132575757575758
1.93096719806426, 9, 2, 0, 8, 0.0467171717171717
1.9215277486648, 9, 5, 0, 12, 0.132575757575758
1.91666666666669, 9, 1, 0, 6, 0.026010101010101
1.91650000000001, 8, 4, 0, 14, 0.217171717171717
1.91071428571428, 12, 4, 0, 11, 0.103535353535354
1.90918830920369, 10, 2, 0, 11, 0.103535353535354
1.9042354896388, 14, 5, 1, 17, 0.436936936936937
1.90064137011967, 8, 11, 3, 1, 0.0997474747474748
1.89500000000004, 11, 4, 0, 5, 0.0184343434343434
1.88862820057311, 11, 3, 0, 3, 0.00795454545454546
1.88656089220569, 10, 2, 4, 41, 0.0589841673467433
1.88122222222225, 9, 4, 4, 78, 0.219710950157435
1.87883333333335, 8, 4, 3, 1, 0.0997474747474748
1.87366666666668, 8, 1, 3, 2, 0.400252525252525
1.86754166666663, 13, 9, 2, 4, 0.590909090909091
1.86628474515547, 9, 3, 0, 10, 0.0808080808080808
1.86251926164538, 10, 2, 1, 10, 0.240990990990991
1.86242870109615, 9, 6, 2, 4, 0.590909090909091
1.86242870109615, 9, 6, 2, 4, 0.590909090909091
1.86209499757667, 9, 2, 0, 17, 0.444444444444444
1.86199999999999, 9, 1, 0, 7, 0.0353535353535354
1.85766666666669, 10, 1, 3, 3, 0.800505050505051
1.8543168229836, 11, 2, 4, 70, 0.136274845408473
1.85028109461128, 8, 37, 0, 1, 0.00126262626262626
1.84699999999999, 7, 1, 4, 3, 0.000573791508306289
1.84699999999999, 7, 1, 4, 3, 0.000573791508306289
1.83750000000001, 10, 1, 4, 72, 0.171932627919944
1.83749999999999, 10, 1, 4, 72, 0.171932627919944
1.83664234906182, 12, 5, 0, 5, 0.0184343434343434
1.83500000000001, 11, 1, 0, 8, 0.0467171717171717
1.83499999999999, 11, 1, 0, 8, 0.0467171717171717
1.83211367005433, 10, 2, 4, 33, 0.042748691282689
1.83140656327314, 11, 2, 0, 12, 0.132575757575758
1.8285781361484, 11, 2, 0, 4, 0.0126262626262626
1.82362838868011, 8, 2, 4, 21, 0.0272340315353993
1.8195193733511, 10, 3, 0, 5, 0.0184343434343434
1.81642857142856, 10, 1, 0, 12, 0.132575757575758
1.81083333333336, 8, 9, 0, 6, 0.026010101010101
1.80665782593163, 12, 2, 0, 14, 0.217171717171717
1.80665782593161, 12, 2, 0, 14, 0.217171717171717
1.8044574438503, 12, 6, 4, 45, 0.0660434784542375
1.8034979033811, 9, 3, 1, 25, 0.835585585585586
1.80225290308187, 8, 6, 4, 66, 0.0931101613156405
1.79333333333334, 11, 1, 0, 11, 0.103535353535354
1.7901960227864, 12, 5, 4, 75, 0.204510284651682
1.79019602278634, 12, 5, 4, 75, 0.204510284651682
1.7857443826035, 9, 3, 4, 45, 0.0660434784542375
1.78479999999999, 13, 1, 0, 18, 0.558080808080808
1.78374756622117, 9, 2, 0, 12, 0.132575757575758
1.78187571155475, 5, 7, 3, 3, 0.800505050505051
1.7805, 9, 1, 3, 3, 0.800505050505051
1.77842592672839, 8, 7, 4, 30, 0.0378992342401869
1.77725, 9, 1, 3, 3, 0.800505050505051
1.77549999999999, 10, 1, 0, 8, 0.0467171717171717
1.77500000000001, 11, 1, 0, 3, 0.00795454545454546
1.77499999999999, 11, 1, 0, 3, 0.00795454545454546
1.77, 9, 1, 0, 14, 0.217171717171717
1.77, 9, 1, 0, 14, 0.217171717171717
1.76857142857142, 11, 1, 3, 1, 0.0997474747474748
1.76333333333332, 9, 1, 0, 11, 0.103535353535354
1.76316604532909, 7, 6, 4, 37, 0.0486682110506046
1.76276692226232, 10, 5, 4, 70, 0.136274845408473
1.762, 9, 1, 3, 3, 0.800505050505051
1.762, 9, 1, 3, 3, 0.800505050505051
1.75999999999999, 13, 1, 0, 6, 0.026010101010101
1.75833886255052, 15, 2, 0, 5, 0.0184343434343434
1.74666666666666, 12, 1, 0, 7, 0.0353535353535354
1.74128841187592, 6, 3, 0, 14, 0.217171717171717
1.74100000000001, 9, 1, 1, 16, 0.414414414414414
1.7306074318959, 13, 3, 0, 6, 0.026010101010101
1.7306074318959, 13, 3, 0, 6, 0.026010101010101
1.729, 11, 1, 0, 4, 0.0126262626262626
1.72816897321991, 13, 2, 4, 38, 0.0506681897441603
1.72586115269087, 10, 5, 4, 57, 0.0798737051896258
1.71955512697634, 9, 8, 3, 1, 0.0997474747474748
1.715, 7, 1, 0, 17, 0.444444444444444
1.715, 7, 1, 0, 17, 0.444444444444444
1.71466666666666, 13, 1, 3, 3, 0.800505050505051
1.71333333333334, 12, 1, 0, 8, 0.0467171717171717
1.7088413878675, 11, 2, 0, 12, 0.132575757575758
1.70158175824732, 10, 2, 1, 2, 0.0788288288288288
1.70129891553486, 11, 2, 2, 1, 0.0454545454545454
1.7, 11, 1, 0, 12, 0.132575757575758
1.7, 11, 1, 0, 17, 0.444444444444444
1.7, 11, 1, 0, 17, 0.444444444444444
1.69999999999999, 11, 1, 0, 12, 0.132575757575758
1.69988470197244, 6, 2, 0, 15, 0.275252525252525
1.69966666666667, 14, 1, 3, 2, 0.400252525252525
1.699, 8, 1, 4, 100, 0.705914182813912
1.699, 8, 1, 4, 100, 0.705914182813912
1.69849999999997, 14, 1, 0, 5, 0.0184343434343434
1.69724483419776, 11, 3, 1, 4, 0.128378378378378
1.68692162605407, 8, 5, 2, 5, 0.863636363636364
1.68668537539031, 15, 2, 0, 6, 0.026010101010101
1.6826784369636, 11, 2, 4, 13, 0.0149040473935306
1.68261630786881, 9, 5, 4, 78, 0.219710950157435
1.68125000000001, 10, 1, 2, 3, 0.363636363636364
1.67850442731023, 9, 5, 4, 90, 0.412079181780135
1.67799999999998, 11, 1, 4, 57, 0.0798737051896258
1.67633333333333, 8, 1, 4, 14, 0.0167757737040485
1.66679210461295, 5, 8, 3, 3, 0.800505050505051
1.66665068325667, 9, 2, 4, 86, 0.339097714835584
1.65900000000001, 8, 1, 4, 91, 0.438747575486957
1.64685714285713, 13, 1, 4, 49, 0.0692091058226616
1.64395717705786, 10, 5, 2, 5, 0.863636363636364
1.63466666666666, 9, 1, 3, 1, 0.0997474747474748
1.63000000000001, 12, 1, 0, 4, 0.0126262626262626
1.63, 12, 1, 0, 4, 0.0126262626262626
1.62727768578895, 9, 6, 0, 12, 0.132575757575758
1.62666666666667, 6, 1, 3, 1, 0.0997474747474748
1.62398857412511, 14, 2, 0, 2, 0.00416666666666667
1.62004961711193, 10, 21, 0, 5, 0.0184343434343434
1.617, 13, 1, 4, 65, 0.0928774452980315
1.617, 13, 1, 4, 65, 0.0928774452980315
1.61527665596196, 9, 8, 0, 15, 0.275252525252525
1.6139193305601, 10, 5, 4, 64, 0.0917218809839261
1.61, 10, 1, 0, 2, 0.00416666666666667
1.61, 10, 1, 0, 2, 0.00416666666666667
1.60999999999999, 12, 1, 0, 12, 0.132575757575758
1.60998246494025, 10, 3, 4, 21, 0.0272340315353993
1.60500000000002, 13, 1, 0, 12, 0.132575757575758
1.60499999999999, 13, 1, 0, 12, 0.132575757575758
1.6031092474499, 9, 3, 4, 21, 0.0272340315353993
1.6018325616479, 11, 2, 4, 51, 0.0718603446010522
1.60041834808554, 16, 2, 0, 5, 0.0184343434343434
1.59333333333333, 9, 1, 0, 5, 0.0184343434343434
1.59, 12, 1, 0, 10, 0.0808080808080808
1.58799999999999, 9, 1, 1, 7, 0.184684684684685
1.58785757783873, 10, 3, 3, 1, 0.0997474747474748
1.58141779449348, 9, 6, 4, 31, 0.0395255744388036
1.57991944558755, 10, 11, 4, 51, 0.0718603446010522
1.57662811510301, 9, 3, 0, 8, 0.0467171717171717
1.57345400949633, 15, 2, 4, 69, 0.110861739138859
1.56836284067178, 11, 2, 2, 4, 0.590909090909091
1.56824242424238, 11, 9, 0, 11, 0.103535353535354
1.56440744905752, 10, 6, 4, 40, 0.0550596271875607
1.5634645289655, 9, 3, 3, 3, 0.800505050505051
1.56333333333333, 10, 1, 0, 12, 0.132575757575758
1.55846334573516, 10, 2, 0, 11, 0.103535353535354
1.55846334573514, 10, 2, 0, 11, 0.103535353535354
1.55209938470447, 10, 2, 4, 94, 0.486490559366218
1.54999999999998, 8, 1, 0, 3, 0.00795454545454546
1.54287236936442, 12, 3, 1, 8, 0.202702702702703
1.53898576803523, 10, 8, 0, 17, 0.444444444444444
1.538, 9, 1, 1, 16, 0.414414414414414
1.53799999999995, 10, 4, 0, 6, 0.026010101010101
1.53597735009344, 11, 2, 0, 6, 0.026010101010101
1.535, 14, 1, 0, 2, 0.00416666666666667
1.535, 14, 1, 0, 2, 0.00416666666666667
1.5302668884871, 13, 3, 0, 9, 0.0618686868686869
1.53026688848707, 13, 3, 0, 9, 0.0618686868686869
1.52039419888395, 9, 3, 0, 17, 0.444444444444444
1.51886536598872, 12, 2, 0, 9, 0.0618686868686869
1.51886536598868, 12, 2, 0, 9, 0.0618686868686869
1.51850804464038, 8, 14, 4, 20, 0.0246350245742943
1.51509412982239, 10, 2, 3, 2, 0.400252525252525
1.51410108094977, 9, 3, 0, 6, 0.026010101010101
1.51404334592287, 11, 3, 4, 70, 0.136274845408473
1.51300000000001, 13, 1, 4, 73, 0.179360578437554
1.51300000000001, 13, 1, 4, 73, 0.179360578437554
1.51108719139567, 10, 2, 0, 4, 0.0126262626262626
1.51108719139563, 10, 2, 0, 4, 0.0126262626262626
1.51000000000001, 13, 1, 0, 9, 0.0618686868686869
1.50999999999999, 13, 1, 0, 9, 0.0618686868686869
1.50514285714286, 9, 1, 3, 1, 0.0997474747474748
1.50024488741742, 10, 2, 4, 1, 0.000100050649348366
1.50000000000001, 12, 1, 0, 6, 0.026010101010101
1.49600224673032, 9, 2, 4, 33, 0.042748691282689
1.49302779612439, 11, 3, 0, 4, 0.0126262626262626
1.49266666666666, 11, 1, 4, 89, 0.391602757964068
1.49250000000001, 11, 1, 0, 11, 0.103535353535354
1.49166666666667, 9, 1, 1, 26, 0.943693693693694
1.48956369450926, 8, 3, 2, 1, 0.0454545454545454
1.48898634424005, 8, 3, 4, 21, 0.0272340315353993
1.4845, 12, 1, 4, 20, 0.0246350245742943
1.48104777803867, 10, 3, 4, 69, 0.110861739138859
1.47999999999999, 10, 1, 0, 7, 0.0353535353535354
1.47549615007593, 10, 2, 0, 5, 0.0184343434343434
1.47333333333333, 7, 1, 0, 15, 0.275252525252525
1.46985714285714, 11, 4, 1, 4, 0.128378378378378
1.46653946418087, 8, 2, 0, 17, 0.444444444444444
1.46266666666666, 12, 1, 4, 50, 0.0708643200456854
1.46084051861708, 8, 3, 4, 25, 0.0319165363830463
1.45663996924431, 10, 2, 0, 7, 0.0353535353535354
1.45642378905776, 9, 3, 0, 12, 0.132575757575758
1.4554, 10, 4, 4, 25, 0.0319165363830463
1.45499999999998, 11, 1, 0, 7, 0.0353535353535354
1.45389139897036, 9, 5, 2, 4, 0.590909090909091
1.44972652593516, 6, 3, 1, 23, 0.698198198198198
1.44972652593513, 6, 3, 1, 23, 0.698198198198198
1.44900000000001, 8, 4, 0, 17, 0.444444444444444
1.44433248905296, 9, 18, 2, 5, 0.863636363636364
1.44420177106792, 12, 5, 0, 20, 0.898989898989899
1.44249783362057, 11, 2, 0, 8, 0.0467171717171717
1.43825519293345, 9, 2, 2, 5, 0.863636363636364
1.43825519293343, 9, 2, 2, 5, 0.863636363636364
1.434, 8, 1, 4, 100, 0.705914182813912
1.434, 8, 1, 4, 100, 0.705914182813912
1.43000000000001, 10, 1, 0, 8, 0.0467171717171717
1.43000000000001, 10, 1, 0, 8, 0.0467171717171717
1.42894191624435, 9, 3, 0, 18, 0.558080808080808
1.42894191624435, 9, 3, 0, 18, 0.558080808080808
1.42413066400108, 10, 3, 4, 76, 0.20691329301129
1.42066666666665, 9, 4, 4, 82, 0.274718983341981
1.4142135623731, 11, 2, 0, 8, 0.0467171717171717
1.41146999505435, 9, 5, 1, 4, 0.128378378378378
1.40939364621819, 10, 5, 0, 5, 0.0184343434343434
1.4075, 10, 1, 4, 76, 0.20691329301129
1.4075, 10, 1, 4, 76, 0.20691329301129
1.4070457625214, 8, 11, 1, 23, 0.698198198198198
1.40581001375671, 9, 19, 2, 5, 0.863636363636364
1.40431406743648, 7, 2, 1, 20, 0.560810810810811
1.40360696065533, 9, 2, 2, 3, 0.363636363636364
1.40250000000003, 13, 4, 0, 8, 0.0467171717171717
1.39948717948725, 8, 9, 3, 3, 0.800505050505051
1.398, 13, 1, 3, 1, 0.0997474747474748
1.39428571428567, 10, 4, 4, 21, 0.0272340315353993
1.39275000000001, 9, 4, 2, 3, 0.363636363636364
1.39274999999998, 9, 4, 2, 3, 0.363636363636364
1.38933568777791, 10, 3, 1, 2, 0.0788288288288288
1.37900000000002, 11, 4, 0, 6, 0.026010101010101
1.36933333333334, 11, 1, 0, 7, 0.0353535353535354
1.36933050095051, 11, 3, 0, 12, 0.132575757575758
1.36716543744101, 9, 3, 4, 60, 0.0833233322906506
1.36543338663348, 9, 3, 0, 3, 0.00795454545454546
1.36320000000002, 10, 1, 4, 54, 0.0761223229857679
1.36118055378411, 8, 2, 0, 2, 0.00416666666666667
1.36118055378407, 8, 2, 0, 2, 0.00416666666666667
1.36107953852961, 11, 18, 0, 9, 0.0618686868686869
1.35905923344056, 13, 2, 0, 1, 0.00126262626262626
1.35528799727419, 9, 2, 0, 6, 0.026010101010101
1.35400000000004, 9, 4, 3, 3, 0.800505050505051
1.35057395206632, 9, 2, 4, 22, 0.0286232599694077
1.35057395206628, 9, 2, 4, 22, 0.0286232599694077
1.35000000000001, 12, 1, 0, 7, 0.0353535353535354
1.35000000000001, 11, 1, 0, 3, 0.00795454545454546
1.34999999999999, 12, 1, 0, 7, 0.0353535353535354
1.34999999999999, 10, 1, 3, 3, 0.800505050505051
1.34999999999999, 10, 1, 3, 3, 0.800505050505051
1.34999999999999, 11, 1, 0, 3, 0.00795454545454546
1.34766293754127, 8, 11, 1, 1, 0.0337837837837838
1.346, 7, 1, 4, 94, 0.486490559366218
1.346, 7, 1, 4, 94, 0.486490559366218
1.33400000000003, 10, 4, 4, 41, 0.0589841673467433
1.331, 11, 1, 3, 3, 0.800505050505051
1.3270395937324, 9, 3, 2, 4, 0.590909090909091
1.3270395937323, 9, 3, 2, 4, 0.590909090909091
1.32500000000002, 11, 1, 0, 3, 0.00795454545454546
1.32499999999999, 11, 1, 0, 3, 0.00795454545454546
1.32488240568318, 8, 2, 3, 2, 0.400252525252525
1.32433333333333, 14, 1, 4, 6, 0.00648491626136443
1.32000000000001, 11, 1, 0, 19, 0.70959595959596
1.31999999999999, 11, 1, 0, 19, 0.70959595959596
1.31700000000001, 10, 4, 1, 10, 0.240990990990991
1.315, 13, 1, 0, 4, 0.0126262626262626
1.315, 13, 1, 0, 4, 0.0126262626262626
1.30834718243875, 8, 33, 0, 3, 0.00795454545454546
1.30594765743142, 10, 2, 4, 61, 0.084023548930301
1.30376348315173, 9, 2, 0, 15, 0.275252525252525
1.30333333333334, 8, 1, 1, 23, 0.698198198198198
1.30249069094563, 11, 2, 3, 2, 0.400252525252525
1.30249069094563, 11, 2, 3, 2, 0.400252525252525
1.29999999999998, 13, 1, 0, 9, 0.0618686868686869
1.29842482695378, 10, 2, 4, 55, 0.0776266165618163
1.2960481624948, 9, 8, 4, 5, 0.00604237658698964
1.29100000000003, 9, 4, 0, 14, 0.217171717171717
1.291, 9, 4, 0, 14, 0.217171717171717
1.28999999999999, 7, 1, 0, 6, 0.026010101010101
1.28864580083122, 9, 3, 2, 1, 0.0454545454545454
1.2886458008312, 9, 3, 2, 1, 0.0454545454545454
1.28500000000001, 14, 1, 0, 6, 0.026010101010101
1.285, 14, 1, 0, 6, 0.026010101010101
1.28471981900072, 15, 3, 4, 69, 0.110861739138859
1.28399999999999, 8, 1, 3, 3, 0.800505050505051
1.28056289706257, 11, 3, 2, 4, 0.590909090909091
1.275944094909, 12, 12, 4, 45, 0.0660434784542375
1.27433333333335, 11, 1, 1, 6, 0.164414414414414
1.27117011562465, 11, 7, 3, 1, 0.0997474747474748
1.27, 11, 1, 4, 62, 0.0856939327900282
1.26950830033759, 11, 22, 0, 2, 0.00416666666666667
1.26950000000001, 10, 1, 4, 28, 0.0358931359772792
1.26949999999999, 10, 1, 4, 28, 0.0358931359772792
1.26807816092787, 11, 2, 0, 11, 0.103535353535354
1.265, 9, 1, 0, 10, 0.0808080808080808
1.265, 9, 1, 0, 10, 0.0808080808080808
1.26239999999999, 10, 4, 4, 16, 0.0186420699741554
1.25933333333333, 11, 1, 4, 62, 0.0856939327900282
1.25735714285719, 8, 9, 2, 5, 0.863636363636364
1.25642965581043, 14, 3, 0, 6, 0.026010101010101
1.25600000000001, 11, 1, 4, 37, 0.0486682110506046
1.25412025473369, 11, 3, 0, 6, 0.026010101010101
1.25384174439999, 10, 2, 3, 1, 0.0997474747474748
1.2535, 14, 1, 4, 93, 0.471038215796977
1.2535, 14, 1, 4, 93, 0.471038215796977
1.25341418460371, 12, 7, 4, 10, 0.00844094610403909
1.24686495749229, 9, 2, 0, 11, 0.103535353535354
1.24586254146362, 8, 5, 3, 3, 0.800505050505051
1.245, 12, 1, 0, 7, 0.0353535353535354
1.24450793488832, 13, 2, 0, 6, 0.026010101010101
1.24333333333334, 15, 4, 0, 5, 0.0184343434343434
1.24333333333334, 11, 1, 0, 8, 0.0467171717171717
1.242, 12, 1, 3, 1, 0.0997474747474748
1.242, 12, 1, 3, 1, 0.0997474747474748
1.239, 7, 1, 3, 1, 0.0997474747474748
1.23899999999999, 7, 1, 3, 1, 0.0997474747474748
1.23743686707646, 11, 2, 0, 4, 0.0126262626262626
1.23743686707646, 11, 2, 0, 4, 0.0126262626262626
1.23507984447251, 12, 2, 0, 7, 0.0353535353535354
1.23333333333333, 12, 1, 4, 50, 0.0708643200456854
1.23099999999999, 12, 1, 0, 14, 0.217171717171717
1.23066666666666, 12, 1, 4, 37, 0.0486682110506046
1.22963333333338, 11, 9, 4, 3, 0.000573791508306289
1.22258762467155, 11, 2, 0, 4, 0.0126262626262626
1.22042857142856, 9, 4, 3, 1, 0.0997474747474748
1.22019631074994, 9, 11, 3, 2, 0.400252525252525
1.21653475220945, 10, 3, 4, 21, 0.0272340315353993
1.21531346116716, 7, 13, 4, 10, 0.00844094610403909
1.21245242747453, 13, 2, 3, 3, 0.800505050505051
1.21150961843293, 12, 2, 0, 8, 0.0467171717171717
1.20950000000001, 11, 1, 2, 4, 0.590909090909091
1.20949999999999, 11, 1, 2, 4, 0.590909090909091
1.20500000000001, 12, 1, 0, 6, 0.026010101010101
1.205, 12, 1, 0, 6, 0.026010101010101
1.203, 11, 4, 2, 1, 0.0454545454545454
1.20184582575672, 14, 2, 3, 2, 0.400252525252525
1.20100000000001, 9, 1, 4, 50, 0.0708643200456854
1.19500000000001, 11, 1, 0, 7, 0.0353535353535354
1.19499999999999, 11, 1, 0, 7, 0.0353535353535354
1.19453905568446, 11, 2, 0, 9, 0.0618686868686869
1.19280000000001, 11, 1, 0, 9, 0.0618686868686869
1.19006071273697, 12, 2, 3, 2, 0.400252525252525
1.19006071273695, 12, 2, 3, 2, 0.400252525252525
1.18988630642686, 9, 5, 0, 12, 0.132575757575758
1.18652517883102, 11, 2, 4, 57, 0.0798737051896258
1.185, 12, 1, 0, 9, 0.0618686868686869
1.18499999999999, 12, 1, 0, 9, 0.0618686868686869
1.17985147854657, 8, 14, 4, 66, 0.0931101613156405
1.17749999999998, 10, 1, 0, 3, 0.00795454545454546
1.17733279067562, 13, 2, 4, 17, 0.0191899869089483
1.17733279067562, 13, 2, 4, 17, 0.0191899869089483
1.17309014998848, 8, 2, 4, 91, 0.438747575486957
1.17000000000002, 10, 1, 0, 6, 0.026010101010101
1.16999999999999, 10, 1, 0, 6, 0.026010101010101
1.16666666666666, 14, 1, 3, 1, 0.0997474747474748
1.1645, 13, 1, 3, 3, 0.800505050505051
1.1645, 13, 1, 3, 3, 0.800505050505051
1.15871231210436, 14, 2, 4, 11, 0.00893715698736393
1.15733333333334, 10, 1, 4, 42, 0.0614175149797577
1.15588388497962, 9, 2, 3, 1, 0.0997474747474748
1.155, 14, 1, 3, 1, 0.0997474747474748
1.155, 14, 1, 3, 1, 0.0997474747474748
1.15200000000002, 16, 1, 4, 73, 0.179360578437554
1.15199999999999, 16, 1, 4, 73, 0.179360578437554
1.15022703073012, 6, 2, 3, 1, 0.0997474747474748
1.1468, 13, 1, 4, 41, 0.0589841673467433
1.14661763461061, 7, 3, 1, 20, 0.560810810810811
1.14500000000001, 13, 1, 0, 3, 0.00795454545454546
1.145, 13, 1, 0, 3, 0.00795454545454546
1.14308861941528, 15, 2, 4, 33, 0.042748691282689
1.13882340597653, 10, 3, 4, 19, 0.0217556379075293
1.13844191771035, 12, 2, 0, 12, 0.132575757575758
1.13758333333331, 9, 9, 1, 18, 0.475225225225225
1.13702770414797, 10, 2, 3, 2, 0.400252525252525
1.13702770414797, 10, 2, 3, 2, 0.400252525252525
1.13449327895762, 10, 3, 0, 11, 0.103535353535354
1.13449327895762, 10, 3, 0, 11, 0.103535353535354
1.13356941985465, 9, 6, 4, 21, 0.0272340315353993
1.13200000000001, 10, 1, 4, 26, 0.0338774705003143
1.12665680469059, 9, 2, 0, 5, 0.0184343434343434
1.125, 12, 1, 0, 11, 0.103535353535354
1.125, 12, 1, 0, 11, 0.103535353535354
1.12429978208659, 12, 2, 0, 10, 0.0808080808080808
1.12288556852425, 9, 2, 1, 7, 0.184684684684685
1.122, 12, 1, 0, 2, 0.00416666666666667
1.10966721738243, 13, 3, 0, 1, 0.00126262626262626
1.10620311576737, 10, 12, 4, 40, 0.0550596271875607
1.10544360125495, 10, 2, 0, 12, 0.132575757575758
1.10533333333333, 10, 1, 4, 11, 0.00893715698736393
1.10100000000001, 15, 1, 4, 93, 0.471038215796977
1.101, 15, 1, 4, 93, 0.471038215796977
1.10000000000002, 15, 1, 0, 12, 0.132575757575758
1.09999999999999, 15, 1, 0, 12, 0.132575757575758
1.09601551083916, 8, 2, 0, 3, 0.00795454545454546
1.09400000000001, 11, 1, 2, 3, 0.363636363636364
1.09388445459289, 9, 5, 4, 100, 0.705914182813912
1.09119200876834, 13, 3, 1, 12, 0.313063063063063
1.09097551488292, 12, 6, 1, 8, 0.202702702702703
1.08133333333333, 7, 1, 1, 23, 0.698198198198198
1.08074999999999, 11, 1, 4, 93, 0.471038215796977
1.06631702602934, 12, 2, 4, 56, 0.078725036164931
1.0663170260293, 12, 2, 4, 56, 0.078725036164931
1.065, 12, 1, 0, 12, 0.132575757575758
1.06451842633185, 9, 3, 0, 15, 0.275252525252525
1.0606601717798, 12, 2, 0, 6, 0.026010101010101
1.0595, 11, 1, 4, 57, 0.0798737051896258
1.05749999999998, 12, 1, 0, 7, 0.0353535353535354
1.05547472205111, 11, 2, 4, 89, 0.391602757964068
1.05500000000001, 12, 1, 0, 11, 0.103535353535354
1.05500000000001, 12, 1, 0, 11, 0.103535353535354
1.05500000000001, 7, 1, 0, 3, 0.00795454545454546
1.05499999999999, 7, 1, 0, 3, 0.00795454545454546
1.05476761526992, 9, 2, 1, 26, 0.943693693693694
1.05149716391172, 10, 7, 3, 3, 0.800505050505051
1.05075757575767, 9, 9, 0, 7, 0.0353535353535354
1.045, 10, 1, 4, 34, 0.0437591097547004
1.0418039909482, 7, 2, 0, 15, 0.275252525252525
1.03905727946055, 12, 3, 2, 4, 0.590909090909091
1.03888128291932, 6, 2, 4, 100, 0.705914182813912
1.03528668762493, 9, 7, 0, 12, 0.132575757575758
1.03426151861553, 12, 2, 4, 50, 0.0708643200456854
1.02995211565595, 9, 6, 4, 69, 0.110861739138859
1.02800000000001, 12, 1, 3, 1, 0.0997474747474748
1.02799999999999, 12, 1, 3, 1, 0.0997474747474748
1.02797215429211, 9, 3, 3, 3, 0.800505050505051
1.02676280827797, 10, 10, 4, 3, 0.000573791508306289
1.02609576591726, 9, 3, 3, 3, 0.800505050505051
1.02533333333334, 10, 1, 4, 49, 0.0692091058226616
1.02375749732704, 10, 3, 3, 1, 0.0997474747474748
1.02066666666668, 9, 1, 3, 1, 0.0997474747474748
1.01338600740293, 10, 5, 4, 58, 0.081739484313027
1.01333333333334, 9, 1, 0, 7, 0.0353535353535354
1.00833333333333, 9, 1, 3, 2, 0.400252525252525
1.00701244981076, 10, 6, 4, 76, 0.20691329301129
1.00516681865913, 9, 3, 1, 16, 0.414414414414414
1.00201817835403, 9, 28, 4, 32, 0.0409687585124503
0.992333333333349, 12, 1, 0, 11, 0.103535353535354
0.992250000000013, 9, 1, 3, 3, 0.800505050505051
0.990333333333325, 9, 1, 3, 2, 0.400252525252525
0.988535280098791, 13, 2, 3, 1, 0.0997474747474748
0.985500000000002, 12, 1, 4, 36, 0.0468471651172549
0.980629432218643, 14, 3, 0, 5, 0.0184343434343434
0.97750000000002, 11, 1, 4, 24, 0.0306244453386102
0.977499999999992, 11, 1, 4, 24, 0.0306244453386102
0.972499999999997, 12, 1, 4, 50, 0.0708643200456854
0.972499999999997, 12, 1, 4, 50, 0.0708643200456854
0.972271824131503, 11, 2, 3, 2, 0.400252525252525
0.972271824131503, 11, 2, 3, 2, 0.400252525252525
0.970670140075062, 10, 3, 2, 3, 0.363636363636364
0.968666666666664, 11, 1, 3, 3, 0.800505050505051
0.968264885704767, 11, 2, 0, 7, 0.0353535353535354
0.966731951818426, 9, 6, 4, 60, 0.0833233322906506
0.96550000000002, 9, 1, 4, 25, 0.0319165363830463
0.963999999999999, 10, 1, 3, 1, 0.0997474747474748
0.963999999999999, 10, 1, 3, 1, 0.0997474747474748
0.959249999999997, 10, 1, 2, 4, 0.590909090909091
0.950000000000017, 9, 1, 0, 4, 0.0126262626262626
0.949999999999989, 9, 1, 0, 4, 0.0126262626262626
0.949333333333342, 10, 1, 4, 37, 0.0486682110506046
0.947240244077472, 11, 2, 4, 69, 0.110861739138859
0.946277091201802, 11, 3, 2, 5, 0.863636363636364
0.946277091201778, 11, 3, 2, 5, 0.863636363636364
0.94500000000005, 13, 4, 1, 12, 0.313063063063063
0.945000000000007, 7, 1, 0, 15, 0.275252525252525
0.944999999999993, 7, 1, 0, 15, 0.275252525252525
0.943846131527785, 10, 2, 0, 14, 0.217171717171717
0.941159125759307, 11, 2, 3, 3, 0.800505050505051
0.939999999999998, 13, 1, 0, 8, 0.0467171717171717
0.936445080551401, 14, 2, 4, 6, 0.00648491626136443
0.935000000000002, 11, 1, 0, 7, 0.0353535353535354
0.935000000000002, 11, 1, 0, 7, 0.0353535353535354
0.930999999999983, 9, 4, 0, 7, 0.0353535353535354
0.928333333333327, 11, 1, 0, 7, 0.0353535353535354
0.924255302362695, 11, 3, 0, 14, 0.217171717171717
0.924000000000007, 12, 1, 2, 1, 0.0454545454545454
0.924000000000007, 12, 1, 2, 1, 0.0454545454545454
0.921595838146453, 8, 2, 1, 23, 0.698198198198198
0.91923881554252, 13, 2, 0, 9, 0.0618686868686869
0.912167747730661, 8, 2, 0, 1, 0.00126262626262626
0.912167747730621, 8, 2, 0, 1, 0.00126262626262626
0.909999999999997, 12, 1, 0, 8, 0.0467171717171717
0.909999999999997, 10, 1, 0, 16, 0.351010101010101
0.909333333333322, 13, 1, 4, 31, 0.0395255744388036
0.907925107043541, 8, 2, 3, 3, 0.800505050505051
0.905096679918762, 10, 2, 0, 12, 0.132575757575758
0.903333333333336, 11, 1, 0, 11, 0.103535353535354
0.901089741492045, 11, 2, 1, 6, 0.164414414414414
0.900000000000006, 10, 1, 3, 3, 0.800505050505051
0.900000000000006, 14, 1, 0, 9, 0.0618686868686869
0.900000000000006, 14, 1, 0, 9, 0.0618686868686869
0.898025612106923, 11, 2, 4, 62, 0.0856939327900282
0.896666666666675, 11, 1, 4, 26, 0.0338774705003143
0.893000000000001, 13, 1, 4, 45, 0.0660434784542375
0.893000000000001, 13, 1, 4, 45, 0.0660434784542375
0.892400000000038, 13, 4, 0, 18, 0.558080808080808
0.890483139774277, 11, 2, 4, 62, 0.0856939327900282
0.889999999999986, 13, 1, 0, 4, 0.0126262626262626
0.887964714013634, 9, 3, 1, 16, 0.414414414414414
0.88333333333334, 10, 1, 0, 2, 0.00416666666666667
0.879169431275278, 11, 2, 0, 8, 0.0467171717171717
0.87700000000001, 11, 1, 4, 1, 0.000100050649348366
0.876999999999981, 11, 1, 4, 1, 0.000100050649348366
0.875, 12, 1, 0, 12, 0.132575757575758
0.875, 12, 1, 0, 12, 0.132575757575758
0.872098363463419, 12, 2, 4, 50, 0.0708643200456854
0.870448447640636, 12, 2, 0, 14, 0.217171717171717
0.870212745380253, 12, 2, 4, 37, 0.0486682110506046
0.868527254950928, 14, 3, 4, 72, 0.171932627919944
0.866666666666646, 13, 1, 0, 6, 0.026010101010101
0.865000000000009, 15, 1, 0, 7, 0.0353535353535354
0.864999999999981, 15, 1, 0, 7, 0.0353535353535354
0.864333333333349, 13, 1, 4, 6, 0.00648491626136443
0.861695276765496, 11, 3, 0, 11, 0.103535353535354
0.859333333333339, 12, 1, 3, 1, 0.0997474747474748
0.857076474611998, 12, 3, 4, 20, 0.0246350245742943
0.856666666666655, 13, 1, 0, 7, 0.0353535353535354
0.856666666666655, 11, 1, 0, 6, 0.026010101010101
0.854622735967959, 11, 3, 4, 48, 0.067745494454136
0.854478398400657, 10, 3, 0, 7, 0.0353535353535354
0.852499999999992, 12, 1, 0, 1, 0.00126262626262626
0.849235244205039, 9, 2, 4, 50, 0.0708643200456854
0.848243015493349, 6, 3, 4, 100, 0.705914182813912
0.844666666666683, 11, 4, 0, 9, 0.0618686868686869
0.84366666666665, 10, 1, 3, 2, 0.400252525252525
0.842000000000013, 13, 1, 3, 1, 0.0997474747474748
0.841999999999999, 13, 1, 3, 1, 0.0997474747474748
0.841666666666654, 10, 1, 0, 14, 0.217171717171717
0.840044641670929, 11, 3, 0, 7, 0.0353535353535354
0.840000000000003, 17, 1, 0, 6, 0.026010101010101
0.839999999999975, 17, 1, 0, 6, 0.026010101010101
0.839333333333343, 14, 1, 0, 5, 0.0184343434343434
0.836666666666673, 12, 1, 0, 2, 0.00416666666666667
0.833999999999989, 9, 1, 3, 1, 0.0997474747474748
0.833333333333314, 13, 1, 0, 6, 0.026010101010101
0.830773789240419, 10, 5, 3, 3, 0.800505050505051
0.830000000000013, 9, 1, 0, 12, 0.132575757575758
0.829999999999998, 9, 1, 0, 12, 0.132575757575758
0.825000000000003, 11, 1, 0, 3, 0.00795454545454546
0.825000000000003, 11, 1, 0, 3, 0.00795454545454546
0.825000000000003, 12, 1, 0, 14, 0.217171717171717
0.825000000000003, 12, 1, 0, 14, 0.217171717171717
0.825000000000003, 10, 1, 0, 5, 0.0184343434343434
0.824999999999989, 10, 1, 0, 5, 0.0184343434343434
0.824957911384319, 14, 2, 3, 1, 0.0997474747474748
0.822526286162764, 14, 7, 0, 6, 0.026010101010101
0.821666666666658, 7, 1, 3, 3, 0.800505050505051
0.819333333333304, 14, 4, 4, 11, 0.00893715698736393
0.818358248093246, 10, 2, 4, 42, 0.0614175149797577
0.816999999999993, 12, 1, 0, 9, 0.0618686868686869
0.815269368280896, 9, 7, 4, 1, 0.000100050649348366
0.814999999999998, 11, 1, 0, 11, 0.103535353535354
0.814999999999998, 11, 1, 0, 11, 0.103535353535354
0.811333333333323, 12, 1, 3, 3, 0.800505050505051
0.810000000000002, 13, 1, 0, 9, 0.0618686868686869
0.810000000000002, 13, 1, 0, 9, 0.0618686868686869
0.810000000000002, 13, 1, 0, 8, 0.0467171717171717
0.809999999999974, 13, 1, 0, 8, 0.0467171717171717
0.808000000000007, 13, 1, 3, 1, 0.0997474747474748
0.807999999999993, 13, 1, 3, 1, 0.0997474747474748
0.802666666666681, 8, 1, 3, 3, 0.800505050505051
0.802500000000009, 9, 1, 0, 14, 0.217171717171717
0.802199999999999, 12, 1, 4, 50, 0.0708643200456854
0.800444876303175, 10, 2, 4, 26, 0.0338774705003143
0.800428571428569, 11, 4, 0, 14, 0.217171717171717
0.800000000000011, 8, 1, 0, 9, 0.0618686868686869
0.799999999999997, 7, 1, 0, 4, 0.0126262626262626
0.799999999999997, 7, 1, 0, 4, 0.0126262626262626
0.799500000000009, 11, 1, 1, 4, 0.128378378378378
0.799499999999995, 11, 1, 1, 4, 0.128378378378378
0.799499999999995, 9, 1, 3, 3, 0.800505050505051
0.799499999999995, 9, 1, 3, 3, 0.800505050505051
0.797499999999999, 10, 1, 4, 31, 0.0395255744388036
0.797499999999999, 10, 1, 4, 31, 0.0395255744388036
0.796408941077787, 10, 7, 4, 21, 0.0272340315353993
0.793373808491296, 12, 2, 0, 2, 0.00416666666666667
0.792500000000004, 11, 1, 4, 50, 0.0708643200456854
0.792500000000004, 11, 1, 4, 50, 0.0708643200456854
0.787499999999994, 10, 1, 4, 59, 0.0828015312645006
0.787499999999994, 10, 1, 4, 59, 0.0828015312645006
0.784666666666652, 11, 1, 4, 9, 0.0079337803296631
0.784000000000006, 9, 1, 3, 1, 0.0997474747474748
0.783500000000004, 11, 1, 4, 63, 0.0888584396739231
0.783499999999989, 11, 1, 4, 63, 0.0888584396739231
0.782000000000011, 16, 1, 3, 2, 0.400252525252525
0.781999999999982, 16, 1, 3, 2, 0.400252525252525
0.781588695471511, 10, 2, 4, 11, 0.00893715698736393
0.779333333333327, 12, 1, 1, 1, 0.0337837837837838
0.778666666666666, 14, 1, 2, 5, 0.863636363636364
0.775000000000006, 12, 1, 4, 90, 0.412079181780135
0.775000000000006, 10, 1, 0, 3, 0.00795454545454546
0.774999999999991, 12, 1, 4, 90, 0.412079181780135
0.774999999999991, 10, 1, 0, 3, 0.00795454545454546
0.773574818618079, 11, 2, 2, 3, 0.363636363636364
0.77341842060645, 11, 3, 4, 69, 0.110861739138859
0.772860660145103, 13, 10, 4, 38, 0.0506681897441603
0.771866801451964, 9, 10, 3, 1, 0.0997474747474748
0.770647139314346, 10, 3, 0, 14, 0.217171717171717
0.770500000000013, 11, 1, 4, 70, 0.136274845408473
0.770499999999998, 11, 1, 4, 70, 0.136274845408473
0.766666666666652, 13, 1, 0, 4, 0.0126262626262626
0.765000000000015, 15, 1, 0, 3, 0.00795454545454546
0.765000000000001, 11, 1, 0, 14, 0.217171717171717
0.765000000000001, 11, 1, 0, 14, 0.217171717171717
0.764999999999986, 15, 1, 0, 3, 0.00795454545454546
0.764618132723053, 7, 2, 1, 23, 0.698198198198198
0.760846896556741, 10, 2, 3, 2, 0.400252525252525
0.759, 13, 1, 1, 2, 0.0788288288288288
0.759, 13, 1, 1, 2, 0.0788288288288288
0.757500000000007, 11, 1, 4, 33, 0.042748691282689
0.757499999999993, 11, 1, 4, 33, 0.042748691282689
0.755499999999998, 7, 1, 3, 3, 0.800505050505051
0.754999999999995, 12, 1, 0, 11, 0.103535353535354
0.754999999999995, 12, 1, 0, 11, 0.103535353535354
0.753749999999997, 9, 1, 0, 14, 0.217171717171717
0.751815023261144, 9, 3, 3, 1, 0.0997474747474748
0.75, 11, 1, 0, 9, 0.0618686868686869
0.75, 11, 1, 0, 9, 0.0618686868686869
0.75, 11, 1, 0, 14, 0.217171717171717
0.75, 11, 1, 0, 14, 0.217171717171717
0.749645923364283, 10, 6, 4, 55, 0.0776266165618163
0.745857142857147, 10, 1, 0, 14, 0.217171717171717
0.741553859035438, 10, 6, 0, 12, 0.132575757575758
0.741333333333316, 10, 1, 0, 8, 0.0467171717171717
0.740666666666684, 14, 1, 3, 2, 0.400252525252525
0.740000000000009, 11, 1, 0, 6, 0.026010101010101
0.739999999999995, 11, 1, 0, 6, 0.026010101010101
0.738926586339933, 10, 2, 4, 34, 0.0437591097547004
0.736666666666679, 10, 1, 0, 7, 0.0353535353535354
0.735000000000014, 8, 1, 0, 6, 0.026010101010101
0.735000000000014, 8, 1, 0, 6, 0.026010101010101
0.734999999999999, 7, 1, 0, 16, 0.351010101010101
0.734999999999999, 7, 1, 0, 16, 0.351010101010101
0.732562625309264, 12, 2, 4, 31, 0.0395255744388036
0.732562625309264, 12, 2, 4, 31, 0.0395255744388036
0.725151938102145, 11, 3, 4, 37, 0.0486682110506046
0.725020152976599, 10, 2, 4, 49, 0.0692091058226616
0.723333333333329, 10, 1, 0, 11, 0.103535353535354
0.722952720953909, 15, 5, 4, 33, 0.042748691282689
0.722016262277503, 11, 6, 3, 1, 0.0997474747474748
0.721720321331052, 9, 2, 3, 1, 0.0997474747474748
0.71880108514107, 12, 3, 0, 7, 0.0353535353535354
0.71653487160236, 9, 2, 0, 7, 0.0353535353535354
0.715443197975218, 10, 8, 1, 4, 0.128378378378378
0.71299933769645, 9, 2, 3, 2, 0.400252525252525
0.710666666666668, 15, 1, 3, 1, 0.0997474747474748
0.706666666666663, 13, 1, 0, 6, 0.026010101010101
0.706000000000003, 8, 1, 1, 23, 0.698198198198198
0.703333333333333, 9, 1, 0, 6, 0.026010101010101
0.703333333333333, 9, 1, 0, 7, 0.0353535353535354
0.701685629197452, 12, 2, 0, 11, 0.103535353535354
0.701096373546483, 9, 2, 4, 84, 0.293759463138283
0.701096373546443, 9, 2, 4, 84, 0.293759463138283
0.700271415635092, 9, 2, 3, 2, 0.400252525252525
0.700000000000003, 11, 1, 0, 1, 0.00126262626262626
0.700000000000003, 11, 1, 0, 1, 0.00126262626262626
0.699333333333342, 9, 1, 4, 89, 0.391602757964068
0.698058385595511, 10, 7, 4, 61, 0.084023548930301
0.696284424642715, 12, 3, 3, 1, 0.0997474747474748
0.696284424642666, 12, 3, 3, 1, 0.0997474747474748
0.694999999999993, 15, 1, 0, 5, 0.0184343434343434
0.694999999999993, 15, 1, 0, 5, 0.0184343434343434
0.690666666666672, 12, 1, 4, 19, 0.0217556379075293
0.688666666666663, 9, 1, 4, 51, 0.0718603446010522
0.685000000000002, 9, 1, 0, 5, 0.0184343434343434
0.685000000000002, 9, 1, 0, 5, 0.0184343434343434
0.684950768709357, 11, 2, 3, 3, 0.800505050505051
0.681600000000003, 10, 4, 4, 54, 0.0761223229857679
0.681000000000012, 10, 1, 4, 8, 0.00740754908006669
0.680999999999983, 10, 1, 4, 8, 0.00740754908006669
0.680236723501451, 11, 2, 3, 3, 0.800505050505051
0.680236723501451, 11, 2, 3, 3, 0.800505050505051
0.680222662074728, 12, 7, 2, 4, 0.590909090909091
0.680000000000007, 12, 1, 0, 7, 0.0353535353535354
0.680000000000007, 12, 1, 0, 2, 0.00416666666666667
0.679999999999993, 12, 1, 0, 2, 0.00416666666666667
0.679999999999978, 12, 1, 0, 7, 0.0353535353535354
0.679829941970806, 10, 3, 0, 3, 0.00795454545454546
0.675286976033142, 16, 2, 4, 58, 0.081739484313027
0.675286976033142, 16, 2, 4, 58, 0.081739484313027
0.672326613209671, 13, 6, 4, 49, 0.0692091058226616
0.671280037606426, 10, 2, 4, 37, 0.0486682110506046
0.671075921827865, 10, 7, 0, 8, 0.0467171717171717
0.668333333333337, 10, 1, 0, 14, 0.217171717171717
0.666666666666671, 12, 1, 0, 6, 0.026010101010101
0.664680374315393, 13, 2, 0, 8, 0.0467171717171717
0.663499999999999, 11, 1, 4, 70, 0.136274845408473
0.663499999999999, 11, 1, 4, 70, 0.136274845408473
0.663000000000011, 10, 1, 4, 24, 0.0306244453386102
0.663000000000011, 10, 1, 4, 24, 0.0306244453386102
0.661987924738831, 11, 5, 4, 48, 0.067745494454136
0.659999999999997, 11, 1, 0, 1, 0.00126262626262626
0.659999999999997, 11, 1, 0, 1, 0.00126262626262626
0.658000000000001, 10, 1, 4, 90, 0.412079181780135
0.658000000000001, 10, 1, 4, 90, 0.412079181780135
0.656430795201517, 11, 2, 0, 7, 0.0353535353535354
0.655000000000001, 14, 1, 0, 9, 0.0618686868686869
0.654999999999987, 14, 1, 0, 9, 0.0618686868686869
0.650000000000006, 12, 1, 0, 10, 0.0808080808080808
0.647999999999996, 11, 1, 4, 89, 0.391602757964068
0.647999999999996, 11, 1, 4, 89, 0.391602757964068
0.646295598004516, 10, 2, 3, 2, 0.400252525252525
0.646295598004495, 10, 2, 3, 2, 0.400252525252525
0.64500000000001, 9, 1, 0, 4, 0.0126262626262626
0.64500000000001, 9, 1, 0, 4, 0.0126262626262626
0.64500000000001, 16, 1, 0, 6, 0.026010101010101
0.64500000000001, 16, 1, 0, 6, 0.026010101010101
0.644999999999982, 7, 4, 0, 6, 0.026010101010101
0.644000000000005, 9, 1, 1, 3, 0.105855855855856
0.643467170879776, 10, 2, 0, 16, 0.351010101010101
0.642995766358989, 13, 2, 4, 31, 0.0395255744388036
0.641345850536186, 10, 2, 2, 5, 0.863636363636364
0.641345850536186, 10, 2, 2, 5, 0.863636363636364
0.640000000000043, 10, 4, 0, 12, 0.132575757575758
0.63875312567185, 11, 2, 0, 11, 0.103535353535354
0.636396103067877, 10, 2, 3, 3, 0.800505050505051
0.63633333333334, 7, 1, 0, 14, 0.217171717171717
0.635000000000019, 12, 1, 0, 6, 0.026010101010101
0.634999999999991, 12, 1, 0, 6, 0.026010101010101
0.634039080463924, 11, 2, 4, 26, 0.0338774705003143
0.633499999999998, 11, 1, 1, 4, 0.128378378378378
0.633499999999998, 11, 1, 1, 4, 0.128378378378378
0.63066666666667, 11, 1, 1, 1, 0.0337837837837838
0.63000000000001, 13, 1, 0, 7, 0.0353535353535354
0.63000000000001, 10, 1, 0, 8, 0.0467171717171717
0.629999999999995, 13, 1, 0, 7, 0.0353535353535354
0.629999999999995, 10, 1, 0, 8, 0.0467171717171717
0.629325035256038, 13, 2, 0, 4, 0.0126262626262626
0.625, 13, 1, 0, 7, 0.0353535353535354
0.625, 13, 1, 0, 7, 0.0353535353535354
0.625, 13, 1, 0, 11, 0.103535353535354
0.625, 13, 1, 0, 11, 0.103535353535354
0.625, 11, 1, 0, 12, 0.132575757575758
0.625, 11, 1, 0, 12, 0.132575757575758
0.624610990048112, 10, 2, 0, 2, 0.00416666666666667
0.623971303426701, 11, 3, 4, 93, 0.471038215796977
0.623333333333335, 7, 1, 0, 15, 0.275252525252525
0.621264017950525, 10, 2, 1, 5, 0.141891891891892
0.620000000000005, 14, 1, 0, 7, 0.0353535353535354
0.619999999999976, 14, 1, 0, 7, 0.0353535353535354
0.617000000000019, 12, 1, 3, 1, 0.0997474747474748
0.617000000000004, 8, 1, 4, 102, 0.786411515216059
0.617000000000004, 8, 1, 4, 102, 0.786411515216059
0.61699999999999, 12, 1, 3, 1, 0.0997474747474748
0.616000000000014, 12, 1, 4, 11, 0.00893715698736393
0.616, 12, 1, 4, 52, 0.0736969911266934
0.615999999999985, 12, 1, 4, 11, 0.00893715698736393
0.614878036686934, 12, 3, 0, 12, 0.132575757575758
0.614758635563594, 10, 2, 1, 6, 0.164414414414414
0.614471998332501, 9, 6, 3, 1, 0.0997474747474748
0.614141511621104, 14, 6, 4, 72, 0.171932627919944
0.612825877028387, 13, 2, 0, 6, 0.026010101010101
0.611702610206408, 11, 3, 4, 57, 0.0798737051896258
0.611175961205563, 13, 2, 4, 6, 0.00648491626136443
0.610547909668065, 12, 3, 0, 7, 0.0353535353535354
0.610132009280394, 10, 11, 1, 4, 0.128378378378378
0.607640427299654, 12, 2, 3, 1, 0.0997474747474748
0.605754809216488, 13, 2, 0, 7, 0.0353535353535354
0.605754809216488, 11, 2, 0, 6, 0.026010101010101
0.603966116599232, 10, 3, 3, 3, 0.800505050505051
0.599999999999994, 14, 1, 0, 3, 0.00795454545454546
0.599999999999994, 14, 1, 0, 3, 0.00795454545454546
0.596562421061079, 10, 2, 3, 2, 0.400252525252525
0.596400000000017, 11, 4, 0, 9, 0.0618686868686869
0.595148207498699, 10, 2, 0, 14, 0.217171717171717
0.593500000000006, 11, 1, 3, 2, 0.400252525252525
0.593499999999977, 11, 1, 3, 2, 0.400252525252525
0.593498291675916, 14, 2, 0, 5, 0.0184343434343434
0.591612673592769, 12, 2, 0, 2, 0.00416666666666667
0.591250000000002, 13, 1, 4, 69, 0.110861739138859
0.589727055509603, 9, 2, 3, 1, 0.0997474747474748
0.589392146232721, 11, 3, 4, 70, 0.136274845408473
0.589255650988816, 13, 2, 0, 6, 0.026010101010101
0.587000000000003, 12, 1, 4, 18, 0.0200336255683399
0.587000000000003, 12, 1, 4, 18, 0.0200336255683399
0.586666666666659, 10, 1, 0, 8, 0.0467171717171717
0.586333333333329, 12, 1, 3, 3, 0.800505050505051
0.585000000000008, 17, 1, 0, 6, 0.026010101010101
0.58499999999998, 17, 1, 0, 6, 0.026010101010101
0.581006071874941, 7, 2, 3, 3, 0.800505050505051
0.577706240229414, 12, 2, 0, 9, 0.0618686868686869
0.575000000000017, 14, 1, 0, 5, 0.0184343434343434
0.574999999999989, 14, 1, 0, 5, 0.0184343434343434
0.573699301802698, 12, 2, 3, 3, 0.800505050505051
0.573399999999992, 13, 4, 4, 41, 0.0589841673467433
0.573333333333323, 12, 1, 1, 17, 0.436936936936937
0.572875804603397, 9, 3, 3, 3, 0.800505050505051
0.568978690286361, 12, 3, 4, 36, 0.0468471651172549
0.568000000000012, 8, 1, 4, 19, 0.0217556379075293
0.567727764703141, 10, 3, 4, 14, 0.0167757737040485
0.567571043032372, 8, 2, 3, 3, 0.800505050505051
0.566816795799142, 13, 2, 1, 2, 0.0788288288288288
0.565000000000012, 11, 1, 0, 1, 0.00126262626262626
0.564999999999998, 14, 1, 0, 7, 0.0353535353535354
0.564999999999998, 14, 1, 0, 7, 0.0353535353535354
0.564999999999998, 12, 1, 0, 5, 0.0184343434343434
0.564999999999998, 12, 1, 0, 5, 0.0184343434343434
0.564999999999998, 11, 1, 0, 1, 0.00126262626262626
0.562666666666672, 12, 1, 4, 65, 0.0928774452980315
0.560000000000016, 16, 1, 0, 7, 0.0353535353535354
0.560000000000002, 16, 1, 0, 7, 0.0353535353535354
0.560000000000002, 12, 1, 0, 12, 0.132575757575758
0.560000000000002, 12, 1, 0, 12, 0.132575757575758
0.557431684902579, 9, 3, 4, 25, 0.0319165363830463
0.556666666666686, 15, 1, 4, 6, 0.00648491626136443
0.556000000000012, 14, 1, 4, 6, 0.00648491626136443
0.555999999999983, 14, 1, 4, 6, 0.00648491626136443
0.555000000000007, 12, 1, 0, 3, 0.00795454545454546
0.554999999999993, 12, 1, 0, 3, 0.00795454545454546
0.5548, 10, 1, 0, 11, 0.103535353535354
0.553823245720147, 10, 3, 2, 4, 0.590909090909091
0.553523188312836, 12, 2, 3, 3, 0.800505050505051
0.552999999999997, 16, 1, 4, 9, 0.0079337803296631
0.552999999999997, 16, 1, 4, 9, 0.0079337803296631
0.551071884804721, 12, 2, 1, 1, 0.0337837837837838
0.550600480283935, 14, 2, 2, 5, 0.863636363636364
0.550000000000011, 8, 1, 0, 8, 0.0467171717171717
0.547500000000014, 9, 1, 4, 13, 0.0149040473935306
0.547499999999985, 9, 1, 4, 13, 0.0149040473935306
0.543999999999997, 11, 1, 1, 2, 0.0788288288288288
0.543333333333322, 12, 1, 0, 16, 0.351010101010101
0.54249999999999, 15, 1, 3, 3, 0.800505050505051
0.54249999999999, 15, 1, 3, 3, 0.800505050505051
0.542115198909716, 13, 2, 0, 4, 0.0126262626262626
0.542000000000002, 12, 1, 4, 37, 0.0486682110506046
0.542000000000002, 12, 1, 4, 37, 0.0486682110506046
0.537999999999954, 10, 4, 3, 2, 0.400252525252525
0.535492374673383, 11, 3, 4, 82, 0.274718983341981
0.535492374673359, 11, 3, 4, 82, 0.274718983341981
0.532499999999999, 11, 1, 4, 24, 0.0306244453386102
0.532499999999999, 11, 1, 4, 24, 0.0306244453386102
0.530000000000001, 10, 1, 3, 2, 0.400252525252525
0.530000000000001, 10, 1, 0, 12, 0.132575757575758
0.529999999999987, 10, 1, 3, 2, 0.400252525252525
0.528633029615087, 11, 2, 4, 57, 0.0798737051896258
0.527333333333317, 11, 1, 4, 16, 0.0186420699741554
0.525388744962525, 12, 3, 0, 8, 0.0467171717171717
0.524201827119645, 10, 2, 0, 8, 0.0467171717171717
0.524000000000001, 11, 1, 4, 23, 0.0296164402178925
0.523730422598838, 14, 2, 3, 2, 0.400252525252525
0.520901995474058, 10, 2, 0, 7, 0.0353535353535354
0.519016377390932, 10, 2, 1, 2, 0.0788288288288288
0.515000000000001, 13, 1, 0, 11, 0.103535353535354
0.515000000000001, 13, 1, 0, 11, 0.103535353535354
0.511473905058246, 10, 2, 0, 11, 0.103535353535354
0.510428571428577, 11, 4, 4, 70, 0.136274845408473
0.510333333333335, 10, 1, 0, 12, 0.132575757575758
0.510000000000019, 14, 1, 3, 1, 0.0997474747474748
0.50800000000001, 16, 1, 3, 2, 0.400252525252525
0.507999999999981, 16, 1, 3, 2, 0.400252525252525
0.507500000000007, 12, 1, 4, 86, 0.339097714835584
0.507499999999993, 12, 1, 4, 86, 0.339097714835584
0.507259946510009, 10, 3, 1, 5, 0.141891891891892
0.506500000000003, 14, 1, 0, 3, 0.00795454545454546
0.506499999999988, 14, 1, 0, 3, 0.00795454545454546
0.505433517293926, 8, 11, 4, 14, 0.0167757737040485
0.502517219163241, 15, 2, 3, 1, 0.0997474747474748
0.502499999999969, 8, 1, 0, 9, 0.0618686868686869
0.50194832403346, 10, 3, 1, 6, 0.164414414414414
0.5, 12, 1, 0, 14, 0.217171717171717
0.5, 12, 1, 0, 14, 0.217171717171717
0.5, 12, 1, 3, 3, 0.800505050505051
0.5, 12, 1, 3, 3, 0.800505050505051
0.5, 6, 1, 0, 15, 0.275252525252525
0.499688792038501, 13, 2, 0, 6, 0.026010101010101
0.499217387517715, 8, 2, 1, 23, 0.698198198198198
0.497333333333359, 9, 1, 4, 22, 0.0286232599694077
0.497331769434548, 9, 2, 0, 6, 0.026010101010101
0.497331769434528, 9, 2, 0, 7, 0.0353535353535354
0.496499999999998, 12, 1, 3, 3, 0.800505050505051
0.496499999999998, 12, 1, 3, 3, 0.800505050505051
0.495000000000005, 9, 1, 0, 1, 0.00126262626262626
0.495000000000005, 9, 1, 0, 1, 0.00126262626262626
0.494503342309789, 9, 2, 4, 89, 0.391602757964068
0.492191104484151, 12, 3, 0, 1, 0.00126262626262626
0.49111111111111, 10, 4, 3, 1, 0.0997474747474748
0.490000000000009, 12, 1, 0, 6, 0.026010101010101
0.490000000000009, 13, 1, 0, 9, 0.0618686868686869
0.490000000000009, 13, 1, 0, 9, 0.0618686868686869
0.489999999999981, 12, 1, 0, 6, 0.026010101010101
0.488375083539503, 12, 2, 4, 19, 0.0217556379075293
0.487860977465233, 10, 3, 4, 15, 0.0180125300509641
0.487860977465233, 10, 3, 4, 15, 0.0180125300509641
0.487500000000011, 12, 1, 3, 3, 0.800505050505051
0.487500000000011, 12, 1, 3, 3, 0.800505050505051
0.486960869977143, 9, 2, 4, 51, 0.0718603446010522
0.486333333333349, 11, 1, 0, 14, 0.217171717171717
0.482953931550427, 11, 2, 4, 39, 0.051987603372886
0.482953931550407, 11, 2, 4, 39, 0.051987603372886
0.475500000000011, 8, 1, 4, 81, 0.26159379994883
0.475499999999997, 8, 1, 4, 81, 0.26159379994883
0.472583032093002, 10, 2, 0, 14, 0.217171717171717
0.471666666666664, 11, 1, 0, 11, 0.103535353535354
0.471404520791025, 12, 2, 0, 6, 0.026010101010101
0.470226009489028, 10, 2, 3, 2, 0.400252525252525
0.470084588132746, 12, 2, 4, 8, 0.00740754908006669
0.469999999999999, 11, 1, 0, 2, 0.00416666666666667
0.466000000000008, 10, 1, 4, 61, 0.084023548930301
0.465500000000006, 9, 1, 4, 80, 0.244079764845808
0.465499999999992, 9, 1, 4, 80, 0.244079764845808
0.463323591024647, 9, 3, 0, 14, 0.217171717171717
0.462803975782458, 13, 3, 1, 2, 0.0788288288288288
0.461880215351724, 8, 3, 0, 9, 0.0618686868686869
0.460390796987047, 9, 8, 3, 1, 0.0997474747474748
0.45961940777126, 12, 2, 0, 10, 0.0808080808080808
0.456500000000005, 10, 1, 3, 2, 0.400252525252525
0.456499999999991, 10, 1, 3, 2, 0.400252525252525
0.456000000000003, 15, 1, 4, 36, 0.0468471651172549
0.45537676708412, 9, 2, 1, 3, 0.105855855855856
0.455000000000013, 10, 1, 0, 7, 0.0353535353535354
0.454999999999998, 10, 1, 0, 9, 0.0618686868686869
0.454999999999998, 10, 1, 0, 9, 0.0618686868686869
0.454999999999984, 10, 1, 0, 7, 0.0353535353535354
0.454000000000008, 7, 1, 3, 3, 0.800505050505051
0.453999999999994, 7, 1, 3, 3, 0.800505050505051
0.451949790721652, 12, 3, 3, 3, 0.800505050505051
0.449955615095024, 7, 2, 0, 14, 0.217171717171717
0.448999999999998, 9, 1, 4, 35, 0.0452335812040479
0.448999999999998, 9, 1, 4, 35, 0.0452335812040479
0.446333333333328, 7, 1, 0, 15, 0.275252525252525
0.445948676668308, 11, 2, 1, 1, 0.0337837837837838
0.445000000000022, 13, 1, 0, 4, 0.0126262626262626
0.445000000000007, 11, 1, 0, 11, 0.103535353535354
0.444999999999993, 13, 1, 0, 4, 0.0126262626262626
0.444999999999993, 12, 1, 0, 6, 0.026010101010101
0.444999999999993, 12, 1, 0, 6, 0.026010101010101
0.444999999999993, 11, 1, 0, 11, 0.103535353535354
0.444063058585182, 12, 2, 3, 2, 0.400252525252525
0.444063058585142, 12, 2, 3, 2, 0.400252525252525
0.440763226939616, 7, 2, 0, 15, 0.275252525252525
0.440000000000026, 11, 1, 0, 14, 0.217171717171717
0.439999999999998, 13, 1, 0, 9, 0.0618686868686869
0.439999999999998, 11, 1, 0, 14, 0.217171717171717
0.439666666666668, 10, 1, 3, 1, 0.0997474747474748
0.439263131579945, 10, 5, 3, 1, 0.0997474747474748
0.436188128372794, 7, 3, 3, 3, 0.800505050505051
0.435577777210903, 12, 2, 4, 52, 0.0736969911266934
0.435500000000005, 15, 1, 4, 93, 0.471038215796977
0.435500000000005, 15, 1, 4, 93, 0.471038215796977
0.435177765401678, 9, 3, 0, 14, 0.217171717171717
0.435000000000002, 12, 1, 0, 9, 0.0618686868686869
0.435000000000002, 12, 1, 0, 6, 0.026010101010101
0.435000000000002, 12, 1, 0, 6, 0.026010101010101
0.435000000000002, 12, 1, 0, 1, 0.00126262626262626
0.435000000000002, 12, 1, 0, 1, 0.00126262626262626
0.434999999999974, 12, 1, 0, 9, 0.0618686868686869
0.433999999999998, 14, 1, 3, 1, 0.0997474747474748
0.433999999999998, 14, 1, 3, 1, 0.0997474747474748
0.431627061246167, 11, 3, 4, 57, 0.0798737051896258
0.430000000000007, 11, 1, 0, 12, 0.132575757575758
0.430000000000007, 11, 1, 0, 3, 0.00795454545454546
0.429999999999993, 11, 1, 0, 12, 0.132575757575758
0.429999999999993, 11, 1, 0, 3, 0.00795454545454546
0.429999999999978, 9, 1, 0, 7, 0.0353535353535354
0.423775097585174, 10, 3, 1, 2, 0.0788288288288288
0.423500000000004, 12, 1, 1, 10, 0.240990990990991
0.42349999999999, 12, 1, 1, 10, 0.240990990990991
0.419981081530472, 11, 3, 4, 34, 0.0437591097547004
0.417500000000018, 16, 1, 4, 58, 0.081739484313027
0.41749999999999, 16, 1, 4, 58, 0.081739484313027
0.414835978296112, 10, 2, 0, 8, 0.0467171717171717
0.414600276035729, 12, 2, 3, 3, 0.800505050505051
0.414000000000001, 10, 1, 1, 2, 0.0788288288288288
0.414000000000001, 10, 1, 1, 2, 0.0788288288288288
0.413333333333327, 10, 1, 0, 6, 0.026010101010101
0.413333333333298, 9, 1, 0, 11, 0.103535353535354
0.410000000000011, 10, 1, 4, 20, 0.0246350245742943
0.410000000000011, 10, 1, 4, 88, 0.375097158937352
0.409999999999997, 12, 1, 0, 10, 0.0808080808080808
0.409999999999997, 10, 1, 4, 20, 0.0246350245742943
0.409999999999997, 10, 1, 4, 88, 0.375097158937352
0.406000000000006, 12, 1, 4, 49, 0.0692091058226616
0.406000000000006, 12, 1, 4, 49, 0.0692091058226616
0.4054078878803, 12, 2, 1, 17, 0.436936936936937
0.403500000000008, 10, 1, 4, 48, 0.067745494454136
0.403499999999994, 10, 1, 4, 48, 0.067745494454136
0.401444152289472, 10, 6, 4, 14, 0.0167757737040485
0.401100000000014, 12, 4, 4, 50, 0.0708643200456854
0.397865415547635, 12, 2, 4, 65, 0.0928774452980315
0.396999999999991, 11, 1, 2, 4, 0.590909090909091
0.395388635214919, 10, 7, 3, 3, 0.800505050505051
0.393622774860495, 15, 2, 4, 6, 0.00648491626136443
0.391999999999996, 9, 4, 3, 1, 0.0997474747474748
0.390000000000015, 14, 1, 0, 8, 0.0467171717171717
0.390000000000015, 14, 1, 0, 9, 0.0618686868686869
0.389999999999986, 14, 1, 0, 8, 0.0467171717171717
0.389999999999986, 14, 1, 0, 9, 0.0618686868686869
0.385000000000019, 13, 1, 0, 9, 0.0618686868686869
0.385000000000005, 13, 1, 0, 12, 0.132575757575758
0.384999999999991, 13, 1, 0, 9, 0.0618686868686869
0.384999999999991, 13, 1, 0, 12, 0.132575757575758
0.38466608896549, 11, 2, 1, 2, 0.0788288288288288
0.384194684444663, 12, 2, 0, 16, 0.351010101010101
0.383822458957304, 12, 3, 4, 8, 0.00740754908006669
0.379999999999995, 12, 1, 0, 11, 0.103535353535354
0.379999999999995, 12, 1, 0, 11, 0.103535353535354
0.379999999999995, 13, 1, 3, 1, 0.0997474747474748
0.379999999999995, 13, 1, 3, 1, 0.0997474747474748
0.379999999999967, 14, 1, 0, 6, 0.026010101010101
0.375, 13, 1, 0, 3, 0.00795454545454546
0.375, 13, 1, 0, 3, 0.00795454545454546
0.375, 11, 1, 0, 11, 0.103535353535354
0.375, 11, 1, 0, 11, 0.103535353535354
0.375, 9, 1, 0, 3, 0.00795454545454546
0.375, 9, 1, 0, 3, 0.00795454545454546
0.374766594028871, 10, 2, 0, 12, 0.132575757575758
0.37466666666667, 12, 1, 4, 54, 0.0761223229857679
0.373635223178975, 11, 2, 1, 10, 0.240990990990991
0.372880975945725, 11, 2, 4, 16, 0.0186420699741554
0.370523953341731, 11, 2, 4, 23, 0.0296164402178925
0.363714285714366, 11, 4, 4, 34, 0.0437591097547004
0.361999999999995, 10, 1, 1, 2, 0.0788288288288288
0.360860160665536, 10, 2, 0, 12, 0.132575757575758
0.360624458405093, 14, 2, 3, 1, 0.0997474747474748
0.360000000000014, 13, 1, 0, 9, 0.0618686868686869
0.353999999999999, 11, 1, 4, 41, 0.0589841673467433
0.353553390593274, 6, 2, 0, 15, 0.275252525252525
0.351667772510087, 9, 2, 4, 22, 0.0286232599694077
0.351634100758601, 11, 2, 0, 5, 0.0184343434343434
0.35091360126905, 11, 5, 4, 9, 0.0079337803296631
0.345500000000015, 15, 1, 4, 5, 0.00604237658698964
0.345499999999987, 15, 1, 4, 5, 0.00604237658698964
0.343889597917038, 11, 2, 0, 14, 0.217171717171717
0.341358346658376, 13, 3, 4, 69, 0.110861739138859
0.340000000000003, 11, 1, 0, 6, 0.026010101010101
0.340000000000003, 11, 1, 0, 6, 0.026010101010101
0.339999999999989, 11, 1, 0, 6, 0.026010101010101
0.337000000000018, 12, 1, 4, 53, 0.0751545691169847
0.336999999999989, 12, 1, 4, 53, 0.0751545691169847
0.335499999999996, 9, 1, 4, 80, 0.244079764845808
0.335499999999996, 9, 1, 4, 80, 0.244079764845808
0.335000000000008, 10, 1, 3, 2, 0.400252525252525
0.335000000000008, 8, 1, 0, 8, 0.0467171717171717
0.334999999999994, 10, 1, 3, 2, 0.400252525252525
0.334999999999994, 8, 1, 0, 8, 0.0467171717171717
0.334574480995419, 11, 3, 3, 2, 0.400252525252525
0.334574480995369, 11, 3, 3, 2, 0.400252525252525
0.333518698459673, 11, 2, 0, 11, 0.103535353535354
0.332499999999996, 9, 1, 4, 24, 0.0306244453386102
0.332499999999996, 9, 1, 4, 24, 0.0306244453386102
0.332340187157677, 11, 2, 0, 2, 0.00416666666666667
0.331500000000005, 10, 1, 4, 34, 0.0437591097547004
0.331500000000005, 10, 1, 4, 34, 0.0437591097547004
0.329511760032897, 10, 2, 4, 61, 0.084023548930301
0.327934952899764, 8, 3, 4, 19, 0.0217556379075293
0.327500000000001, 11, 1, 4, 92, 0.455244555401909
0.327500000000001, 11, 1, 4, 92, 0.455244555401909
0.325999999999993, 12, 1, 4, 16, 0.0186420699741554
0.325999999999993, 12, 1, 4, 16, 0.0186420699741554
0.325666666666649, 12, 1, 0, 12, 0.132575757575758
0.324666666666673, 11, 1, 4, 38, 0.0506681897441603
0.323000000000008, 11, 1, 4, 42, 0.0614175149797577
0.322999999999993, 11, 1, 4, 42, 0.0614175149797577
0.322440692221058, 15, 2, 4, 36, 0.0468471651172549
0.320000000000022, 14, 1, 0, 8, 0.0467171717171717
0.319999999999993, 14, 1, 0, 8, 0.0467171717171717
0.318999999999988, 14, 1, 0, 19, 0.70959595959596
0.317542648054276, 8, 3, 0, 8, 0.0467171717171717
0.317499999999995, 10, 1, 1, 6, 0.164414414414414
0.317499999999995, 10, 1, 1, 6, 0.164414414414414
0.315605326669602, 7, 2, 0, 15, 0.275252525252525
0.315000000000012, 11, 1, 0, 15, 0.275252525252525
0.315000000000012, 9, 1, 0, 11, 0.103535353535354
0.314999999999998, 11, 1, 0, 15, 0.275252525252525
0.314999999999998, 9, 1, 0, 11, 0.103535353535354
0.311999999999998, 12, 1, 3, 3, 0.800505050505051
0.311999999999998, 12, 1, 3, 3, 0.800505050505051
0.311126983722079, 13, 2, 0, 9, 0.0618686868686869
0.310891281461696, 10, 2, 3, 1, 0.0997474747474748
0.310000000000002, 10, 1, 0, 11, 0.103535353535354
0.310000000000002, 10, 1, 0, 11, 0.103535353535354
0.305999999999997, 13, 1, 4, 54, 0.0761223229857679
0.305999999999997, 13, 1, 4, 54, 0.0761223229857679
0.305333333333323, 12, 1, 0, 14, 0.217171717171717
0.305071882239785, 11, 3, 1, 10, 0.240990990990991
0.305000000000007, 9, 1, 0, 11, 0.103535353535354
0.304999999999993, 9, 1, 0, 11, 0.103535353535354
0.304494903501703, 10, 6, 0, 14, 0.217171717171717
0.30405591591022, 9, 2, 0, 7, 0.0353535353535354
0.30405591591022, 11, 2, 3, 3, 0.800505050505051
0.30405591591022, 11, 2, 3, 3, 0.800505050505051
0.302499999999995, 9, 1, 4, 82, 0.274718983341981
0.302499999999995, 9, 1, 4, 82, 0.274718983341981
0.300000000000011, 17, 1, 0, 8, 0.0467171717171717
0.299999999999983, 17, 1, 0, 8, 0.0467171717171717
0.298000000000002, 13, 1, 4, 41, 0.0589841673467433
0.298000000000002, 13, 1, 4, 41, 0.0589841673467433
0.296666666666667, 12, 1, 0, 10, 0.0808080808080808
0.296500000000009, 13, 1, 2, 4, 0.590909090909091
0.296500000000009, 13, 1, 2, 4, 0.590909090909091
0.292270802890455, 9, 2, 0, 11, 0.103535353535354
0.292270802890455, 10, 2, 0, 6, 0.026010101010101
0.291499999999999, 10, 1, 2, 3, 0.363636363636364
0.291499999999999, 10, 1, 2, 3, 0.363636363636364
0.290118510267818, 8, 3, 0, 9, 0.0618686868686869
0.289913780286462, 12, 2, 0, 10, 0.0808080808080808
0.280721392131073, 11, 2, 2, 4, 0.590909090909091
0.2774, 10, 4, 0, 11, 0.103535353535354
0.275771644662744, 15, 2, 0, 12, 0.132575757575758
0.275771644662744, 15, 2, 0, 12, 0.132575757575758
0.275000000000006, 12, 1, 0, 9, 0.0618686868686869
0.274999999999991, 12, 1, 0, 9, 0.0618686868686869
0.273333333333312, 11, 1, 0, 9, 0.0618686868686869
0.2714851131585, 10, 6, 3, 2, 0.400252525252525
0.270499999999998, 12, 1, 2, 3, 0.363636363636364
0.270499999999998, 12, 1, 2, 3, 0.363636363636364
0.27000000000001, 15, 1, 0, 5, 0.0184343434343434
0.27000000000001, 15, 1, 0, 5, 0.0184343434343434
0.27000000000001, 13, 1, 0, 14, 0.217171717171717
0.27000000000001, 10, 1, 0, 1, 0.00126262626262626
0.269999999999996, 10, 1, 0, 1, 0.00126262626262626
0.269999999999982, 13, 1, 0, 14, 0.217171717171717
0.268700576850925, 14, 2, 0, 6, 0.026010101010101
0.267499999999998, 11, 1, 4, 29, 0.0366148142052202
0.267499999999998, 11, 1, 4, 29, 0.0366148142052202
0.264929340684572, 12, 2, 4, 54, 0.0761223229857679
0.263000000000005, 9, 1, 3, 1, 0.0997474747474748
0.263000000000005, 9, 1, 3, 1, 0.0997474747474748
0.260000000000019, 17, 1, 0, 7, 0.0353535353535354
0.260000000000019, 13, 1, 0, 6, 0.026010101010101
0.260000000000005, 9, 1, 0, 12, 0.132575757575758
0.259999999999991, 13, 1, 0, 6, 0.026010101010101
0.259999999999991, 9, 1, 0, 12, 0.132575757575758
0.256249999999994, 14, 1, 0, 7, 0.0353535353535354
0.255972654789527, 10, 2, 1, 2, 0.0788288288288288
0.25500000000001, 12, 1, 0, 18, 0.558080808080808
0.254999999999995, 12, 1, 0, 18, 0.558080808080808
0.254999999999995, 9, 1, 0, 20, 0.898989898989899
0.254999999999995, 9, 1, 0, 20, 0.898989898989899
0.254558441227167, 13, 2, 0, 9, 0.0618686868686869
0.250315800540047, 11, 2, 4, 41, 0.0589841673467433
0.25, 12, 1, 0, 9, 0.0618686868686869
0.25, 12, 1, 0, 9, 0.0618686868686869
0.25, 13, 1, 0, 5, 0.0184343434343434
0.25, 13, 1, 0, 5, 0.0184343434343434
0.248500000000007, 11, 1, 4, 34, 0.0437591097547004
0.248499999999993, 11, 1, 4, 34, 0.0437591097547004
0.245000000000005, 12, 1, 0, 6, 0.026010101010101
0.245000000000005, 11, 1, 0, 14, 0.217171717171717
0.24499999999999, 12, 1, 0, 6, 0.026010101010101
0.24499999999999, 11, 1, 0, 14, 0.217171717171717
0.243333333333325, 11, 1, 4, 72, 0.171932627919944
0.241547676453304, 13, 2, 2, 4, 0.590909090909091
0.240416305603408, 11, 2, 0, 6, 0.026010101010101
0.240000000000009, 15, 1, 2, 1, 0.0454545454545454
0.240000000000009, 12, 1, 0, 8, 0.0467171717171717
0.240000000000009, 12, 1, 0, 8, 0.0467171717171717
0.239999999999981, 15, 1, 2, 1, 0.0454545454545454
0.235000000000014, 15, 1, 0, 6, 0.026010101010101
0.234999999999999, 13, 1, 0, 9, 0.0618686868686869
0.234999999999999, 13, 1, 0, 9, 0.0618686868686869
0.234999999999985, 15, 1, 0, 6, 0.026010101010101
0.232500000000016, 10, 1, 4, 24, 0.0306244453386102
0.232500000000016, 15, 1, 4, 85, 0.311682906050061
0.232499999999987, 10, 1, 4, 24, 0.0306244453386102
0.232499999999987, 15, 1, 4, 85, 0.311682906050061
0.230281108406427, 12, 2, 0, 12, 0.132575757575758
0.230000000000004, 12, 1, 3, 1, 0.0997474747474748
0.230000000000004, 12, 1, 3, 1, 0.0997474747474748
0.229574001625217, 11, 2, 4, 38, 0.0506681897441603
0.227500000000006, 10, 1, 3, 3, 0.800505050505051
0.227499999999992, 10, 1, 3, 3, 0.800505050505051
0.22733333333332, 10, 1, 4, 19, 0.0217556379075293
0.225708484554763, 11, 2, 4, 28, 0.0358931359772792
0.222392932276521, 11, 5, 0, 5, 0.0184343434343434
0.219999999999999, 12, 1, 0, 15, 0.275252525252525
0.218000000000004, 9, 1, 0, 12, 0.132575757575758
0.218000000000004, 13, 1, 3, 3, 0.800505050505051
0.217999999999989, 9, 1, 0, 12, 0.132575757575758
0.217999999999989, 13, 1, 3, 3, 0.800505050505051
0.215903270522285, 12, 2, 0, 14, 0.217171717171717
0.215500000000006, 11, 1, 4, 65, 0.0928774452980315
0.215499999999992, 11, 1, 4, 65, 0.0928774452980315
0.213999999999999, 13, 1, 3, 3, 0.800505050505051
0.212839141137182, 14, 2, 3, 1, 0.0997474747474748
0.212839141137182, 14, 2, 3, 1, 0.0997474747474748
0.210999999999999, 13, 1, 2, 3, 0.363636363636364
0.210999999999999, 13, 1, 2, 3, 0.363636363636364
0.210000000000008, 12, 1, 0, 2, 0.00416666666666667
0.209775011751999, 12, 2, 0, 10, 0.0808080808080808
0.205000000000013, 12, 1, 0, 11, 0.103535353535354
0.204999999999984, 12, 1, 0, 11, 0.103535353535354
0.200252640432006, 16, 2, 4, 36, 0.0468471651172549
0.200000000000017, 12, 1, 0, 4, 0.0126262626262626
0.200000000000017, 16, 1, 0, 6, 0.026010101010101
0.199999999999989, 12, 1, 0, 4, 0.0126262626262626
0.199999999999989, 16, 1, 0, 6, 0.026010101010101
0.197222851955225, 13, 3, 2, 4, 0.590909090909091
0.195000000000022, 13, 1, 2, 1, 0.0454545454545454
0.194999999999993, 13, 1, 2, 1, 0.0454545454545454
0.194999999999993, 14, 1, 0, 14, 0.217171717171717
0.194999999999993, 14, 1, 0, 14, 0.217171717171717
0.193275853524348, 11, 2, 0, 9, 0.0618686868686869
0.192999999999998, 13, 1, 3, 1, 0.0997474747474748
0.192999999999998, 13, 1, 3, 1, 0.0997474747474748
0.192500000000024, 10, 1, 4, 70, 0.136274845408473
0.192499999999995, 10, 1, 4, 70, 0.136274845408473
0.191000000000003, 13, 1, 3, 1, 0.0997474747474748
0.191000000000003, 13, 1, 3, 1, 0.0997474747474748
0.190000000000026, 16, 1, 0, 6, 0.026010101010101
0.189999999999998, 14, 1, 0, 11, 0.103535353535354
0.189999999999998, 14, 1, 0, 11, 0.103535353535354
0.189999999999998, 16, 1, 0, 6, 0.026010101010101
0.189999999999998, 8, 1, 0, 14, 0.217171717171717
0.189999999999998, 8, 1, 0, 14, 0.217171717171717
0.185000000000002, 15, 1, 0, 3, 0.00795454545454546
0.185000000000002, 15, 1, 0, 3, 0.00795454545454546
0.185000000000002, 10, 1, 0, 12, 0.132575757575758
0.185000000000002, 10, 1, 0, 12, 0.132575757575758
0.185000000000002, 10, 1, 0, 7, 0.0353535353535354
0.185000000000002, 8, 1, 0, 14, 0.217171717171717
0.185000000000002, 8, 1, 0, 14, 0.217171717171717
0.184999999999988, 10, 1, 0, 7, 0.0353535353535354
0.184290205925293, 11, 3, 4, 28, 0.0358931359772792
0.184174735871476, 14, 3, 0, 19, 0.70959595959596
0.183847763108496, 17, 2, 0, 7, 0.0353535353535354
0.183000000000007, 12, 1, 2, 5, 0.863636363636364
0.182999999999993, 12, 1, 2, 5, 0.863636363636364
0.180000000000007, 12, 1, 4, 20, 0.0246350245742943
0.179999999999993, 12, 1, 4, 20, 0.0246350245742943
0.176666666666677, 15, 1, 3, 3, 0.800505050505051
0.175000000000011, 11, 1, 0, 8, 0.0467171717171717
0.174999999999983, 11, 1, 0, 8, 0.0467171717171717
0.174500000000009, 12, 1, 1, 6, 0.164414414414414
0.174499999999995, 12, 1, 1, 6, 0.164414414414414
0.174499999999995, 12, 1, 4, 15, 0.0180125300509641
0.174499999999995, 12, 1, 4, 15, 0.0180125300509641
0.172499999999999, 10, 1, 4, 55, 0.0776266165618163
0.172499999999999, 10, 1, 4, 55, 0.0776266165618163
0.172062650088731, 11, 2, 4, 72, 0.171932627919944
0.170000000000002, 16, 1, 2, 5, 0.863636363636364
0.170000000000002, 16, 1, 2, 5, 0.863636363636364
0.169000000000011, 9, 1, 4, 27, 0.0352394625411507
0.168999999999997, 9, 1, 4, 27, 0.0352394625411507
0.167820009401591, 11, 2, 1, 14, 0.353603603603604
0.165500000000009, 14, 1, 1, 7, 0.184684684684685
0.165500000000009, 14, 1, 1, 7, 0.184684684684685
0.163505596234515, 16, 3, 4, 36, 0.0468471651172549
0.162500000000023, 12, 1, 3, 3, 0.800505050505051
0.162499999999994, 12, 1, 3, 3, 0.800505050505051
0.162000000000006, 13, 1, 3, 3, 0.800505050505051
0.162000000000006, 12, 1, 3, 3, 0.800505050505051
0.162000000000006, 12, 1, 3, 3, 0.800505050505051
0.161999999999992, 13, 1, 3, 3, 0.800505050505051
0.160748941589752, 10, 2, 4, 19, 0.0217556379075293
0.156000000000006, 11, 1, 2, 1, 0.0454545454545454
0.155999999999977, 11, 1, 2, 1, 0.0454545454545454
0.15556349186106, 12, 2, 0, 15, 0.275252525252525
0.155000000000001, 10, 1, 0, 12, 0.132575757575758
0.154999999999987, 10, 1, 0, 12, 0.132575757575758
0.152500000000003, 14, 1, 3, 3, 0.800505050505051
0.152500000000003, 14, 1, 3, 3, 0.800505050505051
0.15132085117392, 13, 2, 3, 3, 0.800505050505051
0.150000000000006, 11, 1, 4, 40, 0.0550596271875607
0.150000000000006, 10, 1, 0, 12, 0.132575757575758
0.150000000000006, 11, 1, 0, 3, 0.00795454545454546
0.149999999999991, 11, 1, 4, 40, 0.0550596271875607
0.149999999999991, 11, 1, 0, 3, 0.00795454545454546
0.149999999999977, 10, 1, 0, 12, 0.132575757575758
0.14849242404916, 12, 2, 0, 2, 0.00416666666666667
0.147946006479855, 14, 3, 0, 7, 0.0353535353535354
0.146000000000015, 12, 1, 4, 16, 0.0186420699741554
0.146000000000001, 7, 1, 1, 18, 0.475225225225225
0.146000000000001, 7, 1, 1, 18, 0.475225225225225
0.145999999999987, 12, 1, 4, 16, 0.0186420699741554
0.14500000000001, 13, 1, 0, 15, 0.275252525252525
0.144999999999982, 13, 1, 0, 15, 0.275252525252525
0.144956890143231, 11, 2, 0, 10, 0.0808080808080808
0.144956890143231, 11, 2, 0, 10, 0.0808080808080808
0.144000000000005, 13, 1, 4, 41, 0.0589841673467433
0.143999999999991, 13, 1, 4, 41, 0.0589841673467433
0.143000000000001, 10, 1, 4, 19, 0.0217556379075293
0.143000000000001, 10, 1, 4, 19, 0.0217556379075293
0.140000000000001, 12, 1, 0, 11, 0.103535353535354
0.140000000000001, 12, 1, 0, 11, 0.103535353535354
0.13600000000001, 13, 1, 4, 7, 0.00691788872168195
0.135999999999996, 13, 1, 4, 7, 0.00691788872168195
0.135000000000005, 12, 1, 0, 7, 0.0353535353535354
0.135000000000005, 12, 1, 0, 7, 0.0353535353535354
0.131500000000017, 13, 1, 4, 7, 0.00691788872168195
0.131499999999988, 13, 1, 4, 7, 0.00691788872168195
0.130000000000024, 14, 1, 0, 12, 0.132575757575758
0.13000000000001, 11, 1, 0, 7, 0.0353535353535354
0.13000000000001, 11, 1, 0, 7, 0.0353535353535354
0.129999999999995, 14, 1, 0, 12, 0.132575757575758
0.129999999999995, 15, 1, 0, 2, 0.00416666666666667
0.129999999999995, 15, 1, 0, 2, 0.00416666666666667
0.129999999999995, 12, 1, 3, 1, 0.0997474747474748
0.129999999999995, 11, 1, 0, 7, 0.0353535353535354
0.129999999999995, 11, 1, 0, 7, 0.0353535353535354
0.126500000000007, 8, 1, 4, 101, 0.73090184972689
0.126499999999993, 8, 1, 4, 101, 0.73090184972689
0.125, 12, 1, 0, 11, 0.103535353535354
0.125, 12, 1, 0, 11, 0.103535353535354
0.12492219800963, 15, 2, 3, 3, 0.800505050505051
0.120000000000005, 14, 1, 0, 8, 0.0467171717171717
0.120000000000005, 14, 1, 0, 8, 0.0467171717171717
0.120000000000005, 18, 1, 0, 8, 0.0467171717171717
0.120000000000005, 18, 1, 0, 8, 0.0467171717171717
0.120000000000005, 14, 1, 0, 5, 0.0184343434343434
0.120000000000005, 14, 1, 0, 5, 0.0184343434343434
0.120000000000005, 12, 1, 4, 40, 0.0550596271875607
0.120000000000005, 12, 1, 4, 40, 0.0550596271875607
0.119, 8, 1, 4, 11, 0.00893715698736393
0.119, 8, 1, 4, 11, 0.00893715698736393
0.119, 13, 1, 4, 45, 0.0660434784542375
0.119, 13, 1, 4, 45, 0.0660434784542375
0.118666666666684, 11, 4, 1, 14, 0.353603603603604
0.114999999999995, 12, 1, 0, 12, 0.132575757575758
0.114999999999995, 12, 1, 0, 12, 0.132575757575758
0.112499999999997, 10, 1, 4, 84, 0.293759463138283
0.112499999999997, 10, 1, 4, 84, 0.293759463138283
0.106000000000009, 14, 1, 4, 39, 0.051987603372886
0.105999999999995, 14, 1, 4, 39, 0.051987603372886
0.105000000000018, 11, 1, 0, 12, 0.132575757575758
0.10499999999999, 11, 1, 0, 12, 0.132575757575758
0.104500000000002, 11, 1, 3, 2, 0.400252525252525
0.104499999999987, 11, 1, 3, 2, 0.400252525252525
0.101500000000016, 10, 1, 0, 4, 0.0126262626262626
0.100666666666655, 10, 1, 3, 3, 0.800505050505051
0.096500000000006, 13, 1, 3, 1, 0.0997474747474748
0.0964999999999918, 13, 1, 3, 1, 0.0997474747474748
0.0949999999999989, 10, 1, 3, 3, 0.800505050505051
0.0949999999999989, 10, 1, 3, 3, 0.800505050505051
0.0949999999999989, 11, 1, 0, 11, 0.103535353535354
0.0949999999999989, 11, 1, 0, 11, 0.103535353535354
0.0940000000000083, 10, 1, 4, 34, 0.0437591097547004
0.0939999999999941, 10, 1, 4, 34, 0.0437591097547004
0.0919238815542681, 12, 2, 3, 1, 0.0997474747474748
0.0893333333333288, 13, 1, 2, 3, 0.363636363636364
0.0884999999999962, 11, 1, 3, 1, 0.0997474747474748
0.0884999999999962, 11, 1, 3, 1, 0.0997474747474748
0.085000000000008, 10, 1, 0, 8, 0.0467171717171717
0.085000000000008, 10, 1, 0, 8, 0.0467171717171717
0.0785000000000053, 13, 1, 4, 92, 0.455244555401909
0.0784999999999911, 13, 1, 4, 92, 0.455244555401909
0.0759999999999934, 12, 1, 4, 65, 0.0928774452980315
0.0750000000000028, 12, 1, 4, 78, 0.219710950157435
0.0750000000000028, 12, 1, 4, 78, 0.219710950157435
0.0745000000000005, 10, 1, 4, 28, 0.0358931359772792
0.0745000000000005, 10, 1, 4, 28, 0.0358931359772792
0.0745000000000005, 11, 1, 4, 28, 0.0358931359772792
0.0745000000000005, 11, 1, 4, 28, 0.0358931359772792
0.0720000000000027, 13, 1, 2, 4, 0.590909090909091
0.0719999999999885, 13, 1, 2, 4, 0.590909090909091
0.0711820826394574, 10, 2, 3, 3, 0.800505050505051
0.0700000000000216, 15, 1, 0, 6, 0.026010101010101
0.0700000000000074, 9, 1, 0, 12, 0.132575757575758
0.0699999999999932, 15, 1, 0, 6, 0.026010101010101
0.0699999999999932, 17, 1, 0, 6, 0.026010101010101
0.0699999999999932, 17, 1, 0, 6, 0.026010101010101
0.0699999999999932, 9, 1, 0, 12, 0.132575757575758
0.0670000000000073, 10, 1, 4, 86, 0.339097714835584
0.0670000000000073, 15, 1, 3, 3, 0.800505050505051
0.0669999999999931, 10, 1, 4, 86, 0.339097714835584
0.0669999999999931, 15, 1, 3, 3, 0.800505050505051
0.0660000000000025, 13, 1, 2, 5, 0.863636363636364
0.0659999999999883, 13, 1, 2, 5, 0.863636363636364
0.0649999999999977, 13, 1, 0, 3, 0.00795454545454546
0.0649999999999977, 13, 1, 0, 3, 0.00795454545454546
0.0631682057860051, 13, 2, 2, 3, 0.363636363636364
0.0600000000000023, 11, 1, 0, 10, 0.0808080808080808
0.0600000000000023, 11, 1, 0, 10, 0.0808080808080808
0.0600000000000023, 14, 1, 0, 7, 0.0353535353535354
0.0600000000000023, 14, 1, 0, 7, 0.0353535353535354
0.0600000000000023, 7, 1, 0, 15, 0.275252525252525
0.0599999999999881, 7, 1, 0, 15, 0.275252525252525
0.0586010523227479, 10, 3, 0, 4, 0.0126262626262626
0.0537401153702332, 12, 2, 4, 65, 0.0928774452980315
0.0490000000000066, 12, 1, 3, 1, 0.0997474747474748
0.0490000000000066, 12, 1, 3, 1, 0.0997474747474748
0.0470000000000113, 11, 1, 3, 3, 0.800505050505051
0.046999999999997, 11, 1, 3, 3, 0.800505050505051
0.0350000000000108, 14, 1, 4, 33, 0.042748691282689
0.0349999999999966, 14, 1, 4, 33, 0.042748691282689
0.0349999999999966, 11, 1, 0, 15, 0.275252525252525
0.0349999999999966, 11, 1, 0, 15, 0.275252525252525
0.0345000000000084, 9, 1, 3, 3, 0.800505050505051
0.0344999999999942, 9, 1, 3, 3, 0.800505050505051
0.0305000000000035, 11, 1, 4, 66, 0.0931101613156405
0.0304999999999893, 11, 1, 4, 66, 0.0931101613156405
0.0300000000000011, 13, 1, 0, 16, 0.351010101010101
0.0300000000000011, 13, 1, 0, 16, 0.351010101010101
0.0294999999999987, 8, 1, 4, 99, 0.6623678444522
0.0294999999999987, 8, 1, 4, 99, 0.6623678444522
0.0275000000000034, 11, 1, 4, 29, 0.0366148142052202
0.0275000000000034, 11, 1, 4, 29, 0.0366148142052202
0.0250000000000057, 13, 1, 0, 9, 0.0618686868686869
0.0250000000000057, 13, 1, 0, 9, 0.0618686868686869
0.0200000000000102, 10, 1, 4, 20, 0.0246350245742943
0.0199999999999818, 10, 1, 4, 20, 0.0246350245742943
0.0175000000000125, 12, 1, 1, 9, 0.227477477477477
0.0174999999999983, 12, 1, 1, 9, 0.227477477477477
0.0170000000000101, 12, 1, 1, 6, 0.164414414414414
0.0169999999999959, 12, 1, 1, 6, 0.164414414414414
0.0144999999999982, 10, 1, 4, 28, 0.0358931359772792
0.0144999999999982, 10, 1, 4, 28, 0.0358931359772792
0.00500000000000966, 12, 1, 4, 40, 0.0550596271875607
0.00499999999999545, 12, 1, 4, 40, 0.0550596271875607
0.00499999999999545, 12, 1, 0, 3, 0.00795454545454546
0.00499999999999545, 12, 1, 0, 3, 0.00795454545454546
0.00499999999999545, 13, 1, 0, 8, 0.0467171717171717
0.00499999999999545, 13, 1, 0, 8, 0.0467171717171717
0.00199999999999534, 11, 1, 4, 73, 0.179360578437554
0.00199999999999534, 11, 1, 4, 73, 0.179360578437554
0.00199999999999534, 10, 1, 4, 35, 0.0452335812040479
0.00141421356237985, 10, 2, 4, 35, 0.0452335812040479
