229.250929058456
228.493410741615
227.029927969602
226.347843378027
224.750320808651
223.219031036187
221.034266076378
218.414359133653
214.79728321652
212.07277485881
208.722549185325
204.425271494681
199.444413284155
195.078029186792
189.169553608742
184.087331449425
179.13740612728
174.647773817773
170.066435648116
165.688471613664
160.532747597298
154.975634373581
149.302282601765
142.361328994832
134.808809961157
126.058013094201
117.205048002845
107.288850379068
97.1990499833212
88.346497177196
82.9647426188524
82.4523486298036
