3.49062183203342
3.12190487536498
2.94398645648273
2.86383051639241
2.83191435751625
2.7442133298677
2.65038456763728
2.64247835149268
2.62883030323933
2.58479367151223
2.60445369144416
2.60576707643526
2.58357435090962
2.54629118296159
2.53334426644277
2.49903759362101
2.49536162710778
2.49387655661123
2.4929810790598
2.49810351199312
2.49316086958969
2.49049792484032
2.49494642070147
2.48483924486691
2.48002248534291
2.49328647136373
2.48508317119691
2.48190844445506
2.47974741334412
2.46930838136649
2.46655214972718
2.4637978018227
2.45869833989017
2.4603357458452
2.45223865071981
2.45014817988646
