3.73795295363332
2.79167974460179
2.43341682893981
2.29267706331628
2.00684826920057
1.85534275450432
1.77915266201355
1.75097463246134
1.65778134802085
1.60371520514392
1.56481468922786
1.51048719778378
1.47306003560899
1.47267654802016
1.44754023105204
1.41354029057768
1.40239250583724
1.3963526293783
1.36816189933186
1.35769982968498
1.33126092770581
1.33535470345775
1.32263635102688
1.32354982007192
1.30852006096844
1.2898094634556
1.27569204971237
1.26112722870567
1.25118380593632
1.23666226794128
1.23962954229075
1.23646475483486
1.24182595339491
1.23412252225563
1.2320097809981
