6.10518318056615
5.11284861372721
4.82001396240297
4.70667458125779
4.61274446940926
4.60428183080193
4.58096412520142
4.5369549014368
4.49274208534905
4.48065146402329
4.47245815955537
4.46764016657825
4.43147754099243
4.39910179703136
4.38916485722647
4.37982256694809
4.38296370932482
4.35701153631825
4.37287682229692
4.36650474847954
4.37375843152653
4.37339795720968
4.36941983005272
4.36788111046161
4.3574306487415
4.35622880721944
4.34788945897675
4.33618107688631
4.33773666827812
4.33185599486526
4.32928567982933
4.32980386754239
4.32155524644536
4.32678803371573
4.32438842200097
4.32726401543044
4.32230633462986
4.32112150184968
4.31708713662889
4.31370953321647
4.3050373985103
4.3036077676489
4.30498103801685
4.30601541487327
4.29957259095823
4.30717351244808
4.30168994055014
4.29615426036142
4.29567084142214
4.29519289226056
4.29110096740536
4.28081727165088
4.28539789839719
4.2901900500396
4.28742986544724
4.28666405662533
4.28616515073586
4.28928493241432
4.29684158610791
4.29541197844934
4.29613029104168
4.2950252429183
4.29756466569947
4.30061920528999
4.30456900320853
4.30656037822346
4.30597500149065
4.30771268473844
4.30835541394414
4.31196380355611
4.31733886981238
4.31333798068941
