127.371531161092
107.529449167111
98.9547613584493
94.7549326877561
91.8028875864504
90.1407260205416
88.6544022906427
87.6901570296772
86.7401687318706
86.048589162999
85.4260136487686
85.0066719007076
84.6129394566563
84.0987791534364
83.9009833249922
83.7310371960366
83.5429537233683
83.4429339969456
83.141971696487
83.0130392163039
82.8647453958732
82.7972337088573
82.5476120153121
82.3537500123985
82.3060048333867
82.219744074152
82.2421530158233
82.1452204092462
82.0104797868522
81.9359707244378
81.7530432680236
81.6824757143561
81.6115147197572
81.5834775148503
81.6148849501147
81.5711212304058
81.5411014407351
81.4001616239578
81.4118656473713
81.4071760351551
81.341864569166
81.344296133081
81.3286208223629
81.2560465668214
81.2822670847574
81.1935368262871
81.1955312675252
81.1817292606769
81.1845450909485
81.1575413081291
81.1420600587138
81.0935112721982
81.0552358279737
81.0250717836448
81.055121867847
81.0534925625456
80.9884267959583
80.9293594769708
80.8820839155166
80.8639506335478
80.8129195670037
80.7970152415172
80.7918150135091
80.7221867886161
80.7577414648169
80.7505190504773
80.7801834528604
80.7741927044695
80.7251319482251
80.7354951769908
80.7596881896542
80.7885934978884
80.7716011130407
80.7190137946258
80.7475336767844
80.7508378433343
80.7836371870859
80.7720193556999
80.759435610848
80.7547677929495
80.7677499224339
80.7568504948346
80.7473606141314
80.7441429080168
80.774934231362
80.7853907980901
80.7845439873372
80.8164603882318
80.7560564154401
80.7675442312856
80.7183440470099
80.6722726874131
80.6738491477543
80.6755209078503
80.6790321847177
80.6688228772393
80.6421382489763
80.6196330069076
80.6092885962289
80.6196894741269
