norm, level, Npoints, dimSplit, MainGridIndexSplit
1311.12436382477, 0, 3760, -1, -1, -1
150.585452366631, 1, 1818, 0, 12, 0.602040816326531
145.698588554221, 1, 1942, 0, 12, 0.602040816326531
101.178968974268, 3, 191, 0, 2, 0.326530612244898
99.8710323414185, 3, 118, 0, 11, 0.571428571428571
98.8377049922781, 4, 80, 17, 3480, 0.49377062236887
81.5214744117269, 4, 142, 0, 11, 0.571428571428571
77.9106127961601, 2, 88, 0, 22, 0.928571428571429
72.0392415304725, 6, 59, 0, 10, 0.540816326530612
68.2321968619667, 5, 146, 0, 4, 0.418367346938776
66.3802585925844, 4, 40, 0, 1, 0.13265306122449
60.8907345163782, 5, 266, 1, 1, 0.5
59.6318113767556, 6, 55, 0, 3, 0.397959183673469
59.2465101673859, 4, 14, 0, 1, 0.13265306122449
58.39299660445, 6, 44, 15, 4614, 0.753051137618732
58.1383096586558, 8, 102, 0, 8, 0.5
56.8438370263963, 5, 92, 0, 13, 0.622448979591837
56.752220983572, 5, 354, 4, 561, 0.110524653764605
52.7986525455335, 5, 409, 4, 561, 0.110524653764605
52.2069622512905, 6, 159, 0, 16, 0.724489795918367
50.3416956977619, 7, 94, 0, 5, 0.438775510204082
49.7662725790834, 2, 798, 17, 2516, 0.360749231994539
47.389052346836, 4, 348, 17, 3480, 0.49377062236887
47.3551787631077, 3, 428, 0, 14, 0.642857142857143
47.1421820091423, 6, 195, 0, 16, 0.724489795918367
46.9009184579052, 4, 539, 18, 2286, 0.269450945195964
46.3594900658429, 6, 91, 0, 3, 0.397959183673469
45.2960657980777, 3, 953, 0, 2, 0.326530612244898
45.0281836862166, 8, 73, 0, 17, 0.744897959183674
44.5767461368652, 10, 36, 0, 17, 0.744897959183674
44.2583996190097, 7, 180, 9, 191, 0.101633829889476
43.6828880852001, 6, 77, 1, 1, 0.5
43.6620128128298, 5, 151, 0, 19, 0.785714285714286
42.5396370434591, 5, 545, 1, 1, 0.5
42.5382220173851, 6, 14, 15, 595, 0.424991716368456
41.6031377123912, 3, 680, 0, 11, 0.571428571428571
41.5645944486167, 2, 1144, 17, 2516, 0.360749231994539
39.6809382401053, 8, 94, 0, 17, 0.744897959183674
39.4197132864696, 4, 763, 18, 2286, 0.269450945195964
38.8276821305841, 6, 36, 17, 336, 0.111417681192399
38.0225740822383, 7, 51, 17, 3748, 0.536864262145864
37.0938838585383, 5, 494, 0, 4, 0.418367346938776
36.8422061489706, 8, 254, 0, 8, 0.5
35.3736928879882, 8, 75, 0, 6, 0.459183673469388
35.2440800865802, 7, 36, 0, 17, 0.744897959183674
34.1118890834253, 4, 811, 0, 11, 0.571428571428571
34.0766831896543, 5, 256, 0, 13, 0.622448979591837
33.9446429701966, 7, 306, 9, 191, 0.101633829889476
33.025203428547, 7, 41, 0, 17, 0.744897959183674
29.896227049743, 8, 105, 0, 6, 0.459183673469388
29.630793788977, 7, 18, 11, 631, 0.055760843227526
29.57613444912, 8, 94, 2, 1185, 0.296249189429017
28.1411348806425, 9, 13, 0, 7, 0.479591836734694
28.0056451336009, 9, 56, 4, 381, 0.0696982000270673
27.5145812306447, 8, 32, 4, 1016, 0.232552893941445
27.2380720036649, 5, 388, 0, 19, 0.785714285714286
27.1508776557209, 3, 1302, 0, 14, 0.642857142857143
25.8682332311407, 7, 356, 0, 5, 0.438775510204082
25.3177058561274, 6, 71, 0, 21, 0.836734693877551
25.2867766159848, 9, 32, 7, 589, 0.0392368191086513
25.1001896479668, 6, 486, 0, 10, 0.540816326530612
24.940818065001, 10, 115, 0, 17, 0.744897959183674
24.8650369637665, 5, 70, 2, 1933, 0.517775679457572
24.7782509569146, 4, 53, 2, 1587, 0.394452850365752
24.017726683924, 7, 70, 2, 1040, 0.267223353545466
23.8511064515448, 6, 80, 0, 21, 0.836734693877551
23.3893828480467, 8, 20, 2, 1637, 0.40459835496752
23.2694960357523, 7, 13, 2, 631, 0.172489505238848
22.6475475067245, 7, 165, 12, 2257, 0.11887753232956
22.5115249700166, 7, 167, 12, 2257, 0.11887753232956
22.4707341841228, 9, 17, 16, 4894, 0.64035776507251
22.4082485578988, 8, 72, 0, 5, 0.438775510204082
22.3744260556018, 4, 65, 2, 1587, 0.394452850365752
21.5889045405357, 9, 31, 0, 21, 0.836734693877551
21.3467445264559, 12, 10, 11, 1407, 0.10755391325418
21.0371868669101, 6, 332, 1, 1, 0.5
20.8368720826519, 10, 13, 7, 566, 0.037896883192543
20.2294212927878, 9, 50, 7, 589, 0.0392368191086513
20.1115822919673, 5, 107, 2, 1933, 0.517775679457572
19.9828267904762, 8, 17, 17, 3611, 0.515772556604847
19.9305904905517, 8, 207, 2, 1185, 0.296249189429017
19.8519049631062, 11, 35, 0, 9, 0.520408163265306
19.2323575247321, 8, 75, 0, 19, 0.785714285714286
18.9423790264854, 9, 121, 13, 2024, 0.0795666211349808
18.9018618285815, 8, 19, 17, 3611, 0.515772556604847
18.8911043914506, 10, 27, 0, 10, 0.540816326530612
18.670100793652, 7, 38, 17, 676, 0.161665149618842
18.3931549426164, 8, 82, 0, 19, 0.785714285714286
18.2591621024551, 6, 450, 15, 4614, 0.753051137618732
18.1604225611647, 9, 17, 16, 4747, 0.626463082472456
18.12112327009, 9, 44, 0, 21, 0.836734693877551
18.067638270407, 9, 133, 13, 2024, 0.0795666211349808
17.6778436328148, 10, 10, 11, 1131, 0.0887448509813424
17.5717455088164, 2, 1730, 0, 22, 0.928571428571429
17.4942261218463, 7, 23, 2, 631, 0.172489505238848
17.2872421894985, 9, 21, 17, 4912, 0.719379337808624
17.2310389513115, 7, 136, 2, 1040, 0.267223353545466
17.0549763423107, 9, 151, 4, 381, 0.0696982000270673
17.000512636658, 8, 10, 14, 2748, 0.0247555396310567
16.8601558813368, 9, 32, 18, 3981, 0.409846043731076
16.8263058473576, 10, 11, 2, 2362, 0.812766635191864
16.6857791423762, 10, 11, 16, 5115, 0.671907589625304
16.6624998528357, 4, 177, 0, 1, 0.13265306122449
16.595064648146, 4, 640, 0, 1, 0.13265306122449
16.5757957420162, 11, 55, 2, 2032, 0.582871639685555
15.8721409936041, 10, 10, 6, 276, 0.0418776218718357
15.8701161760385, 11, 60, 2, 2032, 0.582871639685555
15.7488118781234, 10, 68, 2, 2024, 0.576978646431781
15.6510455354111, 7, 301, 17, 3748, 0.536864262145864
15.4463094697716, 8, 21, 0, 18, 0.76530612244898
15.3969768307652, 5, 12, 11, 636, 0.0560637266779743
15.2123771009285, 10, 21, 2, 731, 0.195165015187541
15.1328889456569, 11, 33, 4, 863, 0.183606261559977
15.0132989121335, 6, 50, 17, 2028, 0.305609284332688
14.9206130146108, 12, 10, 18, 4527, 0.543442945162149
14.9155875238424, 11, 62, 0, 9, 0.520408163265306
14.5054794688142, 8, 52, 2, 1637, 0.40459835496752
14.2001809741145, 7, 19, 17, 2006, 0.303660826032541
14.1208082706767, 10, 36, 18, 964, 0.191042723674774
13.9946852399382, 13, 11, 2, 925, 0.244029078167484
13.5048883415159, 10, 21, 2, 1839, 0.467148269075437
13.4962177295705, 8, 133, 4, 1016, 0.232552893941445
13.0711527034223, 8, 59, 2, 1383, 0.344439767465672
12.9233096908325, 8, 30, 0, 18, 0.76530612244898
12.5067870567159, 11, 11, 2, 1987, 0.554498811162558
12.4817073430739, 10, 11, 13, 1420, 0.0604640092719069
12.4754206959196, 5, 14, 17, 4270, 0.611133234725225
12.42985987213, 8, 234, 0, 5, 0.438775510204082
12.4171344670027, 6, 352, 17, 336, 0.111417681192399
12.379760780042, 11, 26, 14, 1726, 0.0168194349001436
12.3450370052656, 8, 29, 4, 192, 0.0270672621464339
12.3367712887949, 8, 44, 2, 1493, 0.37117666465683
12.1048271888912, 9, 51, 15, 2309, 0.552973823724321
12.0762803352959, 10, 21, 16, 5115, 0.671907589625304
11.9183997458904, 10, 22, 11, 1131, 0.0887448509813424
11.9150359307358, 7, 121, 0, 5, 0.438775510204082
11.9125691215174, 7, 15, 2, 2145, 0.658456672847863
11.8801758428826, 8, 11, 18, 229, 0.119017058191158
11.8785254956219, 12, 12, 16, 2102, 0.442580914288519
11.8673212331284, 7, 15, 2, 890, 0.234964334876736
11.8324218820196, 8, 72, 2, 1383, 0.344439767465672
11.8077777777777, 11, 16, 14, 677, 0.00902705174244025
11.7437169053155, 9, 40, 17, 3701, 0.528999317328479
11.7432139169083, 7, 17, 13, 187, 0.0200856823544021
11.6558675465191, 11, 10, 17, 3296, 0.463178404824212
11.5729172956601, 8, 50, 2, 1493, 0.37117666465683
11.5518001881887, 9, 56, 15, 2309, 0.552973823724321
11.4569752252893, 10, 43, 7, 566, 0.037896883192543
11.4566584711346, 9, 11, 0, 15, 0.683673469387755
11.4512367507407, 7, 131, 0, 5, 0.438775510204082
11.3979316554112, 6, 14, 2, 1737, 0.43561734223729
11.2628559555018, 12, 10, 15, 709, 0.438093660260658
11.2188890352859, 10, 134, 2, 2024, 0.576978646431781
11.183328370919, 8, 10, 2, 2054, 0.595431223763097
11.1260675675676, 8, 16, 2, 1504, 0.371668126642473
11.115264412064, 10, 31, 2, 1839, 0.467148269075437
11.0860818381248, 11, 14, 2, 1987, 0.554498811162558
11.0428250847458, 9, 25, 0, 6, 0.459183673469388
11.0115688817259, 13, 12, 16, 4245, 0.583392633671141
11.0114481163921, 6, 15, 2, 1737, 0.43561734223729
10.9858506838481, 9, 52, 17, 4912, 0.719379337808624
10.8572422370121, 5, 20, 18, 842, 0.181025069496595
10.8564907274493, 9, 10, 16, 2666, 0.477418840330773
10.8042847022892, 10, 10, 4, 711, 0.144809852483421
10.5982855801789, 9, 47, 2, 2000, 0.562371304080727
10.5910309235848, 8, 10, 2, 1243, 0.308767818341088
10.5869285556446, 7, 141, 11, 631, 0.055760843227526
10.5783850275684, 9, 92, 0, 7, 0.479591836734694
10.561197509729, 11, 20, 14, 677, 0.00902705174244025
10.5470381329022, 5, 13, 15, 4516, 0.728448751932847
10.4499977339266, 9, 17, 0, 6, 0.459183673469388
10.3577440123509, 8, 10, 2, 1586, 0.394232147529607
10.3512577591146, 9, 11, 16, 2666, 0.477418840330773
10.2450142473006, 11, 72, 4, 863, 0.183606261559977
10.2087000000001, 10, 25, 17, 3446, 0.486303902605529
10.2086999999999, 10, 25, 17, 3446, 0.486303902605529
10.1312179324017, 9, 10, 2, 2270, 0.747898203660937
10.1245400623006, 10, 94, 0, 10, 0.540816326530612
10.1073822215249, 9, 54, 17, 3701, 0.528999317328479
10.0523632180581, 12, 10, 6, 173, 0.0269781570953276
10.026355082704, 6, 252, 15, 595, 0.424991716368456
10.0008131818675, 11, 17, 2, 1948, 0.526194241248678
9.91704061287549, 7, 18, 1, 1, 0.5
9.85841277637813, 11, 41, 14, 1726, 0.0168194349001436
9.83836087292942, 12, 23, 18, 4527, 0.543442945162149
9.79722770642462, 9, 55, 2, 2000, 0.562371304080727
9.71162796487078, 8, 21, 2, 1504, 0.371668126642473
9.54655437189539, 12, 50, 11, 1407, 0.10755391325418
9.46914439005052, 9, 34, 0, 6, 0.459183673469388
9.36341182951121, 11, 20, 2, 2159, 0.672608957804803
9.31814685651882, 7, 27, 13, 187, 0.0200856823544021
9.31677541802637, 12, 10, 3, 140, 0.0193122226704316
9.2041329599626, 9, 13, 4, 326, 0.0572923715432851
9.19214713125606, 10, 17, 9, 114, 0.0646323882748679
9.18520037072751, 7, 157, 17, 676, 0.161665149618842
8.88109186475867, 6, 48, 13, 1777, 0.0714537025539137
8.60250511573122, 10, 97, 18, 964, 0.191042723674774
8.60226324026051, 9, 116, 16, 4894, 0.64035776507251
8.54906791790373, 7, 37, 0, 20, 0.806122448979592
8.53306487865813, 9, 77, 16, 4747, 0.626463082472456
8.40252487767815, 11, 12, 2, 1691, 0.422721015688104
8.29172064562396, 9, 21, 0, 15, 0.683673469387755
8.27372952445111, 11, 29, 0, 7, 0.479591836734694
8.27327681584016, 10, 71, 2, 731, 0.195165015187541
8.15061942971766, 13, 10, 16, 3623, 0.539236375236179
8.14946583247559, 8, 18, 2, 649, 0.176029851765054
8.0728847757835, 11, 13, 2, 1691, 0.422721015688104
8.03230683021119, 11, 24, 14, 5144, 0.0888600405896462
8.0124325721971, 5, 11, 16, 1657, 0.411932863838245
8.01052490936878, 6, 59, 13, 1777, 0.0714537025539137
8.00094634318228, 7, 33, 2, 890, 0.234964334876736
7.93556572950387, 11, 27, 2, 1948, 0.526194241248678
7.93022302950769, 7, 43, 0, 20, 0.806122448979592
7.91779329972939, 8, 10, 2, 1939, 0.522599287835178
7.87360788983475, 13, 13, 2, 972, 0.251494294717921
7.77034511364936, 6, 22, 16, 1934, 0.431532647903222
7.72560787632697, 13, 14, 0, 18, 0.76530612244898
7.47356890815893, 9, 10, 2, 1117, 0.277703325331908
7.47356890815893, 9, 10, 2, 1117, 0.277703325331908
7.43778045965669, 7, 32, 1, 1, 0.5
7.43236747424159, 13, 39, 2, 925, 0.244029078167484
7.40363226290644, 9, 10, 13, 478, 0.0319135725816466
7.39652148997816, 6, 206, 17, 2028, 0.305609284332688
7.36555769230773, 12, 16, 3, 140, 0.0193122226704316
7.34995799464602, 9, 19, 2, 2270, 0.747898203660937
7.32930577681667, 9, 24, 1, 1, 0.5
7.32635813454229, 5, 53, 11, 636, 0.0560637266779743
7.31286487020267, 10, 17, 7, 501, 0.0341101077774541
7.29492896833818, 7, 40, 2, 2145, 0.658456672847863
7.29464953679356, 7, 72, 17, 2006, 0.303660826032541
7.25420290018538, 6, 10, 17, 1497, 0.253242689725793
7.14856613315351, 13, 13, 16, 3623, 0.539236375236179
7.13457347308198, 11, 39, 0, 7, 0.479591836734694
7.09944061880013, 9, 37, 2, 2229, 0.717682392691778
7.04390979228391, 11, 17, 2, 1659, 0.412800764496422
6.98318958855638, 8, 22, 2, 1586, 0.394232147529607
6.97728048098125, 9, 50, 2, 1843, 0.467364421337641
6.94436410874316, 8, 13, 2, 1939, 0.522599287835178
6.91021516387761, 7, 19, 2, 1133, 0.284920535602553
6.85572877164781, 14, 11, 9, 460, 0.230898606439212
6.71059285386716, 9, 202, 18, 3981, 0.409846043731076
6.68331700825159, 8, 28, 2, 2054, 0.595431223763097
6.66321267004324, 9, 10, 4, 380, 0.0694726395091803
6.5558205952625, 6, 26, 2, 2113, 0.643189497275344
6.42686986586076, 8, 107, 4, 192, 0.0270672621464339
6.4199949849713, 7, 24, 2, 2121, 0.647831082695305
6.36498461538466, 9, 25, 2, 2149, 0.659571563463442
6.36078801665159, 9, 11, 6, 214, 0.0329090120063648
6.34790562168844, 13, 20, 2, 972, 0.251494294717921
6.3169329369353, 9, 61, 2, 1843, 0.467364421337641
6.24085367153693, 10, 44, 13, 1420, 0.0604640092719069
6.13194303067713, 10, 67, 6, 276, 0.0418776218718357
6.1247093018002, 9, 27, 2, 2149, 0.659571563463442
6.06924178856415, 9, 35, 1, 1, 0.5
6.0296686139297, 6, 18, 2, 708, 0.186691846509141
6.01530134992669, 8, 31, 2, 1243, 0.308767818341088
6.01273684335929, 5, 40, 15, 4516, 0.728448751932847
5.97089768601503, 11, 10, 7, 434, 0.0302068161957472
5.97034921967577, 12, 10, 2, 1289, 0.3220486683883
5.91485040983606, 10, 16, 3, 146, 0.0199173053650666
5.91362599646288, 8, 15, 17, 1734, 0.275969962453066
5.86359593507395, 11, 51, 2, 2159, 0.672608957804803
5.81926527218283, 12, 50, 16, 2102, 0.442580914288519
5.8097749836949, 9, 55, 0, 6, 0.459183673469388
5.75855279456177, 10, 10, 17, 5134, 0.793036750483559
5.74575693455154, 5, 66, 17, 4270, 0.611133234725225
5.69051232491768, 10, 10, 15, 3008, 0.594847581179589
5.64982727563948, 10, 45, 9, 114, 0.0646323882748679
5.63897352361228, 12, 10, 2, 1939, 0.522599287835178
5.63897352361225, 12, 10, 2, 1939, 0.522599287835178
5.63479651162791, 11, 16, 17, 1410, 0.244495960860166
5.58928640430084, 11, 27, 2, 1659, 0.412800764496422
5.55342881245688, 10, 10, 2, 1271, 0.316742699172933
5.49056465781029, 10, 11, 17, 5134, 0.793036750483559
5.45065891864304, 11, 12, 7, 434, 0.0302068161957472
5.44616094856604, 10, 105, 2, 2362, 0.812766635191864
5.39454500554751, 13, 50, 16, 4245, 0.583392633671141
5.32595321065073, 12, 10, 2, 1155, 0.28678627091842
5.31626091633524, 7, 35, 2, 2121, 0.647831082695305
5.23610299333564, 7, 22, 9, 190, 0.101153291686689
5.23610299333558, 7, 22, 9, 190, 0.101153291686689
5.19177463233825, 13, 31, 0, 18, 0.76530612244898
5.15074063359559, 10, 44, 4, 711, 0.144809852483421
5.12971462951593, 8, 59, 18, 229, 0.119017058191158
5.10270578204578, 8, 111, 14, 2748, 0.0247555396310567
5.03949937901708, 6, 44, 2, 2113, 0.643189497275344
5.00171132953511, 9, 10, 6, 83, 0.0139592072906119
4.9956722222222, 11, 16, 2, 1176, 0.295750901582462
4.96646549291811, 9, 18, 4, 380, 0.0694726395091803
4.9347110908831, 5, 29, 16, 1657, 0.411932863838245
4.90713482192118, 12, 11, 4, 491, 0.0945098569946317
4.89606540725911, 10, 12, 15, 4048, 0.666928981665562
4.85094245414357, 10, 11, 2, 813, 0.21219098758831
4.82813834262983, 10, 39, 7, 501, 0.0341101077774541
4.77527272727272, 8, 16, 2, 1445, 0.362255264445228
4.7570198612395, 11, 11, 9, 151, 0.0824123017779913
4.73872946562615, 12, 45, 6, 173, 0.0269781570953276
4.70323729292881, 11, 70, 14, 5144, 0.0888600405896462
4.70124255098588, 12, 18, 18, 1305, 0.212353134285879
4.65667327193674, 9, 86, 2, 2229, 0.717682392691778
4.63269502251218, 8, 17, 2, 1445, 0.362255264445228
4.59581084204601, 10, 20, 2, 1906, 0.499004561950376
4.59461117723794, 13, 12, 2, 2018, 0.572701106927111
4.58067500000002, 8, 25, 17, 1734, 0.275969962453066
4.5232718010518, 12, 62, 15, 709, 0.438093660260658
4.51390751554507, 12, 13, 4, 491, 0.0945098569946317
4.41435963158002, 13, 13, 2, 2018, 0.572701106927111
4.41401382311142, 13, 22, 7, 253, 0.0196329740751529
4.39596888727556, 5, 122, 18, 842, 0.181025069496595
4.39533695511381, 12, 10, 2, 2353, 0.799843005199031
4.36282813816909, 9, 12, 2, 943, 0.24445455683098
4.33766837708951, 11, 27, 17, 1410, 0.244495960860166
4.30030108903596, 10, 22, 2, 2108, 0.640550164389484
4.29990090938596, 10, 14, 2, 813, 0.21219098758831
4.29068373857179, 11, 10, 10, 1700, 0.128554575934434
4.27024133004258, 12, 13, 1, 1, 0.5
4.23197486118647, 11, 14, 14, 1611, 0.0160219472869378
4.21779803273819, 15, 15, 11, 1771, 0.135661497455779
4.21462282795829, 9, 62, 4, 326, 0.0572923715432851
4.19538211369241, 10, 24, 2, 1906, 0.499004561950376
4.19166969080343, 9, 13, 2, 943, 0.24445455683098
4.17702138677645, 7, 52, 2, 1133, 0.284920535602553
4.158962388456, 12, 23, 18, 1305, 0.212353134285879
4.11490750823368, 12, 14, 1, 1, 0.5
4.09100642701263, 11, 11, 10, 1700, 0.128554575934434
4.07170736366238, 8, 11, 2, 2003, 0.56262158564749
4.0682336728505, 4, 17, 2, 968, 0.249915245560346
4.01518334078318, 9, 34, 13, 478, 0.0319135725816466
3.99772635478388, 16, 11, 9, 387, 0.195819317635752
3.91260507240743, 13, 28, 7, 253, 0.0196329740751529
3.88531606035965, 3, 18, 2, 2200, 0.695657614816669
3.88113207122657, 12, 13, 10, 682, 0.0557866633552713
3.87777460355808, 12, 10, 18, 671, 0.168083838325488
3.87507085615864, 6, 10, 5, 136, 0.025782205908058
3.87507085615862, 6, 10, 5, 136, 0.025782205908058
3.85851495770433, 13, 10, 13, 2641, 0.103553541123391
3.85451735451937, 12, 62, 0, 7, 0.479591836734694
3.85451735451928, 12, 62, 0, 7, 0.479591836734694
3.83222995973594, 10, 21, 2, 1271, 0.316742699172933
3.74618852459017, 10, 16, 2, 1104, 0.276365456593213
3.73675572307914, 11, 11, 2, 658, 0.178803426582178
3.71856328308902, 10, 13, 16, 2510, 0.467855127229897
3.71069217090908, 11, 29, 2, 1176, 0.295750901582462
3.67737339462103, 16, 13, 9, 387, 0.195819317635752
3.64484253936327, 14, 13, 3, 331, 0.038574021782977
3.64461491803276, 6, 100, 16, 1934, 0.431532647903222
3.6409747458417, 14, 39, 9, 460, 0.230898606439212
3.5935307258499, 14, 10, 16, 2146, 0.444715726449587
3.57094825544541, 8, 13, 17, 1605, 0.263596541130959
3.53571452075923, 9, 13, 14, 2097, 0.0194251404460583
3.53268674169539, 7, 10, 17, 3356, 0.471711798839458
3.52693535816958, 10, 45, 3, 146, 0.0199173053650666
3.51118113615763, 10, 33, 2, 2108, 0.640550164389484
3.49840517241381, 12, 16, 10, 682, 0.0557866633552713
3.49828727918219, 6, 43, 17, 1497, 0.253242689725793
3.45539300473084, 11, 21, 14, 1611, 0.0160219472869378
3.44808987711283, 13, 29, 2, 1328, 0.332064481632746
3.44775420415818, 13, 10, 2, 1977, 0.545716203456161
3.44105184043535, 8, 14, 17, 1605, 0.263596541130959
3.43731532845053, 11, 13, 2, 658, 0.178803426582178
3.42979463807913, 12, 10, 3, 286, 0.034035901573215
3.41787562303896, 6, 18, 2, 754, 0.200698513099965
3.38414148627069, 13, 13, 13, 2641, 0.103553541123391
3.36842857142853, 12, 25, 2, 1155, 0.28678627091842
3.33990577346173, 12, 11, 2, 2104, 0.635476274445114
3.3344621235076, 15, 24, 11, 1771, 0.135661497455779
3.31004395573091, 11, 124, 17, 3296, 0.463178404824212
3.2323665700216, 13, 33, 2, 1328, 0.332064481632746
3.22488702837665, 7, 12, 17, 3356, 0.471711798839458
3.19306914084061, 12, 33, 15, 66, 0.138667992047714
3.18871257216597, 12, 19, 2, 2353, 0.799843005199031
3.16802598090743, 7, 15, 2, 621, 0.171185765804712
3.16618970541352, 12, 15, 18, 671, 0.168083838325488
3.15545000000002, 11, 25, 9, 151, 0.0824123017779913
3.11754578321485, 8, 123, 2, 649, 0.176029851765054
3.09189265508821, 9, 17, 14, 2097, 0.0194251404460583
3.0400535201019, 11, 14, 15, 1409, 0.497017892644135
3.02791608133203, 7, 11, 12, 1358, 0.0743854636040591
3.01553539578762, 12, 37, 15, 66, 0.138667992047714
3.00137353216568, 10, 10, 16, 1322, 0.38608200623267
2.97381424175078, 6, 74, 2, 708, 0.186691846509141
2.96763194095249, 11, 10, 2, 165, 0.0675578207301396
2.9655576373921, 10, 10, 2, 396, 0.117536774325662
2.94854531330374, 12, 41, 2, 1289, 0.3220486683883
2.90368959150279, 9, 10, 2, 2076, 0.617296731550267
2.8993330894598, 14, 11, 6, 71, 0.0122233473166498
2.89933308945976, 14, 11, 6, 71, 0.0122233473166498
2.89506321125945, 10, 20, 7, 784, 0.0508301776871541
2.86684235286297, 10, 35, 15, 4048, 0.666928981665562
2.84525616245885, 10, 40, 15, 3008, 0.594847581179589
2.82952603434849, 11, 11, 2, 165, 0.0675578207301396
2.8245220808496, 11, 10, 7, 170, 0.0147684241188465
2.78296245483117, 11, 10, 11, 1314, 0.100769323964139
2.78296245483117, 11, 10, 11, 1314, 0.100769323964139
2.75880361613908, 11, 17, 15, 1409, 0.497017892644135
2.7523862881967, 13, 14, 7, 1437, 0.12012816778328
2.75051582168122, 11, 10, 9, 286, 0.147284959154253
2.75050714285716, 10, 16, 2, 563, 0.15590721379734
2.71907757157915, 14, 10, 2, 1273, 0.316754075607786
2.71172066666667, 7, 36, 16, 4014, 0.566087159227541
2.71156870421762, 10, 13, 16, 3536, 0.533586484430594
2.70111047631432, 9, 61, 6, 214, 0.0329090120063648
2.68661909044708, 12, 17, 2, 2104, 0.635476274445114
2.65069381543174, 9, 12, 2, 2076, 0.617296731550267
2.64917552210845, 11, 10, 2, 2003, 0.56262158564749
2.63996436546603, 7, 23, 2, 2195, 0.692085414272875
2.63236190930051, 11, 10, 15, 2051, 0.537400596421471
2.63053240634316, 12, 17, 3, 286, 0.034035901573215
2.59295241955931, 7, 15, 12, 1358, 0.0743854636040591
2.57729287594098, 14, 26, 3, 331, 0.038574021782977
2.52588975267565, 11, 11, 2, 2003, 0.56262158564749
2.52403845877917, 10, 19, 2, 563, 0.15590721379734
2.50635365488454, 10, 14, 2, 396, 0.117536774325662
2.50085566476753, 9, 40, 6, 83, 0.0139592072906119
2.47977179034757, 14, 21, 16, 2146, 0.444715726449587
2.43998809305508, 13, 24, 2, 1435, 0.35874449664964
2.40744198268619, 12, 10, 2, 2306, 0.768284774917236
2.40744198268619, 12, 10, 2, 2306, 0.768284774917236
2.38725004848891, 8, 32, 2, 2003, 0.56262158564749
2.38478878927134, 14, 13, 2, 1273, 0.316754075607786
2.38107214465793, 12, 12, 7, 348, 0.0251966210311681
2.35273028325108, 9, 12, 2, 2095, 0.62694394830548
2.30939700123154, 8, 10, 7, 1237, 0.0860763180891349
2.30405274068122, 4, 53, 2, 968, 0.249915245560346
2.27436279782075, 11, 10, 13, 2572, 0.100800943747672
2.23379525267016, 10, 45, 2, 1104, 0.276365456593213
2.17497893259242, 10, 38, 16, 2510, 0.467855127229897
2.15481266646832, 12, 15, 2, 1997, 0.55834404614282
2.15016810733393, 9, 10, 10, 821, 0.0647895194337514
2.14738287540441, 13, 23, 7, 1437, 0.12012816778328
2.12570565054444, 5, 12, 2, 2062, 0.600345843619526
2.09301282018561, 6, 48, 2, 754, 0.200698513099965
2.08001629460884, 7, 14, 2, 2217, 0.710355968646545
2.05010485093187, 9, 11, 10, 821, 0.0647895194337514
2.03379050000001, 7, 64, 16, 4014, 0.566087159227541
2.01892942240896, 11, 17, 15, 2051, 0.537400596421471
2.01132792826033, 6, 14, 13, 2402, 0.0934744815596672
2.00050074167898, 12, 17, 7, 348, 0.0251966210311681
1.97021483962686, 3, 70, 2, 2200, 0.695657614816669
1.96026320832119, 14, 10, 2, 1781, 0.450684292556399
1.95819280182668, 13, 31, 2, 1977, 0.545716203456161
1.95288996378646, 9, 19, 14, 3390, 0.0312350429292997
1.94418102940081, 8, 18, 2, 2346, 0.794928385342601
1.93910590806298, 13, 38, 2, 1435, 0.35874449664964
1.93896492132162, 8, 10, 12, 478, 0.0378979375022896
1.93737828430424, 10, 24, 16, 1322, 0.38608200623267
1.92218739537448, 11, 14, 13, 2572, 0.100800943747672
1.88977712971661, 14, 10, 9, 303, 0.155454108601634
1.88562597917335, 8, 12, 2, 2313, 0.775269905916884
1.88562597917331, 8, 12, 2, 2313, 0.775269905916884
1.88152679226204, 10, 27, 16, 3536, 0.533586484430594
1.86976043256768, 9, 19, 2, 2095, 0.62694394830548
1.85371210592566, 15, 10, 2, 1853, 0.467921866645431
1.84972866090958, 7, 44, 2, 621, 0.171185765804712
1.82558289321523, 11, 10, 15, 1683, 0.513847470731169
1.82558289321519, 11, 10, 15, 1683, 0.513847470731169
1.7901564895154, 8, 10, 15, 2830, 0.583305721228186
1.78233047215992, 14, 11, 9, 192, 0.102114368092263
1.7817978018547, 10, 17, 2, 2375, 0.817931536615056
1.78004592817193, 10, 15, 2, 722, 0.194091079737432
1.77287001487286, 7, 51, 2, 2195, 0.692085414272875
1.77083344359861, 12, 17, 2, 2302, 0.763756953845804
1.77002470936511, 8, 12, 12, 478, 0.0378979375022896
1.76744514423176, 15, 11, 2, 1853, 0.467921866645431
1.70933804706527, 12, 12, 9, 117, 0.0660740028832292
1.65861647634073, 11, 29, 7, 170, 0.0147684241188465
1.64695938081084, 10, 10, 17, 5032, 0.75068267152122
1.64374760025013, 11, 28, 9, 286, 0.147284959154253
1.64273640481072, 10, 20, 2, 2375, 0.817931536615056
1.63476728721043, 11, 12, 15, 1128, 0.476861055886901
1.59367984667345, 10, 66, 7, 784, 0.0508301776871541
1.58706091370233, 11, 10, 2, 2254, 0.736134970023094
1.58161231186841, 10, 19, 2, 722, 0.194091079737432
1.5703141556102, 10, 11, 17, 5032, 0.75068267152122
1.55664949701779, 12, 22, 2, 2302, 0.763756953845804
1.55283532862085, 8, 14, 2, 2125, 0.649310019226175
1.4896723444287, 11, 10, 16, 3850, 0.555873187250018
1.47591119820943, 6, 26, 13, 2402, 0.0934744815596672
1.46936798209297, 10, 12, 16, 812, 0.344097367065001
1.46218031263817, 11, 15, 15, 1128, 0.476861055886901
1.45803939458803, 14, 14, 16, 4636, 0.616592643486369
1.44878177094919, 11, 12, 2, 2254, 0.736134970023094
1.43886666713275, 9, 35, 14, 3390, 0.0312350429292997
1.43768571428568, 8, 16, 14, 3887, 0.0383596221259028
1.43613121450608, 12, 17, 9, 117, 0.0660740028832292
1.43370603746921, 14, 17, 9, 192, 0.102114368092263
1.4221244016015, 14, 19, 2, 1781, 0.450684292556399
1.41933562313891, 14, 10, 2, 436, 0.130034925654998
1.41459948344856, 8, 34, 2, 2346, 0.794928385342601
1.41172309339713, 10, 13, 16, 812, 0.344097367065001
1.3601257385685, 11, 10, 2, 2103, 0.633565033389836
1.33472346774348, 7, 34, 2, 2217, 0.710355968646545
1.32864564500849, 15, 13, 2, 1954, 0.530676556580699
1.32864564500848, 15, 13, 2, 1954, 0.530676556580699
1.32810696971483, 11, 11, 7, 368, 0.0263617826973493
1.32696197904353, 10, 10, 15, 3610, 0.63420863706649
1.32314919052079, 14, 17, 16, 4636, 0.616592643486369
1.31931089287235, 8, 19, 14, 3887, 0.0383596221259028
1.30335649629293, 12, 41, 2, 1997, 0.55834404614282
1.29682900839514, 11, 11, 2, 2103, 0.633565033389836
1.27793964802725, 9, 10, 2, 1650, 0.409267243831128
1.25244637190557, 8, 34, 7, 1237, 0.0860763180891349
1.23927623578844, 15, 11, 2, 875, 0.231813062422498
1.23873406437568, 8, 22, 2, 2125, 0.649310019226175
1.22084999533567, 11, 10, 9, 243, 0.126621816434407
1.20588571414138, 9, 10, 2, 1462, 0.363047064310986
1.20396945601638, 12, 10, 4, 361, 0.0651869896693283
1.1500105424022, 5, 41, 2, 2062, 0.600345843619526
1.14793983490599, 12, 11, 4, 361, 0.0651869896693283
1.12935784535159, 14, 28, 9, 303, 0.155454108601634
1.10081801234743, 9, 12, 2, 1462, 0.363047064310986
1.08183859381833, 10, 15, 15, 2288, 0.551896951623592
1.04343335324622, 9, 15, 2, 1650, 0.409267243831128
1.01773337945804, 10, 17, 15, 3610, 0.63420863706649
1.00007031002828, 14, 10, 4, 1265, 0.418730545405332
1.00007031002823, 14, 10, 4, 1265, 0.418730545405332
0.996873390818986, 15, 17, 2, 875, 0.231813062422498
0.955324081136843, 10, 10, 2, 2183, 0.68962810434466
0.936899705041116, 10, 20, 15, 2288, 0.551896951623592
0.935882195092837, 14, 23, 2, 436, 0.130034925654998
0.927654151610395, 11, 10, 2, 1985, 0.553634202113742
0.927654151610395, 11, 10, 2, 1985, 0.553634202113742
0.920697140758029, 7, 10, 2, 1531, 0.377542917600482
0.854926470588197, 9, 16, 17, 2071, 0.31034531801115
0.849849958563872, 9, 10, 18, 2318, 0.271543240055964
0.817956860700762, 11, 29, 7, 368, 0.0263617826973493
0.815272384058028, 9, 10, 2, 1294, 0.32360496467617
0.806032406358486, 9, 18, 17, 2071, 0.31034531801115
0.778131105828013, 7, 14, 2, 1531, 0.377542917600482
0.770360696777598, 8, 54, 15, 2830, 0.583305721228186
0.747635067798645, 14, 11, 2, 1814, 0.459519231863119
0.702099166549408, 11, 13, 9, 151, 0.0824123017779913
0.698441725875854, 11, 10, 17, 3427, 0.481980316304471
0.687724237032473, 14, 13, 2, 1814, 0.459519231863119
0.671865384615359, 9, 16, 18, 2318, 0.271543240055964
0.660518119080468, 13, 20, 2, 1483, 0.367003788352806
0.652571771884393, 11, 35, 9, 243, 0.126621816434407
0.644599680594456, 13, 21, 2, 1483, 0.367003788352806
0.629501460022686, 11, 56, 16, 3850, 0.555873187250018
0.615580468519866, 8, 10, 11, 2349, 0.200145384056215
0.609308645121806, 6, 17, 18, 2532, 0.28487897800202
0.604745611124549, 12, 11, 2, 1927, 0.513475387083196
0.590487589943725, 12, 10, 13, 3706, 0.184175669522745
0.578815686274528, 8, 25, 14, 3662, 0.0349236738175391
0.567575476747528, 8, 26, 14, 3662, 0.0349236738175391
0.566050444558725, 11, 20, 9, 151, 0.0824123017779913
0.564081589407511, 15, 10, 2, 869, 0.227815383215208
0.561945514279895, 8, 12, 11, 2349, 0.200145384056215
0.551556615407779, 10, 30, 2, 2183, 0.68962810434466
0.535162789355821, 10, 10, 16, 4418, 0.596894707138125
0.5297205882353, 8, 16, 4, 508, 0.0985699463165967
0.52625606101319, 9, 24, 2, 1294, 0.32360496467617
0.51280963919948, 6, 24, 18, 2532, 0.28487897800202
0.499425360100411, 8, 18, 4, 508, 0.0985699463165967
0.494732281533317, 15, 13, 2, 869, 0.227815383215208
0.479233437747326, 9, 11, 2, 1362, 0.339779979749946
0.452295108396453, 10, 14, 16, 4418, 0.596894707138125
0.443035100189602, 12, 10, 11, 940, 0.0761146110976496
0.443035100189574, 12, 10, 11, 940, 0.0761146110976496
0.43052571809669, 7, 10, 2, 2044, 0.590038793642848
0.42089915656843, 11, 10, 3, 438, 0.0493646631706333
0.420899156568385, 11, 10, 3, 438, 0.0493646631706333
0.409414714150901, 12, 24, 2, 1927, 0.513475387083196
0.379261391830665, 11, 12, 9, 113, 0.0641518500720807
0.373457142857152, 12, 25, 13, 3706, 0.184175669522745
0.373332806122069, 11, 35, 17, 3427, 0.481980316304471
0.354461208774749, 14, 10, 14, 1708, 0.016689751248038
0.346843697911974, 9, 21, 2, 1362, 0.339779979749946
0.33796550190551, 14, 11, 14, 1708, 0.016689751248038
0.309665629707619, 11, 18, 9, 113, 0.0641518500720807
0.304417346407778, 8, 10, 12, 1198, 0.0676814301937942
0.282865736702082, 14, 10, 2, 1688, 0.42186778307414
0.282865736701992, 14, 10, 2, 1688, 0.42186778307414
0.266991674883102, 8, 13, 12, 1198, 0.0676814301937942
0.236996607789736, 7, 33, 2, 2044, 0.590038793642848
0.215279100028527, 13, 11, 11, 2041, 0.161739762539375
0.215279100028509, 13, 11, 11, 2041, 0.161739762539375
0.0745665072267674, 13, 10, 15, 1439, 0.499364921581621
0.0672979534641731, 12, 10, 17, 4812, 0.698657412674935
0.0608832982023873, 13, 15, 15, 1439, 0.499364921581621
0.0516151741281038, 12, 17, 17, 4812, 0.698657412674935
