3.13307882058208
2.86673777269069
2.62130159165
2.53547370828465
2.51318309910441
2.52433408170869
2.52183813531332
2.50801451767457
2.49377254070197
2.50140748503038
2.49630464416199
2.49803082948691
2.48185782506393
2.48059939642776
2.47842751716624
2.46849744425906
2.47071045529276
2.46153039115914
2.44992610126784
2.45234652521772
2.45750557685304
2.47073421065249
2.47653380342979
2.4696410050535
2.46754917096244
2.46348562787243
2.45595785266343
2.45202358713621
2.45865006596317
2.45863346472724
2.4595201876955
2.46201527919949
2.47114635863759
2.46545154187674
2.46502070891411
2.46520376988819
2.47274216432836
2.46649618665503
2.46619165603996
2.46635682078713
2.47124223695664
2.47520230122283
2.47083839590001
2.47435869521869
2.47342948471309
2.4732417443906
2.47525562947387
2.47203737112745
2.46857833979667
2.46768965653943
2.46967361317216
2.47023394009392
2.46947592305055
2.47495804114026
2.47280281471958
2.46874527536665
2.47051358998467
2.47592207541467
2.47459212288025
2.47562631964947
2.47332178016381
2.47552252499004
2.47550863614496
2.47125493989393
2.47262853261609
2.47647408276543
2.47919197863475
2.48213230349906
2.48395647511471
2.48000325309465
2.4807049097117
2.47861832915846
