129.023253828001
107.800350824589
99.3561159986711
94.8010985966891
92.2673875249083
90.0627683247109
88.7641497506726
87.5166344730676
86.4770666146709
85.4594940822461
85.2311495252016
84.7905633028598
84.349602569583
83.9242562862632
83.6913278247676
83.3820190249139
83.1189596386414
82.8910282772771
82.7430270972048
82.6642427024498
82.4960258617106
82.4379932189174
82.256140640902
82.1728207166194
82.1386235506359
82.0631964887367
81.9945484049867
81.9913009036882
81.8489197588647
81.7472400874427
81.6488528361854
81.582107642923
81.4268833126993
81.3814339001031
81.3688188991975
81.3706347323971
81.3981634537764
81.3712152519463
81.3165198893973
81.3067316854817
81.2332931156724
81.2283368563456
81.1838313578168
81.1520063738
81.1314769021347
81.1376856909658
81.1334588164619
81.1325680255274
81.110836356196
81.1148155147229
81.1548265671532
81.1292012984983
81.0793426232155
81.0682142929456
81.0731670665161
81.0696619595293
81.002088213474
80.9924608340071
80.9688412364863
80.9351435094991
80.9013456586616
80.8723403074723
80.8874551042295
80.8517421972806
80.9051124334094
80.8813805122453
80.9108455394676
80.8748289132178
80.826810721363
80.8235604090261
80.8474544013341
80.8530604185812
80.8619398743598
80.8568523097169
80.8436538338989
80.808915226094
80.8243240791295
80.8584893749665
80.8615464162648
80.8386710807134
80.827668198155
80.8081774816461
80.7943751189418
80.8073066425409
80.7927597717507
80.797918182499
80.7824447543276
80.7971769685962
80.7712020320569
80.7679151171698
80.7323287400121
80.6948577690787
80.6809445640555
80.6467465058001
80.6483490537335
80.6345058688705
80.6336153876429
80.6099536536566
80.6035280513959
80.5891853950226
