128.933693067253
107.729889870487
99.2913558405009
94.7513289836804
92.20022557672
89.9935641453765
88.6906839960886
87.4333498997051
86.387744649555
85.3753266454264
85.1466358348075
84.6822637121893
84.2356071188458
83.7927283288045
83.5443391631468
83.2375501992324
82.9722411324103
82.753282051082
82.6055810146445
82.5252651023589
82.3547102229238
82.2856169948295
82.1132096647512
82.0282372171489
81.9974362934275
81.9161707846016
81.841075751659
81.8386013509396
81.6943035039988
81.5956484970866
81.498655426227
81.435767802161
81.2845884364565
81.238093242088
81.2248313788349
81.2275131649362
81.2589944078005
81.2325293091484
81.1755622759315
81.1677819964557
81.0957646664107
81.0874230091823
81.0387899723685
81.0089902624813
80.9914751100518
80.9973871824912
80.9890236466935
80.9897749334746
80.9589594131542
80.9630808662475
81.006066196041
80.9797494604666
80.9308778673854
80.9193263972807
80.9266577759476
80.9216999345437
80.854234988487
80.8456707540601
80.8191856222962
80.7857176947333
80.7487719274126
80.7225993198118
80.7395550811112
80.7013946994376
80.7566420450585
80.7324572863732
80.7607753831553
80.7244433219007
80.6754176190551
80.6718709147938
80.6946367461761
80.6997846110409
80.7092861355144
80.7037357852162
80.6913172855889
80.6571792050327
80.6724508879733
80.7074952593046
80.7071985627275
80.6851953718726
80.6748593957062
80.6559157398841
80.6403482606121
80.6538764019492
80.6381622663017
80.6438254338282
80.6285791833228
80.6427383833424
80.6166260356415
80.6146216250893
80.580336562677
80.5417203353684
80.5277849504255
80.4942957651572
80.4950094906884
80.4808139114503
80.4807738899668
80.4599068551044
80.4557470174385
80.4432983666816
