5.74267082477761
4.99722413831127
4.76318252117812
4.56424061656519
4.44695149239679
4.40634374790514
4.39974294311888
4.36485459425666
4.32751323262305
4.32083818030871
4.30041100839508
4.27280128433724
4.26023545664368
4.26409399264707
4.23637810944036
4.21495450648424
4.20778478114991
4.20410665744487
4.20595014903194
4.20844477128554
4.19721154632174
4.20269067504245
4.20235483523218
4.21666127584355
4.21421117278839
4.20161117474676
4.19560111571409
4.18321800275588
4.1713680364493
4.17969029588417
4.17614026829507
4.17221450963711
4.17278143141949
4.17184235958221
4.16676250307239
