norm, level, Npoints, dimSplit, MainGridIndexSplit
3870.61551450877, 0, 962, -1, -1, -1
83.0738812949636, 2, 64, 4, 15, 0.0180125300509641
72.6594708370671, 1, 278, 0, 13, 0.170454545454545
46.3219227279366, 1, 684, 0, 13, 0.170454545454545
45.4305089252453, 2, 214, 4, 15, 0.0180125300509641
41.665500838114, 3, 29, 4, 89, 0.391602757964068
38.7706081570081, 2, 195, 4, 81, 0.26159379994883
28.8269748118683, 3, 39, 0, 10, 0.0808080808080808
25.8111877682646, 5, 29, 0, 10, 0.0808080808080808
24.4830483105719, 2, 489, 4, 81, 0.26159379994883
23.662745415279, 4, 60, 2, 3, 0.363636363636364
23.4794035253313, 4, 11, 4, 103, 0.865041948010276
21.5394518088645, 3, 221, 3, 2, 0.400252525252525
21.1461443889909, 5, 40, 4, 34, 0.0437591097547004
20.2410094297183, 4, 116, 2, 4, 0.590909090909091
19.559753885652, 3, 268, 3, 2, 0.400252525252525
17.682324968649, 4, 152, 2, 4, 0.590909090909091
16.4964213715671, 3, 185, 4, 89, 0.391602757964068
16.3997929560419, 6, 15, 0, 16, 0.351010101010101
16.3940309223317, 4, 125, 2, 3, 0.363636363636364
16.0206226421445, 5, 50, 2, 3, 0.363636363636364
15.71674339382, 6, 17, 0, 3, 0.00795454545454546
15.6624913372537, 5, 12, 0, 16, 0.351010101010101
14.9020962061122, 5, 87, 0, 10, 0.0808080808080808
14.6862218607431, 3, 11, 4, 12, 0.0115508595340253
14.5061353757237, 5, 85, 4, 34, 0.0437591097547004
14.5006492925429, 5, 14, 0, 16, 0.351010101010101
14.4134874059343, 3, 156, 0, 10, 0.0808080808080808
14.3243045539994, 5, 17, 4, 84, 0.293759463138283
14.3012414054433, 7, 20, 4, 54, 0.0761223229857679
14.2871992166194, 9, 10, 0, 6, 0.026010101010101
14.2237557619797, 4, 56, 4, 59, 0.0828015312645006
14.1104635915775, 4, 13, 4, 96, 0.578309095069458
13.2215227710397, 6, 11, 0, 7, 0.0353535353535354
13.0423688241879, 9, 12, 0, 6, 0.026010101010101
12.7032250000001, 6, 25, 0, 16, 0.351010101010101
12.5339770485488, 5, 53, 1, 8, 0.202702702702703
12.1745833260142, 6, 42, 0, 15, 0.275252525252525
12.1025465871651, 6, 26, 0, 10, 0.0808080808080808
12.0726705761092, 5, 11, 0, 17, 0.444444444444444
12.032185639965, 6, 43, 0, 15, 0.275252525252525
11.8765143172007, 5, 24, 4, 62, 0.0856939327900282
11.7496143763606, 6, 61, 3, 2, 0.400252525252525
11.3797545871605, 6, 15, 0, 8, 0.0467171717171717
11.3583768029872, 9, 12, 4, 93, 0.471038215796977
11.3009652173918, 6, 25, 0, 11, 0.103535353535354
11.2111749404797, 6, 67, 3, 2, 0.400252525252525
11.2067467393874, 7, 13, 4, 64, 0.0917218809839261
11.2067467393873, 7, 13, 4, 64, 0.0917218809839261
11.0895232558142, 7, 16, 4, 60, 0.0833233322906506
11.060598883195, 7, 19, 0, 7, 0.0353535353535354
10.5636857418712, 5, 115, 2, 3, 0.363636363636364
10.3629440642954, 4, 14, 4, 99, 0.6623678444522
10.0115551090264, 4, 15, 4, 99, 0.6623678444522
10.0101296296298, 5, 16, 0, 17, 0.444444444444444
9.97760449129022, 4, 26, 4, 96, 0.578309095069458
9.83664285714286, 9, 16, 4, 93, 0.471038215796977
9.83556684255081, 7, 27, 4, 96, 0.578309095069458
9.72006666666658, 7, 36, 1, 6, 0.164414414414414
9.69713333333331, 5, 36, 4, 62, 0.0856939327900282
9.17084245088635, 5, 99, 1, 8, 0.202702702702703
8.78518276002729, 7, 53, 4, 54, 0.0761223229857679
8.53671898257149, 7, 27, 4, 60, 0.0833233322906506
8.2864082823808, 4, 165, 4, 59, 0.0828015312645006
8.08074273827213, 7, 40, 4, 96, 0.578309095069458
8.02583774442431, 8, 18, 0, 8, 0.0467171717171717
7.93640119972279, 7, 54, 1, 6, 0.164414414414414
7.74529570534114, 6, 70, 0, 3, 0.00795454545454546
7.44979811224062, 6, 35, 0, 8, 0.0467171717171717
7.43927816749872, 7, 42, 0, 7, 0.0353535353535354
7.22274042142651, 6, 73, 0, 10, 0.0808080808080808
7.18590407049047, 8, 15, 0, 8, 0.0467171717171717
6.76632999673207, 6, 42, 0, 7, 0.0353535353535354
6.75195734583704, 5, 28, 4, 72, 0.171932627919944
6.75195734583659, 5, 28, 4, 72, 0.171932627919944
6.71229413822858, 6, 12, 1, 4, 0.128378378378378
6.69065278420071, 3, 53, 4, 12, 0.0115508595340253
6.56234272707613, 7, 11, 4, 75, 0.204510284651682
6.47858921546147, 4, 26, 4, 6, 0.00648491626136443
6.46694848305435, 4, 145, 4, 103, 0.865041948010276
6.41349217711375, 7, 18, 0, 16, 0.351010101010101
6.35748341134675, 4, 27, 4, 6, 0.00648491626136443
6.28939079275571, 7, 10, 4, 32, 0.0409687585124503
6.22165831891657, 6, 10, 1, 14, 0.353603603603604
6.0277178864379, 6, 11, 0, 8, 0.0467171717171717
5.95613164088196, 6, 90, 0, 11, 0.103535353535354
5.92106009723332, 5, 12, 3, 2, 0.400252525252525
5.8568519423498, 8, 14, 0, 3, 0.00795454545454546
5.63945507993971, 6, 17, 1, 4, 0.128378378378378
5.63366482236827, 9, 17, 0, 5, 0.0184343434343434
5.60534356573369, 9, 11, 0, 6, 0.026010101010101
5.57751686864319, 8, 18, 1, 22, 0.632882882882883
5.57043002558328, 9, 11, 4, 64, 0.0917218809839261
5.55424715235275, 7, 24, 0, 16, 0.351010101010101
5.48183644997995, 5, 14, 3, 2, 0.400252525252525
5.41144623485567, 8, 14, 0, 6, 0.026010101010101
5.31783306087497, 8, 41, 0, 8, 0.0467171717171717
5.22027067384242, 5, 128, 4, 84, 0.293759463138283
5.13526607840332, 7, 15, 4, 32, 0.0409687585124503
5.04505383140938, 8, 22, 1, 22, 0.632882882882883
4.84869425784682, 6, 17, 0, 8, 0.0467171717171717
4.74143547454907, 9, 24, 0, 5, 0.0184343434343434
4.64896083457016, 8, 13, 4, 20, 0.0246350245742943
4.51476600680085, 8, 38, 0, 8, 0.0467171717171717
4.50893649511737, 9, 17, 0, 6, 0.026010101010101
4.31684072683159, 8, 22, 0, 6, 0.026010101010101
4.14141972484073, 8, 28, 0, 3, 0.00795454545454546
4.09591378701922, 8, 10, 1, 9, 0.227477477477477
4.06539831590067, 8, 17, 4, 20, 0.0246350245742943
4.0238568567729, 10, 13, 2, 2, 0.181818181818182
3.87748548905252, 10, 14, 2, 2, 0.181818181818182
3.85850869145792, 6, 26, 1, 14, 0.353603603603604
3.75269427112262, 7, 12, 0, 9, 0.0618686868686869
3.61128977599504, 8, 26, 3, 3, 0.800505050505051
3.55552047223539, 9, 27, 4, 64, 0.0917218809839261
3.47992590233811, 8, 28, 3, 3, 0.800505050505051
3.46167896410056, 8, 14, 1, 9, 0.227477477477477
3.26425525863905, 8, 10, 2, 5, 0.863636363636364
3.15802982310753, 9, 11, 1, 9, 0.227477477477477
3.15802982310743, 9, 11, 1, 9, 0.227477477477477
2.9874037055611, 10, 10, 2, 5, 0.863636363636364
2.83353932939815, 7, 59, 4, 75, 0.204510284651682
2.69103504325011, 7, 10, 3, 3, 0.800505050505051
2.65892417851975, 7, 11, 4, 24, 0.0306244453386102
2.5248169523468, 10, 14, 2, 5, 0.863636363636364
2.50356949803712, 8, 17, 2, 5, 0.863636363636364
2.3734122518028, 7, 30, 0, 9, 0.0618686868686869
2.27696663214139, 7, 15, 4, 24, 0.0306244453386102
2.25574069339169, 7, 17, 3, 3, 0.800505050505051
2.19722091197032, 7, 15, 3, 3, 0.800505050505051
2.19218591173503, 7, 18, 3, 3, 0.800505050505051
1.72823141348038, 9, 12, 4, 33, 0.042748691282689
1.60003137965845, 9, 14, 4, 33, 0.042748691282689
1.05966227485549, 8, 13, 4, 101, 0.73090184972689
1.02111611826682, 8, 14, 4, 101, 0.73090184972689
0.945699740932692, 6, 12, 3, 2, 0.400252525252525
0.945699740932495, 6, 12, 3, 2, 0.400252525252525
0.466237236516229, 6, 14, 2, 4, 0.590909090909091
0.466237236516122, 6, 14, 2, 4, 0.590909090909091
