norm, level, Npoints, dimSplit, MainGridIndexSplit
916.057975925681, 0, 659, -1, -1, -1
176.841774217282, 1, 212, 7, 4, 0.0549450549450549
155.949592396078, 2, 108, 0, 231, 0.571917808219178
121.786467134484, 1, 447, 7, 4, 0.0549450549450549
92.0981799032061, 2, 60, 0, 234, 0.583333333333333
88.023021589744, 2, 339, 0, 231, 0.571917808219178
62.2754692290092, 4, 50, 7, 5, 0.112637362637363
62.2136373976054, 3, 24, 1, 43, 0.294101279910963
60.2279601844799, 4, 54, 3, 88, 0.434904153354633
57.8635238985144, 2, 152, 0, 234, 0.583333333333333
52.9053683476451, 5, 5, 3, 82, 0.424520766773163
52.5953525949854, 5, 34, 0, 125, 0.310616438356164
50.765325738629, 5, 38, 3, 93, 0.448482428115016
48.7403794837152, 3, 35, 7, 3, 0.0260989010989011
48.2273306476298, 7, 21, 0, 148, 0.368150684931507
47.239061679941, 3, 157, 1, 3, 0.0397885364496383
45.5858234300973, 5, 5, 4, 70, 0.346273291925466
43.8748247483418, 3, 182, 1, 3, 0.0397885364496383
43.6090295440936, 4, 103, 3, 88, 0.434904153354633
38.3279017941817, 4, 132, 7, 5, 0.112637362637363
37.3416666666667, 7, 16, 0, 108, 0.256506849315069
36.9200503038127, 5, 69, 0, 125, 0.310616438356164
35.1308016297401, 4, 12, 6, 51, 0.244355243351731
33.3994020239219, 7, 20, 0, 108, 0.256506849315069
33.2545879895468, 3, 84, 1, 43, 0.294101279910963
32.7382712585744, 5, 20, 2, 83, 0.62543728135932
32.5838132654948, 3, 28, 7, 2, 0.010989010989011
32.2771402044761, 5, 94, 3, 93, 0.448482428115016
31.7341590481586, 6, 10, 6, 202, 0.516934269944807
30.4793663985254, 3, 32, 7, 2, 0.010989010989011
29.8555041076321, 4, 12, 5, 153, 0.478779069767442
29.472, 7, 1, 4, 61, 0.31832298136646
29.2917451492548, 5, 5, 6, 95, 0.351605619668841
27.2031421951741, 6, 2, 4, 27, 0.200310559006211
27.0385507246377, 6, 9, 5, 249, 0.774709302325581
26.8008405951664, 7, 68, 0, 148, 0.368150684931507
26.7810055591997, 6, 5, 1, 178, 0.772954924874791
26.6581493974273, 3, 117, 7, 3, 0.0260989010989011
26.6454901960784, 6, 9, 7, 5, 0.112637362637363
25.4448333333333, 6, 9, 7, 5, 0.112637362637363
25.2775911842308, 4, 40, 4, 5, 0.0729813664596273
25.1292531739279, 5, 35, 0, 153, 0.38972602739726
25.1091078507147, 5, 34, 2, 83, 0.62543728135932
24.756043041316, 5, 7, 6, 95, 0.351605619668841
24.1012375404081, 4, 44, 4, 5, 0.0729813664596273
23.9175757575758, 7, 9, 5, 114, 0.392005813953488
23.1259740402972, 4, 20, 5, 153, 0.478779069767442
23.068409090909, 5, 9, 3, 134, 0.541932907348243
23.0157177326713, 6, 11, 7, 5, 0.112637362637363
22.2443645695273, 6, 10, 4, 48, 0.274844720496894
21.5565714285714, 6, 1, 0, 277, 0.990068493150685
21.4383462347262, 7, 8, 7, 5, 0.112637362637363
21.3581763554562, 6, 13, 6, 94, 0.349974912192674
21.1833899848443, 5, 5, 0, 199, 0.482077625570776
20.605091603776, 8, 2, 0, 105, 0.253538812785388
19.9963496668767, 5, 35, 3, 82, 0.424520766773163
19.9266666666667, 6, 4, 1, 11, 0.0695603784084586
19.9006259489386, 7, 13, 5, 114, 0.392005813953488
19.8375593340153, 8, 2, 3, 24, 0.266773162939297
19.6626256677014, 7, 3, 6, 160, 0.460737581535374
19.2388641317609, 7, 7, 3, 30, 0.289536741214057
19.1407418873982, 5, 5, 2, 77, 0.612193903048476
18.9603612307361, 5, 2, 3, 143, 0.559904153354633
18.9451960784314, 6, 9, 4, 48, 0.274844720496894
18.6143724096216, 9, 6, 1, 104, 0.444212576516416
18.5705096920419, 6, 2, 3, 190, 0.821884984025559
18.3115587034111, 8, 22, 1, 140, 0.521702838063439
18.2139974790452, 8, 6, 0, 163, 0.406164383561644
18.2054794507518, 5, 14, 4, 37, 0.239130434782609
18.0389838483432, 8, 2, 6, 300, 0.878198695434019
17.9671403771811, 7, 3, 4, 95, 0.495341614906832
17.9032321752646, 5, 7, 0, 199, 0.482077625570776
17.8229524926583, 6, 5, 1, 11, 0.0695603784084586
17.769065325438, 5, 70, 0, 153, 0.38972602739726
17.3105800949734, 7, 2, 6, 2, 0.0361264425489212
17.0296666666667, 5, 16, 4, 37, 0.239130434782609
16.9626215165146, 6, 35, 6, 202, 0.516934269944807
16.7428477608457, 6, 14, 0, 79, 0.158333333333333
16.7295, 10, 1, 5, 283, 0.984447674418605
16.4322134731996, 9, 22, 0, 53, 0.121232876712329
16.4181607651129, 6, 22, 6, 94, 0.349974912192674
16.3630032001781, 7, 13, 3, 27, 0.280351437699681
16.1205193822365, 9, 8, 1, 104, 0.444212576516416
16.0147900825733, 4, 8, 1, 141, 0.524485253199777
15.9872941176471, 6, 25, 7, 5, 0.112637362637363
15.9334728027369, 9, 2, 1, 132, 0.49819143016138
15.8230558853535, 4, 5, 2, 1, 0.0612193903048476
15.7326466196802, 9, 24, 0, 53, 0.121232876712329
15.6787985160905, 4, 10, 4, 44, 0.262422360248447
15.6277419354839, 9, 1, 6, 8, 0.0815353738083291
15.3177536667897, 8, 5, 3, 16, 0.200079872204473
15.195274476699, 5, 45, 4, 70, 0.346273291925466
14.79, 5, 9, 1, 43, 0.294101279910963
14.79, 5, 9, 1, 43, 0.294101279910963
14.736, 7, 4, 4, 61, 0.31832298136646
14.7065841882031, 7, 17, 7, 5, 0.112637362637363
14.5807142857143, 6, 1, 2, 35, 0.479510244877561
14.3249717842828, 8, 3, 3, 111, 0.479233226837061
14.0685714285714, 6, 25, 4, 48, 0.274844720496894
14.0027114992849, 9, 7, 3, 139, 0.551517571884984
13.9035759455643, 7, 6, 6, 160, 0.460737581535374
12.8743420700642, 7, 21, 3, 27, 0.280351437699681
12.7097888259404, 11, 3, 2, 86, 0.629185407296352
12.6636161530193, 8, 46, 1, 140, 0.521702838063439
12.6308127300749, 10, 2, 0, 70, 0.14337899543379
12.5511453660612, 7, 2, 7, 2, 0.010989010989011
12.5511453660612, 7, 2, 7, 2, 0.010989010989011
12.5399404852763, 7, 19, 5, 169, 0.513953488372093
12.370440299758, 13, 2, 5, 222, 0.695639534883721
12.2686932202795, 9, 3, 0, 264, 0.844748858447489
12.2010189166131, 7, 5, 1, 54, 0.32582081246522
12.1097475561129, 8, 8, 3, 16, 0.200079872204473
11.9238603079228, 8, 14, 0, 163, 0.406164383561644
11.896355184117, 8, 6, 0, 105, 0.253538812785388
11.8763785877593, 4, 105, 6, 51, 0.244355243351731
11.7609535380852, 9, 2, 5, 154, 0.481104651162791
11.7057767078197, 8, 3, 0, 69, 0.142465753424658
11.6978184557999, 5, 35, 3, 134, 0.541932907348243
11.6862864291671, 4, 18, 4, 44, 0.262422360248447
11.5517677819842, 10, 2, 1, 111, 0.456176961602671
11.5355102040816, 8, 9, 6, 115, 0.390491721023582
11.3714285714286, 6, 1, 6, 177, 0.475413948820873
11.3671176470588, 6, 25, 4, 48, 0.274844720496894
11.3241666666667, 4, 16, 1, 141, 0.524485253199777
11.2928571428571, 8, 9, 6, 132, 0.415830406422479
11.2666666666666, 9, 4, 1, 132, 0.49819143016138
11.1726159400026, 11, 3, 3, 121, 0.50758785942492
11.0788534497032, 7, 11, 2, 98, 0.666166916541729
11.0509124811785, 5, 15, 2, 77, 0.612193903048476
11.0416666666667, 8, 1, 7, 6, 0.197802197802198
11.0025815152627, 7, 8, 4, 95, 0.495341614906832
11, 9, 1, 5, 263, 0.828779069767442
10.954498254142, 7, 2, 7, 2, 0.010989010989011
10.827041147054, 7, 5, 6, 144, 0.42824887104867
10.756, 9, 1, 6, 211, 0.52922729553437
10.7402071739277, 9, 5, 4, 31, 0.21583850931677
10.7148203542204, 8, 7, 2, 91, 0.641179410294853
10.5072500353701, 9, 3, 4, 53, 0.293478260869565
10.4719856662105, 6, 60, 5, 249, 0.774709302325581
10.2933333333333, 9, 1, 4, 74, 0.358695652173913
10.1166183129525, 8, 2, 4, 89, 0.436335403726708
10.1133947379206, 8, 2, 0, 253, 0.682420091324201
10.0872222222222, 9, 4, 6, 80, 0.312970396387356
10.0659864423638, 9, 2, 3, 183, 0.746805111821086
9.962, 11, 1, 0, 136, 0.342922374429224
9.93961538461537, 7, 4, 3, 30, 0.289536741214057
9.93500000000001, 10, 1, 0, 197, 0.481278538812785
9.88808561032099, 8, 3, 5, 242, 0.75014534883721
9.87, 8, 1, 0, 128, 0.322374429223744
9.85807835680404, 9, 5, 6, 284, 0.737706974410437
9.84646192802267, 7, 2, 7, 3, 0.0260989010989011
9.84646192802267, 7, 2, 7, 3, 0.0260989010989011
9.82035397732691, 7, 14, 2, 98, 0.666166916541729
9.79536102746612, 10, 6, 5, 69, 0.246947674418605
9.77990116702284, 8, 12, 6, 132, 0.415830406422479
9.71564717350315, 10, 2, 7, 10, 0.409340659340659
9.69585106325942, 10, 11, 6, 110, 0.383090817862519
9.64575238782435, 7, 8, 1, 54, 0.32582081246522
9.50328890437411, 9, 5, 0, 264, 0.844748858447489
9.48018061536804, 5, 8, 3, 143, 0.559904153354633
9.47238095948777, 13, 6, 7, 8, 0.259615384615385
9.44958333333332, 8, 9, 2, 91, 0.641179410294853
9.44937773850587, 7, 6, 3, 126, 0.519568690095847
9.07713178971076, 9, 7, 4, 31, 0.21583850931677
9.05676321872227, 8, 10, 6, 205, 0.520572002007025
9.03152136270518, 7, 2, 1, 2, 0.0342237061769616
9.02228583721415, 9, 5, 6, 80, 0.312970396387356
8.91888578005641, 10, 13, 6, 110, 0.383090817862519
8.87560568825212, 10, 3, 7, 6, 0.197802197802198
8.83399999999999, 7, 4, 5, 170, 0.515116279069767
8.81217189409763, 8, 5, 1, 16, 0.128964941569282
8.74842384065207, 7, 7, 3, 126, 0.519568690095847
8.72, 10, 1, 6, 70, 0.289136979427998
8.71606456386605, 7, 3, 4, 13, 0.133540372670807
8.67973573906487, 12, 2, 3, 46, 0.3314696485623
8.67973573906487, 12, 2, 3, 46, 0.3314696485623
8.63528490870712, 8, 11, 6, 205, 0.520572002007025
8.58375512717677, 12, 3, 3, 121, 0.50758785942492
8.57956227839678, 11, 2, 2, 90, 0.639430284857571
8.53650988275179, 7, 41, 5, 169, 0.513953488372093
8.52853210565764, 5, 7, 0, 259, 0.765981735159817
8.43999999999999, 10, 1, 4, 48, 0.274844720496894
8.4041997966625, 9, 18, 4, 18, 0.167701863354037
8.37142388042287, 6, 56, 0, 79, 0.158333333333333
8.37011057523534, 9, 6, 4, 6, 0.0854037267080745
8.32125, 6, 1, 7, 1, 0.00274725274725275
8.18122545832835, 6, 2, 2, 1, 0.0612193903048476
8.16833333333334, 10, 4, 1, 111, 0.456176961602671
8.1018723639952, 8, 2, 3, 162, 0.620607028753994
7.94166666666667, 9, 1, 2, 74, 0.607196401799101
7.88689226065946, 10, 2, 6, 98, 0.356999498243853
7.83299999999999, 10, 1, 5, 263, 0.828779069767442
7.8, 9, 1, 6, 231, 0.571249372804817
7.6618948112569, 12, 2, 5, 99, 0.354941860465116
7.60188474237564, 9, 22, 4, 18, 0.167701863354037
7.59222222222223, 7, 4, 7, 5, 0.112637362637363
7.52145833333333, 5, 9, 0, 259, 0.765981735159817
7.4636172029541, 11, 7, 2, 26, 0.456521739130435
7.46142857142857, 11, 1, 5, 83, 0.305668604651163
7.4103292774343, 8, 5, 3, 133, 0.537939297124601
7.36199174469651, 6, 2, 0, 100, 0.239954337899543
7.33727474100571, 13, 10, 7, 8, 0.259615384615385
7.28395317669889, 6, 13, 3, 190, 0.821884984025559
7.28337539488783, 11, 7, 6, 77, 0.300175614651279
7.278, 6, 1, 6, 73, 0.293527345709985
7.27160714285716, 7, 49, 3, 30, 0.289536741214057
7.26327229147891, 11, 2, 0, 141, 0.350228310502283
7.26, 9, 1, 4, 41, 0.253105590062112
7.21293079591554, 7, 6, 5, 170, 0.515116279069767
7.168, 5, 1, 0, 159, 0.398858447488584
7.16723433410684, 9, 2, 2, 107, 0.699650174912544
7.14334983838677, 10, 2, 2, 135, 0.86431784107946
7.11, 8, 1, 0, 226, 0.539840182648402
6.9919323880111, 8, 6, 5, 242, 0.75014534883721
6.97071405556453, 9, 10, 6, 284, 0.737706974410437
6.96663357956714, 8, 8, 1, 16, 0.128964941569282
6.945, 8, 1, 5, 282, 0.962645348837209
6.945, 8, 1, 5, 282, 0.962645348837209
6.87000000000002, 10, 4, 7, 10, 0.409340659340659
6.84737419258896, 7, 3, 6, 127, 0.411063723030607
6.81777126339687, 12, 5, 4, 21, 0.18167701863354
6.81777126339685, 12, 5, 4, 21, 0.18167701863354
6.79068999566936, 7, 5, 7, 5, 0.112637362637363
6.79018969114019, 9, 6, 5, 154, 0.481104651162791
6.76467417298622, 8, 6, 3, 133, 0.537939297124601
6.75711240101865, 13, 2, 0, 101, 0.249657534246575
6.74380374038933, 12, 11, 3, 159, 0.608226837060703
6.74166666666667, 10, 1, 5, 153, 0.478779069767442
6.67994261452397, 6, 3, 2, 1, 0.0612193903048476
6.62641025641026, 7, 9, 3, 30, 0.289536741214057
6.61227847503363, 13, 7, 5, 222, 0.695639534883721
6.60428571428571, 13, 1, 3, 187, 0.784744408945687
6.6, 8, 1, 4, 13, 0.133540372670807
6.59828879073856, 6, 3, 7, 5, 0.112637362637363
6.58229166666666, 11, 9, 2, 26, 0.456521739130435
6.54916861452041, 9, 32, 3, 139, 0.551517571884984
6.51251103645899, 9, 3, 3, 151, 0.58426517571885
6.48345977276024, 9, 10, 4, 6, 0.0854037267080745
6.45973551510974, 4, 30, 2, 1, 0.0612193903048476
6.45459926354011, 12, 2, 3, 74, 0.402156549520767
6.43435029662431, 9, 8, 4, 53, 0.293478260869565
6.41888888888889, 6, 4, 5, 116, 0.395639534883721
6.41184210526318, 6, 36, 4, 27, 0.200310559006211
6.37, 13, 1, 0, 35, 0.105707762557078
6.37, 13, 1, 0, 35, 0.105707762557078
6.34770709183262, 6, 89, 1, 178, 0.772954924874791
6.34316666666667, 8, 9, 7, 2, 0.010989010989011
6.24625, 10, 1, 4, 107, 0.684782608695652
6.2175, 11, 1, 4, 79, 0.374223602484472
6.21178934532942, 11, 6, 5, 242, 0.75014534883721
6.20289473684213, 8, 16, 3, 111, 0.479233226837061
6.17764788032898, 11, 3, 6, 195, 0.503135975915705
6.16318835836945, 7, 6, 4, 13, 0.133540372670807
6.11949377668123, 11, 10, 3, 121, 0.50758785942492
6.11314251131415, 8, 11, 0, 69, 0.142465753424658
6.06666666666666, 11, 4, 2, 90, 0.639430284857571
5.99840909090909, 10, 16, 5, 69, 0.246947674418605
5.96798123321447, 10, 2, 4, 48, 0.274844720496894
5.93726022279367, 9, 3, 0, 221, 0.526826484018265
5.93, 7, 4, 6, 127, 0.411063723030607
5.89727055509582, 10, 2, 6, 174, 0.471650777722027
5.8972705550958, 10, 2, 6, 174, 0.471650777722027
5.878, 11, 1, 0, 225, 0.536986301369863
5.875, 9, 1, 7, 2, 0.010989010989011
5.875, 9, 1, 7, 2, 0.010989010989011
5.85202232850604, 9, 3, 2, 107, 0.699650174912544
5.8389711743594, 8, 6, 0, 253, 0.682420091324201
5.81044784357084, 10, 7, 7, 6, 0.197802197802198
5.79423499555147, 10, 2, 0, 130, 0.336872146118721
5.768, 10, 1, 1, 2, 0.0342237061769616
5.74122875822946, 6, 5, 5, 116, 0.395639534883721
5.73761013164256, 8, 11, 7, 2, 0.010989010989011
5.72666666666667, 10, 1, 3, 15, 0.194888178913738
5.71599999999999, 6, 1, 6, 2, 0.0361264425489212
5.71428571428572, 6, 4, 7, 5, 0.112637362637363
5.71, 10, 1, 4, 87, 0.40527950310559
5.71, 10, 1, 4, 87, 0.40527950310559
5.68, 8, 1, 0, 277, 0.990068493150685
5.68, 8, 1, 0, 277, 0.990068493150685
5.6730166902052, 9, 2, 5, 126, 0.414244186046512
5.63059028333403, 8, 2, 5, 255, 0.797529069767442
5.59166666666667, 12, 16, 3, 159, 0.608226837060703
5.56276984364203, 11, 12, 6, 77, 0.300175614651279
5.51715917237607, 13, 3, 0, 101, 0.249657534246575
5.51543289325507, 9, 2, 6, 231, 0.571249372804817
5.47724912707098, 7, 8, 7, 2, 0.010989010989011
5.47177293255176, 8, 40, 6, 115, 0.390491721023582
5.46734963213439, 11, 2, 0, 272, 0.949771689497717
5.4642857142857, 9, 1, 2, 3, 0.297351324337831
5.413520573527, 7, 20, 6, 144, 0.42824887104867
5.40000000000001, 9, 1, 3, 28, 0.284744408945687
5.4, 9, 1, 3, 28, 0.284744408945687
5.24250000000001, 8, 1, 5, 263, 0.828779069767442
5.24, 6, 1, 6, 201, 0.516181635725038
5.23259018078046, 8, 2, 0, 250, 0.660844748858447
5.23, 8, 1, 5, 184, 0.57296511627907
5.21435128994969, 7, 6, 1, 2, 0.0342237061769616
5.13359523141434, 9, 2, 4, 41, 0.253105590062112
5.11945309579061, 9, 2, 6, 253, 0.637230306071249
5.09143939392789, 7, 6, 0, 56, 0.124429223744292
5.04, 13, 1, 0, 134, 0.342237442922374
5.03874510958749, 8, 31, 3, 24, 0.266773162939297
4.99, 7, 1, 7, 2, 0.010989010989011
4.99, 7, 1, 7, 2, 0.010989010989011
4.98100000000001, 11, 4, 0, 136, 0.342922374429224
4.97567471694935, 9, 2, 4, 75, 0.361801242236025
4.96035407002363, 10, 2, 1, 116, 0.463828603227602
4.96035407002363, 10, 2, 1, 116, 0.463828603227602
4.95583333333332, 12, 9, 3, 121, 0.50758785942492
4.93798345031203, 8, 5, 7, 6, 0.197802197802198
4.9247977961875, 13, 3, 6, 201, 0.516181635725038
4.84396875850096, 12, 3, 3, 36, 0.299121405750799
4.81222222222222, 6, 1, 5, 244, 0.754360465116279
4.7975, 12, 1, 3, 91, 0.444888178913738
4.778, 8, 1, 0, 101, 0.249657534246575
4.76666666666667, 10, 1, 7, 6, 0.197802197802198
4.7479006234944, 10, 2, 6, 282, 0.729177119919719
4.71666666666667, 7, 1, 3, 18, 0.23482428115016
4.68, 11, 1, 7, 5, 0.112637362637363
4.68, 11, 1, 7, 5, 0.112637362637363
4.66184099176569, 9, 3, 4, 69, 0.343167701863354
4.65613240571956, 6, 5, 0, 100, 0.239954337899543
4.65285714285714, 12, 1, 3, 173, 0.651357827476038
4.64236627441764, 6, 6, 6, 177, 0.475413948820873
4.63, 10, 1, 7, 5, 0.112637362637363
4.63, 12, 1, 6, 259, 0.652282990466633
4.63, 10, 1, 7, 5, 0.112637362637363
4.63, 12, 1, 6, 259, 0.652282990466633
4.60504071643238, 9, 6, 3, 151, 0.58426517571885
4.60331860967956, 9, 5, 4, 74, 0.358695652173913
4.58750000000001, 5, 1, 4, 106, 0.664596273291926
4.58375, 7, 1, 1, 13, 0.111435726210351
4.575, 14, 1, 0, 91, 0.201255707762557
4.53255446740577, 6, 8, 5, 214, 0.657994186046511
4.53255446740577, 6, 8, 5, 214, 0.657994186046511
4.53250979039209, 14, 5, 7, 6, 0.197802197802198
4.53250979039207, 14, 5, 7, 6, 0.197802197802198
4.52234070278862, 12, 2, 2, 149, 0.942028985507246
4.51166666666666, 9, 4, 7, 2, 0.010989010989011
4.4907311951025, 9, 6, 5, 263, 0.828779069767442
4.46407228137419, 11, 3, 0, 272, 0.949771689497717
4.46184378928711, 10, 2, 0, 113, 0.277853881278539
4.45005867626734, 11, 2, 2, 25, 0.453023488255872
4.44306707129207, 10, 5, 0, 197, 0.481278538812785
4.4125, 9, 1, 2, 1, 0.0612193903048476
4.4093158569704, 7, 8, 0, 56, 0.124429223744292
4.39565627447521, 13, 3, 6, 110, 0.383090817862519
4.3734554416388, 11, 2, 7, 8, 0.259615384615385
4.3734554416388, 11, 2, 7, 8, 0.259615384615385
4.36825670796336, 11, 6, 6, 195, 0.503135975915705
4.33658487376263, 8, 2, 6, 163, 0.462744606121425
4.33063293963464, 8, 7, 3, 162, 0.620607028753994
4.292, 15, 1, 3, 143, 0.559904153354633
4.265, 9, 1, 5, 130, 0.423401162790698
4.26157022721487, 7, 33, 6, 2, 0.0361264425489212
4.2604548531296, 12, 5, 3, 143, 0.559904153354633
4.24, 12, 1, 6, 63, 0.262794781736076
4.23659627531345, 11, 27, 2, 86, 0.629185407296352
4.2175, 8, 1, 6, 292, 0.768564977420973
4.215, 8, 1, 3, 173, 0.651357827476038
4.2125, 11, 1, 5, 265, 0.834447674418604
4.2002142802481, 11, 2, 7, 8, 0.259615384615385
4.20021428024808, 11, 2, 7, 8, 0.259615384615385
4.185, 10, 1, 6, 201, 0.516181635725038
4.18499999999999, 10, 1, 6, 201, 0.516181635725038
4.18001594893289, 9, 3, 6, 253, 0.637230306071249
4.09545504531776, 12, 7, 5, 99, 0.354941860465116
4.08502542615684, 8, 39, 6, 300, 0.878198695434019
4.06666666666666, 10, 1, 7, 5, 0.112637362637363
4.05879292401077, 8, 2, 7, 5, 0.112637362637363
4.05, 9, 1, 6, 140, 0.423858504766683
4.04396253769488, 6, 13, 2, 35, 0.479510244877561
4.03535734339463, 9, 5, 7, 2, 0.010989010989011
3.97, 9, 1, 7, 11, 0.615384615384615
3.97, 9, 1, 7, 11, 0.615384615384615
3.965, 8, 1, 0, 220, 0.524543378995434
3.965, 8, 1, 0, 220, 0.524543378995434
3.93999898477145, 13, 2, 5, 164, 0.501889534883721
3.938, 6, 1, 3, 176, 0.703274760383387
3.935, 9, 1, 7, 8, 0.259615384615385
3.935, 9, 1, 7, 8, 0.259615384615385
3.92, 6, 1, 3, 132, 0.535143769968051
3.92, 6, 1, 3, 132, 0.535143769968051
3.84277777777778, 10, 4, 7, 5, 0.112637362637363
3.83801051978755, 10, 19, 5, 283, 0.984447674418605
3.815, 11, 1, 6, 191, 0.498243853487205
3.815, 11, 1, 6, 191, 0.498243853487205
3.80187746017966, 16, 2, 0, 93, 0.203995433789954
3.78166666666667, 14, 1, 0, 159, 0.398858447488584
3.74527119623312, 17, 3, 7, 11, 0.615384615384615
3.735, 11, 1, 6, 192, 0.499498243853487
3.735, 11, 1, 6, 192, 0.499498243853487
3.73050934860108, 8, 7, 0, 128, 0.322374429223744
3.72786695041548, 11, 8, 7, 2, 0.010989010989011
3.71466762383332, 10, 2, 5, 215, 0.660610465116279
3.71428673178661, 6, 3, 0, 259, 0.765981735159817
3.7, 8, 4, 0, 250, 0.660844748858447
3.6969215005234, 6, 34, 0, 277, 0.990068493150685
3.69406670378262, 8, 15, 4, 89, 0.436335403726708
3.67695526217006, 8, 2, 0, 103, 0.251826484018265
3.67695526217004, 8, 2, 0, 103, 0.251826484018265
3.67194771204602, 15, 3, 6, 109, 0.380832915203211
3.66459597683967, 10, 5, 0, 130, 0.336872146118721
3.65000000000001, 8, 1, 7, 7, 0.245879120879121
3.64999999999999, 8, 1, 7, 7, 0.245879120879121
3.64867099092259, 12, 2, 4, 39, 0.246894409937888
3.64308019858654, 10, 3, 0, 113, 0.277853881278539
3.639, 6, 4, 6, 73, 0.293527345709985
3.63581450399193, 9, 8, 0, 221, 0.526826484018265
3.63, 10, 1, 5, 157, 0.484593023255814
3.62, 9, 1, 6, 183, 0.480556949322629
3.615, 13, 1, 5, 116, 0.395639534883721
3.615, 13, 1, 5, 116, 0.395639534883721
3.60333333333334, 12, 1, 3, 40, 0.307507987220447
3.60074154620124, 12, 7, 3, 143, 0.559904153354633
3.60058772980191, 9, 2, 7, 6, 0.197802197802198
3.58967529868651, 11, 3, 4, 79, 0.374223602484472
3.58793078903969, 9, 5, 5, 126, 0.414244186046512
3.58533333333333, 9, 9, 6, 211, 0.52922729553437
3.584, 5, 4, 0, 159, 0.398858447488584
3.582, 7, 1, 1, 184, 0.975932109070673
3.56666666666666, 13, 1, 5, 248, 0.770058139534884
3.56109797330967, 8, 5, 5, 255, 0.797529069767442
3.55992509284488, 10, 6, 6, 70, 0.289136979427998
3.555, 8, 4, 0, 226, 0.539840182648402
3.55162130426217, 9, 5, 2, 74, 0.607196401799101
3.52333333333333, 8, 1, 5, 233, 0.732267441860465
3.51833333333333, 9, 4, 4, 75, 0.361801242236025
3.5, 8, 1, 6, 26, 0.16294530858003
3.5, 8, 1, 6, 26, 0.16294530858003
3.4902790719368, 10, 2, 1, 163, 0.648998330550918
3.43708493341466, 10, 5, 7, 5, 0.112637362637363
3.42393939393941, 11, 9, 0, 141, 0.350228310502283
3.41, 10, 1, 6, 257, 0.64764174611139
3.40966889888153, 15, 2, 0, 211, 0.502511415525114
3.40666666666667, 14, 1, 0, 107, 0.25513698630137
3.38, 9, 1, 7, 8, 0.259615384615385
3.38, 9, 1, 7, 8, 0.259615384615385
3.376, 11, 1, 2, 89, 0.638680659670165
3.37572669660306, 10, 28, 0, 70, 0.14337899543379
3.37054232365588, 10, 2, 7, 6, 0.197802197802198
3.37007091913508, 10, 2, 3, 143, 0.559904153354633
3.37, 9, 1, 1, 19, 0.144546466332777
3.34666666666666, 13, 1, 5, 64, 0.231976744186047
3.34333333333333, 14, 1, 2, 35, 0.479510244877561
3.334, 7, 1, 6, 90, 0.339939789262418
3.30476991130498, 13, 6, 4, 35, 0.231366459627329
3.30476991130496, 13, 6, 4, 35, 0.231366459627329
3.27333333333333, 13, 1, 7, 8, 0.259615384615385
3.26333333333333, 7, 1, 0, 161, 0.399885844748858
3.2625, 9, 1, 0, 155, 0.392694063926941
3.24400118557658, 11, 22, 5, 242, 0.75014534883721
3.21699569992459, 13, 3, 5, 164, 0.501889534883721
3.20125, 10, 1, 5, 224, 0.705813953488372
3.19, 9, 1, 7, 8, 0.259615384615385
3.19, 9, 1, 7, 8, 0.259615384615385
3.18314440542449, 9, 20, 3, 183, 0.746805111821086
3.17047776394989, 12, 3, 2, 115, 0.723638180909545
3.17000000000001, 12, 1, 4, 90, 0.442546583850932
3.14666666666666, 11, 4, 2, 25, 0.453023488255872
3.14513687102803, 6, 7, 7, 1, 0.00274725274725275
3.14, 11, 1, 4, 57, 0.305900621118012
3.14, 11, 1, 4, 57, 0.305900621118012
3.13333333333334, 10, 1, 0, 172, 0.426255707762557
3.11268405078318, 9, 2, 6, 261, 0.657802308078274
3.08305043747262, 12, 3, 2, 76, 0.609445277361319
3.08305043747259, 12, 3, 2, 76, 0.609445277361319
3.04611545870394, 11, 6, 5, 83, 0.305668604651163
3.0437906191677, 11, 12, 7, 2, 0.010989010989011
3.0267587862266, 8, 3, 5, 263, 0.828779069767442
3.02531541055364, 6, 3, 6, 201, 0.516181635725038
3.01954190786174, 8, 3, 5, 184, 0.57296511627907
3.01581042176063, 13, 8, 6, 201, 0.516181635725038
3.01496498966221, 10, 5, 5, 153, 0.478779069767442
3.0075, 15, 1, 7, 5, 0.112637362637363
2.99666666666667, 8, 1, 2, 146, 0.922038980509745
2.95994898604689, 13, 2, 5, 152, 0.477325581395349
2.95160973029972, 8, 5, 4, 13, 0.133540372670807
2.945, 10, 4, 0, 219, 0.522260273972603
2.945, 10, 4, 0, 219, 0.522260273972603
2.94, 8, 4, 2, 33, 0.476261869065467
2.93999999999999, 8, 4, 2, 33, 0.476261869065467
2.93986757071357, 9, 3, 7, 6, 0.197802197802198
2.93900000000001, 11, 4, 0, 225, 0.536986301369863
2.925, 7, 1, 6, 290, 0.756773707977923
2.91999999999999, 13, 1, 6, 237, 0.584295032614149
2.90762308423908, 10, 2, 6, 83, 0.319869543401907
2.89560226895891, 8, 2, 6, 154, 0.449322629202208
2.89560226895891, 8, 2, 6, 154, 0.449322629202208
2.89, 7, 1, 1, 29, 0.263912075681692
2.89, 7, 1, 1, 29, 0.263912075681692
2.884, 10, 4, 1, 2, 0.0342237061769616
2.88398551469658, 8, 2, 3, 121, 0.50758785942492
2.87556757682529, 10, 2, 7, 5, 0.112637362637363
2.87, 8, 4, 7, 5, 0.112637362637363
2.8675, 14, 1, 0, 46, 0.115639269406393
2.858, 6, 4, 6, 2, 0.0361264425489212
2.85478292295405, 9, 8, 4, 69, 0.343167701863354
2.85322226031128, 9, 30, 6, 8, 0.0815353738083291
2.84980092871999, 10, 3, 1, 163, 0.648998330550918
2.84054895528082, 14, 2, 6, 274, 0.695935775213246
2.83549819255806, 9, 2, 5, 241, 0.748982558139535
2.83000000000001, 12, 1, 6, 65, 0.276342197691922
2.83, 12, 1, 6, 65, 0.276342197691922
2.79666666666667, 10, 1, 6, 247, 0.621048670346212
2.78398299803237, 15, 3, 0, 211, 0.502511415525114
2.78, 13, 1, 5, 262, 0.826162790697675
2.77999999999999, 11, 1, 7, 5, 0.112637362637363
2.76983791643722, 12, 3, 3, 91, 0.444888178913738
2.75165138295776, 10, 3, 3, 143, 0.559904153354633
2.7457142857143, 12, 4, 2, 115, 0.723638180909545
2.74269709354475, 8, 5, 6, 163, 0.462744606121425
2.73650324319194, 8, 2, 4, 14, 0.141304347826087
2.70680475838211, 10, 2, 4, 55, 0.299689440993789
2.70571428571429, 13, 1, 5, 280, 0.940988372093023
2.69618835259206, 13, 6, 3, 187, 0.784744408945687
2.69, 16, 1, 3, 143, 0.559904153354633
2.675, 9, 1, 5, 265, 0.834447674418604
2.65333333333333, 14, 1, 3, 174, 0.662539936102236
2.62666666666667, 10, 4, 5, 215, 0.660610465116279
2.6263973353175, 6, 6, 0, 259, 0.765981735159817
2.6175, 9, 1, 7, 8, 0.259615384615385
2.615, 9, 1, 7, 8, 0.259615384615385
2.61499999999999, 9, 1, 7, 8, 0.259615384615385
2.61099999999998, 10, 9, 5, 263, 0.828779069767442
2.61, 11, 1, 6, 115, 0.390491721023582
2.61, 11, 1, 6, 115, 0.390491721023582
2.608, 9, 1, 6, 299, 0.874435524335173
2.595, 11, 1, 7, 11, 0.615384615384615
2.595, 11, 1, 7, 11, 0.615384615384615
2.58942503270513, 10, 2, 1, 96, 0.413884251530328
2.58000000000001, 12, 4, 4, 39, 0.246894409937888
2.5775, 10, 1, 5, 209, 0.643604651162791
2.56679761570717, 10, 2, 5, 157, 0.484593023255814
2.56104319022976, 10, 5, 3, 15, 0.194888178913738
2.56, 9, 1, 7, 8, 0.259615384615385
2.56, 9, 1, 7, 8, 0.259615384615385
2.55598304140665, 14, 2, 3, 83, 0.425319488817891
2.55271297591698, 11, 3, 7, 9, 0.299450549450549
2.54755806279923, 9, 3, 2, 1, 0.0612193903048476
2.54149588497274, 9, 3, 6, 261, 0.657802308078274
2.53666666666667, 10, 1, 6, 299, 0.874435524335173
2.52555555555555, 10, 16, 2, 135, 0.86431784107946
2.52201418623203, 13, 2, 5, 248, 0.770058139534884
2.52, 13, 4, 0, 134, 0.342237442922374
2.4913728923806, 8, 2, 5, 233, 0.732267441860465
2.48333333333333, 9, 1, 6, 167, 0.466758655293527
2.48194480196479, 7, 2, 0, 255, 0.713470319634703
2.48194480196478, 7, 2, 0, 255, 0.713470319634703
2.48, 16, 1, 3, 130, 0.530750798722045
2.455, 11, 1, 6, 110, 0.383090817862519
2.455, 11, 1, 6, 110, 0.383090817862519
2.45185553641083, 17, 7, 7, 11, 0.615384615384615
2.44796514136401, 12, 3, 6, 63, 0.262794781736076
2.425, 9, 1, 7, 10, 0.409340659340659
2.425, 9, 1, 7, 10, 0.409340659340659
2.42198437925047, 12, 12, 3, 36, 0.299121405750799
2.4172927851568, 12, 7, 2, 149, 0.942028985507246
2.41678822682778, 13, 3, 5, 152, 0.477325581395349
2.41406255097086, 15, 2, 0, 195, 0.474771689497717
2.41123412384613, 10, 2, 6, 257, 0.64764174611139
2.41002498081726, 13, 3, 2, 5, 0.356071964017991
2.4, 12, 1, 2, 62, 0.563718140929535
2.39, 13, 1, 7, 8, 0.259615384615385
2.39, 13, 1, 7, 8, 0.259615384615385
2.389, 8, 4, 0, 101, 0.249657534246575
2.38294985259866, 9, 2, 1, 19, 0.144546466332777
2.37406430690775, 10, 3, 6, 83, 0.319869543401907
2.36645069437098, 13, 2, 5, 64, 0.231976744186047
2.36409367176702, 14, 2, 2, 35, 0.479510244877561
2.3625, 10, 1, 3, 185, 0.775159744408946
2.36086058953388, 10, 7, 4, 107, 0.684782608695652
2.35333333333333, 14, 1, 7, 10, 0.409340659340659
2.35, 10, 1, 7, 6, 0.197802197802198
2.34666666666666, 14, 1, 3, 143, 0.559904153354633
2.32638131010375, 14, 2, 3, 114, 0.486421725239617
2.3225, 16, 1, 5, 272, 0.891860465116279
2.31459619708396, 13, 2, 7, 8, 0.259615384615385
2.30752512927209, 7, 2, 0, 161, 0.399885844748858
2.3, 14, 1, 7, 8, 0.259615384615385
2.3, 14, 1, 7, 8, 0.259615384615385
2.29000000000001, 13, 1, 4, 71, 0.349378881987578
2.27333333333333, 13, 1, 3, 173, 0.651357827476038
2.25578998033375, 18, 3, 3, 190, 0.821884984025559
2.245, 8, 1, 5, 200, 0.599563953488372
2.245, 8, 1, 5, 200, 0.599563953488372
2.24152849636135, 12, 2, 4, 90, 0.442546583850932
2.23078530146325, 9, 6, 2, 3, 0.297351324337831
2.21890107936339, 12, 2, 6, 196, 0.50413948820873
2.21560124771784, 10, 2, 0, 172, 0.426255707762557
2.2107142857143, 11, 4, 7, 9, 0.299450549450549
2.21009683045789, 10, 3, 4, 55, 0.299689440993789
2.20799999999999, 15, 1, 5, 112, 0.390116279069767
2.20333333333333, 19, 1, 5, 152, 0.477325581395349
2.18731697647039, 12, 2, 5, 226, 0.714970930232558
2.146, 15, 4, 3, 143, 0.559904153354633
2.13333333333333, 17, 1, 0, 56, 0.124429223744292
2.11896332095568, 8, 2, 2, 146, 0.922038980509745
2.11601704270075, 7, 2, 1, 139, 0.519894268224819
2.11425668577242, 10, 3, 1, 96, 0.413884251530328
2.10935745877481, 7, 5, 3, 18, 0.23482428115016
2.09000797446645, 9, 3, 6, 183, 0.480556949322629
2.09, 11, 1, 5, 240, 0.747383720930232
2.09, 11, 1, 5, 240, 0.747383720930232
2.08737921806269, 9, 2, 5, 214, 0.657994186046511
2.08714285714286, 13, 4, 2, 5, 0.356071964017991
2.07666666666667, 9, 1, 6, 48, 0.238710486703462
2.07, 11, 1, 6, 192, 0.499498243853487
2.06666666666666, 7, 1, 7, 5, 0.112637362637363
2.06475180106472, 13, 2, 6, 237, 0.584295032614149
2.06, 11, 1, 0, 252, 0.676940639269406
2.06, 11, 1, 0, 252, 0.676940639269406
2.04666666666667, 11, 1, 6, 147, 0.438158554942298
2.0460021994123, 14, 5, 0, 91, 0.201255707762557
2.04112350564322, 12, 20, 3, 74, 0.402156549520767
2.03638682525771, 10, 30, 6, 98, 0.356999498243853
2.02499999999999, 9, 4, 6, 140, 0.423858504766683
2.02, 8, 1, 7, 5, 0.112637362637363
2.02, 8, 1, 7, 5, 0.112637362637363
2.01808275350641, 9, 2, 4, 23, 0.187888198757764
2.01000000000001, 13, 1, 7, 8, 0.259615384615385
2.01, 13, 1, 7, 8, 0.259615384615385
2, 8, 1, 7, 5, 0.112637362637363
2, 8, 1, 7, 5, 0.112637362637363
1.99666666666667, 12, 1, 0, 229, 0.555936073059361
1.98343452122827, 10, 2, 6, 100, 0.361264425489212
1.98343452122826, 10, 2, 6, 100, 0.361264425489212
1.97754196471838, 10, 2, 6, 247, 0.621048670346212
1.97107381901338, 15, 3, 0, 195, 0.474771689497717
1.97, 8, 1, 7, 5, 0.112637362637363
1.97, 8, 1, 7, 5, 0.112637362637363
1.96900000000001, 6, 4, 3, 176, 0.703274760383387
1.9657568516986, 13, 2, 5, 262, 0.826162790697675
1.96, 11, 1, 3, 146, 0.568290734824281
1.95357142857144, 18, 4, 3, 190, 0.821884984025559
1.95333333333333, 11, 1, 3, 143, 0.559904153354633
1.95161471607487, 8, 2, 0, 92, 0.202054794520548
1.95, 9, 1, 1, 20, 0.150806900389538
1.95, 9, 1, 1, 20, 0.150806900389538
1.945, 15, 1, 7, 8, 0.259615384615385
1.945, 15, 1, 7, 8, 0.259615384615385
1.94, 12, 1, 4, 49, 0.277950310559006
1.94, 12, 1, 4, 49, 0.277950310559006
1.93500000000001, 8, 4, 4, 14, 0.141304347826087
1.93, 11, 1, 6, 95, 0.351605619668841
1.93, 11, 1, 6, 95, 0.351605619668841
1.91, 11, 1, 3, 132, 0.535143769968051
1.90736598480734, 9, 5, 5, 130, 0.423401162790698
1.905, 7, 1, 7, 7, 0.245879120879121
1.905, 7, 1, 7, 7, 0.245879120879121
1.9, 12, 1, 2, 21, 0.445527236381809
1.9, 12, 1, 2, 21, 0.445527236381809
1.899520974344, 12, 6, 3, 173, 0.651357827476038
1.88500530503232, 8, 5, 3, 173, 0.651357827476038
1.88360525323116, 9, 3, 0, 155, 0.392694063926941
1.87618999274831, 14, 2, 3, 174, 0.662539936102236
1.87499999999999, 13, 1, 0, 221, 0.526826484018265
1.87, 15, 1, 0, 96, 0.216095890410959
1.87, 15, 1, 0, 96, 0.216095890410959
1.865, 17, 1, 7, 11, 0.615384615384615
1.86499999999999, 17, 1, 7, 11, 0.615384615384615
1.86000000000001, 11, 1, 0, 56, 0.124429223744292
1.86, 11, 1, 0, 56, 0.124429223744292
1.84666666666667, 13, 1, 6, 128, 0.412192674360261
1.84654498121409, 13, 17, 6, 110, 0.383090817862519
1.83666666666667, 11, 1, 1, 173, 0.695882025598219
1.83597385602304, 15, 12, 6, 109, 0.380832915203211
1.825, 9, 1, 7, 10, 0.409340659340659
1.825, 9, 1, 7, 10, 0.409340659340659
1.82442685063922, 12, 3, 5, 163, 0.5
1.82399259307481, 8, 5, 3, 121, 0.50758785942492
1.81172514471704, 12, 3, 6, 196, 0.50413948820873
1.8, 11, 1, 5, 114, 0.392005813953488
1.79652090077983, 14, 5, 6, 274, 0.695935775213246
1.79369420160987, 10, 2, 6, 299, 0.874435524335173
1.79332651795483, 9, 5, 5, 241, 0.748982558139535
1.791, 7, 4, 1, 184, 0.975932109070673
1.78, 13, 1, 4, 90, 0.442546583850932
1.78, 13, 1, 4, 90, 0.442546583850932
1.7675, 9, 1, 3, 36, 0.299121405750799
1.75645324446739, 15, 2, 3, 145, 0.567092651757188
1.75598183994659, 9, 2, 6, 167, 0.466758655293527
1.75598183994659, 13, 2, 6, 298, 0.852609131961867
1.75362481734264, 16, 2, 3, 130, 0.530750798722045
1.75277777777778, 7, 4, 3, 121, 0.50758785942492
1.74301821562484, 7, 2, 4, 67, 0.33695652173913
1.74301821562483, 7, 2, 4, 67, 0.33695652173913
1.7363809345878, 15, 3, 7, 5, 0.112637362637363
1.73400000000001, 10, 1, 5, 195, 0.595639534883721
1.73391201992983, 5, 7, 4, 106, 0.664596273291926
1.73333333333333, 14, 1, 3, 121, 0.50758785942492
1.73249465315605, 7, 7, 1, 13, 0.111435726210351
1.728, 8, 1, 0, 170, 0.423858447488584
1.70433799464777, 9, 3, 5, 214, 0.657994186046511
1.70137748295496, 6, 8, 5, 244, 0.754360465116279
1.7002512886172, 16, 10, 0, 93, 0.203995433789954
1.7, 10, 1, 6, 245, 0.607375815353738
1.7, 10, 1, 6, 245, 0.607375815353738
1.69121274698233, 14, 5, 0, 159, 0.398858447488584
1.68874953737967, 7, 3, 6, 290, 0.756773707977923
1.688, 11, 4, 2, 89, 0.638680659670165
1.684, 6, 1, 7, 11, 0.615384615384615
1.66700000000002, 7, 4, 6, 90, 0.339939789262418
1.66666666666666, 12, 1, 3, 80, 0.420127795527157
1.66452936291314, 8, 2, 1, 141, 0.524485253199777
1.66405795839234, 14, 2, 7, 10, 0.409340659340659
1.66170093578839, 12, 2, 3, 7, 0.155750798722045
1.66170093578838, 12, 2, 3, 7, 0.155750798722045
1.66, 12, 1, 6, 295, 0.776969392875063
1.66, 12, 1, 6, 295, 0.776969392875063
1.65934391318443, 14, 2, 3, 143, 0.559904153354633
1.65816540188245, 19, 2, 1, 22, 0.210628825820812
1.65816540188245, 19, 2, 1, 22, 0.210628825820812
1.65555189690125, 14, 3, 0, 46, 0.115639269406393
1.65333333333333, 8, 1, 3, 149, 0.575878594249201
1.64775766826719, 9, 3, 4, 23, 0.187888198757764
1.64666666666667, 10, 1, 0, 132, 0.33972602739726
1.645, 14, 4, 3, 114, 0.486421725239617
1.6404877323528, 7, 2, 5, 65, 0.234883720930233
1.64048773235279, 7, 2, 5, 65, 0.234883720930233
1.63058823741618, 13, 2, 5, 152, 0.477325581395349
1.62634559672906, 12, 2, 3, 127, 0.522364217252396
1.62634559672906, 12, 2, 3, 127, 0.522364217252396
1.61145965578483, 12, 5, 3, 40, 0.307507987220447
1.60748941589741, 13, 2, 3, 173, 0.651357827476038
1.6, 10, 1, 5, 270, 0.875
1.59750000000001, 14, 4, 4, 63, 0.324534161490683
1.59749999999999, 14, 4, 4, 63, 0.324534161490683
1.59500000000001, 9, 1, 3, 50, 0.343849840255591
1.595, 9, 1, 3, 50, 0.343849840255591
1.59406516491642, 8, 7, 6, 292, 0.768564977420973
1.5875, 11, 1, 6, 146, 0.436904164576016
1.56773210422485, 7, 5, 3, 121, 0.50758785942492
1.56034896381832, 7, 2, 0, 244, 0.638584474885845
1.55799194121436, 19, 2, 5, 152, 0.477325581395349
1.555, 9, 1, 7, 6, 0.197802197802198
1.555, 9, 1, 7, 6, 0.197802197802198
1.5530722241201, 16, 3, 3, 143, 0.559904153354633
1.54666666666667, 12, 4, 5, 226, 0.714970930232558
1.54441197008225, 9, 3, 5, 265, 0.834447674418604
1.53, 11, 1, 6, 78, 0.304064224786754
1.53, 11, 1, 6, 78, 0.304064224786754
1.52800000000001, 10, 1, 3, 18, 0.23482428115016
1.52350764866986, 14, 5, 0, 107, 0.25513698630137
1.51603693886395, 12, 2, 2, 100, 0.674662668665667
1.51320851173921, 10, 2, 0, 178, 0.442694063926941
1.51121432960384, 9, 3, 7, 8, 0.259615384615385
1.5084944665313, 17, 2, 0, 56, 0.124429223744292
1.50141800743758, 10, 20, 6, 282, 0.729177119919719
1.49333333333333, 12, 1, 6, 297, 0.807325639739087
1.48812031883626, 10, 3, 5, 209, 0.643604651162791
1.4725, 15, 1, 4, 31, 0.21583850931677
1.47078210486802, 8, 2, 5, 114, 0.392005813953488
1.46842508226406, 9, 2, 6, 48, 0.238710486703462
1.46371103705615, 11, 2, 6, 192, 0.499498243853487
1.4613540144522, 7, 2, 7, 5, 0.112637362637363
1.435, 14, 1, 1, 167, 0.661797440178075
1.435, 14, 1, 1, 167, 0.661797440178075
1.43413806866703, 15, 3, 3, 145, 0.567092651757188
1.43333333333333, 10, 1, 7, 8, 0.259615384615385
1.43189123190276, 10, 2, 6, 44, 0.232062217762168
1.43189123190275, 10, 2, 6, 44, 0.232062217762168
1.425, 11, 1, 3, 152, 0.585463258785943
1.425, 11, 1, 3, 152, 0.585463258785943
1.42, 14, 1, 7, 8, 0.259615384615385
1.41999999999999, 14, 1, 7, 8, 0.259615384615385
1.415, 9, 1, 6, 138, 0.422227797290517
1.415, 9, 1, 6, 138, 0.422227797290517
1.41319496177987, 12, 5, 5, 163, 0.5
1.41185653976914, 12, 2, 0, 229, 0.555936073059361
1.40333333333333, 10, 1, 3, 105, 0.472044728434505
1.39, 11, 4, 7, 5, 0.112637362637363
1.38564064605511, 12, 3, 2, 62, 0.563718140929535
1.38121524591772, 11, 2, 3, 143, 0.559904153354633
1.38, 8, 4, 0, 92, 0.202054794520548
1.37666666666667, 14, 1, 4, 49, 0.277950310559006
1.36999999999999, 16, 1, 7, 10, 0.409340659340659
1.35908253367238, 8, 3, 1, 141, 0.524485253199777
1.35057395206631, 11, 2, 5, 265, 0.834447674418604
1.3505739520663, 11, 2, 5, 265, 0.834447674418604
1.35000000000001, 9, 1, 5, 114, 0.392005813953488
1.34089600019291, 16, 3, 5, 272, 0.891860465116279
1.34, 7, 1, 5, 241, 0.748982558139535
1.34, 7, 1, 5, 241, 0.748982558139535
1.33643181644258, 8, 2, 0, 96, 0.216095890410959
1.33643181644258, 8, 2, 0, 96, 0.216095890410959
1.335, 9, 1, 6, 178, 0.47704465629704
1.335, 9, 1, 6, 178, 0.47704465629704
1.335, 14, 1, 5, 148, 0.462790697674419
1.33333333333334, 7, 1, 7, 7, 0.245879120879121
1.33136972075128, 13, 3, 5, 152, 0.477325581395349
1.32213211644423, 13, 3, 4, 71, 0.349378881987578
1.32, 8, 1, 6, 227, 0.55920722528851
1.32, 8, 1, 6, 227, 0.55920722528851
1.315, 12, 1, 5, 223, 0.700872093023256
1.315, 12, 1, 5, 223, 0.700872093023256
1.31168307910105, 8, 2, 3, 173, 0.651357827476038
1.31168307910104, 8, 2, 3, 173, 0.651357827476038
1.31, 15, 1, 1, 76, 0.375208681135225
1.30579052259116, 13, 2, 6, 128, 0.412192674360261
1.304, 9, 4, 6, 299, 0.874435524335173
1.3, 7, 1, 0, 264, 0.844748858447489
1.29871945477929, 11, 2, 1, 173, 0.695882025598219
1.295, 13, 1, 6, 177, 0.475413948820873
1.295, 13, 1, 6, 177, 0.475413948820873
1.28339880785358, 8, 2, 4, 68, 0.340062111801242
1.28339880785358, 8, 2, 4, 68, 0.340062111801242
1.275, 11, 1, 0, 221, 0.526826484018265
1.265, 14, 1, 5, 170, 0.515116279069767
1.265, 14, 1, 5, 170, 0.515116279069767
1.24804346879427, 12, 2, 0, 229, 0.555936073059361
1.24804346879425, 12, 2, 0, 229, 0.555936073059361
1.24166666666667, 13, 4, 6, 298, 0.852609131961867
1.23783897714256, 12, 3, 2, 100, 0.674662668665667
1.22168300921311, 7, 6, 1, 139, 0.519894268224819
1.22, 17, 1, 7, 13, 0.993131868131868
1.22, 17, 1, 7, 13, 0.993131868131868
1.215, 11, 1, 6, 169, 0.467762167586553
1.215, 11, 1, 6, 169, 0.467762167586553
1.20995876922078, 10, 7, 5, 224, 0.705813953488372
1.20666666666667, 7, 1, 6, 260, 0.656046161565479
1.205, 11, 1, 6, 298, 0.852609131961867
1.205, 11, 1, 6, 298, 0.852609131961867
1.20333333333333, 14, 1, 7, 8, 0.259615384615385
1.20088855991442, 8, 3, 5, 114, 0.392005813953488
1.19501046020527, 10, 2, 5, 105, 0.365552325581395
1.19501046020526, 10, 2, 5, 105, 0.365552325581395
1.185, 12, 1, 4, 85, 0.395962732919255
1.185, 12, 1, 4, 85, 0.395962732919255
1.17884801949242, 11, 2, 7, 5, 0.112637362637363
1.17851130197758, 12, 2, 3, 80, 0.420127795527157
1.175, 19, 1, 0, 189, 0.460730593607306
1.175, 19, 1, 0, 189, 0.460730593607306
1.175, 10, 4, 7, 6, 0.197802197802198
1.16908321156176, 8, 2, 3, 149, 0.575878594249201
1.16436916635384, 10, 2, 0, 132, 0.33972602739726
1.16, 13, 1, 4, 89, 0.436335403726708
1.16, 13, 1, 4, 89, 0.436335403726708
1.15, 13, 1, 7, 7, 0.245879120879121
1.15, 13, 1, 7, 7, 0.245879120879121
1.13137084989847, 10, 2, 5, 270, 0.875
1.11666666666667, 11, 1, 6, 267, 0.677370797792273
1.10460323162651, 13, 6, 5, 280, 0.940988372093023
1.10400000000001, 15, 4, 5, 112, 0.390116279069767
1.10333333333332, 7, 4, 0, 244, 0.638584474885845
1.10273901415218, 11, 3, 3, 132, 0.535143769968051
1.09333333333333, 12, 1, 0, 274, 0.962328767123288
1.09, 13, 1, 5, 128, 0.419622093023256
1.08766282305992, 11, 15, 5, 265, 0.834447674418604
1.08333333333333, 14, 1, 3, 158, 0.604233226837061
1.08253175473056, 13, 3, 0, 221, 0.526826484018265
1.07666666666666, 11, 1, 0, 226, 0.539840182648402
1.075, 11, 1, 5, 231, 0.72281976744186
1.075, 11, 1, 5, 231, 0.72281976744186
1.07480230740355, 9, 2, 1, 145, 0.53158041179744
1.07480230740355, 9, 2, 1, 145, 0.53158041179744
1.06666666666667, 11, 1, 6, 78, 0.304064224786754
1.05594612657192, 12, 2, 6, 297, 0.807325639739087
1.045, 9, 1, 2, 74, 0.607196401799101
1.04499999999999, 9, 1, 2, 74, 0.607196401799101
1.04, 10, 1, 5, 258, 0.807703488372093
1.04, 10, 1, 5, 258, 0.807703488372093
1.03923048454135, 11, 3, 5, 114, 0.392005813953488
1.035, 12, 1, 6, 209, 0.52646763672855
1.035, 12, 1, 6, 209, 0.52646763672855
1.025, 11, 1, 3, 158, 0.604233226837061
1.025, 11, 1, 3, 158, 0.604233226837061
1.02046660079266, 9, 3, 3, 36, 0.299121405750799
1.01823376490863, 8, 2, 6, 74, 0.296287004515805
1.01823376490863, 8, 2, 6, 74, 0.296287004515805
1.01351971970072, 10, 2, 7, 8, 0.259615384615385
1.00333333333333, 8, 1, 6, 183, 0.480556949322629
0.997991179599234, 6, 3, 1, 57, 0.32943795214246
0.992306516265121, 10, 2, 3, 105, 0.472044728434505
0.980000000000004, 9, 1, 7, 10, 0.409340659340659
0.980000000000004, 9, 1, 7, 10, 0.409340659340659
0.975000000000001, 15, 1, 7, 8, 0.259615384615385
0.974999999999994, 15, 1, 7, 8, 0.259615384615385
0.973450335433479, 14, 2, 4, 49, 0.277950310559006
0.968736290225578, 16, 2, 7, 10, 0.409340659340659
0.965000000000003, 8, 1, 3, 123, 0.511980830670927
0.943333333333335, 9, 1, 6, 100, 0.361264425489212
0.94280904158205, 7, 2, 7, 7, 0.245879120879121
0.933313045586094, 14, 15, 3, 83, 0.425319488817891
0.926666666666666, 11, 1, 5, 137, 0.438953488372093
0.91923881554251, 7, 2, 0, 264, 0.844748858447489
0.916543552338534, 11, 3, 6, 146, 0.436904164576016
0.915297158789912, 11, 5, 6, 147, 0.438158554942298
0.900000000000006, 8, 1, 6, 201, 0.516181635725038
0.900000000000006, 11, 1, 7, 7, 0.245879120879121
0.899999999999991, 11, 1, 7, 7, 0.245879120879121
0.895, 11, 1, 0, 2, 0.0231735159817352
0.895, 11, 1, 0, 2, 0.0231735159817352
0.8929410674843, 10, 7, 3, 185, 0.775159744408946
0.880000000000003, 15, 1, 5, 165, 0.502761627906977
0.879999999999999, 15, 1, 5, 165, 0.502761627906977
0.873651341592664, 10, 6, 0, 178, 0.442694063926941
0.86699999999999, 10, 4, 5, 195, 0.595639534883721
0.865, 11, 1, 5, 157, 0.484593023255814
0.864999999999999, 11, 1, 5, 157, 0.484593023255814
0.8642857142857, 6, 4, 1, 57, 0.32943795214246
0.864000000000004, 8, 4, 0, 170, 0.423858447488584
0.853242182631765, 7, 2, 6, 260, 0.656046161565479
0.850885160027812, 14, 2, 7, 8, 0.259615384615385
0.850148271381726, 15, 3, 4, 31, 0.21583850931677
0.850000000000001, 8, 1, 3, 81, 0.423722044728435
0.850000000000001, 8, 1, 3, 81, 0.423722044728435
0.848528137423859, 14, 2, 2, 9, 0.387306346826587
0.848528137423849, 14, 2, 2, 9, 0.387306346826587
0.842000000000013, 6, 4, 7, 11, 0.615384615384615
0.839999999999996, 16, 1, 0, 193, 0.466095890410959
0.835000000000001, 12, 1, 6, 92, 0.344957350727546
0.835000000000001, 12, 1, 6, 92, 0.344957350727546
0.835000000000001, 9, 1, 0, 251, 0.668949771689498
0.835000000000001, 9, 1, 0, 251, 0.668949771689498
0.830000000000002, 10, 1, 3, 143, 0.559904153354633
0.829999999999998, 10, 1, 3, 143, 0.559904153354633
0.829999999999998, 20, 1, 7, 10, 0.409340659340659
0.829999999999998, 20, 1, 7, 10, 0.409340659340659
0.80016664930917, 11, 6, 3, 146, 0.568290734824281
0.789602572324973, 11, 2, 6, 267, 0.677370797792273
0.779422863406, 9, 3, 5, 114, 0.392005813953488
0.775170232199929, 14, 5, 3, 121, 0.50758785942492
0.773103414097292, 12, 2, 0, 274, 0.962328767123288
0.770762609368157, 14, 3, 5, 148, 0.462790697674419
0.770746391493349, 13, 2, 5, 128, 0.419622093023256
0.766032346285428, 14, 2, 3, 158, 0.604233226837061
0.763999999999996, 10, 4, 3, 18, 0.23482428115016
0.761318301077522, 11, 2, 0, 226, 0.539840182648402
0.756666666666669, 17, 1, 5, 276, 0.922674418604651
0.755000000000003, 10, 1, 3, 143, 0.559904153354633
0.755000000000003, 9, 1, 5, 114, 0.392005813953488
0.755000000000001, 11, 1, 6, 95, 0.351605619668841
0.754999999999999, 11, 1, 6, 95, 0.351605619668841
0.754999999999995, 10, 1, 3, 143, 0.559904153354633
0.754999999999995, 9, 1, 5, 114, 0.392005813953488
0.754247233265653, 11, 2, 6, 78, 0.304064224786754
0.75333333333333, 8, 1, 2, 107, 0.699650174912544
0.745568951354942, 11, 5, 7, 5, 0.112637362637363
0.736121593216774, 11, 3, 0, 221, 0.526826484018265
0.734999999999999, 13, 1, 0, 219, 0.522260273972603
0.734999999999999, 13, 1, 0, 219, 0.522260273972603
0.730000000000004, 11, 1, 6, 109, 0.380832915203211
0.729999999999997, 11, 1, 6, 109, 0.380832915203211
0.720000000000006, 14, 1, 6, 187, 0.490842950326141
0.719999999999999, 14, 1, 6, 187, 0.490842950326141
0.709463803790506, 8, 2, 6, 183, 0.480556949322629
0.706666666666667, 16, 1, 3, 143, 0.559904153354633
0.702500000000001, 9, 1, 5, 234, 0.734156976744186
0.700000000000003, 8, 1, 7, 7, 0.245879120879121
0.700000000000003, 8, 1, 7, 7, 0.245879120879121
0.69, 16, 1, 2, 68, 0.590954522738631
0.69, 16, 1, 2, 68, 0.590954522738631
0.69, 11, 1, 6, 242, 0.591445057701957
0.685000000000002, 13, 1, 6, 176, 0.474034119417963
0.685000000000002, 17, 1, 7, 6, 0.197802197802198
0.684999999999999, 13, 1, 6, 176, 0.474034119417963
0.684999999999999, 17, 1, 7, 6, 0.197802197802198
0.675000000000001, 12, 1, 6, 292, 0.768564977420973
0.674999999999997, 12, 1, 6, 292, 0.768564977420973
0.667037396919306, 9, 2, 6, 100, 0.361264425489212
0.666666666666664, 9, 1, 3, 50, 0.343849840255591
0.656666666666668, 16, 1, 2, 45, 0.50199900049975
0.655252283899536, 11, 2, 5, 137, 0.438953488372093
0.654999999999998, 15, 4, 1, 76, 0.375208681135225
0.650000000000006, 17, 1, 7, 8, 0.259615384615385
0.650000000000002, 13, 1, 0, 219, 0.522260273972603
0.650000000000002, 9, 1, 7, 6, 0.197802197802198
0.649999999999999, 9, 1, 5, 232, 0.727180232558139
0.649999999999999, 9, 1, 5, 232, 0.727180232558139
0.649999999999999, 9, 1, 7, 6, 0.197802197802198
0.649999999999999, 17, 1, 7, 8, 0.259615384615385
0.645000000000003, 8, 1, 4, 48, 0.274844720496894
0.645, 9, 1, 6, 167, 0.466758655293527
0.645, 9, 1, 6, 167, 0.466758655293527
0.644999999999996, 8, 1, 4, 48, 0.274844720496894
0.636396103067877, 8, 2, 6, 201, 0.516181635725038
0.633333333333336, 10, 1, 6, 279, 0.718013045659809
0.633333333333333, 9, 1, 6, 246, 0.616783743100853
0.633333333333333, 12, 1, 0, 107, 0.25513698630137
0.629325035256025, 15, 2, 6, 294, 0.774460612142499
0.623333333333335, 10, 1, 7, 10, 0.409340659340659
0.615182899632295, 9, 2, 0, 125, 0.310616438356164
0.615000000000002, 9, 1, 3, 67, 0.386182108626198
0.614999999999995, 9, 1, 3, 67, 0.386182108626198
0.605000000000004, 13, 1, 6, 241, 0.590190667335675
0.604999999999997, 13, 1, 6, 241, 0.590190667335675
0.599999999999998, 10, 1, 6, 263, 0.659809332664325
0.599999999999994, 10, 1, 7, 7, 0.245879120879121
0.593969696196707, 16, 2, 0, 193, 0.466095890410959
0.58666666666667, 13, 1, 5, 63, 0.229069767441861
0.580000000000002, 15, 1, 1, 103, 0.439343350027824
0.579999999999998, 15, 1, 1, 103, 0.439343350027824
0.57, 18, 1, 6, 196, 0.50413948820873
0.57, 18, 1, 6, 196, 0.50413948820873
0.565685424949239, 13, 2, 5, 56, 0.210901162790698
0.565685424949236, 13, 2, 5, 56, 0.210901162790698
0.565000000000005, 20, 1, 6, 78, 0.304064224786754
0.564999999999998, 20, 1, 6, 78, 0.304064224786754
0.557143009767981, 8, 3, 3, 123, 0.511980830670927
0.535044131097819, 17, 2, 5, 276, 0.922674418604651
0.535000000000004, 12, 1, 5, 243, 0.75203488372093
0.534999999999997, 12, 1, 5, 243, 0.75203488372093
0.532687108493869, 8, 2, 2, 107, 0.699650174912544
0.530000000000001, 12, 1, 6, 113, 0.388986452584044
0.529999999999998, 12, 1, 6, 113, 0.388986452584044
0.519999999999996, 14, 1, 3, 58, 0.367811501597444
0.51384173957877, 15, 3, 6, 294, 0.774460612142499
0.509999999999998, 10, 1, 1, 152, 0.575264329437952
0.509999999999998, 10, 1, 1, 152, 0.575264329437952
0.502294734194979, 9, 3, 0, 125, 0.310616438356164
0.5, 9, 1, 1, 142, 0.52615470228158
0.5, 9, 1, 1, 142, 0.52615470228158
0.499688792038491, 16, 2, 3, 143, 0.559904153354633
0.490000000000002, 10, 1, 0, 257, 0.740296803652968
0.489999999999995, 10, 1, 0, 257, 0.740296803652968
0.485075251893967, 7, 2, 2, 29, 0.469515242378811
0.483333333333334, 15, 1, 0, 51, 0.119634703196347
0.48, 13, 1, 2, 153, 0.974262868565717
0.48, 13, 1, 2, 153, 0.974262868565717
0.473333333333336, 16, 1, 3, 84, 0.427316293929712
0.471404520791035, 9, 2, 3, 50, 0.343849840255591
0.464333452979163, 16, 2, 2, 45, 0.50199900049975
0.45961940777126, 7, 2, 3, 123, 0.511980830670927
0.459619407771255, 13, 2, 0, 219, 0.522260273972603
0.45961940777124, 7, 2, 3, 123, 0.511980830670927
0.455000000000002, 10, 1, 5, 223, 0.700872093023256
0.454999999999998, 10, 1, 5, 223, 0.700872093023256
0.453333333333326, 10, 1, 7, 13, 0.993131868131868
0.450000000000003, 8, 1, 5, 68, 0.241133720930233
0.450000000000003, 8, 1, 5, 68, 0.241133720930233
0.449999999999999, 14, 1, 3, 154, 0.588258785942492
0.449999999999999, 14, 1, 3, 154, 0.588258785942492
0.449999999999999, 8, 1, 6, 301, 0.940291018564977
0.449999999999999, 8, 1, 6, 301, 0.940291018564977
0.447834294751485, 9, 2, 6, 246, 0.616783743100853
0.447834294751475, 10, 2, 6, 279, 0.718013045659809
0.447834294751475, 12, 2, 0, 107, 0.25513698630137
0.440763226939616, 10, 2, 7, 10, 0.409340659340659
0.424264068711945, 10, 2, 7, 7, 0.245879120879121
0.424264068711935, 10, 2, 6, 263, 0.659809332664325
0.42426406871193, 15, 2, 2, 50, 0.531984007996002
0.42426406871193, 15, 2, 2, 50, 0.531984007996002
0.423333333333332, 13, 1, 4, 74, 0.358695652173913
0.416666666666668, 10, 1, 5, 195, 0.595639534883721
0.414835978296107, 13, 2, 5, 63, 0.229069767441861
0.413333333333327, 12, 1, 4, 68, 0.340062111801242
0.41, 9, 1, 6, 272, 0.691545408931259
0.41, 9, 1, 6, 272, 0.691545408931259
0.41, 17, 1, 6, 289, 0.753888610135474
0.41, 17, 1, 6, 289, 0.753888610135474
0.405588564105712, 9, 3, 5, 234, 0.734156976744186
0.405000000000001, 15, 1, 5, 200, 0.599563953488372
0.405000000000001, 15, 1, 5, 200, 0.599563953488372
0.4, 12, 1, 5, 226, 0.714970930232558
0.399999999999999, 14, 1, 5, 222, 0.695639534883721
0.398371685740843, 11, 3, 6, 242, 0.591445057701957
0.396062284664093, 7, 3, 2, 29, 0.469515242378811
0.395000000000003, 11, 1, 6, 127, 0.411063723030607
0.395, 16, 1, 5, 108, 0.378197674418605
0.395, 16, 1, 5, 108, 0.378197674418605
0.394999999999996, 11, 1, 6, 127, 0.411063723030607
0.390000000000001, 17, 1, 7, 12, 0.862637362637363
0.390000000000001, 17, 1, 7, 12, 0.862637362637363
0.380000000000003, 15, 1, 3, 193, 0.959664536741214
0.367695526217002, 14, 2, 3, 58, 0.367811501597444
0.363333333333333, 16, 1, 5, 158, 0.488372093023256
0.359999999999999, 11, 1, 4, 36, 0.234472049689441
0.359999999999999, 11, 1, 4, 36, 0.234472049689441
0.345000000000006, 11, 1, 0, 257, 0.740296803652968
0.344999999999999, 11, 1, 0, 257, 0.740296803652968
0.341768277573499, 15, 2, 0, 51, 0.119634703196347
0.34, 11, 1, 6, 216, 0.53549924736578
0.34, 11, 1, 6, 216, 0.53549924736578
0.34, 14, 1, 6, 299, 0.874435524335173
0.34, 14, 1, 6, 299, 0.874435524335173
0.33469720976164, 16, 2, 3, 84, 0.427316293929712
0.325000000000003, 10, 1, 6, 128, 0.412192674360261
0.324999999999999, 10, 1, 4, 75, 0.361801242236025
0.324999999999999, 10, 1, 4, 75, 0.361801242236025
0.324999999999999, 10, 1, 6, 128, 0.412192674360261
0.320555074137911, 10, 2, 7, 13, 0.993131868131868
0.32, 17, 1, 6, 265, 0.66783743100853
0.32, 17, 1, 6, 265, 0.66783743100853
0.315000000000005, 12, 1, 4, 26, 0.197204968944099
0.315, 11, 1, 3, 143, 0.559904153354633
0.315, 11, 1, 3, 143, 0.559904153354633
0.314999999999998, 12, 1, 4, 26, 0.197204968944099
0.300000000000001, 15, 1, 5, 146, 0.459593023255814
0.300000000000001, 15, 1, 5, 146, 0.459593023255814
0.299341870702314, 13, 2, 4, 74, 0.358695652173913
0.295000000000002, 11, 1, 6, 206, 0.522202709483191
0.295000000000002, 11, 1, 6, 206, 0.522202709483191
0.295, 14, 1, 6, 254, 0.640993477170095
0.295, 14, 1, 6, 254, 0.640993477170095
0.294627825494393, 10, 2, 5, 195, 0.595639534883721
0.292270802890445, 12, 2, 4, 68, 0.340062111801242
0.290000000000003, 15, 1, 1, 92, 0.403032832498609
0.289999999999999, 15, 1, 1, 92, 0.403032832498609
0.285000000000004, 13, 1, 5, 206, 0.618459302325581
0.284999999999997, 13, 1, 5, 206, 0.618459302325581
0.282842712474618, 12, 2, 5, 226, 0.714970930232558
0.282842712474618, 14, 2, 5, 222, 0.695639534883721
0.279307178568683, 11, 2, 7, 11, 0.615384615384615
0.279307178568683, 11, 2, 7, 11, 0.615384615384615
0.276666666666667, 10, 1, 0, 174, 0.429908675799087
0.275000000000006, 13, 1, 4, 48, 0.274844720496894
0.274999999999999, 13, 1, 4, 48, 0.274844720496894
0.268700576850885, 15, 2, 3, 193, 0.959664536741214
0.265000000000001, 15, 1, 5, 131, 0.424127906976744
0.265000000000001, 15, 1, 5, 131, 0.424127906976744
0.260000000000005, 14, 1, 3, 67, 0.386182108626198
0.26, 12, 1, 3, 143, 0.559904153354633
0.259999999999998, 14, 1, 3, 67, 0.386182108626198
0.256915463831115, 16, 2, 5, 158, 0.488372093023256
0.256666666666668, 12, 1, 6, 233, 0.574761665830406
0.25, 8, 1, 6, 26, 0.16294530858003
0.25, 8, 1, 6, 26, 0.16294530858003
0.25, 10, 1, 6, 173, 0.470020070245861
0.25, 10, 1, 6, 173, 0.470020070245861
0.245000000000005, 16, 1, 6, 254, 0.640993477170095
0.244999999999997, 16, 1, 6, 254, 0.640993477170095
0.244999999999997, 20, 1, 1, 48, 0.314830272676683
0.244999999999997, 20, 1, 1, 48, 0.314830272676683
0.230000000000004, 14, 1, 2, 125, 0.804347826086957
0.229999999999997, 14, 1, 2, 125, 0.804347826086957
0.225000000000001, 11, 1, 5, 149, 0.465406976744186
0.225000000000001, 9, 1, 4, 10, 0.116459627329193
0.225000000000001, 16, 1, 5, 63, 0.229069767441861
0.224999999999998, 11, 1, 5, 149, 0.465406976744186
0.224999999999998, 9, 1, 4, 10, 0.116459627329193
0.224999999999998, 16, 1, 5, 63, 0.229069767441861
0.219999999999999, 8, 1, 3, 182, 0.738817891373802
0.219999999999999, 8, 1, 3, 182, 0.738817891373802
0.215, 11, 1, 5, 35, 0.139970930232558
0.215, 11, 1, 5, 35, 0.139970930232558
0.215, 10, 1, 4, 13, 0.133540372670807
0.215, 10, 1, 4, 13, 0.133540372670807
0.210000000000001, 16, 1, 4, 51, 0.28416149068323
0.210000000000001, 16, 1, 4, 51, 0.28416149068323
0.200000000000003, 15, 1, 5, 95, 0.340116279069767
0.200000000000003, 13, 1, 7, 7, 0.245879120879121
0.200000000000003, 13, 1, 7, 7, 0.245879120879121
0.199999999999996, 15, 1, 5, 95, 0.340116279069767
0.196666666666665, 18, 1, 7, 13, 0.993131868131868
0.195632876128276, 10, 2, 0, 174, 0.429908675799087
0.195, 12, 1, 7, 10, 0.409340659340659
0.195, 12, 1, 7, 10, 0.409340659340659
0.190000000000005, 13, 1, 5, 212, 0.648691860465116
0.189999999999998, 13, 1, 5, 212, 0.648691860465116
0.185000000000002, 10, 1, 6, 291, 0.762418464626192
0.185000000000002, 11, 1, 7, 8, 0.259615384615385
0.185000000000002, 11, 1, 7, 8, 0.259615384615385
0.185000000000001, 16, 1, 6, 293, 0.771073758153537
0.185000000000001, 16, 1, 6, 293, 0.771073758153537
0.184999999999995, 10, 1, 6, 291, 0.762418464626192
0.183847763108503, 12, 2, 3, 143, 0.559904153354633
0.181490740504553, 12, 2, 6, 233, 0.574761665830406
0.175, 10, 1, 6, 198, 0.506146512794782
0.175, 10, 1, 6, 198, 0.506146512794782
0.170000000000002, 15, 1, 4, 8, 0.100931677018634
0.170000000000002, 15, 1, 4, 8, 0.100931677018634
0.155000000000001, 17, 1, 6, 263, 0.659809332664325
0.155000000000001, 17, 1, 6, 263, 0.659809332664325
0.149999999999999, 11, 1, 6, 208, 0.524711490215755
0.149999999999999, 11, 1, 6, 208, 0.524711490215755
0.140000000000001, 11, 1, 6, 261, 0.657802308078274
0.140000000000001, 11, 1, 6, 261, 0.657802308078274
0.139064333633369, 18, 2, 7, 13, 0.993131868131868
0.135000000000002, 11, 1, 4, 82, 0.383540372670807
0.134999999999998, 11, 1, 4, 82, 0.383540372670807
0.133333333333333, 11, 1, 5, 275, 0.914244186046512
0.130000000000003, 11, 1, 6, 265, 0.66783743100853
0.129999999999999, 11, 1, 6, 265, 0.66783743100853
0.120000000000005, 13, 1, 5, 200, 0.599563953488372
0.119999999999997, 13, 1, 5, 200, 0.599563953488372
0.105, 17, 1, 4, 62, 0.321428571428571
0.104999999999999, 17, 1, 4, 62, 0.321428571428571
0.104999999999997, 12, 1, 6, 150, 0.441670847967888
0.104999999999997, 12, 1, 6, 150, 0.441670847967888
0.104999999999997, 15, 1, 6, 72, 0.290642247867536
0.104999999999997, 15, 1, 6, 72, 0.290642247867536
0.100000000000001, 11, 1, 7, 11, 0.615384615384615
0.100000000000001, 12, 1, 7, 13, 0.993131868131868
0.100000000000001, 12, 1, 7, 13, 0.993131868131868
0.0999999999999996, 13, 1, 6, 289, 0.753888610135474
0.0999999999999996, 13, 1, 6, 289, 0.753888610135474
0.0999999999999943, 11, 1, 7, 11, 0.615384615384615
0.095000000000006, 12, 1, 5, 200, 0.599563953488372
0.0949999999999989, 12, 1, 5, 200, 0.599563953488372
0.0949999999999989, 13, 1, 6, 217, 0.538133467134972
0.0949999999999989, 13, 1, 6, 217, 0.538133467134972
0.094280904158206, 11, 2, 5, 275, 0.914244186046512
0.0850000000000009, 14, 1, 1, 73, 0.369504730105732
0.0850000000000009, 10, 1, 4, 35, 0.231366459627329
0.0849999999999991, 14, 1, 1, 73, 0.369504730105732
0.0849999999999973, 10, 1, 4, 35, 0.231366459627329
0.0749999999999993, 11, 1, 6, 198, 0.506146512794782
0.0749999999999993, 11, 1, 6, 198, 0.506146512794782
0.0688888888888908, 9, 1, 4, 18, 0.167701863354037
0.0650000000000119, 8, 1, 7, 8, 0.259615384615385
0.0649999999999977, 8, 1, 7, 8, 0.259615384615385
0.0600000000000023, 14, 1, 5, 163, 0.5
0.0599999999999952, 14, 1, 5, 163, 0.5
0.0500000000000043, 8, 1, 3, 93, 0.448482428115016
0.0500000000000043, 13, 1, 5, 154, 0.481104651162791
0.0500000000000007, 9, 1, 6, 48, 0.238710486703462
0.0500000000000007, 9, 1, 6, 48, 0.238710486703462
0.0499999999999972, 8, 1, 3, 93, 0.448482428115016
0.0499999999999972, 13, 1, 5, 154, 0.481104651162791
0.0353553390593254, 16, 2, 6, 254, 0.640993477170095
0.0353553390593254, 16, 2, 6, 254, 0.640993477170095
0.0350000000000001, 12, 1, 5, 222, 0.695639534883721
0.0350000000000001, 12, 1, 5, 222, 0.695639534883721
0.0350000000000001, 10, 1, 6, 101, 0.364149523331661
0.0350000000000001, 10, 1, 6, 101, 0.364149523331661
0.0350000000000001, 11, 1, 6, 250, 0.629076768690416
0.0350000000000001, 11, 1, 6, 250, 0.629076768690416
0.0300000000000011, 13, 1, 6, 215, 0.533241344706473
0.0300000000000011, 10, 1, 6, 128, 0.412192674360261
0.0299999999999994, 13, 1, 6, 215, 0.533241344706473
0.0299999999999976, 10, 1, 6, 128, 0.412192674360261
0.0243559002408713, 9, 8, 4, 18, 0.167701863354037
0.0233333333333334, 10, 1, 6, 294, 0.774460612142499
0.0200000000000031, 13, 1, 6, 82, 0.317360762669343
0.0199999999999996, 11, 1, 5, 267, 0.842151162790698
0.0199999999999996, 11, 1, 5, 267, 0.842151162790698
0.0199999999999996, 9, 1, 6, 148, 0.43941294530858
0.0199999999999996, 9, 1, 6, 148, 0.43941294530858
0.019999999999996, 13, 1, 6, 82, 0.317360762669343
0.0164991582276812, 10, 2, 6, 294, 0.774460612142499
0.0100000000000016, 10, 1, 0, 227, 0.541324200913242
0.00999999999999979, 14, 1, 5, 257, 0.803633720930233
0.00999999999999979, 14, 1, 5, 257, 0.803633720930233
0.00999999999999801, 10, 1, 0, 227, 0.541324200913242
0.00500000000000256, 9, 1, 6, 243, 0.592197691921726
0.00500000000000256, 16, 1, 4, 68, 0.340062111801242
0.00500000000000256, 11, 1, 5, 175, 0.5375
0.00500000000000256, 11, 1, 3, 62, 0.371805111821086
0.00500000000000256, 14, 1, 6, 31, 0.180130456598093
0.00500000000000256, 9, 1, 3, 135, 0.545527156549521
0.00500000000000256, 9, 1, 3, 135, 0.545527156549521
0.00500000000000078, 18, 1, 5, 273, 0.90203488372093
0.00499999999999901, 18, 1, 5, 273, 0.90203488372093
0.00499999999999901, 9, 1, 5, 115, 0.392732558139535
0.00499999999999901, 9, 1, 5, 115, 0.392732558139535
0.00499999999999901, 9, 1, 6, 243, 0.592197691921726
0.00499999999999901, 16, 1, 5, 227, 0.715697674418605
0.00499999999999901, 16, 1, 5, 227, 0.715697674418605
0.00499999999999545, 16, 1, 4, 68, 0.340062111801242
0.00499999999999545, 11, 1, 5, 175, 0.5375
0.00499999999999545, 11, 1, 3, 62, 0.371805111821086
0.00499999999999545, 14, 1, 6, 31, 0.180130456598093
