norm, level, Npoints, dimSplit, MainGridIndexSplit
920.859503818574, 0, 659, -1, -1, -1
161.131579093695, 1, 163, 0, 231, 0.571917808219178
139.404864708357, 3, 52, 7, 3, 0.0260989010989011
92.8515041931308, 3, 41, 7, 4, 0.0549450549450549
92.3705707648691, 1, 496, 0, 231, 0.571917808219178
83.7655828938412, 4, 54, 0, 155, 0.392694063926941
73.7435759984978, 3, 65, 7, 4, 0.0549450549450549
72.3603979453595, 3, 193, 7, 3, 0.0260989010989011
64.2090967202085, 5, 24, 7, 4, 0.0549450549450549
62.2971575855302, 3, 12, 0, 270, 0.914497716894977
61.9456057003835, 2, 245, 1, 5, 0.0482749026154702
61.44457661229, 2, 57, 4, 5, 0.0729813664596273
61.2007416715768, 2, 251, 1, 5, 0.0482749026154702
56.0548697698985, 3, 90, 3, 88, 0.434904153354633
52.2101684869411, 4, 139, 0, 155, 0.392694063926941
50.3697595579246, 5, 39, 7, 4, 0.0549450549450549
50.1603726708074, 4, 25, 0, 102, 0.251255707762557
48.5716787388582, 9, 27, 7, 4, 0.0549450549450549
47.5397909654326, 4, 27, 0, 95, 0.21027397260274
45.0575995850243, 2, 106, 4, 5, 0.0729813664596273
44.715, 8, 16, 7, 5, 0.112637362637363
44.2643221431197, 5, 11, 1, 149, 0.557735114079021
41.9103863735509, 3, 161, 3, 88, 0.434904153354633
40.9423906363669, 9, 38, 7, 4, 0.0549450549450549
40.6010212608195, 4, 14, 7, 4, 0.0549450549450549
34.8642086330935, 5, 36, 1, 40, 0.282415136338342
34.4885352801432, 5, 21, 5, 249, 0.774709302325581
32.3583251639538, 4, 30, 1, 28, 0.262242626599889
32.3029213483146, 7, 1, 3, 59, 0.368610223642173
32.1701138459757, 3, 45, 0, 270, 0.914497716894977
32.0962338110264, 4, 12, 0, 153, 0.38972602739726
31.8944010191633, 4, 20, 7, 2, 0.010989010989011
31.2101087132356, 6, 7, 3, 55, 0.35982428115016
31.1257482812514, 4, 21, 7, 2, 0.010989010989011
31.1220986602105, 4, 63, 0, 95, 0.21027397260274
29.9579878317646, 4, 35, 1, 28, 0.262242626599889
28.1997506637914, 6, 6, 5, 113, 0.391133720930233
27.2847594135422, 4, 31, 7, 4, 0.0549450549450549
27.0260535791323, 6, 14, 6, 239, 0.587681886603111
26.8494873059997, 6, 2, 3, 121, 0.50758785942492
25.9134432253979, 7, 2, 6, 174, 0.471650777722027
24.4324249080784, 6, 2, 5, 11, 0.0581395348837209
22.7907181690774, 6, 11, 2, 74, 0.607196401799101
22.757053241187, 5, 2, 7, 4, 0.0549450549450549
22.7357003186528, 5, 5, 0, 239, 0.622488584474886
22.515065587181, 7, 2, 7, 5, 0.112637362637363
22.3880327057698, 5, 43, 1, 149, 0.557735114079021
22.3805416217167, 7, 19, 0, 125, 0.310616438356164
22.0063972928487, 5, 6, 4, 74, 0.358695652173913
21.5683333333333, 7, 9, 0, 81, 0.162671232876712
21.5060823581611, 4, 136, 0, 102, 0.251255707762557
21.0788531471709, 8, 72, 7, 5, 0.112637362637363
20.6116353157294, 5, 103, 1, 40, 0.282415136338342
20.5003571428571, 7, 1, 6, 10, 0.095333667837431
19.9400390679969, 7, 2, 5, 262, 0.826162790697675
19.4855058668973, 5, 8, 1, 141, 0.524485253199777
19.3503703703704, 8, 1, 4, 10, 0.116459627329193
19.2284663492449, 10, 2, 6, 300, 0.878198695434019
18.9108456353657, 6, 3, 6, 297, 0.807325639739087
18.6937769302612, 5, 3, 5, 118, 0.401453488372093
18.2914087339445, 9, 5, 3, 82, 0.424520766773163
18.1947272727273, 11, 1, 5, 283, 0.984447674418605
17.9322279708908, 9, 2, 7, 4, 0.0549450549450549
17.9322279708908, 9, 2, 7, 4, 0.0549450549450549
17.8940319342118, 6, 10, 6, 163, 0.462744606121425
17.6054304335338, 9, 3, 7, 4, 0.0549450549450549
17.5798312692591, 4, 40, 0, 153, 0.38972602739726
17.5666666666667, 12, 4, 5, 222, 0.695639534883721
17.1802631578948, 10, 4, 1, 52, 0.323873121869783
17.0712215874809, 7, 7, 6, 203, 0.518063221274461
16.9221567081244, 10, 11, 7, 2, 0.010989010989011
16.896129032258, 5, 9, 3, 126, 0.519568690095847
16.8397034999712, 8, 10, 6, 291, 0.762418464626192
16.7274633913937, 9, 6, 7, 3, 0.0260989010989011
16.6725831989669, 10, 12, 1, 170, 0.67056204785754
16.5808683446232, 8, 2, 0, 76, 0.15
16.5392276119533, 9, 2, 7, 5, 0.112637362637363
16.5392276119533, 9, 2, 7, 5, 0.112637362637363
16.3891005219435, 7, 5, 6, 174, 0.471650777722027
16.2833333333333, 5, 9, 3, 21, 0.256789137380192
16.1350938476422, 6, 5, 0, 160, 0.399657534246575
16.0916666666667, 5, 4, 7, 4, 0.0549450549450549
15.9097478859097, 11, 5, 4, 6, 0.0854037267080745
15.3724757810549, 8, 12, 6, 291, 0.762418464626192
15.1122861275189, 6, 2, 3, 134, 0.541932907348243
14.9676625041789, 8, 10, 7, 5, 0.112637362637363
14.7378956615881, 5, 115, 5, 249, 0.774709302325581
14.7262808661301, 11, 3, 0, 264, 0.844748858447489
14.2711062461885, 8, 11, 7, 5, 0.112637362637363
14.1197885877199, 7, 21, 0, 81, 0.162671232876712
14.1140827503363, 10, 7, 4, 39, 0.246894409937888
14.1017803249566, 5, 12, 3, 21, 0.256789137380192
14.0749604795182, 9, 2, 7, 5, 0.112637362637363
14.0749604795182, 9, 2, 7, 5, 0.112637362637363
14.0406242433468, 7, 7, 7, 6, 0.197802197802198
14.0311111111111, 10, 16, 7, 2, 0.010989010989011
13.82, 10, 1, 7, 5, 0.112637362637363
13.7774771373297, 7, 11, 4, 40, 0.25
13.7623643410853, 6, 36, 3, 55, 0.35982428115016
13.6269928551151, 8, 20, 4, 22, 0.184782608695652
13.268, 5, 9, 2, 12, 0.393303348325837
13.1706730622077, 13, 6, 3, 159, 0.608226837060703
12.9570374278324, 9, 10, 7, 3, 0.0260989010989011
12.8339880785358, 7, 2, 7, 3, 0.0260989010989011
12.7438281364521, 13, 7, 6, 197, 0.504641244355243
12.6569696969697, 6, 9, 3, 121, 0.50758785942492
12.6113118865564, 6, 30, 5, 113, 0.391133720930233
12.587, 9, 1, 5, 255, 0.797529069767442
12.5747674418605, 14, 4, 1, 55, 0.326655537006121
12.4761920472554, 8, 2, 4, 70, 0.346273291925466
12.4056449264706, 9, 6, 1, 71, 0.364913745130774
12.3391299531207, 6, 3, 3, 134, 0.541932907348243
12.3366666666667, 6, 1, 5, 271, 0.881686046511628
12.24, 6, 1, 7, 4, 0.0549450549450549
12.24, 6, 1, 7, 4, 0.0549450549450549
12.1142520232713, 9, 3, 3, 30, 0.289536741214057
12.0348087811394, 7, 7, 7, 5, 0.112637362637363
12.0013575595733, 5, 11, 2, 12, 0.393303348325837
11.8786082497327, 10, 2, 7, 5, 0.112637362637363
11.8086888484006, 10, 10, 4, 39, 0.246894409937888
11.76291414101, 5, 21, 4, 74, 0.358695652173913
11.7502021474121, 5, 22, 1, 141, 0.524485253199777
11.675989243544, 6, 18, 6, 115, 0.390491721023582
11.6279261609952, 9, 5, 5, 74, 0.269476744186047
11.583708365191, 7, 3, 6, 298, 0.852609131961867
11.5505892706823, 10, 2, 7, 5, 0.112637362637363
11.5505892706823, 10, 2, 7, 5, 0.112637362637363
11.5133333333333, 9, 1, 7, 4, 0.0549450549450549
11.51, 9, 1, 7, 4, 0.0549450549450549
11.4681008470033, 7, 3, 5, 124, 0.410901162790698
11.3706396603418, 15, 2, 1, 66, 0.356844741235392
11.3645734091713, 6, 19, 6, 115, 0.390491721023582
11.3409090909091, 8, 4, 2, 29, 0.469515242378811
11.2957094172818, 6, 2, 0, 265, 0.857305936073059
11.250068888678, 10, 2, 1, 179, 0.794101279910963
11.0559250385506, 6, 10, 5, 269, 0.866279069767442
11.0125, 12, 1, 7, 3, 0.0260989010989011
10.8068004399428, 5, 22, 3, 126, 0.519568690095847
10.71893526118, 6, 89, 6, 239, 0.587681886603111
10.5812732595049, 7, 85, 0, 125, 0.310616438356164
10.5414109137616, 6, 11, 5, 269, 0.866279069767442
10.5077373604109, 6, 29, 6, 163, 0.462744606121425
10.5064, 8, 1, 7, 13, 0.993131868131868
10.5040712345262, 12, 2, 7, 4, 0.0549450549450549
10.5040712345262, 12, 2, 7, 4, 0.0549450549450549
10.4789073857917, 7, 3, 7, 3, 0.0260989010989011
10.4411171863538, 8, 3, 5, 43, 0.170058139534884
10.4130530620983, 11, 6, 0, 264, 0.844748858447489
10.3030014446874, 7, 13, 7, 6, 0.197802197802198
10.2638888888889, 10, 4, 6, 170, 0.468263923733066
10.1867681495818, 8, 3, 4, 70, 0.346273291925466
10.1671382404293, 5, 3, 2, 95, 0.65992003998001
10.1306813278608, 4, 6, 3, 132, 0.535143769968051
10.1306813278608, 4, 6, 3, 132, 0.535143769968051
10.0875, 7, 1, 1, 129, 0.489844184752365
9.97076923076924, 10, 4, 0, 255, 0.713470319634703
9.93, 9, 1, 6, 177, 0.475413948820873
9.91227272727273, 6, 4, 7, 2, 0.010989010989011
9.84666666666668, 6, 4, 6, 115, 0.390491721023582
9.84540730493158, 5, 5, 0, 199, 0.482077625570776
9.81875000000001, 9, 1, 1, 148, 0.550918196994992
9.77221571599808, 10, 2, 7, 5, 0.112637362637363
9.76250660693573, 5, 11, 5, 118, 0.401453488372093
9.62946766541055, 7, 22, 6, 203, 0.518063221274461
9.60937123983666, 9, 10, 1, 71, 0.364913745130774
9.58553952576485, 5, 8, 4, 37, 0.239130434782609
9.55, 8, 1, 7, 4, 0.0549450549450549
9.5325, 11, 1, 7, 3, 0.0260989010989011
9.41045454545451, 8, 4, 4, 97, 0.506211180124224
9.3125, 8, 1, 7, 3, 0.0260989010989011
9.28181078758875, 5, 30, 0, 239, 0.622488584474886
9.25000000000001, 7, 4, 2, 136, 0.868815592203898
9.22548603323573, 12, 10, 7, 6, 0.197802197802198
9.20453788252589, 9, 3, 6, 191, 0.498243853487205
9.18030130762416, 10, 5, 6, 170, 0.468263923733066
9.13894444444445, 7, 25, 4, 40, 0.25
9.02363636363637, 7, 4, 3, 113, 0.482827476038339
8.91597368641584, 6, 2, 6, 297, 0.807325639739087
8.87184974586492, 10, 15, 1, 52, 0.323873121869783
8.86284693154082, 8, 7, 0, 76, 0.15
8.84647058823529, 8, 1, 0, 103, 0.251826484018265
8.715, 11, 1, 6, 284, 0.737706974410437
8.715, 11, 1, 6, 284, 0.737706974410437
8.69741340859453, 6, 2, 7, 4, 0.0549450549450549
8.69741340859453, 6, 2, 7, 4, 0.0549450549450549
8.67571428571429, 9, 1, 0, 197, 0.481278538812785
8.57292145598199, 8, 7, 2, 29, 0.469515242378811
8.43698998458575, 9, 13, 1, 10, 0.0639955481357819
8.43698998458572, 9, 13, 1, 10, 0.0639955481357819
8.40388881543671, 8, 5, 0, 12, 0.0821917808219178
8.35517372650025, 19, 2, 7, 4, 0.0549450549450549
8.32986503880018, 13, 15, 3, 159, 0.608226837060703
8.32088787329815, 5, 7, 0, 199, 0.482077625570776
8.31456559420925, 7, 2, 0, 250, 0.660844748858447
8.27712849827163, 6, 19, 0, 160, 0.399657534246575
8.27173512632023, 10, 2, 5, 54, 0.199273255813954
8.26043897643055, 9, 3, 6, 33, 0.18941294530858
8.17181571010996, 10, 3, 0, 133, 0.341552511415525
8.16125, 11, 1, 0, 12, 0.0821917808219178
8.1411560740611, 9, 2, 7, 4, 0.0549450549450549
8.10917187624719, 7, 6, 5, 124, 0.410901162790698
8.10015624849298, 8, 5, 6, 85, 0.324636226793778
8.07050742285309, 7, 8, 7, 5, 0.112637362637363
8.00333333333333, 9, 1, 7, 5, 0.112637362637363
7.96, 10, 1, 7, 3, 0.0260989010989011
7.95, 7, 1, 0, 203, 0.487557077625571
7.95, 7, 1, 0, 203, 0.487557077625571
7.91333333333333, 10, 1, 7, 8, 0.259615384615385
7.87052631578946, 8, 4, 4, 13, 0.133540372670807
7.86666666666666, 10, 1, 7, 5, 0.112637362637363
7.84831194134808, 16, 18, 0, 64, 0.132191780821918
7.82000000000001, 11, 1, 2, 123, 0.794352823588206
7.78775305010451, 10, 55, 1, 170, 0.67056204785754
7.75457110457265, 11, 7, 1, 84, 0.389398998330551
7.7537980171743, 17, 8, 6, 109, 0.380832915203211
7.7475, 7, 1, 1, 28, 0.262242626599889
7.74, 8, 1, 3, 120, 0.502396166134185
7.73333333333333, 8, 1, 7, 5, 0.112637362637363
7.72, 9, 1, 6, 80, 0.312970396387356
7.72, 9, 1, 6, 80, 0.312970396387356
7.7, 9, 1, 7, 8, 0.259615384615385
7.7, 9, 1, 7, 8, 0.259615384615385
7.66, 13, 1, 7, 4, 0.0549450549450549
7.66, 13, 1, 7, 4, 0.0549450549450549
7.64411756407065, 7, 3, 0, 164, 0.407534246575342
7.63898589961812, 16, 19, 0, 64, 0.132191780821918
7.59428571428571, 14, 1, 5, 185, 0.575436046511628
7.55889561069205, 8, 65, 4, 22, 0.184782608695652
7.55259337358145, 7, 6, 2, 136, 0.868815592203898
7.53315789473684, 7, 1, 3, 31, 0.29073482428115
7.51440808305117, 6, 19, 6, 297, 0.807325639739087
7.49297387537473, 6, 7, 7, 2, 0.010989010989011
7.41203879177795, 6, 104, 2, 74, 0.607196401799101
7.39666666666667, 12, 1, 7, 5, 0.112637362637363
7.39576008204546, 9, 17, 7, 4, 0.0549450549450549
7.37666666666667, 10, 1, 7, 3, 0.0260989010989011
7.25373706367199, 11, 8, 1, 84, 0.389398998330551
7.25333333333333, 12, 1, 3, 93, 0.448482428115016
7.19430642230084, 8, 2, 0, 258, 0.752853881278539
7.17713382904346, 8, 2, 7, 4, 0.0549450549450549
7.17713382904346, 8, 2, 7, 4, 0.0549450549450549
7.17666666666667, 8, 1, 5, 200, 0.599563953488372
7.11363498610008, 8, 7, 4, 97, 0.506211180124224
7.04278354061801, 7, 2, 6, 114, 0.389362769693929
7.02298455074479, 7, 2, 7, 2, 0.010989010989011
6.99416666666664, 9, 9, 3, 30, 0.289536741214057
6.99360751799116, 18, 5, 4, 58, 0.309006211180124
6.96264477208354, 6, 8, 6, 115, 0.390491721023582
6.93333333333333, 9, 1, 7, 4, 0.0549450549450549
6.88255185562223, 7, 11, 7, 5, 0.112637362637363
6.84588151737964, 8, 7, 6, 85, 0.324636226793778
6.845, 9, 1, 4, 107, 0.684782608695652
6.83937697569563, 7, 17, 5, 262, 0.826162790697675
6.82197078074461, 19, 3, 7, 4, 0.0549450549450549
6.82122792561744, 7, 7, 3, 113, 0.482827476038339
6.8, 13, 1, 7, 4, 0.0549450549450549
6.8, 13, 1, 7, 4, 0.0549450549450549
6.79941176470589, 18, 4, 1, 111, 0.456176961602671
6.75384344898025, 10, 3, 5, 54, 0.199273255813954
6.75286976033153, 8, 2, 7, 4, 0.0549450549450549
6.66375, 10, 1, 0, 108, 0.256506849315069
6.64717948717946, 10, 9, 0, 255, 0.713470319634703
6.64530159837259, 9, 3, 7, 4, 0.0549450549450549
6.635, 10, 1, 7, 3, 0.0260989010989011
6.635, 10, 1, 7, 3, 0.0260989010989011
6.62559053971795, 9, 2, 0, 120, 0.30365296803653
6.61246116695307, 17, 11, 6, 109, 0.380832915203211
6.59828879073856, 7, 3, 7, 5, 0.112637362637363
6.57562586598505, 5, 17, 4, 37, 0.239130434782609
6.52984022386509, 6, 28, 5, 11, 0.0581395348837209
6.49720929102863, 11, 7, 7, 3, 0.0260989010989011
6.42952380952383, 6, 9, 3, 47, 0.334664536741214
6.39850851761566, 9, 5, 6, 33, 0.18941294530858
6.39385236279274, 8, 8, 5, 43, 0.170058139534884
6.38950850996422, 11, 31, 4, 6, 0.0854037267080745
6.3842609932358, 18, 6, 4, 58, 0.309006211180124
6.37333333333333, 13, 1, 7, 8, 0.259615384615385
6.36619017972991, 12, 21, 7, 6, 0.197802197802198
6.35806983945076, 12, 3, 7, 3, 0.0260989010989011
6.34938318602941, 10, 7, 7, 5, 0.112637362637363
6.295, 17, 1, 1, 92, 0.403032832498609
6.244, 10, 1, 0, 242, 0.634132420091324
6.15, 9, 1, 7, 4, 0.0549450549450549
6.15, 9, 1, 7, 4, 0.0549450549450549
6.05990511476873, 8, 2, 3, 117, 0.492811501597444
6.04939439846058, 7, 11, 6, 298, 0.852609131961867
6.03465130115491, 11, 2, 0, 182, 0.447260273972603
6.01333333333334, 6, 4, 3, 59, 0.368610223642173
5.97269527842237, 13, 2, 6, 65, 0.276342197691922
5.96500026041286, 9, 19, 5, 74, 0.269476744186047
5.875, 8, 1, 7, 2, 0.010989010989011
5.875, 8, 1, 7, 2, 0.010989010989011
5.82402084045034, 7, 3, 1, 129, 0.489844184752365
5.81833333333334, 10, 1, 3, 81, 0.423722044728435
5.81103045939358, 11, 3, 6, 48, 0.238710486703462
5.79932830226023, 8, 5, 0, 257, 0.740296803652968
5.79222222222222, 15, 1, 3, 143, 0.559904153354633
5.79120453791783, 12, 2, 3, 139, 0.551517571884984
5.73424287359137, 7, 3, 7, 2, 0.010989010989011
5.73308817305298, 9, 3, 6, 177, 0.475413948820873
5.72999999999998, 11, 9, 7, 3, 0.0260989010989011
5.71944444444443, 6, 4, 3, 18, 0.23482428115016
5.71666666666667, 7, 1, 7, 10, 0.409340659340659
5.71428571428572, 7, 4, 7, 5, 0.112637362637363
5.665, 6, 1, 5, 280, 0.940988372093023
5.65921127209634, 9, 2, 7, 5, 0.112637362637363
5.63660528257656, 9, 8, 6, 191, 0.498243853487205
5.62856997824492, 10, 2, 7, 3, 0.0260989010989011
5.62503444433899, 10, 8, 1, 179, 0.794101279910963
5.61613564914788, 7, 6, 7, 2, 0.010989010989011
5.59557166178954, 10, 2, 7, 8, 0.259615384615385
5.56813095328451, 6, 12, 3, 47, 0.334664536741214
5.56257334533418, 10, 2, 7, 5, 0.112637362637363
5.50359144105012, 11, 3, 7, 3, 0.0260989010989011
5.48, 19, 1, 2, 133, 0.847076461769115
5.47333333333334, 10, 1, 6, 211, 0.52922729553437
5.46829244117597, 8, 2, 7, 5, 0.112637362637363
5.435, 8, 1, 4, 78, 0.37111801242236
5.435, 8, 1, 4, 78, 0.37111801242236
5.43, 13, 1, 7, 8, 0.259615384615385
5.43, 13, 1, 7, 8, 0.259615384615385
5.40977202230679, 9, 3, 0, 120, 0.30365296803653
5.39605995341354, 18, 3, 4, 21, 0.18167701863354
5.37857142857143, 10, 1, 1, 51, 0.321368948247079
5.37848884187949, 6, 5, 3, 59, 0.368610223642173
5.3765743818284, 8, 3, 7, 3, 0.0260989010989011
5.365, 10, 1, 7, 2, 0.010989010989011
5.365, 10, 1, 7, 2, 0.010989010989011
5.34970915097261, 10, 7, 0, 133, 0.341552511415525
5.34, 11, 1, 7, 4, 0.0549450549450549
5.34, 11, 1, 7, 4, 0.0549450549450549
5.32166666666667, 10, 1, 2, 137, 0.871814092953523
5.3, 11, 1, 3, 110, 0.478035143769968
5.3, 11, 1, 3, 110, 0.478035143769968
5.29333333333333, 8, 1, 7, 4, 0.0549450549450549
5.28875000000001, 8, 1, 5, 244, 0.754360465116279
5.282, 11, 4, 0, 185, 0.449771689497717
5.28, 12, 1, 7, 5, 0.112637362637363
5.2585930065145, 7, 5, 0, 250, 0.660844748858447
5.25238917065367, 10, 2, 1, 130, 0.493878686700056
5.23730422598837, 12, 2, 3, 177, 0.710463258785943
5.23023315817649, 12, 2, 7, 5, 0.112637362637363
5.21609102255277, 10, 2, 7, 3, 0.0260989010989011
5.21187059369955, 8, 13, 0, 12, 0.0821917808219178
5.175, 11, 1, 7, 8, 0.259615384615385
5.175, 11, 1, 7, 8, 0.259615384615385
5.14179429590443, 13, 43, 6, 197, 0.504641244355243
5.12888118620642, 12, 2, 3, 93, 0.448482428115016
5.1225, 11, 1, 4, 41, 0.253105590062112
5.11562662852453, 6, 5, 3, 18, 0.23482428115016
5.1, 11, 1, 7, 5, 0.112637362637363
5.1, 11, 1, 7, 5, 0.112637362637363
5.04874241767195, 10, 2, 3, 121, 0.50758785942492
5.04874241767195, 10, 2, 3, 121, 0.50758785942492
5.025, 13, 1, 7, 3, 0.0260989010989011
5.025, 13, 1, 7, 3, 0.0260989010989011
5.01875, 7, 1, 5, 220, 0.681686046511628
5.01153846153846, 7, 4, 4, 69, 0.343167701863354
5.00800000000001, 9, 1, 5, 212, 0.648691860465116
5.00424962264216, 7, 7, 0, 164, 0.407534246575342
4.99683208204324, 9, 67, 3, 82, 0.424520766773163
4.995, 13, 1, 7, 5, 0.112637362637363
4.995, 13, 1, 7, 5, 0.112637362637363
4.98, 7, 4, 6, 114, 0.389362769693929
4.97096067174143, 10, 2, 5, 195, 0.595639534883721
4.97096067174143, 10, 2, 5, 195, 0.595639534883721
4.96860364913747, 12, 50, 5, 222, 0.695639534883721
4.90934136652375, 9, 2, 0, 263, 0.817351598173516
4.90260701622673, 9, 2, 7, 4, 0.0549450549450549
4.84444444444445, 7, 1, 1, 43, 0.294101279910963
4.79666666666667, 10, 1, 7, 5, 0.112637362637363
4.78, 9, 1, 3, 143, 0.559904153354633
4.736, 19, 1, 4, 31, 0.21583850931677
4.73, 8, 1, 3, 165, 0.630990415335463
4.71666666666667, 10, 1, 4, 77, 0.368012422360248
4.68, 13, 1, 7, 5, 0.112637362637363
4.68, 13, 1, 7, 5, 0.112637362637363
4.66, 10, 1, 7, 4, 0.0549450549450549
4.66, 10, 1, 7, 4, 0.0549450549450549
4.66, 8, 1, 0, 175, 0.435388127853881
4.62764705882353, 6, 4, 5, 210, 0.645058139534884
4.58750000000001, 6, 1, 0, 249, 0.655821917808219
4.58477158355492, 8, 8, 0, 257, 0.740296803652968
4.57096455978415, 12, 3, 6, 65, 0.276342197691922
4.55007889592957, 8, 5, 0, 258, 0.752853881278539
4.53219298245617, 10, 36, 6, 300, 0.878198695434019
4.525, 13, 1, 0, 268, 0.898401826484018
4.52499999999999, 13, 1, 0, 268, 0.898401826484018
4.50662721876226, 13, 2, 7, 8, 0.259615384615385
4.5, 11, 1, 7, 8, 0.259615384615385
4.5, 11, 1, 7, 8, 0.259615384615385
4.47446458621959, 12, 3, 6, 78, 0.304064224786754
4.47302121054663, 7, 3, 1, 28, 0.262242626599889
4.42909090909092, 7, 4, 0, 178, 0.442694063926941
4.4225, 9, 1, 5, 225, 0.710610465116279
4.40923076923076, 19, 1, 1, 130, 0.493878686700056
4.405, 8, 1, 5, 236, 0.739244186046512
4.40499999999999, 8, 1, 5, 236, 0.739244186046512
4.3817603052633, 9, 6, 7, 2, 0.010989010989011
4.37416254841999, 12, 2, 0, 223, 0.531963470319635
4.36167032861901, 6, 8, 5, 271, 0.881686046511628
4.34, 9, 1, 3, 169, 0.64017571884984
4.31273494046025, 11, 6, 0, 185, 0.449771689497717
4.31, 6, 1, 7, 2, 0.010989010989011
4.31, 6, 1, 7, 2, 0.010989010989011
4.30981583133202, 15, 2, 6, 187, 0.490842950326141
4.309815831332, 15, 2, 6, 187, 0.490842950326141
4.30156625221817, 8, 2, 7, 5, 0.112637362637363
4.295, 13, 1, 5, 185, 0.575436046511628
4.28855779954054, 10, 3, 1, 130, 0.493878686700056
4.285, 8, 4, 3, 117, 0.492811501597444
4.27622825922566, 12, 2, 1, 74, 0.371035058430718
4.22333333333334, 13, 4, 6, 65, 0.276342197691922
4.21, 11, 1, 4, 90, 0.442546583850932
4.20728534805996, 10, 2, 5, 247, 0.765697674418605
4.20303030303028, 6, 9, 6, 297, 0.807325639739087
4.19566666666666, 9, 9, 5, 255, 0.797529069767442
4.18, 9, 1, 7, 6, 0.197802197802198
4.18, 9, 1, 7, 6, 0.197802197802198
4.17977006694148, 18, 5, 4, 21, 0.18167701863354
4.1675, 7, 1, 0, 268, 0.898401826484018
4.14263558520862, 11, 2, 3, 74, 0.402156549520767
4.14, 11, 1, 4, 71, 0.349378881987578
4.14, 11, 1, 4, 71, 0.349378881987578
4.10121933088197, 8, 2, 0, 259, 0.765981735159817
4.09333333333333, 20, 1, 4, 40, 0.25
4.08, 20, 1, 0, 123, 0.3087899543379
4.06432231292533, 8, 15, 4, 13, 0.133540372670807
4.05672176299827, 9, 7, 7, 2, 0.010989010989011
4.05172185619892, 11, 2, 1, 71, 0.364913745130774
4.044, 9, 4, 4, 62, 0.321428571428571
4.0422937657831, 7, 2, 7, 10, 0.409340659340659
4.04, 8, 1, 6, 276, 0.7019568489714
4.02714858998686, 14, 39, 1, 55, 0.326655537006121
4.02485179851382, 10, 2, 5, 250, 0.779360465116279
4.02343758495146, 12, 2, 0, 272, 0.949771689497717
3.9969134349899, 12, 3, 0, 221, 0.526826484018265
3.98, 9, 1, 3, 173, 0.651357827476038
3.97333333333333, 9, 1, 7, 8, 0.259615384615385
3.97120760157596, 7, 12, 7, 2, 0.010989010989011
3.95857142857143, 12, 4, 6, 65, 0.276342197691922
3.95196259260299, 9, 3, 4, 107, 0.684782608695652
3.94529557163739, 7, 27, 6, 10, 0.095333667837431
3.94204549271904, 14, 6, 7, 9, 0.299450549450549
3.93858477120907, 7, 2, 6, 88, 0.337305569493226
3.93858477120907, 7, 2, 6, 88, 0.337305569493226
3.91, 11, 4, 2, 123, 0.794352823588206
3.906, 13, 1, 1, 158, 0.588063439065109
3.90333333333334, 10, 1, 1, 54, 0.32582081246522
3.88778788960461, 10, 3, 2, 12, 0.393303348325837
3.88201622871415, 12, 2, 7, 6, 0.197802197802198
3.88201622871414, 12, 2, 7, 6, 0.197802197802198
3.87023111569437, 10, 2, 6, 211, 0.52922729553437
3.83772971791334, 11, 3, 3, 60, 0.369408945686901
3.81664859930963, 11, 5, 0, 182, 0.447260273972603
3.80827509296183, 10, 2, 0, 80, 0.161415525114155
3.805, 11, 1, 7, 4, 0.0549450549450549
3.805, 11, 1, 7, 4, 0.0549450549450549
3.8, 7, 1, 7, 5, 0.112637362637363
3.79491985052945, 8, 26, 4, 10, 0.116459627329193
3.77163504009848, 18, 13, 1, 111, 0.456176961602671
3.74295189508079, 8, 2, 7, 4, 0.0549450549450549
3.73352380466498, 12, 2, 7, 5, 0.112637362637363
3.71231060122938, 13, 2, 0, 226, 0.539840182648402
3.71113866935936, 9, 7, 1, 148, 0.550918196994992
3.70826999105117, 12, 2, 6, 235, 0.580155544405419
3.70333333333333, 12, 4, 3, 177, 0.710463258785943
3.696, 11, 4, 4, 61, 0.31832298136646
3.645, 13, 1, 4, 50, 0.281055900621118
3.64, 6, 1, 3, 74, 0.402156549520767
3.62285714285715, 8, 1, 6, 175, 0.473406924234822
3.61499999999999, 7, 4, 6, 261, 0.657802308078274
3.575, 7, 1, 7, 3, 0.0260989010989011
3.575, 7, 1, 7, 3, 0.0260989010989011
3.57201695460241, 6, 20, 0, 265, 0.857305936073059
3.57148876520701, 12, 3, 0, 223, 0.531963470319635
3.55439008676438, 14, 2, 6, 201, 0.516181635725038
3.55, 14, 1, 6, 263, 0.659809332664325
3.54658022502199, 9, 3, 4, 97, 0.506211180124224
3.545, 9, 1, 7, 5, 0.112637362637363
3.545, 9, 1, 7, 5, 0.112637362637363
3.54184552569576, 9, 6, 0, 197, 0.481278538812785
3.53, 7, 1, 0, 268, 0.898401826484018
3.53, 7, 1, 0, 268, 0.898401826484018
3.49735013974866, 9, 2, 6, 78, 0.304064224786754
3.46142857142857, 12, 4, 0, 221, 0.526826484018265
3.45, 11, 1, 7, 8, 0.259615384615385
3.45, 11, 1, 7, 8, 0.259615384615385
3.44350298591984, 7, 88, 3, 59, 0.368610223642173
3.43609112542467, 20, 5, 2, 121, 0.755622188905547
3.40428571428571, 21, 1, 0, 61, 0.129908675799087
3.39666666666666, 10, 1, 7, 6, 0.197802197802198
3.39175552709146, 10, 2, 7, 5, 0.112637362637363
3.376, 8, 1, 3, 182, 0.738817891373802
3.37, 15, 1, 6, 289, 0.753888610135474
3.36299985132322, 13, 2, 6, 156, 0.453211239337682
3.355, 11, 9, 6, 48, 0.238710486703462
3.348078022729, 7, 7, 0, 178, 0.442694063926941
3.34461507501236, 8, 2, 3, 165, 0.630990415335463
3.34120848641025, 9, 3, 6, 198, 0.506146512794782
3.34102564102564, 7, 9, 4, 69, 0.343167701863354
3.33518698459654, 10, 2, 4, 77, 0.368012422360248
3.32357142857144, 11, 4, 3, 60, 0.369408945686901
3.30925973595304, 9, 2, 6, 186, 0.489588559959859
3.30821704245656, 11, 3, 1, 71, 0.364913745130774
3.30191217327172, 9, 6, 4, 62, 0.321428571428571
3.28627773222736, 10, 3, 5, 250, 0.779360465116279
3.27861844210162, 6, 2, 3, 32, 0.291932907348243
3.27743993079965, 14, 2, 0, 214, 0.507648401826484
3.24, 8, 1, 5, 70, 0.251453488372093
3.23854905783439, 9, 2, 1, 182, 0.864496382860323
3.21866666666667, 14, 9, 7, 9, 0.299450549450549
3.2095029037047, 8, 5, 5, 200, 0.599563953488372
3.19, 11, 1, 7, 8, 0.259615384615385
3.19, 11, 1, 7, 8, 0.259615384615385
3.188, 6, 1, 3, 121, 0.50758785942492
3.18666666666666, 13, 1, 7, 5, 0.112637362637363
3.18119998323485, 12, 3, 7, 5, 0.112637362637363
3.18119998323484, 12, 3, 7, 5, 0.112637362637363
3.16783837971574, 7, 2, 4, 44, 0.262422360248447
3.16783837971574, 7, 2, 4, 44, 0.262422360248447
3.16392425109495, 12, 6, 6, 78, 0.304064224786754
3.1598417681903, 8, 6, 3, 120, 0.502396166134185
3.153696244092, 11, 2, 0, 51, 0.119634703196347
3.135, 12, 1, 7, 4, 0.0549450549450549
3.135, 12, 1, 7, 4, 0.0549450549450549
3.122, 10, 4, 0, 242, 0.634132420091324
3.1049401058997, 9, 5, 0, 263, 0.817351598173516
3.10035416015129, 14, 6, 5, 185, 0.575436046511628
3.1, 6, 1, 1, 16, 0.128964941569282
3.1, 11, 1, 7, 5, 0.112637362637363
3.09552903394558, 12, 7, 3, 139, 0.551517571884984
3.09005663378522, 12, 2, 6, 169, 0.467762167586553
3.09005663378521, 12, 2, 6, 169, 0.467762167586553
3.085, 11, 1, 7, 4, 0.0549450549450549
3.085, 11, 1, 7, 4, 0.0549450549450549
3.08466255534658, 11, 7, 0, 12, 0.0821917808219178
3.07142857142856, 9, 4, 4, 97, 0.506211180124224
3.06884343034962, 9, 2, 3, 169, 0.64017571884984
3.06, 11, 1, 7, 5, 0.112637362637363
3.06, 11, 1, 7, 5, 0.112637362637363
3.05803192580772, 8, 3, 0, 51, 0.119634703196347
3.04999672130971, 11, 5, 0, 219, 0.522260273972603
3.04527320431005, 10, 2, 5, 200, 0.599563953488372
3.04166666666667, 8, 4, 7, 5, 0.112637362637363
3.03, 10, 1, 5, 263, 0.828779069767442
3.02641702347842, 6, 2, 5, 167, 0.509593023255814
3.01777136310889, 11, 6, 4, 61, 0.31832298136646
3.01, 10, 1, 7, 3, 0.0260989010989011
3.01, 10, 1, 7, 3, 0.0260989010989011
3, 9, 1, 6, 297, 0.807325639739087
2.975, 10, 4, 5, 247, 0.765697674418605
2.95747675392386, 11, 3, 4, 41, 0.253105590062112
2.92600786054993, 16, 2, 5, 169, 0.513953488372093
2.90402703428755, 20, 7, 2, 121, 0.755622188905547
2.89506616644734, 5, 37, 2, 95, 0.65992003998001
2.89442375765693, 20, 2, 4, 40, 0.25
2.89357142857143, 9, 4, 6, 198, 0.506146512794782
2.89206673505298, 11, 2, 0, 250, 0.660844748858447
2.89206673505297, 11, 2, 0, 250, 0.660844748858447
2.85671139599366, 8, 2, 6, 276, 0.7019568489714
2.85557443141189, 9, 3, 6, 78, 0.304064224786754
2.85, 8, 1, 6, 55, 0.253888610135474
2.85, 8, 1, 6, 55, 0.253888610135474
2.84499999999998, 12, 4, 0, 272, 0.949771689497717
2.84256926036992, 11, 2, 3, 30, 0.289536741214057
2.82842712474619, 15, 2, 5, 49, 0.19171511627907
2.80957094391456, 9, 2, 7, 8, 0.259615384615385
2.78425334096355, 11, 6, 0, 219, 0.522260273972603
2.76007346923149, 10, 2, 1, 54, 0.32582081246522
2.75500000000001, 8, 1, 4, 62, 0.321428571428571
2.755, 8, 1, 4, 62, 0.321428571428571
2.754, 13, 1, 6, 263, 0.659809332664325
2.75, 9, 1, 7, 5, 0.112637362637363
2.75, 9, 1, 7, 5, 0.112637362637363
2.74653770914493, 7, 3, 3, 174, 0.662539936102236
2.735, 8, 1, 6, 183, 0.480556949322629
2.735, 8, 1, 6, 183, 0.480556949322629
2.705, 13, 1, 0, 226, 0.539840182648402
2.705, 10, 1, 7, 8, 0.259615384615385
2.705, 10, 1, 7, 8, 0.259615384615385
2.69045225442366, 8, 3, 0, 175, 0.435388127853881
2.69, 14, 1, 5, 110, 0.379796511627907
2.69, 14, 1, 5, 110, 0.379796511627907
2.68700576850889, 7, 2, 7, 5, 0.112637362637363
2.67, 14, 1, 3, 173, 0.651357827476038
2.67, 11, 1, 3, 129, 0.527156549520767
2.67, 11, 1, 3, 129, 0.527156549520767
2.64666666666667, 8, 1, 4, 53, 0.293478260869565
2.64362002304312, 15, 37, 1, 66, 0.356844741235392
2.62333333333333, 13, 1, 4, 55, 0.299689440993789
2.62003279306474, 11, 5, 3, 74, 0.402156549520767
2.615, 10, 1, 7, 8, 0.259615384615385
2.61499999999999, 10, 1, 7, 8, 0.259615384615385
2.614, 20, 1, 2, 129, 0.819090454772614
2.61063823614073, 10, 2, 5, 166, 0.505232558139535
2.61, 9, 1, 7, 2, 0.010989010989011
2.61, 9, 1, 7, 2, 0.010989010989011
2.60922402257836, 21, 2, 3, 165, 0.630990415335463
2.60203776981725, 10, 5, 3, 81, 0.423722044728435
2.6, 14, 1, 0, 111, 0.269063926940639
2.595, 8, 1, 7, 11, 0.615384615384615
2.595, 8, 1, 7, 11, 0.615384615384615
2.585, 12, 1, 7, 8, 0.259615384615385
2.585, 12, 1, 7, 8, 0.259615384615385
2.57386868351903, 6, 2, 3, 74, 0.402156549520767
2.57104025639428, 11, 2, 1, 120, 0.471619365609349
2.56695673159051, 6, 13, 5, 210, 0.645058139534884
2.55619101398937, 7, 8, 6, 261, 0.657802308078274
2.55333156549114, 9, 3, 5, 225, 0.710610465116279
2.53952349700425, 8, 2, 0, 91, 0.201255707762557
2.53285649021021, 11, 2, 4, 75, 0.361801242236025
2.51866075701523, 10, 7, 0, 108, 0.256506849315069
2.51333333333333, 14, 4, 6, 201, 0.516181635725038
2.505, 13, 1, 4, 20, 0.178571428571429
2.505, 13, 1, 4, 20, 0.178571428571429
2.50399999999999, 9, 4, 5, 212, 0.648691860465116
2.48335901552716, 12, 2, 5, 215, 0.660610465116279
2.47971940616943, 13, 3, 5, 185, 0.575436046511628
2.47598876818237, 11, 54, 5, 283, 0.984447674418605
2.46888153658019, 12, 6, 1, 74, 0.371035058430718
2.45073050333978, 19, 5, 2, 133, 0.847076461769115
2.43064463328833, 11, 3, 4, 90, 0.442546583850932
2.42773328207381, 17, 2, 6, 229, 0.56823883592574
2.42184072556392, 11, 2, 7, 10, 0.409340659340659
2.42184072556392, 11, 2, 7, 10, 0.409340659340659
2.40856465004977, 10, 5, 0, 80, 0.161415525114155
2.40610724684777, 7, 3, 0, 268, 0.898401826484018
2.40180603343031, 10, 2, 7, 6, 0.197802197802198
2.39002092041054, 8, 2, 3, 80, 0.420127795527157
2.39002092041053, 8, 2, 3, 80, 0.420127795527157
2.39, 9, 1, 7, 8, 0.259615384615385
2.39, 9, 1, 7, 8, 0.259615384615385
2.38907541390667, 16, 3, 5, 169, 0.513953488372093
2.37992168405227, 10, 5, 2, 137, 0.871814092953523
2.37857142857143, 7, 4, 3, 174, 0.662539936102236
2.37234325088087, 12, 2, 3, 71, 0.395766773162939
2.37234325088086, 12, 2, 3, 71, 0.395766773162939
2.368, 19, 4, 4, 31, 0.21583850931677
2.36784008469039, 8, 6, 0, 259, 0.765981735159817
2.365, 10, 1, 3, 143, 0.559904153354633
2.365, 10, 1, 3, 143, 0.559904153354633
2.35558909829367, 20, 3, 0, 123, 0.3087899543379
2.34787137637477, 13, 5, 0, 226, 0.539840182648402
2.34531587011477, 12, 5, 6, 235, 0.580155544405419
2.345, 14, 1, 6, 77, 0.300175614651279
2.345, 14, 1, 6, 77, 0.300175614651279
2.34, 9, 4, 6, 186, 0.489588559959859
2.31857142857143, 8, 1, 0, 124, 0.309931506849315
2.31833333333334, 6, 4, 3, 32, 0.291932907348243
2.31365338804239, 12, 2, 6, 182, 0.480306071249373
2.3, 13, 1, 7, 8, 0.259615384615385
2.3, 15, 1, 7, 10, 0.409340659340659
2.3, 13, 1, 7, 8, 0.259615384615385
2.3, 15, 1, 7, 10, 0.409340659340659
2.29102597104442, 8, 2, 5, 70, 0.251453488372093
2.285, 13, 1, 5, 186, 0.578052325581395
2.285, 13, 1, 5, 186, 0.578052325581395
2.27405540829593, 9, 2, 0, 251, 0.668949771689498
2.255, 14, 1, 6, 171, 0.468765679879579
2.255, 14, 1, 6, 171, 0.468765679879579
2.25331360938113, 13, 2, 7, 5, 0.112637362637363
2.23445742854949, 10, 2, 7, 2, 0.010989010989011
2.23445742854949, 10, 2, 7, 2, 0.010989010989011
2.23, 11, 4, 0, 51, 0.119634703196347
2.22, 13, 1, 7, 5, 0.112637362637363
2.22, 13, 1, 7, 5, 0.112637362637363
2.21161764705883, 8, 16, 0, 103, 0.251826484018265
2.19579259085207, 10, 6, 1, 51, 0.321368948247079
2.19203102167829, 6, 2, 1, 16, 0.128964941569282
2.19203102167829, 11, 2, 7, 5, 0.112637362637363
2.18, 7, 1, 7, 2, 0.010989010989011
2.18, 7, 1, 7, 2, 0.010989010989011
2.16235511182359, 8, 6, 0, 51, 0.119634703196347
2.15333333333334, 10, 4, 5, 200, 0.599563953488372
2.14666666666667, 12, 1, 3, 139, 0.551517571884984
2.14460991946477, 8, 24, 7, 13, 0.993131868131868
2.14253354699523, 10, 2, 5, 263, 0.828779069767442
2.14116873959727, 6, 7, 5, 280, 0.940988372093023
2.13966009761676, 9, 3, 0, 118, 0.298630136986301
2.13768098648979, 9, 5, 3, 143, 0.559904153354633
2.1315771938481, 10, 3, 5, 166, 0.505232558139535
2.13042249330972, 21, 3, 3, 165, 0.630990415335463
2.12942912593184, 10, 10, 2, 12, 0.393303348325837
2.12132034355964, 9, 2, 6, 297, 0.807325639739087
2.11071374184185, 9, 2, 5, 233, 0.732267441860465
2.11071374184185, 16, 2, 0, 230, 0.565068493150685
2.11071374184184, 16, 2, 0, 230, 0.565068493150685
2.11071374184183, 9, 2, 5, 233, 0.732267441860465
2.10444173119619, 13, 3, 4, 50, 0.281055900621118
2.09924557877348, 11, 3, 1, 120, 0.471619365609349
2.09578147715834, 8, 3, 2, 29, 0.469515242378811
2.09578147715834, 8, 3, 2, 29, 0.469515242378811
2.09500000000001, 9, 1, 4, 110, 0.937888198757764
2.095, 9, 1, 4, 110, 0.937888198757764
2.07, 16, 1, 1, 156, 0.584585420144686
2.07, 11, 1, 4, 99, 0.557453416149068
2.06806866423724, 11, 3, 4, 75, 0.361801242236025
2.06, 12, 1, 5, 260, 0.817151162790698
2.04825264283703, 9, 2, 5, 148, 0.462790697674419
2.04823826738981, 9, 5, 1, 182, 0.864496382860323
2.04785980573637, 15, 8, 3, 143, 0.559904153354633
2.04707413153505, 7, 2, 0, 235, 0.590867579908676
2.04666666666667, 13, 1, 6, 79, 0.308454591068741
2.02765414539396, 12, 3, 5, 215, 0.660610465116279
2.02666666666666, 10, 1, 7, 13, 0.993131868131868
2.02, 7, 1, 2, 107, 0.699650174912544
2.02, 13, 1, 7, 5, 0.112637362637363
2.02, 13, 1, 7, 5, 0.112637362637363
2.02, 7, 1, 2, 107, 0.699650174912544
2.00000000000001, 15, 4, 5, 49, 0.19171511627907
1.99895960662755, 8, 7, 5, 244, 0.754360465116279
1.99666666666667, 17, 1, 6, 234, 0.578273958855996
1.99, 14, 1, 7, 5, 0.112637362637363
1.99, 14, 1, 7, 5, 0.112637362637363
1.99, 9, 4, 3, 173, 0.651357827476038
1.98333333333333, 23, 1, 3, 173, 0.651357827476038
1.97, 8, 1, 5, 65, 0.234883720930233
1.97, 10, 1, 7, 4, 0.0549450549450549
1.97, 10, 1, 7, 4, 0.0549450549450549
1.97, 8, 1, 5, 65, 0.234883720930233
1.97, 13, 1, 7, 5, 0.112637362637363
1.97, 13, 1, 7, 5, 0.112637362637363
1.953, 13, 4, 1, 158, 0.588063439065109
1.94750000000001, 13, 1, 3, 120, 0.502396166134185
1.945, 13, 1, 7, 8, 0.259615384615385
1.945, 13, 1, 7, 8, 0.259615384615385
1.93, 10, 1, 5, 222, 0.695639534883721
1.93, 10, 1, 5, 222, 0.695639534883721
1.93, 8, 1, 5, 130, 0.423401162790698
1.92568746743136, 13, 2, 1, 59, 0.332081246521981
1.92, 10, 1, 5, 130, 0.423401162790698
1.91666666666667, 8, 1, 3, 182, 0.738817891373802
1.91407418873981, 6, 5, 5, 167, 0.509593023255814
1.90918830920367, 7, 2, 6, 283, 0.732689412945309
1.905, 11, 1, 7, 7, 0.245879120879121
1.905, 11, 1, 7, 7, 0.245879120879121
1.89690919891505, 7, 7, 5, 220, 0.681686046511628
1.89223082630001, 14, 6, 0, 214, 0.507648401826484
1.89, 17, 1, 6, 233, 0.574761665830406
1.88909008078846, 12, 3, 6, 182, 0.480306071249373
1.87147594754039, 8, 2, 4, 53, 0.293478260869565
1.85675846571385, 9, 3, 0, 251, 0.668949771689498
1.85497678931271, 13, 2, 4, 55, 0.299689440993789
1.84554869889689, 19, 2, 6, 80, 0.312970396387356
1.84554869889689, 19, 2, 6, 80, 0.312970396387356
1.845, 11, 1, 6, 154, 0.449322629202208
1.845, 11, 1, 6, 154, 0.449322629202208
1.84, 10, 1, 7, 5, 0.112637362637363
1.83999999999999, 10, 1, 7, 5, 0.112637362637363
1.83847763108502, 14, 2, 0, 111, 0.269063926940639
1.825, 13, 1, 7, 10, 0.409340659340659
1.825, 13, 1, 7, 10, 0.409340659340659
1.81490740504548, 9, 2, 6, 283, 0.732689412945309
1.8, 7, 1, 5, 199, 0.598255813953488
1.8, 7, 1, 5, 199, 0.598255813953488
1.79779865390983, 11, 5, 3, 30, 0.289536741214057
1.77558234370579, 7, 18, 3, 31, 0.29073482428115
1.775, 14, 4, 6, 263, 0.659809332664325
1.77249999999999, 6, 1, 5, 280, 0.940988372093023
1.74666666666667, 16, 1, 6, 227, 0.55920722528851
1.74655374953077, 15, 2, 5, 165, 0.502761627906977
1.73391201992983, 6, 7, 0, 249, 0.655821917808219
1.72675475965755, 12, 2, 0, 105, 0.253538812785388
1.72666666666667, 10, 1, 3, 64, 0.382987220447284
1.725, 16, 1, 4, 49, 0.277950310559006
1.725, 16, 1, 4, 49, 0.277950310559006
1.72, 10, 1, 7, 8, 0.259615384615385
1.72, 10, 1, 7, 8, 0.259615384615385
1.71666666666667, 17, 4, 6, 229, 0.56823883592574
1.71276975887408, 7, 8, 1, 43, 0.294101279910963
1.688, 8, 4, 3, 182, 0.738817891373802
1.68333333333333, 11, 1, 6, 52, 0.249247365780231
1.68149992566162, 13, 8, 6, 156, 0.453211239337682
1.67, 11, 1, 7, 8, 0.259615384615385
1.67, 11, 1, 7, 8, 0.259615384615385
1.66666666666667, 13, 1, 6, 254, 0.640993477170095
1.66346870274135, 16, 2, 6, 213, 0.530983442047165
1.66333333333333, 14, 1, 6, 213, 0.530983442047165
1.66, 13, 1, 7, 8, 0.259615384615385
1.66, 13, 1, 7, 8, 0.259615384615385
1.65816540188246, 11, 2, 6, 172, 0.46939287506272
1.65816540188245, 11, 2, 6, 172, 0.46939287506272
1.65361971543198, 8, 2, 3, 121, 0.50758785942492
1.6404877323528, 12, 2, 5, 65, 0.234883720930233
1.64048773235279, 12, 2, 5, 65, 0.234883720930233
1.61927452891719, 10, 2, 5, 198, 0.596947674418605
1.60613568440985, 8, 5, 0, 91, 0.201255707762557
1.6, 11, 1, 5, 234, 0.734156976744186
1.59399999999999, 6, 4, 3, 121, 0.50758785942492
1.565, 11, 1, 3, 149, 0.575878594249201
1.565, 11, 1, 3, 149, 0.575878594249201
1.56173247815794, 13, 3, 0, 226, 0.539840182648402
1.56, 10, 1, 5, 114, 0.392005813953488
1.55884572681201, 7, 3, 6, 283, 0.732689412945309
1.555, 11, 1, 7, 6, 0.197802197802198
1.555, 11, 1, 7, 6, 0.197802197802198
1.54152521873629, 14, 3, 3, 173, 0.651357827476038
1.53666666666667, 14, 1, 7, 10, 0.409340659340659
1.52709146200657, 22, 3, 3, 161, 0.615415335463259
1.52709146200655, 22, 3, 3, 161, 0.615415335463259
1.5267617596037, 17, 17, 1, 92, 0.403032832498609
1.525, 8, 1, 5, 172, 0.518168604651163
1.52, 12, 1, 6, 284, 0.737706974410437
1.52, 8, 1, 2, 104, 0.689405297351324
1.50710981683484, 15, 5, 6, 289, 0.753888610135474
1.50613744392734, 10, 2, 0, 250, 0.660844748858447
1.50613744392734, 10, 2, 0, 250, 0.660844748858447
1.505, 8, 1, 4, 90, 0.442546583850932
1.47902523516621, 8, 6, 6, 175, 0.473406924234822
1.46371103705615, 11, 2, 4, 99, 0.557453416149068
1.45663996924429, 12, 2, 5, 260, 0.817151162790698
1.45, 13, 1, 7, 8, 0.259615384615385
1.44833333333333, 9, 4, 5, 148, 0.462790697674419
1.44721187882847, 13, 2, 6, 79, 0.308454591068741
1.44337567297406, 8, 3, 3, 103, 0.46685303514377
1.43896229971462, 7, 2, 3, 54, 0.358226837060703
1.43896229971462, 7, 2, 3, 54, 0.358226837060703
1.43306974320475, 10, 2, 7, 13, 0.993131868131868
1.425, 17, 1, 7, 13, 0.993131868131868
1.425, 17, 1, 7, 13, 0.993131868131868
1.42, 13, 1, 7, 8, 0.259615384615385
1.41999999999999, 13, 1, 7, 8, 0.259615384615385
1.41185653976914, 17, 2, 6, 234, 0.578273958855996
1.40988935736106, 12, 3, 0, 105, 0.253538812785388
1.40666666666667, 9, 1, 2, 89, 0.638680659670165
1.40666666666667, 12, 1, 6, 29, 0.173482187656799
1.40242844935332, 23, 2, 3, 173, 0.651357827476038
1.39250000000001, 21, 1, 3, 172, 0.649361022364217
1.38979382310769, 21, 6, 0, 61, 0.129908675799087
1.377, 13, 4, 6, 263, 0.659809332664325
1.36471608769004, 8, 2, 5, 130, 0.423401162790698
1.36166666666668, 13, 4, 1, 59, 0.332081246521981
1.36, 23, 1, 5, 133, 0.430087209302326
1.35528799727421, 8, 2, 3, 182, 0.738817891373802
1.35, 10, 1, 3, 123, 0.511980830670927
1.35, 9, 1, 3, 59, 0.368610223642173
1.345, 13, 1, 4, 39, 0.246894409937888
1.33643181644258, 17, 2, 6, 233, 0.574761665830406
1.33333333333334, 8, 1, 7, 7, 0.245879120879121
1.325, 15, 1, 6, 227, 0.55920722528851
1.32, 14, 1, 5, 243, 0.75203488372093
1.32, 14, 1, 5, 243, 0.75203488372093
1.32, 17, 1, 7, 5, 0.112637362637363
1.32, 17, 1, 7, 5, 0.112637362637363
1.307, 20, 4, 2, 129, 0.819090454772614
1.30461201128918, 9, 2, 7, 7, 0.245879120879121
1.30461201128918, 9, 2, 7, 7, 0.245879120879121
1.28333333333332, 9, 4, 6, 283, 0.732689412945309
1.27283528576729, 19, 12, 1, 130, 0.493878686700056
1.27249999999999, 11, 1, 5, 201, 0.600436046511628
1.25, 8, 4, 3, 103, 0.46685303514377
1.23507984447251, 16, 2, 6, 227, 0.55920722528851
1.23499999999999, 15, 4, 5, 165, 0.502761627906977
1.22666666666667, 11, 1, 3, 97, 0.455670926517572
1.22093770884878, 10, 2, 3, 64, 0.382987220447284
1.22, 17, 1, 7, 13, 0.993131868131868
1.22, 17, 1, 7, 13, 0.993131868131868
1.20999999999999, 7, 1, 4, 68, 0.340062111801242
1.205, 11, 1, 6, 298, 0.852609131961867
1.205, 11, 1, 6, 298, 0.852609131961867
1.2, 11, 1, 0, 75, 0.148858447488584
1.2, 8, 1, 7, 7, 0.245879120879121
1.2, 8, 1, 7, 7, 0.245879120879121
1.19511505722253, 16, 3, 1, 156, 0.584585420144686
1.195, 10, 1, 3, 121, 0.50758785942492
1.195, 10, 1, 3, 121, 0.50758785942492
1.19029641499735, 11, 2, 6, 52, 0.249247365780231
1.18187880089289, 7, 6, 0, 235, 0.590867579908676
1.17851130197758, 13, 2, 6, 254, 0.640993477170095
1.17615427937362, 14, 2, 6, 213, 0.530983442047165
1.175, 7, 1, 7, 6, 0.197802197802198
1.175, 7, 1, 7, 6, 0.197802197802198
1.17333333333333, 10, 1, 0, 93, 0.203995433789954
1.16, 9, 1, 3, 80, 0.420127795527157
1.16, 9, 1, 3, 80, 0.420127795527157
1.155, 11, 1, 1, 148, 0.550918196994992
1.155, 11, 1, 1, 148, 0.550918196994992
1.15, 11, 1, 6, 215, 0.533241344706473
1.15, 11, 1, 6, 215, 0.533241344706473
1.15, 12, 1, 0, 225, 0.536986301369863
1.15, 12, 1, 7, 7, 0.245879120879121
1.15, 12, 1, 7, 7, 0.245879120879121
1.14500000000001, 10, 4, 5, 198, 0.596947674418605
1.145, 11, 1, 7, 8, 0.259615384615385
1.145, 11, 1, 7, 8, 0.259615384615385
1.13137084989848, 11, 2, 5, 234, 0.734156976744186
1.13, 12, 1, 0, 228, 0.544748858447489
1.13, 12, 1, 0, 228, 0.544748858447489
1.13, 7, 1, 1, 29, 0.263912075681692
1.13, 7, 1, 1, 29, 0.263912075681692
1.125, 17, 1, 6, 219, 0.546287004515805
1.125, 17, 1, 6, 219, 0.546287004515805
1.1243896492468, 13, 3, 3, 120, 0.502396166134185
1.11, 13, 1, 7, 4, 0.0549450549450549
1.11, 13, 1, 7, 4, 0.0549450549450549
1.10851251684408, 10, 3, 5, 130, 0.423401162790698
1.09, 21, 1, 0, 141, 0.350228310502283
1.08658742042333, 14, 2, 7, 10, 0.409340659340659
1.08333333333334, 16, 1, 5, 165, 0.502761627906977
1.075, 11, 1, 6, 185, 0.489086803813347
1.075, 12, 1, 0, 131, 0.338127853881279
1.075, 11, 1, 6, 127, 0.411063723030607
1.075, 17, 1, 6, 213, 0.530983442047165
1.075, 17, 1, 6, 213, 0.530983442047165
1.075, 11, 1, 6, 185, 0.489086803813347
1.075, 12, 1, 0, 131, 0.338127853881279
1.075, 11, 1, 6, 127, 0.411063723030607
1.07480230740355, 12, 2, 6, 284, 0.737706974410437
1.06983004880837, 9, 12, 0, 118, 0.298630136986301
1.0458409369049, 8, 5, 3, 121, 0.50758785942492
1.045, 8, 1, 6, 77, 0.300175614651279
1.045, 8, 1, 6, 77, 0.300175614651279
1.0375, 15, 1, 5, 165, 0.502761627906977
1.0253048327205, 13, 2, 7, 8, 0.259615384615385
1.02335335213862, 6, 3, 5, 280, 0.940988372093023
1.01, 13, 1, 0, 226, 0.539840182648402
1, 9, 1, 7, 7, 0.245879120879121
1, 9, 1, 7, 7, 0.245879120879121
0.994663538869077, 9, 2, 2, 89, 0.638680659670165
0.994663538869077, 12, 2, 6, 29, 0.173482187656799
0.975000000000001, 14, 1, 7, 8, 0.259615384615385
0.975000000000001, 10, 1, 0, 256, 0.736301369863014
0.974999999999994, 14, 1, 7, 8, 0.259615384615385
0.970000000000002, 11, 1, 6, 78, 0.304064224786754
0.969999999999999, 11, 1, 6, 78, 0.304064224786754
0.961665222413704, 23, 2, 5, 133, 0.430087209302326
0.960404103316252, 16, 6, 6, 213, 0.530983442047165
0.960018518339903, 12, 5, 3, 139, 0.551517571884984
0.954594154601845, 9, 2, 3, 59, 0.368610223642173
0.954594154601835, 10, 2, 3, 123, 0.511980830670927
0.950000000000003, 21, 1, 6, 132, 0.415830406422479
0.950000000000003, 21, 1, 6, 132, 0.415830406422479
0.94655282203264, 8, 6, 0, 124, 0.309931506849315
0.94280904158205, 8, 2, 7, 7, 0.245879120879121
0.936666666666667, 13, 1, 5, 106, 0.370930232558139
0.933380951166248, 18, 2, 6, 254, 0.640993477170095
0.933380951166248, 18, 2, 6, 254, 0.640993477170095
0.924895669792007, 12, 2, 0, 221, 0.526826484018265
0.914999999999999, 10, 1, 7, 8, 0.259615384615385
0.914999999999999, 10, 1, 7, 8, 0.259615384615385
0.895, 18, 1, 5, 170, 0.515116279069767
0.895, 18, 1, 5, 170, 0.515116279069767
0.895, 13, 1, 5, 117, 0.398546511627907
0.895, 13, 1, 5, 117, 0.398546511627907
0.885, 14, 1, 3, 157, 0.596645367412141
0.885, 14, 1, 3, 157, 0.596645367412141
0.880459160514179, 8, 3, 5, 172, 0.518168604651163
0.880000000000003, 9, 1, 7, 8, 0.259615384615385
0.879999999999995, 9, 1, 7, 8, 0.259615384615385
0.877572409168233, 8, 3, 2, 104, 0.689405297351324
0.86891215513039, 8, 3, 4, 90, 0.442546583850932
0.867384318255493, 11, 2, 3, 97, 0.455670926517572
0.866666666666667, 19, 1, 1, 85, 0.391346688925988
0.855599205235728, 7, 2, 4, 68, 0.340062111801242
0.853333333333332, 14, 1, 4, 109, 0.801242236024845
0.852063671329799, 14, 2, 3, 89, 0.438897763578275
0.852063671329789, 14, 2, 3, 89, 0.438897763578275
0.850000000000001, 9, 1, 3, 81, 0.423722044728435
0.850000000000001, 9, 1, 3, 81, 0.423722044728435
0.850000000000001, 8, 1, 4, 45, 0.265527950310559
0.835000000000001, 9, 1, 6, 100, 0.361264425489212
0.835000000000001, 9, 1, 6, 100, 0.361264425489212
0.829671956592215, 10, 2, 0, 93, 0.203995433789954
0.813172798364534, 12, 2, 0, 225, 0.536986301369863
0.803960249846549, 21, 3, 3, 172, 0.649361022364217
0.800000000000001, 9, 1, 3, 185, 0.775159744408946
0.789999999999999, 12, 1, 7, 13, 0.993131868131868
0.780000000000001, 12, 1, 4, 62, 0.321428571428571
0.780000000000001, 15, 1, 1, 167, 0.661797440178075
0.780000000000001, 10, 4, 5, 114, 0.392005813953488
0.779999999999998, 15, 1, 1, 167, 0.661797440178075
0.776536112060042, 13, 3, 4, 39, 0.246894409937888
0.770746391493334, 21, 2, 0, 141, 0.350228310502283
0.766032346285428, 16, 2, 5, 165, 0.502761627906977
0.764989106676254, 15, 3, 6, 227, 0.55920722528851
0.755174152100027, 12, 3, 0, 221, 0.526826484018265
0.755000000000003, 11, 1, 6, 283, 0.732689412945309
0.754999999999995, 11, 1, 6, 283, 0.732689412945309
0.75333333333333, 9, 1, 4, 88, 0.419254658385093
0.753068721963674, 10, 2, 2, 99, 0.668665667166417
0.753068721963671, 10, 2, 2, 99, 0.668665667166417
0.75, 9, 1, 5, 68, 0.241133720930233
0.75, 9, 1, 5, 68, 0.241133720930233
0.734999999999999, 18, 1, 5, 202, 0.607267441860465
0.734999999999999, 18, 1, 5, 202, 0.607267441860465
0.734999999999999, 22, 1, 6, 32, 0.184395383843452
0.734999999999999, 22, 1, 6, 32, 0.184395383843452
0.734678217543807, 11, 3, 5, 201, 0.600436046511628
0.714177848998412, 13, 2, 0, 226, 0.539840182648402
0.706666666666663, 14, 1, 6, 220, 0.548168590065228
0.700000000000003, 11, 1, 7, 8, 0.259615384615385
0.700000000000003, 10, 1, 4, 72, 0.352484472049689
0.700000000000003, 10, 1, 4, 72, 0.352484472049689
0.700000000000003, 10, 1, 7, 7, 0.245879120879121
0.700000000000003, 10, 1, 7, 7, 0.245879120879121
0.699999999999996, 11, 1, 7, 8, 0.259615384615385
0.692820323027548, 11, 3, 0, 75, 0.148858447488584
0.687999999999995, 9, 1, 7, 10, 0.409340659340659
0.685000000000002, 15, 1, 7, 10, 0.409340659340659
0.684999999999995, 15, 1, 7, 10, 0.409340659340659
0.68, 10, 1, 3, 161, 0.615415335463259
0.68, 10, 1, 3, 161, 0.615415335463259
0.6623233517114, 13, 2, 5, 106, 0.370930232558139
0.655000000000001, 14, 1, 6, 265, 0.66783743100853
0.655000000000001, 14, 1, 6, 265, 0.66783743100853
0.655000000000001, 10, 1, 6, 256, 0.645634721525339
0.655000000000001, 10, 1, 6, 256, 0.645634721525339
0.649999999999999, 9, 1, 6, 157, 0.45471650777722
0.649999999999999, 9, 1, 6, 157, 0.45471650777722
0.645000000000003, 10, 1, 3, 93, 0.448482428115016
0.644999999999996, 10, 1, 3, 93, 0.448482428115016
0.640000000000004, 20, 1, 5, 197, 0.596656976744186
0.640000000000001, 9, 1, 7, 5, 0.112637362637363
0.640000000000001, 9, 1, 7, 5, 0.112637362637363
0.640000000000001, 20, 1, 5, 197, 0.596656976744186
0.636396103067897, 11, 2, 7, 7, 0.245879120879121
0.636396103067897, 11, 2, 7, 7, 0.245879120879121
0.635000000000005, 12, 1, 1, 22, 0.210628825820812
0.634999999999998, 12, 1, 1, 22, 0.210628825820812
0.630000000000003, 11, 1, 5, 215, 0.660610465116279
0.629999999999999, 11, 1, 5, 215, 0.660610465116279
0.623538290724795, 9, 3, 6, 195, 0.503135975915705
0.623538290724795, 9, 3, 6, 195, 0.503135975915705
0.61333333333333, 22, 1, 6, 102, 0.366658304064225
0.612825877028347, 19, 2, 1, 85, 0.391346688925988
0.611999999999998, 7, 1, 5, 154, 0.481104651162791
0.603397786612524, 14, 2, 4, 109, 0.801242236024845
0.599999999999994, 11, 1, 5, 127, 0.41671511627907
0.59900090428424, 15, 3, 5, 165, 0.502761627906977
0.585000000000001, 11, 1, 7, 11, 0.615384615384615
0.584999999999994, 11, 1, 7, 11, 0.615384615384615
0.576666666666664, 11, 1, 5, 266, 0.837354651162791
0.5725, 14, 1, 6, 260, 0.656046161565479
0.565685424949239, 9, 2, 3, 185, 0.775159744408946
0.565685424949236, 7, 2, 6, 65, 0.276342197691922
0.565685424949236, 7, 2, 6, 65, 0.276342197691922
0.565000000000005, 11, 1, 6, 78, 0.304064224786754
0.564999999999998, 11, 1, 6, 78, 0.304064224786754
0.56291651245989, 10, 3, 0, 256, 0.736301369863014
0.558614357137377, 12, 2, 7, 13, 0.993131868131868
0.551543289325503, 12, 2, 4, 62, 0.321428571428571
0.550000000000001, 8, 1, 4, 90, 0.442546583850932
0.549999999999997, 8, 1, 4, 90, 0.442546583850932
0.532687108493869, 9, 2, 4, 88, 0.419254658385093
0.525000000000002, 12, 1, 6, 162, 0.462117410938284
0.519999999999996, 10, 1, 6, 127, 0.411063723030607
0.499688792038496, 14, 2, 6, 220, 0.548168590065228
0.493333333333339, 12, 1, 1, 8, 0.0542570951585977
0.490747728811179, 8, 3, 4, 45, 0.265527950310559
0.490000000000002, 20, 1, 2, 151, 0.967016491754123
0.489999999999998, 20, 1, 2, 151, 0.967016491754123
0.483333333333333, 10, 1, 0, 78, 0.154337899543379
0.473333333333329, 10, 4, 6, 128, 0.412192674360261
0.461033621333625, 9, 2, 5, 236, 0.739244186046512
0.455000000000002, 12, 1, 5, 223, 0.700872093023256
0.454999999999998, 12, 1, 5, 223, 0.700872093023256
0.449999999999999, 7, 1, 1, 31, 0.270033388981636
0.449999999999999, 7, 1, 1, 31, 0.270033388981636
0.433692159127747, 22, 2, 6, 102, 0.366658304064225
0.424264068711935, 11, 2, 5, 127, 0.41671511627907
0.423333333333332, 13, 1, 4, 74, 0.358695652173913
0.407764910484248, 11, 2, 5, 266, 0.837354651162791
0.395000000000003, 10, 1, 7, 5, 0.112637362637363
0.395000000000003, 10, 1, 7, 5, 0.112637362637363
0.391265752256552, 5, 2, 5, 280, 0.940988372093023
0.390000000000001, 19, 1, 7, 12, 0.862637362637363
0.390000000000001, 19, 1, 7, 12, 0.862637362637363
0.390000000000001, 11, 1, 6, 113, 0.388986452584044
0.390000000000001, 11, 1, 6, 113, 0.388986452584044
0.390000000000001, 12, 1, 7, 13, 0.993131868131868
0.389999999999993, 12, 1, 7, 13, 0.993131868131868
0.385000000000002, 11, 1, 6, 111, 0.385474159558454
0.385, 11, 1, 6, 111, 0.385474159558454
0.380000000000003, 12, 1, 3, 15, 0.194888178913738
0.379999999999999, 12, 1, 3, 15, 0.194888178913738
0.376432375511641, 9, 3, 5, 236, 0.739244186046512
0.367695526217012, 10, 2, 6, 127, 0.411063723030607
0.348839345385368, 12, 2, 1, 8, 0.0542570951585977
0.345000000000001, 16, 1, 0, 195, 0.474771689497717
0.344999999999999, 16, 1, 0, 195, 0.474771689497717
0.344999999999999, 15, 1, 6, 171, 0.468765679879579
0.344999999999999, 15, 1, 6, 171, 0.468765679879579
0.344000000000008, 9, 4, 7, 10, 0.409340659340659
0.341768277573501, 10, 2, 0, 78, 0.154337899543379
0.340000000000003, 19, 1, 6, 242, 0.591445057701957
0.339999999999996, 19, 1, 6, 242, 0.591445057701957
0.335000000000001, 22, 1, 0, 153, 0.38972602739726
0.334999999999997, 22, 1, 0, 153, 0.38972602739726
0.33469720976164, 10, 8, 6, 128, 0.412192674360261
0.330533029111062, 14, 3, 6, 260, 0.656046161565479
0.305999999999997, 7, 4, 5, 154, 0.481104651162791
0.303108891324555, 12, 3, 6, 162, 0.462117410938284
0.300000000000004, 15, 1, 6, 60, 0.259282488710487
0.300000000000001, 13, 1, 3, 173, 0.651357827476038
0.300000000000001, 13, 1, 3, 173, 0.651357827476038
0.299341870702314, 13, 2, 4, 74, 0.358695652173913
0.286666666666665, 9, 1, 2, 154, 0.987006496751624
0.279999999999999, 12, 1, 0, 96, 0.216095890410959
0.279999999999999, 12, 1, 0, 96, 0.216095890410959
0.276666666666671, 5, 4, 5, 280, 0.940988372093023
0.266666666666666, 9, 1, 2, 8, 0.382308845577211
0.255000000000001, 12, 1, 5, 242, 0.75014534883721
0.255, 12, 1, 5, 242, 0.75014534883721
0.250000000000004, 13, 1, 0, 182, 0.447260273972603
0.245000000000005, 15, 1, 7, 12, 0.862637362637363
0.245000000000005, 15, 1, 7, 11, 0.615384615384615
0.245000000000001, 12, 1, 4, 50, 0.281055900621118
0.245000000000001, 12, 1, 4, 50, 0.281055900621118
0.244999999999997, 15, 1, 7, 12, 0.862637362637363
0.244999999999997, 15, 1, 7, 11, 0.615384615384615
0.244999999999997, 11, 1, 7, 11, 0.615384615384615
0.244999999999997, 11, 1, 7, 11, 0.615384615384615
0.23, 13, 1, 5, 238, 0.741860465116279
0.23, 13, 1, 5, 238, 0.741860465116279
0.225000000000001, 8, 1, 4, 52, 0.288819875776397
0.224999999999998, 8, 1, 4, 52, 0.288819875776397
0.222500000000004, 8, 4, 3, 44, 0.321485623003195
0.222499999999997, 8, 4, 3, 44, 0.321485623003195
0.220000000000002, 14, 1, 7, 4, 0.0549450549450549
0.219999999999999, 14, 1, 7, 4, 0.0549450549450549
0.212132034355962, 15, 2, 6, 60, 0.259282488710487
0.202703943940145, 9, 2, 2, 154, 0.987006496751624
0.200000000000003, 15, 1, 7, 7, 0.245879120879121
0.200000000000003, 15, 1, 7, 7, 0.245879120879121
0.195, 12, 1, 6, 235, 0.580155544405419
0.194999999999999, 12, 1, 6, 235, 0.580155544405419
0.188561808316412, 9, 2, 2, 8, 0.382308845577211
0.185000000000002, 13, 1, 7, 8, 0.259615384615385
0.185000000000002, 13, 1, 7, 8, 0.259615384615385
0.176776695296637, 13, 2, 0, 182, 0.447260273972603
0.170000000000002, 22, 1, 5, 48, 0.188081395348837
0.170000000000002, 10, 1, 3, 170, 0.642571884984026
0.170000000000002, 10, 1, 3, 170, 0.642571884984026
0.150000000000006, 8, 1, 6, 208, 0.524711490215755
0.149999999999999, 15, 1, 6, 242, 0.591445057701957
0.149999999999999, 15, 1, 6, 242, 0.591445057701957
0.149999999999999, 8, 1, 6, 208, 0.524711490215755
0.143333333333333, 15, 1, 2, 68, 0.590954522738631
0.140000000000001, 13, 1, 0, 117, 0.294292237442922
0.130000000000003, 13, 1, 1, 184, 0.975932109070673
0.130000000000003, 13, 1, 1, 184, 0.975932109070673
0.123743686707644, 14, 2, 6, 215, 0.533241344706473
0.123743686707644, 14, 2, 6, 215, 0.533241344706473
0.120208152801714, 22, 2, 5, 48, 0.188081395348837
0.110000000000007, 11, 4, 4, 14, 0.141304347826087
0.109999999999992, 11, 4, 4, 14, 0.141304347826087
0.105, 13, 1, 5, 201, 0.600436046511628
0.104999999999999, 13, 1, 5, 201, 0.600436046511628
0.101351971970073, 15, 2, 2, 68, 0.590954522738631
0.100000000000001, 12, 1, 0, 106, 0.254794520547945
0.100000000000001, 12, 1, 3, 110, 0.478035143769968
0.100000000000001, 11, 1, 7, 10, 0.409340659340659
0.0999999999999979, 12, 1, 0, 106, 0.254794520547945
0.0999999999999943, 11, 1, 7, 10, 0.409340659340659
0.0989949493661171, 13, 2, 0, 117, 0.294292237442922
0.0949999999999989, 18, 1, 7, 10, 0.409340659340659
0.0949999999999989, 18, 1, 7, 10, 0.409340659340659
0.0850000000000009, 10, 1, 6, 157, 0.45471650777722
0.0850000000000009, 10, 1, 6, 157, 0.45471650777722
0.0850000000000009, 10, 1, 5, 168, 0.5125
0.0849999999999991, 10, 1, 5, 168, 0.5125
0.0750000000000028, 11, 1, 7, 5, 0.112637362637363
0.0750000000000028, 11, 1, 7, 5, 0.112637362637363
0.0750000000000011, 8, 1, 2, 144, 0.914542728635682
0.0749999999999993, 8, 1, 2, 144, 0.914542728635682
0.0707106781186608, 12, 2, 3, 110, 0.478035143769968
0.0600000000000023, 20, 1, 6, 115, 0.390491721023582
0.0600000000000023, 11, 1, 3, 139, 0.551517571884984
0.0599999999999952, 20, 1, 6, 115, 0.390491721023582
0.0549999999999997, 24, 1, 5, 187, 0.581104651162791
0.0549999999999997, 24, 1, 5, 187, 0.581104651162791
0.0500000000000043, 8, 1, 3, 93, 0.448482428115016
0.0500000000000043, 13, 1, 5, 154, 0.481104651162791
0.0500000000000007, 14, 1, 3, 143, 0.559904153354633
0.0500000000000007, 10, 1, 1, 183, 0.915692821368948
0.0500000000000007, 10, 1, 1, 183, 0.915692821368948
0.0499999999999972, 14, 1, 3, 143, 0.559904153354633
0.0499999999999972, 8, 1, 3, 93, 0.448482428115016
0.0499999999999972, 13, 1, 5, 154, 0.481104651162791
0.0450000000000017, 9, 1, 6, 183, 0.480556949322629
0.0449999999999999, 11, 1, 4, 68, 0.340062111801242
0.0449999999999999, 11, 1, 4, 68, 0.340062111801242
0.0449999999999982, 9, 1, 6, 183, 0.480556949322629
0.0424264068711945, 11, 2, 3, 139, 0.551517571884984
0.0400000000000009, 14, 1, 2, 74, 0.607196401799101
0.0399999999999991, 14, 1, 2, 74, 0.607196401799101
0.0353553390593254, 10, 2, 0, 264, 0.844748858447489
0.0353553390593254, 10, 2, 0, 264, 0.844748858447489
0.0350000000000037, 16, 1, 0, 226, 0.539840182648402
0.0350000000000001, 11, 1, 6, 101, 0.364149523331661
0.0350000000000001, 11, 1, 6, 101, 0.364149523331661
0.0349999999999966, 16, 1, 0, 226, 0.539840182648402
0.0300000000000011, 12, 1, 5, 119, 0.404941860465116
0.0300000000000011, 12, 1, 5, 119, 0.404941860465116
0.0199999999999996, 17, 1, 6, 201, 0.516181635725038
0.0199999999999996, 17, 1, 6, 201, 0.516181635725038
0.0199999999999996, 10, 1, 3, 121, 0.50758785942492
0.0199999999999996, 10, 1, 3, 121, 0.50758785942492
0.0100000000000051, 12, 1, 3, 122, 0.510782747603834
0.00999999999999801, 12, 1, 3, 122, 0.510782747603834
0.00999999999999801, 11, 1, 6, 101, 0.364149523331661
0.00999999999999801, 11, 1, 6, 101, 0.364149523331661
0.00500000000000256, 7, 1, 6, 243, 0.592197691921726
0.00500000000000256, 13, 1, 0, 224, 0.534817351598174
0.00500000000000256, 14, 1, 4, 68, 0.340062111801242
0.00500000000000256, 12, 1, 3, 62, 0.371805111821086
0.00500000000000256, 23, 1, 2, 125, 0.804347826086957
0.00500000000000256, 23, 1, 2, 125, 0.804347826086957
0.00500000000000256, 14, 1, 3, 116, 0.48961661341853
0.00500000000000256, 14, 1, 3, 116, 0.48961661341853
0.00500000000000256, 13, 1, 0, 150, 0.373287671232877
0.00500000000000256, 14, 1, 3, 139, 0.551517571884984
0.00500000000000256, 15, 1, 5, 84, 0.310901162790698
0.00500000000000256, 13, 1, 4, 22, 0.184782608695652
0.00500000000000256, 8, 1, 6, 91, 0.341695935775213
0.00500000000000256, 8, 1, 6, 91, 0.341695935775213
0.00500000000000078, 11, 1, 5, 273, 0.90203488372093
0.00499999999999901, 7, 1, 6, 243, 0.592197691921726
0.00499999999999901, 11, 1, 5, 273, 0.90203488372093
0.00499999999999545, 13, 1, 0, 224, 0.534817351598174
0.00499999999999545, 14, 1, 4, 68, 0.340062111801242
0.00499999999999545, 12, 1, 3, 62, 0.371805111821086
0.00499999999999545, 13, 1, 0, 150, 0.373287671232877
0.00499999999999545, 14, 1, 3, 139, 0.551517571884984
0.00499999999999545, 15, 1, 5, 84, 0.310901162790698
0.00499999999999545, 13, 1, 4, 22, 0.184782608695652
