norm, level, Npoints, dimSplit, MainGridIndexSplit
912.621802183737, 0, 659, -1, -1, -1
117.813375279291, 1, 248, 3, 87, 0.432108626198083
111.96674548326, 3, 97, 7, 4, 0.0549450549450549
98.5766784837462, 3, 21, 7, 2, 0.010989010989011
96.4385425911137, 2, 110, 2, 40, 0.491754122938531
91.6001556318218, 3, 52, 7, 4, 0.0549450549450549
91.5165264466464, 1, 411, 3, 87, 0.432108626198083
86.1008498115229, 2, 138, 2, 40, 0.491754122938531
84.0552055360623, 2, 119, 6, 75, 0.297415955845459
78.9691777954347, 3, 195, 7, 4, 0.0549450549450549
71.2276568486031, 3, 86, 7, 4, 0.0549450549450549
67.5342010821245, 3, 45, 0, 150, 0.373287671232877
60.174694550653, 4, 17, 7, 4, 0.0549450549450549
55.1407160354518, 5, 3, 4, 44, 0.262422360248447
53.6595059097417, 2, 292, 6, 75, 0.297415955845459
52.6640389910597, 3, 74, 0, 150, 0.373287671232877
49.4785824007897, 4, 3, 2, 138, 0.873563218390805
48.7473052084362, 5, 6, 0, 234, 0.583333333333333
47.8838238688116, 3, 89, 7, 2, 0.010989010989011
47.3052677842931, 5, 61, 0, 141, 0.350228310502283
45.8266113433205, 5, 65, 0, 141, 0.350228310502283
44.3827635825332, 4, 69, 7, 5, 0.112637362637363
41.3196259744285, 5, 6, 7, 4, 0.0549450549450549
35.1380971740911, 6, 7, 1, 129, 0.489844184752365
33.6433153340551, 5, 15, 6, 4, 0.0464124435524335
32.8625248339932, 4, 57, 7, 4, 0.0549450549450549
32.8438162528462, 4, 126, 7, 5, 0.112637362637363
32.4158563742702, 4, 24, 7, 2, 0.010989010989011
31.6177049180328, 6, 1, 0, 264, 0.844748858447489
31.2028571428571, 8, 1, 1, 132, 0.49819143016138
30.8742505914848, 10, 5, 7, 4, 0.0549450549450549
30.5316059937758, 7, 22, 7, 5, 0.112637362637363
30.0112513826396, 4, 28, 7, 2, 0.010989010989011
29.2621067217642, 7, 11, 4, 31, 0.21583850931677
29.0876763621322, 7, 27, 4, 6, 0.0854037267080745
28.8089714550224, 4, 15, 1, 136, 0.510990539788536
28.7700876971563, 6, 23, 1, 18, 0.139259877573734
28.732389799419, 4, 22, 3, 58, 0.367811501597444
27.96957027266, 5, 17, 4, 74, 0.358695652173913
27.7974210544451, 6, 5, 2, 130, 0.82383808095952
27.7036835799298, 5, 14, 7, 3, 0.0260989010989011
26.310793231768, 7, 33, 4, 6, 0.0854037267080745
25.3154703320803, 7, 32, 7, 5, 0.112637362637363
25.1964644988896, 8, 8, 0, 218, 0.517123287671233
24.777809284378, 4, 6, 5, 69, 0.246947674418605
24.4206042270185, 6, 3, 5, 247, 0.765697674418605
24.4082382299732, 10, 8, 7, 4, 0.0549450549450549
24.054512195122, 8, 4, 6, 272, 0.691545408931259
23.7889231426249, 8, 14, 0, 104, 0.252397260273973
23.4219457204847, 10, 3, 1, 139, 0.519894268224819
22.7513636363637, 8, 9, 0, 95, 0.21027397260274
22.6406752501168, 7, 2, 7, 4, 0.0549450549450549
22.375, 10, 1, 7, 4, 0.0549450549450549
21.5156239547389, 6, 3, 7, 3, 0.0260989010989011
21.0989181940715, 7, 22, 3, 146, 0.568290734824281
20.9798581978049, 8, 18, 0, 104, 0.252397260273973
20.7559256502812, 6, 10, 2, 29, 0.469515242378811
20.6598129872142, 5, 24, 7, 4, 0.0549450549450549
20.5771212121212, 5, 9, 0, 199, 0.482077625570776
20.5011372535645, 6, 35, 0, 141, 0.350228310502283
20.371019074856, 4, 30, 1, 136, 0.510990539788536
20.1057265000606, 5, 42, 6, 4, 0.0464124435524335
20.0959747213217, 8, 2, 4, 69, 0.343167701863354
19.8105399006808, 7, 24, 4, 31, 0.21583850931677
18.9302788102236, 8, 13, 0, 95, 0.21027397260274
18.7762225327414, 6, 54, 1, 18, 0.139259877573734
18.7148922138114, 6, 42, 0, 141, 0.350228310502283
17.8582608695652, 7, 9, 7, 5, 0.112637362637363
17.7070440417268, 8, 23, 6, 185, 0.489086803813347
17.121199761171, 5, 13, 0, 199, 0.482077625570776
17.0676286577837, 5, 3, 3, 188, 0.788738019169329
17.0096073403079, 6, 2, 0, 156, 0.395091324200913
16.7584307141212, 7, 2, 1, 178, 0.772954924874791
16.7384031572235, 5, 3, 6, 68, 0.282363271450075
16.6738757741964, 5, 3, 6, 204, 0.519192172604114
16.6738757741964, 5, 3, 6, 204, 0.519192172604114
16.6541821959346, 8, 26, 6, 185, 0.489086803813347
16.4643916625912, 4, 67, 3, 58, 0.367811501597444
16.4575, 10, 1, 2, 108, 0.706146926536732
16.4082946503692, 8, 3, 4, 69, 0.343167701863354
16.3089218779377, 5, 50, 4, 74, 0.358695652173913
16.2914317543069, 9, 7, 1, 33, 0.272537562604341
16.1717697469202, 10, 5, 3, 160, 0.611421725239617
16.0061576367858, 9, 3, 2, 98, 0.666166916541729
15.86475652836, 9, 2, 3, 48, 0.336261980830671
15.7142347762523, 6, 35, 1, 129, 0.489844184752365
15.6523529411765, 6, 1, 5, 281, 0.949127906976744
15.5585714285714, 6, 1, 7, 1, 0.00274725274725275
15.5525981395035, 8, 5, 3, 162, 0.620607028753994
15.5333333333333, 6, 1, 4, 69, 0.343167701863354
15.4553768977589, 7, 41, 3, 146, 0.568290734824281
15.3675, 9, 4, 3, 139, 0.551517571884984
15.3675, 9, 4, 3, 139, 0.551517571884984
15.1820915017287, 7, 3, 0, 213, 0.504794520547945
15.0191666666666, 6, 9, 5, 110, 0.379796511627907
14.8956369450924, 5, 3, 7, 3, 0.0260989010989011
14.7346584019522, 7, 11, 3, 148, 0.573083067092652
14.588357218806, 10, 8, 3, 115, 0.488418530351438
14.4972652593515, 8, 3, 3, 156, 0.591453674121406
14.4087428895849, 5, 5, 3, 22, 0.259584664536741
14.3982909274904, 10, 3, 7, 4, 0.0549450549450549
14.3184629351881, 7, 14, 7, 5, 0.112637362637363
14.2532727272727, 8, 25, 0, 218, 0.517123287671233
14.2001252509567, 4, 7, 2, 12, 0.393303348325837
13.9019047619048, 6, 1, 4, 89, 0.436335403726708
13.8926970489001, 10, 3, 2, 82, 0.624437781109445
13.7910024909437, 8, 5, 5, 154, 0.481104651162791
13.6075793387775, 5, 77, 0, 234, 0.583333333333333
13.524430055767, 10, 3, 2, 87, 0.630934532733633
13.3101066445348, 9, 2, 7, 4, 0.0549450549450549
13.2498559377488, 10, 17, 6, 229, 0.56823883592574
12.9182122731179, 10, 3, 7, 4, 0.0549450549450549
12.7546666666667, 7, 1, 0, 54, 0.121917808219178
12.6611099115998, 8, 7, 0, 244, 0.638584474885845
12.6053568859522, 6, 2, 1, 9, 0.0584307178631052
12.5563636363636, 11, 1, 1, 179, 0.794101279910963
12.5331089945343, 10, 19, 6, 229, 0.56823883592574
12.4692857142857, 10, 4, 7, 4, 0.0549450549450549
12.4627248725951, 9, 5, 6, 147, 0.438158554942298
12.440992838004, 10, 11, 3, 115, 0.488418530351438
12.413030787577, 9, 3, 6, 60, 0.259282488710487
12.186361456002, 8, 8, 0, 101, 0.249657534246575
12.1612264838641, 5, 2, 1, 149, 0.557735114079021
12.1214285714286, 8, 4, 6, 8, 0.0815353738083291
12.0398252976229, 8, 6, 4, 70, 0.346273291925466
12.0314285714286, 10, 4, 2, 82, 0.624437781109445
11.9929166666667, 8, 9, 5, 237, 0.740697674418604
11.86, 9, 1, 2, 127, 0.815342328835582
11.8128903698604, 5, 77, 7, 3, 0.0260989010989011
11.784592578809, 6, 10, 7, 3, 0.0260989010989011
11.7560401591195, 5, 66, 4, 44, 0.262422360248447
11.7159375616229, 7, 10, 0, 56, 0.124429223744292
11.6902932233278, 10, 3, 5, 89, 0.32718023255814
11.6837610478057, 9, 2, 5, 197, 0.596656976744186
11.6337964747828, 6, 15, 5, 110, 0.379796511627907
11.6333333333333, 10, 1, 7, 4, 0.0549450549450549
11.4928571428571, 9, 1, 5, 118, 0.401453488372093
11.4894117647059, 8, 9, 0, 101, 0.249657534246575
11.4293339032104, 8, 10, 6, 201, 0.516181635725038
11.4233100500687, 10, 2, 0, 268, 0.898401826484018
11.4233100500687, 10, 2, 0, 268, 0.898401826484018
11.1883333333333, 10, 1, 6, 291, 0.762418464626192
11.122202120084, 7, 5, 6, 54, 0.252885097842449
11.122202120084, 7, 5, 6, 54, 0.252885097842449
10.983725334431, 6, 2, 4, 69, 0.343167701863354
10.8605359137261, 7, 3, 3, 80, 0.420127795527157
10.8076315789474, 9, 4, 6, 19, 0.149272453587556
10.7191731173631, 9, 8, 2, 64, 0.571714142928536
10.6425, 12, 1, 3, 50, 0.343849840255591
10.598962213349, 7, 5, 1, 178, 0.772954924874791
10.4759784745865, 10, 5, 2, 87, 0.630934532733633
10.4399362426214, 11, 3, 1, 78, 0.378825820812465
10.4388324847538, 10, 12, 3, 160, 0.611421725239617
10.4335066600782, 8, 12, 6, 201, 0.516181635725038
10.4267945648679, 8, 8, 4, 70, 0.346273291925466
10.425, 6, 1, 6, 282, 0.729177119919719
10.3779628251405, 6, 40, 2, 29, 0.469515242378811
10.2522809972346, 9, 6, 3, 30, 0.289536741214057
10.1433333333333, 9, 1, 0, 76, 0.15
10.0410048586498, 4, 14, 2, 12, 0.393303348325837
9.88852402438696, 9, 19, 1, 33, 0.272537562604341
9.83918523647396, 10, 17, 1, 139, 0.519894268224819
9.68857056495462, 7, 19, 6, 279, 0.718013045659809
9.50174205518826, 10, 3, 2, 108, 0.706146926536732
9.45911676716328, 11, 7, 1, 51, 0.321368948247079
9.45531508231138, 7, 5, 6, 58, 0.256773707977923
9.41166666666668, 9, 4, 7, 4, 0.0549450549450549
9.40673326468624, 4, 83, 2, 138, 0.873563218390805
9.38999999999999, 11, 1, 3, 43, 0.320686900958467
9.28967330449066, 8, 15, 5, 237, 0.740697674418604
9.26055555555556, 6, 4, 5, 158, 0.488372093023256
9.23497998762861, 8, 3, 0, 250, 0.660844748858447
9.21566883150133, 7, 21, 6, 279, 0.718013045659809
9.20083128847018, 11, 5, 4, 19, 0.173913043478261
9.18166666666667, 9, 1, 2, 1, 0.0612193903048476
9.10666666666667, 7, 1, 4, 45, 0.265527950310559
9.0425, 6, 1, 4, 22, 0.184782608695652
9.03333333333332, 10, 1, 7, 4, 0.0549450549450549
8.97318505325729, 6, 2, 1, 182, 0.864496382860323
8.948, 11, 1, 4, 26, 0.197204968944099
8.91333333333333, 6, 4, 1, 9, 0.0584307178631052
8.87873579034168, 9, 8, 3, 30, 0.289536741214057
8.87772563779709, 8, 8, 3, 156, 0.591453674121406
8.84, 12, 4, 5, 181, 0.554069767441861
8.71149387423496, 11, 3, 1, 88, 0.397607122982749
8.65411548996534, 8, 13, 1, 132, 0.49819143016138
8.63148226483461, 7, 6, 6, 58, 0.256773707977923
8.55737088948344, 7, 14, 7, 4, 0.0549450549450549
8.53381432889186, 5, 12, 3, 188, 0.788738019169329
8.45125, 9, 1, 1, 95, 0.411519198664441
8.40000000000001, 7, 1, 7, 2, 0.010989010989011
8.4, 7, 1, 7, 2, 0.010989010989011
8.31557398560431, 7, 10, 0, 213, 0.504794520547945
8.28289269265422, 6, 5, 5, 158, 0.488372093023256
8.2260088878035, 10, 2, 7, 4, 0.0549450549450549
8.13290649494727, 9, 2, 6, 282, 0.729177119919719
8.1262361696984, 9, 7, 6, 60, 0.259282488710487
8.08673984062799, 11, 5, 1, 78, 0.378825820812465
8.02442426428058, 6, 60, 2, 130, 0.82383808095952
7.99909597164805, 7, 11, 7, 2, 0.010989010989011
7.97831450490531, 8, 19, 3, 162, 0.620607028753994
7.97276310191705, 7, 3, 3, 133, 0.537939297124601
7.95, 9, 1, 6, 48, 0.238710486703462
7.95, 9, 1, 6, 48, 0.238710486703462
7.91406488540374, 11, 10, 1, 51, 0.321368948247079
7.90907489000481, 8, 37, 6, 272, 0.691545408931259
7.74837504052693, 5, 14, 6, 68, 0.282363271450075
7.73333333333333, 11, 1, 7, 5, 0.112637362637363
7.71444444444444, 7, 1, 2, 153, 0.974262868565717
7.70940476190472, 8, 16, 5, 154, 0.481104651162791
7.69207384259927, 9, 5, 6, 213, 0.530983442047165
7.66626455615106, 8, 10, 6, 8, 0.0815353738083291
7.56790732853763, 10, 3, 6, 63, 0.262794781736076
7.54113925411805, 6, 5, 5, 114, 0.392005813953488
7.5154244723768, 8, 5, 7, 2, 0.010989010989011
7.51542447237679, 8, 5, 7, 2, 0.010989010989011
7.49041363796181, 8, 20, 0, 244, 0.638584474885845
7.392, 9, 1, 6, 73, 0.293527345709985
7.37285714285715, 9, 1, 5, 214, 0.657994186046511
7.372, 12, 1, 0, 120, 0.30365296803653
7.35329209410158, 9, 17, 2, 64, 0.571714142928536
7.33034029830054, 15, 2, 5, 226, 0.714970930232558
7.3114841174689, 9, 2, 0, 133, 0.341552511415525
7.27125, 8, 1, 6, 32, 0.184395383843452
7.26750000000001, 10, 1, 2, 32, 0.47376311844078
7.2178297754011, 12, 6, 5, 181, 0.554069767441861
7.21154903247087, 9, 6, 4, 75, 0.361801242236025
7.19535756002904, 9, 15, 6, 147, 0.438158554942298
7.19414519802095, 9, 3, 1, 54, 0.32582081246522
7.166, 10, 1, 3, 174, 0.662539936102236
7.15881333516726, 10, 8, 5, 89, 0.32718023255814
7.0751084220437, 10, 2, 1, 14, 0.117278797996661
6.98133333333334, 7, 49, 3, 148, 0.573083067092652
6.875, 9, 4, 3, 31, 0.29073482428115
6.85579308070424, 9, 2, 0, 229, 0.555936073059361
6.76559768239288, 9, 2, 3, 176, 0.703274760383387
6.76475491330741, 9, 11, 3, 48, 0.336261980830671
6.7478941391, 11, 5, 1, 88, 0.397607122982749
6.71811101261817, 5, 23, 3, 22, 0.259584664536741
6.6789449604802, 12, 2, 5, 158, 0.488372093023256
6.67659704475685, 9, 7, 4, 75, 0.361801242236025
6.67155248049508, 10, 2, 4, 6, 0.0854037267080745
6.67155248049507, 10, 2, 4, 6, 0.0854037267080745
6.64538952959118, 10, 2, 0, 170, 0.423858447488584
6.63973267534168, 11, 2, 3, 43, 0.320686900958467
6.63973267534168, 11, 2, 5, 264, 0.832558139534884
6.61833333333334, 8, 1, 3, 187, 0.784744408945687
6.58285714285714, 12, 1, 0, 2, 0.0231735159817352
6.57666666666667, 12, 1, 4, 71, 0.349378881987578
6.55457512749994, 8, 3, 0, 84, 0.177397260273973
6.54940820198299, 7, 32, 0, 56, 0.124429223744292
6.49, 8, 1, 7, 2, 0.010989010989011
6.448, 9, 1, 7, 11, 0.615384615384615
6.43938575400548, 7, 2, 4, 45, 0.265527950310559
6.40967051975957, 8, 12, 1, 69, 0.360044518642181
6.40933333333333, 10, 4, 6, 156, 0.453211239337682
6.3734259261181, 6, 7, 5, 114, 0.392005813953488
6.36996125178217, 7, 7, 5, 242, 0.75014534883721
6.36235407881031, 4, 91, 5, 69, 0.246947674418605
6.345, 6, 4, 1, 182, 0.864496382860323
6.33930595570209, 8, 3, 3, 49, 0.340255591054313
6.24523297568913, 9, 7, 5, 197, 0.596656976744186
6.23500000000001, 9, 4, 6, 43, 0.22704465629704
6.23500000000001, 9, 4, 6, 43, 0.22704465629704
6.19915819640419, 9, 20, 2, 98, 0.666166916541729
6.19333333333334, 11, 1, 5, 12, 0.063953488372093
6.19071986928821, 8, 2, 4, 87, 0.40527950310559
6.16280173054985, 7, 3, 0, 249, 0.655821917808219
6.1444502398506, 12, 3, 3, 50, 0.343849840255591
6.08, 12, 1, 0, 101, 0.249657534246575
6.02454977570939, 7, 2, 3, 29, 0.288738019169329
6.02454977570939, 7, 2, 3, 29, 0.288738019169329
5.97142857142857, 10, 1, 1, 52, 0.323873121869783
5.939696961967, 12, 2, 7, 5, 0.112637362637363
5.906, 12, 1, 3, 96, 0.454073482428115
5.81713178656133, 10, 2, 4, 20, 0.178571428571429
5.79333333333333, 11, 1, 5, 283, 0.984447674418605
5.74642110844268, 9, 2, 4, 57, 0.305900621118012
5.73968675814566, 10, 2, 6, 126, 0.410561966884094
5.6671052851456, 11, 3, 5, 223, 0.700872093023256
5.65524718862605, 8, 8, 0, 250, 0.660844748858447
5.6300215680886, 5, 21, 7, 3, 0.0260989010989011
5.602, 8, 1, 6, 259, 0.652282990466633
5.58103694896112, 9, 15, 6, 19, 0.149272453587556
5.56571428571428, 12, 1, 1, 179, 0.794101279910963
5.5625, 10, 1, 5, 154, 0.481104651162791
5.55699634095014, 11, 3, 4, 110, 0.937888198757764
5.55277777777778, 13, 4, 5, 222, 0.695639534883721
5.52408737560635, 9, 3, 3, 176, 0.703274760383387
5.49854839281931, 11, 14, 4, 19, 0.173913043478261
5.47333333333333, 11, 1, 4, 67, 0.33695652173913
5.46829244117597, 11, 2, 7, 5, 0.112637362637363
5.44472221513642, 13, 2, 2, 34, 0.478010994502749
5.44472221513641, 13, 2, 2, 34, 0.478010994502749
5.43911757548962, 9, 10, 6, 213, 0.530983442047165
5.41541357300316, 7, 24, 7, 2, 0.010989010989011
5.396, 9, 4, 6, 156, 0.453211239337682
5.38, 12, 1, 2, 74, 0.607196401799101
5.365, 7, 1, 7, 2, 0.010989010989011
5.365, 7, 1, 7, 2, 0.010989010989011
5.356, 10, 1, 5, 158, 0.488372093023256
5.33714285714285, 7, 4, 0, 249, 0.655821917808219
5.32901273270815, 6, 63, 5, 247, 0.765697674418605
5.306, 12, 1, 0, 74, 0.148173515981735
5.30374999999999, 10, 1, 3, 79, 0.416134185303514
5.3035395727759, 8, 3, 1, 125, 0.480801335559265
5.27, 9, 4, 5, 213, 0.653488372093023
5.24927878829859, 6, 21, 0, 156, 0.395091324200913
5.22500000000001, 8, 4, 0, 14, 0.0863013698630137
5.18333333333334, 15, 4, 5, 226, 0.714970930232558
5.162, 11, 1, 6, 246, 0.616783743100853
5.136, 9, 1, 0, 274, 0.962328767123288
5.13553064444174, 11, 3, 6, 293, 0.771073758153537
5.13353212427916, 13, 3, 2, 69, 0.591954022988506
5.11285714285714, 10, 1, 5, 241, 0.748982558139535
5.075, 11, 1, 3, 43, 0.320686900958467
5.07499999999999, 11, 1, 3, 43, 0.320686900958467
5.05428571428572, 8, 1, 3, 67, 0.386182108626198
5.03, 6, 1, 2, 94, 0.654672663668166
5.00357477765204, 10, 5, 6, 291, 0.762418464626192
4.995, 10, 1, 7, 5, 0.112637362637363
4.995, 10, 1, 7, 5, 0.112637362637363
4.97, 10, 1, 3, 151, 0.58426517571885
4.96655543002455, 13, 5, 5, 222, 0.695639534883721
4.96490943554111, 8, 20, 1, 69, 0.360044518642181
4.96479992198136, 5, 12, 1, 149, 0.557735114079021
4.96388960392956, 11, 2, 7, 7, 0.245879120879121
4.95540432255531, 8, 2, 7, 6, 0.197802197802198
4.91, 13, 1, 2, 97, 0.663668165917041
4.91, 11, 1, 3, 22, 0.259584664536741
4.90906561980137, 11, 6, 5, 157, 0.484593023255814
4.90785714285713, 11, 4, 5, 223, 0.700872093023256
4.90732106143464, 11, 2, 2, 83, 0.62543728135932
4.9, 14, 1, 7, 8, 0.259615384615385
4.9, 14, 1, 7, 8, 0.259615384615385
4.89333333333333, 11, 1, 4, 62, 0.321428571428571
4.86128926657665, 6, 3, 7, 6, 0.197802197802198
4.84974226119285, 12, 3, 7, 5, 0.112637362637363
4.8475, 7, 1, 5, 184, 0.57296511627907
4.84, 11, 1, 6, 127, 0.411063723030607
4.83666666666667, 14, 1, 7, 8, 0.259615384615385
4.832, 10, 1, 4, 30, 0.211180124223602
4.83, 9, 1, 3, 84, 0.427316293929712
4.7775, 10, 1, 5, 200, 0.599563953488372
4.75159271543062, 10, 3, 3, 171, 0.646565495207668
4.75159271543061, 10, 3, 3, 171, 0.646565495207668
4.7, 9, 1, 6, 66, 0.277596588058204
4.69193928111683, 9, 6, 5, 118, 0.401453488372093
4.66690475583122, 14, 2, 2, 27, 0.459020489755122
4.66407632870647, 14, 2, 0, 47, 0.116095890410959
4.65040559760353, 12, 2, 4, 71, 0.349378881987578
4.63, 8, 1, 7, 5, 0.112637362637363
4.63, 8, 1, 7, 5, 0.112637362637363
4.5891230099007, 8, 2, 7, 2, 0.010989010989011
4.56395387794399, 13, 3, 0, 113, 0.277853881278539
4.56395387794399, 13, 3, 0, 113, 0.277853881278539
4.56233764255844, 7, 17, 3, 80, 0.420127795527157
4.55, 15, 1, 0, 78, 0.154337899543379
4.52666666666666, 11, 1, 7, 10, 0.409340659340659
4.515, 13, 1, 7, 8, 0.259615384615385
4.515, 13, 1, 7, 8, 0.259615384615385
4.50424279703072, 7, 14, 5, 242, 0.75014534883721
4.48256622929321, 8, 6, 3, 49, 0.340255591054313
4.474, 11, 4, 4, 26, 0.197204968944099
4.44229792836476, 10, 3, 7, 6, 0.197802197802198
4.43652442567285, 5, 3, 1, 10, 0.0639955481357819
4.425, 9, 1, 7, 2, 0.010989010989011
4.425, 9, 1, 7, 2, 0.010989010989011
4.40581555068602, 9, 6, 6, 156, 0.453211239337682
4.37934799814868, 11, 2, 5, 12, 0.063953488372093
4.36686219656483, 7, 10, 3, 133, 0.537939297124601
4.35, 11, 1, 6, 200, 0.514801806322127
4.34517117039134, 9, 2, 5, 86, 0.316133720930233
4.34517117039133, 9, 2, 5, 86, 0.316133720930233
4.34399999999999, 10, 1, 1, 145, 0.53158041179744
4.33333333333333, 9, 1, 7, 5, 0.112637362637363
4.33, 10, 1, 7, 4, 0.0549450549450549
4.32466507373693, 10, 2, 6, 256, 0.645634721525339
4.31517131220641, 6, 13, 7, 1, 0.00274725274725275
4.31, 12, 1, 7, 10, 0.409340659340659
4.30443085668706, 11, 5, 4, 110, 0.937888198757764
4.25263157894739, 8, 9, 0, 256, 0.736301369863014
4.22128732339634, 9, 6, 0, 133, 0.341552511415525
4.20021428024809, 7, 2, 3, 167, 0.636581469648562
4.19589308133559, 10, 3, 2, 32, 0.47376311844078
4.15727272727272, 9, 4, 6, 293, 0.771073758153537
4.155, 10, 1, 4, 71, 0.349378881987578
4.155, 7, 1, 2, 94, 0.654672663668166
4.155, 7, 1, 2, 94, 0.654672663668166
4.14, 6, 1, 0, 55, 0.12283105022831
4.13094117605177, 10, 3, 6, 284, 0.737706974410437
4.13094117605176, 10, 3, 6, 284, 0.737706974410437
4.12808938856706, 8, 2, 2, 111, 0.713393303348326
4.11536146650571, 7, 2, 6, 297, 0.807325639739087
4.1125, 10, 1, 5, 226, 0.714970930232558
4.10829039869384, 10, 2, 5, 204, 0.615406976744186
4.10829039869383, 10, 2, 5, 204, 0.615406976744186
4.1061661626821, 9, 5, 2, 1, 0.0612193903048476
4.09650528567407, 11, 2, 5, 283, 0.984447674418605
4.08182815309471, 6, 60, 0, 264, 0.844748858447489
4.07666666666667, 13, 1, 7, 8, 0.259615384615385
4.06333333333334, 9, 4, 4, 57, 0.305900621118012
4.05299888971115, 11, 3, 7, 7, 0.245879120879121
4.05172185619892, 9, 2, 7, 10, 0.409340659340659
4.05172185619892, 9, 2, 7, 10, 0.409340659340659
4.04607068648091, 8, 3, 7, 6, 0.197802197802198
4.045, 9, 1, 3, 182, 0.738817891373802
4.03982947934963, 10, 5, 7, 4, 0.0549450549450549
4.03440055170954, 8, 10, 0, 256, 0.736301369863014
4.02485179851384, 7, 2, 4, 90, 0.442546583850932
3.99666666666667, 9, 1, 5, 199, 0.598255813953488
3.97067082202233, 11, 10, 1, 179, 0.794101279910963
3.97, 11, 1, 7, 11, 0.615384615384615
3.97, 11, 1, 7, 11, 0.615384615384615
3.96666666666667, 12, 1, 3, 73, 0.399361022364217
3.94972874294643, 8, 7, 0, 14, 0.0863013698630137
3.93666666666667, 14, 1, 3, 53, 0.353833865814696
3.935, 12, 1, 7, 8, 0.259615384615385
3.935, 12, 1, 7, 8, 0.259615384615385
3.915, 11, 1, 3, 190, 0.821884984025559
3.91308823529414, 6, 16, 5, 281, 0.949127906976744
3.87023111569438, 11, 2, 4, 67, 0.33695652173913
3.86497342236082, 10, 11, 6, 156, 0.453211239337682
3.85, 8, 1, 6, 121, 0.404039136979428
3.84999999999999, 8, 1, 6, 121, 0.404039136979428
3.84714285714284, 10, 4, 7, 6, 0.197802197802198
3.84214285714285, 5, 4, 1, 10, 0.0639955481357819
3.81999999999999, 16, 1, 0, 120, 0.30365296803653
3.81051177665152, 14, 3, 2, 27, 0.459020489755122
3.80820237557477, 14, 3, 0, 47, 0.116095890410959
3.78395366426877, 10, 12, 6, 63, 0.262794781736076
3.77500000000001, 10, 1, 7, 4, 0.0549450549450549
3.775, 10, 1, 7, 4, 0.0549450549450549
3.72645273685311, 9, 8, 5, 213, 0.653488372093023
3.696, 9, 4, 6, 73, 0.293527345709985
3.69, 10, 1, 0, 126, 0.310844748858447
3.67484207629582, 9, 14, 3, 31, 0.29073482428115
3.66875, 10, 1, 0, 77, 0.151712328767123
3.66457554608724, 9, 7, 0, 229, 0.555936073059361
3.63714635547034, 9, 10, 6, 282, 0.729177119919719
3.63009664232965, 10, 5, 6, 126, 0.410561966884094
3.62558523874036, 11, 11, 5, 157, 0.484593023255814
3.58620989191778, 9, 8, 0, 76, 0.15
3.57421378301112, 8, 6, 4, 87, 0.40527950310559
3.56833333333334, 11, 1, 4, 21, 0.18167701863354
3.55674710936833, 6, 2, 2, 94, 0.654672663668166
3.532705478808, 6, 2, 4, 78, 0.37111801242236
3.53107424636373, 10, 3, 6, 256, 0.645634721525339
3.51333333333334, 9, 1, 4, 77, 0.368012422360248
3.51149227537239, 7, 2, 7, 8, 0.259615384615385
3.49666666666667, 6, 1, 2, 107, 0.699650174912544
3.495, 7, 1, 7, 2, 0.010989010989011
3.495, 7, 1, 7, 2, 0.010989010989011
3.49, 9, 1, 5, 118, 0.401453488372093
3.48367940864571, 11, 2, 2, 62, 0.563718140929535
3.47198164906276, 8, 7, 1, 125, 0.480801335559265
3.47, 11, 4, 2, 83, 0.62543728135932
3.46010918260617, 11, 2, 4, 62, 0.321428571428571
3.4575, 11, 1, 7, 5, 0.112637362637363
3.45595556629452, 9, 13, 1, 54, 0.32582081246522
3.43666666666667, 11, 1, 5, 178, 0.548837209302326
3.42946059898638, 7, 3, 3, 167, 0.636581469648562
3.425, 12, 1, 4, 19, 0.173913043478261
3.42301522194214, 8, 11, 0, 84, 0.177397260273973
3.42003979833893, 14, 2, 7, 8, 0.259615384615385
3.41532575313102, 9, 2, 3, 84, 0.427316293929712
3.41061170792311, 12, 2, 5, 226, 0.714970930232558
3.410490518713, 13, 3, 5, 158, 0.488372093023256
3.40882805351232, 7, 14, 0, 54, 0.121917808219178
3.40875, 11, 1, 3, 157, 0.596645367412141
3.39, 13, 1, 7, 2, 0.010989010989011
3.38904608014311, 10, 3, 5, 238, 0.741860465116279
3.3890460801431, 10, 3, 5, 238, 0.741860465116279
3.38666666666667, 11, 1, 7, 8, 0.259615384615385
3.37057087152903, 8, 3, 2, 111, 0.713393303348326
3.36017856668362, 7, 3, 6, 297, 0.807325639739087
3.33956752439594, 9, 5, 3, 121, 0.50758785942492
3.333, 8, 4, 5, 165, 0.502761627906977
3.32944444444445, 11, 4, 6, 227, 0.55920722528851
3.32340187157678, 9, 2, 6, 66, 0.277596588058204
3.32269476479558, 10, 8, 0, 170, 0.423858447488584
3.30821704245656, 9, 3, 5, 33, 0.135174418604651
3.29833333333332, 10, 1, 0, 16, 0.0882420091324201
3.25, 10, 1, 2, 68, 0.590954522738631
3.23333333333333, 8, 1, 4, 74, 0.358695652173913
3.224, 9, 4, 7, 11, 0.615384615384615
3.22087138830472, 14, 2, 0, 99, 0.230022831050228
3.22087138830472, 14, 2, 0, 99, 0.230022831050228
3.21733585439879, 15, 2, 0, 78, 0.154337899543379
3.2115108723673, 10, 3, 5, 154, 0.481104651162791
3.20083669617112, 11, 2, 7, 10, 0.409340659340659
3.19427225251924, 9, 7, 1, 95, 0.411519198664441
3.19, 11, 1, 7, 8, 0.259615384615385
3.19, 11, 1, 7, 8, 0.259615384615385
3.18000000000001, 14, 1, 0, 165, 0.412100456621005
3.18, 12, 1, 0, 226, 0.539840182648402
3.18, 12, 1, 0, 226, 0.539840182648402
3.153696244092, 13, 2, 6, 199, 0.510662318113397
3.15333333333334, 10, 1, 5, 208, 0.640988372093023
3.14848484848487, 12, 9, 5, 158, 0.488372093023256
3.14260279103854, 9, 7, 6, 293, 0.771073758153537
3.13000000000001, 11, 9, 5, 264, 0.832558139534884
3.11268405078318, 11, 2, 6, 203, 0.518063221274461
3.10856040643471, 6, 20, 4, 89, 0.436335403726708
3.07945003206742, 9, 2, 3, 161, 0.615415335463259
3.07945003206741, 9, 2, 3, 161, 0.615415335463259
3.07591449816148, 11, 2, 6, 200, 0.514801806322127
3.06412938514171, 9, 2, 7, 5, 0.112637362637363
3.05333333333333, 7, 4, 1, 86, 0.394824707846411
3.05, 8, 1, 7, 5, 0.112637362637363
3.05, 8, 1, 7, 5, 0.112637362637363
3.04763022691403, 12, 2, 7, 10, 0.409340659340659
3.03348809129028, 12, 2, 7, 8, 0.259615384615385
3.03328479814653, 11, 6, 7, 11, 0.615384615384615
3.03328479814649, 11, 6, 7, 11, 0.615384615384615
3.02666666666666, 8, 1, 4, 53, 0.293478260869565
3.00995632440572, 9, 6, 5, 214, 0.657994186046511
2.98, 8, 1, 5, 215, 0.660610465116279
2.97794564203471, 11, 5, 6, 227, 0.55920722528851
2.96499999999999, 11, 9, 6, 293, 0.771073758153537
2.95980864621722, 8, 5, 3, 187, 0.784744408945687
2.95357142857143, 13, 4, 5, 158, 0.488372093023256
2.953, 12, 4, 3, 96, 0.454073482428115
2.93727272727273, 12, 1, 5, 85, 0.313517441860465
2.92742207411231, 6, 2, 0, 55, 0.12283105022831
2.9, 11, 1, 5, 226, 0.714970930232558
2.891374772824, 6, 13, 6, 282, 0.729177119919719
2.8884009181458, 10, 12, 1, 14, 0.117278797996661
2.88444194487137, 6, 3, 4, 78, 0.37111801242236
2.88263864463716, 13, 2, 7, 8, 0.259615384615385
2.88, 14, 1, 7, 2, 0.010989010989011
2.88, 14, 1, 7, 2, 0.010989010989011
2.87428571428572, 12, 1, 6, 183, 0.480556949322629
2.87108041007013, 9, 3, 6, 202, 0.516934269944807
2.86943083787243, 10, 3, 3, 151, 0.58426517571885
2.86712143679568, 7, 3, 7, 8, 0.259615384615385
2.86499999999999, 9, 4, 5, 33, 0.135174418604651
2.83478982172106, 11, 3, 3, 22, 0.259584664536741
2.82, 9, 1, 7, 2, 0.010989010989011
2.81175134414508, 13, 10, 2, 69, 0.591954022988506
2.8075, 12, 1, 5, 165, 0.502761627906977
2.80485689870663, 12, 2, 3, 73, 0.399361022364217
2.801, 8, 4, 6, 259, 0.652282990466633
2.79870542989671, 7, 3, 5, 184, 0.57296511627907
2.79437530287779, 11, 3, 6, 127, 0.411063723030607
2.76195908731465, 9, 2, 2, 149, 0.942028985507246
2.75, 11, 1, 3, 53, 0.353833865814696
2.75, 8, 1, 7, 5, 0.112637362637363
2.75, 8, 1, 7, 5, 0.112637362637363
2.74827417436834, 8, 7, 6, 32, 0.184395383843452
2.74666666666667, 10, 1, 7, 2, 0.010989010989011
2.74, 13, 1, 4, 30, 0.211180124223602
2.74, 13, 1, 4, 30, 0.211180124223602
2.72746798987679, 7, 8, 2, 153, 0.974262868565717
2.72641633334442, 6, 11, 4, 22, 0.184782608695652
2.72138310423211, 8, 6, 5, 165, 0.502761627906977
2.71125, 9, 1, 3, 182, 0.738817891373802
2.70985075682414, 11, 2, 3, 174, 0.662539936102236
2.708, 12, 1, 0, 95, 0.21027397260274
2.70500000000001, 10, 1, 2, 73, 0.6031984007996
2.705, 10, 1, 2, 73, 0.6031984007996
2.70447361810398, 10, 3, 0, 219, 0.522260273972603
2.68999999999998, 12, 4, 2, 74, 0.607196401799101
2.6875, 9, 1, 6, 260, 0.656046161565479
2.68744017493926, 12, 6, 0, 2, 0.0231735159817352
2.678, 10, 4, 5, 158, 0.488372093023256
2.65300000000001, 12, 4, 0, 74, 0.148173515981735
2.62, 13, 1, 1, 12, 0.0890372843628269
2.615, 17, 1, 7, 8, 0.259615384615385
2.61499999999999, 17, 1, 7, 8, 0.259615384615385
2.61, 12, 1, 7, 2, 0.010989010989011
2.61, 12, 1, 7, 2, 0.010989010989011
2.60333333333334, 11, 1, 0, 262, 0.795776255707763
2.60000000000001, 11, 1, 7, 5, 0.112637362637363
2.59999999999999, 11, 1, 7, 5, 0.112637362637363
2.58099999999999, 11, 4, 6, 246, 0.616783743100853
2.56799999999999, 9, 4, 0, 274, 0.962328767123288
2.56, 13, 1, 7, 8, 0.259615384615385
2.56, 13, 1, 7, 8, 0.259615384615385
2.54149588497275, 11, 3, 6, 203, 0.518063221274461
2.54, 12, 1, 2, 69, 0.591954022988506
2.53333333333335, 12, 1, 2, 52, 0.53448275862069
2.52142857142857, 10, 1, 0, 105, 0.253538812785388
2.515, 13, 1, 6, 195, 0.503135975915705
2.515, 13, 1, 6, 195, 0.503135975915705
2.49999999999999, 12, 1, 3, 28, 0.284744408945687
2.49992666559108, 10, 3, 7, 4, 0.0549450549450549
2.49, 9, 1, 4, 45, 0.265527950310559
2.48642857142857, 9, 4, 6, 202, 0.516934269944807
2.48430182456874, 9, 2, 4, 77, 0.368012422360248
2.48, 11, 1, 1, 179, 0.794101279910963
2.47487373415292, 15, 2, 1, 154, 0.582081246521981
2.47487373415292, 15, 2, 1, 154, 0.582081246521981
2.47251671154896, 6, 2, 2, 107, 0.699650174912544
2.46780266634105, 9, 2, 5, 118, 0.401453488372093
2.46333333333335, 11, 4, 2, 62, 0.563718140929535
2.45733333333334, 12, 9, 0, 120, 0.30365296803653
2.45, 11, 1, 7, 7, 0.245879120879121
2.45, 11, 1, 7, 7, 0.245879120879121
2.45, 12, 1, 3, 28, 0.284744408945687
2.45, 12, 1, 3, 28, 0.284744408945687
2.43782550591281, 10, 6, 1, 52, 0.323873121869783
2.4306446332883, 6, 12, 7, 6, 0.197802197802198
2.43009030467777, 11, 2, 5, 178, 0.548837209302326
2.416, 10, 4, 4, 30, 0.211180124223602
2.39889036848289, 10, 3, 4, 71, 0.349378881987578
2.3970919882224, 13, 2, 7, 2, 0.010989010989011
2.39473496561844, 11, 2, 7, 8, 0.259615384615385
2.38866666666666, 10, 9, 3, 174, 0.662539936102236
2.375, 11, 1, 1, 17, 0.135642737896494
2.375, 11, 1, 1, 17, 0.135642737896494
2.37435298204233, 10, 3, 5, 226, 0.714970930232558
2.35641388439252, 10, 3, 5, 261, 0.823255813953488
2.35333333333333, 8, 1, 4, 52, 0.288819875776397
2.34214285714286, 10, 4, 0, 219, 0.522260273972603
2.325, 11, 1, 3, 67, 0.386182108626198
2.325, 11, 1, 3, 67, 0.386182108626198
2.31666666666666, 11, 1, 6, 284, 0.737706974410437
2.3125, 10, 1, 0, 66, 0.134931506849315
2.30666666666667, 10, 1, 0, 52, 0.120776255707763
2.30375389310578, 13, 2, 6, 187, 0.490842950326141
2.28749043713848, 9, 2, 4, 53, 0.293478260869565
2.28749043713848, 9, 2, 4, 53, 0.293478260869565
2.2863119258365, 8, 2, 4, 74, 0.358695652173913
2.28400000000002, 14, 4, 7, 9, 0.299450549450549
2.28166680713978, 10, 13, 4, 20, 0.178571428571429
2.2603263038774, 11, 3, 3, 190, 0.821884984025559
2.2575, 7, 1, 5, 249, 0.774709302325581
2.25513015145468, 9, 3, 2, 149, 0.942028985507246
2.25, 13, 1, 7, 5, 0.112637362637363
2.25, 13, 1, 7, 5, 0.112637362637363
2.25, 10, 1, 6, 63, 0.262794781736076
2.25, 10, 1, 6, 63, 0.262794781736076
2.24859956417322, 14, 2, 0, 165, 0.412100456621005
2.24, 10, 1, 6, 209, 0.52646763672855
2.24, 10, 1, 6, 209, 0.52646763672855
2.23, 10, 1, 1, 40, 0.282415136338342
2.23, 10, 1, 1, 40, 0.282415136338342
2.22974338334157, 10, 2, 5, 208, 0.640988372093023
2.22666666666667, 11, 1, 0, 5, 0.069634703196347
2.22, 15, 1, 6, 247, 0.621048670346212
2.22, 15, 1, 6, 247, 0.621048670346212
2.21413828234222, 10, 3, 5, 222, 0.695639534883721
2.21413828234222, 10, 3, 5, 222, 0.695639534883721
2.21125153099627, 12, 3, 6, 214, 0.532112393376819
2.21125153099626, 12, 3, 6, 214, 0.532112393376819
2.21, 11, 1, 3, 176, 0.703274760383387
2.20547802830437, 16, 3, 0, 120, 0.30365296803653
2.20500000000001, 12, 1, 7, 5, 0.112637362637363
2.205, 12, 1, 5, 270, 0.875
2.205, 12, 1, 7, 5, 0.112637362637363
2.205, 12, 1, 5, 270, 0.875
2.19666666666667, 10, 1, 4, 13, 0.133540372670807
2.19581875390478, 13, 5, 2, 97, 0.663668165917041
2.18849548777236, 13, 2, 5, 197, 0.596656976744186
2.18849548777236, 13, 2, 5, 197, 0.596656976744186
2.18, 13, 1, 1, 63, 0.33889816360601
2.17333333333334, 11, 1, 0, 106, 0.254794520547945
2.17200000000001, 10, 4, 1, 145, 0.53158041179744
2.15903270522293, 7, 8, 1, 86, 0.394824707846411
2.15000000000001, 9, 1, 5, 127, 0.41671511627907
2.15, 9, 1, 5, 127, 0.41671511627907
2.1496046148071, 12, 8, 0, 101, 0.249657534246575
2.145, 12, 4, 7, 8, 0.259615384615385
2.14253354699524, 11, 2, 3, 161, 0.615415335463259
2.14017652439129, 8, 2, 4, 53, 0.293478260869565
2.13042249330972, 10, 3, 0, 126, 0.310844748858447
2.10717820793591, 8, 2, 5, 215, 0.660610465116279
2.08731518795738, 10, 6, 5, 241, 0.748982558139535
2.07333333333333, 6, 1, 2, 107, 0.699650174912544
2.06666666666668, 12, 1, 7, 5, 0.112637362637363
2.06475180106472, 8, 2, 1, 43, 0.294101279910963
2.06475180106472, 8, 2, 1, 43, 0.294101279910963
2.06340350237307, 8, 6, 3, 67, 0.386182108626198
2.05333333333333, 11, 1, 7, 13, 0.993131868131868
2.05060966544099, 11, 2, 5, 226, 0.714970930232558
2.04353859762912, 12, 2, 6, 207, 0.52295534370296
2.04353859762912, 12, 2, 6, 207, 0.52295534370296
2.04071428571428, 10, 4, 5, 261, 0.823255813953488
2.02, 12, 1, 7, 5, 0.112637362637363
2.02, 12, 1, 7, 5, 0.112637362637363
2.015, 9, 1, 5, 184, 0.57296511627907
2.015, 9, 1, 5, 184, 0.57296511627907
2.01242589925692, 7, 8, 4, 90, 0.442546583850932
2.005, 15, 1, 0, 130, 0.336872146118721
2.00462907372269, 10, 7, 3, 79, 0.416134185303514
1.99618855572312, 11, 3, 7, 5, 0.112637362637363
1.99545454545455, 12, 1, 6, 300, 0.878198695434019
1.995, 11, 1, 4, 23, 0.187888198757764
1.99404112294606, 9, 2, 7, 2, 0.010989010989011
1.985, 8, 1, 7, 10, 0.409340659340659
1.97742467197447, 12, 3, 4, 19, 0.173913043478261
1.97666666666665, 9, 36, 2, 127, 0.815342328835582
1.97636345341641, 14, 2, 7, 9, 0.299450549450549
1.97636345341639, 14, 2, 7, 9, 0.299450549450549
1.95857142857143, 15, 1, 0, 198, 0.48162100456621
1.9475, 13, 1, 0, 125, 0.310616438356164
1.94454364826301, 11, 2, 3, 53, 0.353833865814696
1.94218662565905, 10, 2, 7, 2, 0.010989010989011
1.93, 11, 1, 3, 152, 0.585463258785943
1.93, 11, 1, 3, 152, 0.585463258785943
1.92810020918692, 9, 15, 3, 121, 0.50758785942492
1.92, 9, 1, 5, 226, 0.714970930232558
1.905, 12, 1, 7, 7, 0.245879120879121
1.905, 12, 1, 7, 7, 0.245879120879121
1.89666666666667, 9, 1, 7, 13, 0.993131868131868
1.89666666666666, 15, 1, 6, 262, 0.658805820371299
1.89333333333333, 11, 1, 0, 129, 0.333219178082192
1.89082213159603, 11, 3, 3, 30, 0.289536741214057
1.89082213159602, 11, 3, 3, 30, 0.289536741214057
1.88944444444444, 13, 4, 6, 242, 0.591445057701957
1.87638837486628, 10, 3, 2, 68, 0.590954522738631
1.865, 13, 1, 7, 11, 0.615384615384615
1.86499999999999, 13, 1, 7, 11, 0.615384615384615
1.86487819083889, 14, 6, 7, 9, 0.299450549450549
1.84083465368897, 11, 2, 0, 262, 0.795776255707763
1.84, 12, 1, 6, 154, 0.449322629202208
1.82304864148118, 12, 7, 5, 226, 0.714970930232558
1.82078737546883, 13, 6, 6, 199, 0.510662318113397
1.80897899379733, 9, 5, 3, 182, 0.738817891373802
1.80572526980159, 10, 7, 5, 200, 0.599563953488372
1.79605122421384, 12, 2, 2, 69, 0.591954022988506
1.78736367001482, 9, 5, 5, 199, 0.598255813953488
1.7713024868723, 11, 2, 5, 266, 0.837354651162791
1.7713024868723, 11, 2, 5, 266, 0.837354651162791
1.76776695296638, 12, 2, 3, 28, 0.284744408945687
1.765, 14, 1, 6, 172, 0.46939287506272
1.765, 14, 1, 6, 172, 0.46939287506272
1.764, 10, 1, 0, 230, 0.565068493150685
1.7606958851545, 9, 2, 4, 45, 0.265527950310559
1.76053085428484, 14, 5, 3, 53, 0.353833865814696
1.755, 12, 1, 3, 79, 0.416134185303514
1.755, 12, 1, 3, 79, 0.416134185303514
1.74937131564456, 11, 3, 3, 161, 0.615415335463259
1.68997048699483, 13, 5, 6, 242, 0.591445057701957
1.68432835278635, 15, 2, 4, 57, 0.305900621118012
1.68, 12, 1, 7, 6, 0.197802197802198
1.68, 12, 1, 7, 6, 0.197802197802198
1.67, 13, 1, 7, 8, 0.259615384615385
1.67, 13, 1, 7, 8, 0.259615384615385
1.67, 15, 1, 1, 125, 0.480801335559265
1.67, 15, 1, 1, 125, 0.480801335559265
1.66452936291314, 11, 2, 1, 158, 0.588063439065109
1.66405795839235, 8, 2, 4, 52, 0.288819875776397
1.655, 10, 1, 4, 77, 0.368012422360248
1.65499999999999, 10, 1, 4, 77, 0.368012422360248
1.65499999999999, 13, 1, 6, 126, 0.410561966884094
1.64190194591517, 12, 2, 3, 171, 0.646565495207668
1.63813070974884, 11, 2, 6, 284, 0.737706974410437
1.63577368714488, 9, 2, 6, 288, 0.751003512293026
1.63105964193697, 10, 2, 0, 52, 0.120776255707763
1.62091088074988, 12, 3, 5, 165, 0.502761627906977
1.61691750631325, 12, 2, 0, 189, 0.460730593607306
1.59666666666667, 11, 1, 7, 8, 0.259615384615385
1.59664711191923, 10, 2, 1, 66, 0.356844741235392
1.59099025766974, 13, 2, 0, 242, 0.634132420091324
1.59099025766972, 13, 2, 0, 242, 0.634132420091324
1.57666666666668, 7, 1, 6, 182, 0.480306071249373
1.57666666666667, 11, 1, 0, 65, 0.132648401826484
1.57449109944204, 11, 2, 0, 5, 0.069634703196347
1.56977705423413, 14, 2, 6, 186, 0.489588559959859
1.56666666666666, 7, 1, 1, 16, 0.128964941569282
1.565, 10, 1, 3, 149, 0.575878594249201
1.565, 10, 1, 3, 149, 0.575878594249201
1.565, 8, 1, 7, 8, 0.259615384615385
1.565, 8, 1, 7, 8, 0.259615384615385
1.56270598642227, 11, 2, 3, 176, 0.703274760383387
1.56, 15, 1, 0, 111, 0.269063926940639
1.56, 15, 1, 0, 111, 0.269063926940639
1.55866537624406, 11, 2, 3, 44, 0.321485623003195
1.55327789600645, 10, 2, 4, 13, 0.133540372670807
1.55162884844712, 9, 3, 6, 260, 0.656046161565479
1.545, 12, 1, 6, 291, 0.762418464626192
1.54499999999999, 12, 1, 6, 291, 0.762418464626192
1.54365140320965, 12, 13, 1, 179, 0.794101279910963
1.54149278298667, 13, 2, 1, 63, 0.33889816360601
1.53677873777876, 11, 2, 0, 106, 0.254794520547945
1.535, 8, 1, 6, 267, 0.677370797792273
1.535, 8, 1, 6, 267, 0.677370797792273
1.53, 9, 1, 6, 4, 0.0464124435524335
1.53, 9, 1, 6, 4, 0.0464124435524335
1.53, 6, 1, 4, 48, 0.274844720496894
1.52735064736295, 11, 2, 5, 212, 0.648691860465116
1.52735064736294, 13, 2, 0, 134, 0.342237442922374
1.52735064736294, 11, 2, 5, 212, 0.648691860465116
1.52666666666667, 14, 1, 6, 219, 0.546287004515805
1.52, 10, 1, 7, 6, 0.197802197802198
1.52, 10, 1, 7, 6, 0.197802197802198
1.47505950915736, 10, 5, 0, 16, 0.0882420091324201
1.47078210486803, 12, 2, 6, 47, 0.237957852483693
1.47078210486802, 12, 2, 6, 47, 0.237957852483693
1.46606805966011, 6, 2, 2, 107, 0.699650174912544
1.46135401445218, 12, 2, 7, 5, 0.112637362637363
1.45192592403637, 11, 2, 7, 13, 0.993131868131868
1.44, 10, 1, 1, 99, 0.423205342237062
1.44, 11, 1, 1, 158, 0.588063439065109
1.44, 14, 1, 6, 127, 0.411063723030607
1.44, 11, 1, 1, 158, 0.588063439065109
1.435, 15, 1, 0, 60, 0.129452054794521
1.435, 15, 1, 0, 60, 0.129452054794521
1.415, 12, 1, 6, 274, 0.695935775213246
1.415, 12, 1, 6, 274, 0.695935775213246
1.41333333333333, 7, 1, 5, 263, 0.828779069767442
1.4, 8, 1, 7, 3, 0.0260989010989011
1.4, 8, 1, 7, 3, 0.0260989010989011
1.3866571603526, 10, 7, 0, 77, 0.151712328767123
1.38, 7, 1, 4, 90, 0.442546583850932
1.38, 7, 1, 4, 90, 0.442546583850932
1.38, 11, 1, 3, 123, 0.511980830670927
1.3752483412097, 15, 3, 4, 57, 0.305900621118012
1.36999999999999, 11, 1, 7, 10, 0.409340659340659
1.35908253367238, 11, 3, 1, 158, 0.588063439065109
1.35764501987817, 9, 2, 5, 226, 0.714970930232558
1.35666666666667, 5, 1, 2, 147, 0.925287356321839
1.35400000000001, 12, 4, 0, 95, 0.21027397260274
1.34114586165049, 15, 2, 6, 262, 0.658805820371299
1.34114586165048, 9, 2, 7, 13, 0.993131868131868
1.34060732505831, 12, 3, 3, 171, 0.646565495207668
1.34, 10, 1, 5, 144, 0.455087209302326
1.34, 10, 1, 5, 144, 0.455087209302326
1.33878883904653, 11, 2, 0, 129, 0.333219178082192
1.33512249750101, 10, 3, 0, 66, 0.134931506849315
1.33000000000001, 13, 1, 6, 54, 0.252885097842449
1.33, 13, 1, 6, 54, 0.252885097842449
1.32666666666666, 12, 1, 6, 151, 0.444054189663823
1.325, 9, 1, 4, 88, 0.419254658385093
1.325, 9, 1, 4, 88, 0.419254658385093
1.32, 10, 1, 0, 268, 0.898401826484018
1.32, 13, 1, 6, 227, 0.55920722528851
1.32, 13, 1, 6, 227, 0.55920722528851
1.31375, 14, 1, 0, 199, 0.482077625570776
1.30999999999999, 13, 4, 1, 12, 0.0890372843628269
1.30365690783018, 10, 3, 1, 66, 0.356844741235392
1.30336823269558, 7, 3, 5, 249, 0.774709302325581
1.30107647738324, 12, 2, 6, 154, 0.449322629202208
1.29333333333334, 10, 1, 6, 63, 0.262794781736076
1.28838639737021, 11, 7, 3, 157, 0.596645367412141
1.28666666666666, 12, 1, 4, 89, 0.436335403726708
1.27, 11, 1, 0, 242, 0.634132420091324
1.27, 11, 1, 0, 242, 0.634132420091324
1.2675, 11, 1, 6, 247, 0.621048670346212
1.265, 11, 1, 6, 85, 0.324636226793778
1.265, 11, 1, 6, 85, 0.324636226793778
1.26, 10, 1, 6, 62, 0.261540391369794
1.25, 9, 4, 0, 239, 0.622488584474886
1.23, 10, 1, 3, 143, 0.559904153354633
1.23, 10, 1, 3, 143, 0.559904153354633
1.22, 11, 1, 1, 33, 0.272537562604341
1.20666666666667, 13, 1, 6, 177, 0.475413948820873
1.2, 8, 1, 5, 148, 0.462790697674419
1.19, 11, 1, 6, 130, 0.41432513798294
1.17666666666667, 8, 1, 1, 181, 0.828464106844741
1.17342222916184, 12, 6, 6, 183, 0.480556949322629
1.16666666666667, 13, 1, 6, 140, 0.423858504766683
1.165, 14, 1, 4, 17, 0.16304347826087
1.165, 14, 1, 4, 17, 0.16304347826087
1.1554842451434, 11, 11, 3, 174, 0.662539936102236
1.15187694655288, 13, 8, 6, 187, 0.490842950326141
1.1518137870333, 11, 3, 4, 23, 0.187888198757764
1.15, 7, 1, 6, 204, 0.519192172604114
1.15, 7, 1, 6, 204, 0.519192172604114
1.14604028434141, 8, 3, 7, 10, 0.409340659340659
1.145, 11, 1, 7, 8, 0.259615384615385
1.145, 11, 1, 7, 8, 0.259615384615385
1.14333333333335, 12, 4, 0, 189, 0.460730593607306
1.14197745161628, 14, 2, 6, 242, 0.591445057701957
1.14197745161628, 14, 2, 6, 242, 0.591445057701957
1.13294110859988, 12, 5, 2, 52, 0.53448275862069
1.13000000000001, 7, 1, 7, 5, 0.112637362637363
1.13, 7, 1, 7, 5, 0.112637362637363
1.12901382729451, 11, 2, 7, 8, 0.259615384615385
1.125, 14, 1, 1, 48, 0.314830272676683
1.1243896492468, 13, 3, 0, 125, 0.310616438356164
1.12, 12, 1, 5, 150, 0.468895348837209
1.12, 10, 1, 5, 117, 0.398546511627907
1.12, 10, 1, 5, 117, 0.398546511627907
1.12, 12, 1, 5, 150, 0.468895348837209
1.11487169167079, 11, 2, 0, 65, 0.132648401826484
1.11487169167078, 7, 2, 6, 182, 0.480306071249373
1.10780062385893, 7, 2, 1, 16, 0.128964941569282
1.105, 16, 1, 5, 213, 0.653488372093023
1.105, 16, 1, 5, 213, 0.653488372093023
1.08187337521542, 6, 2, 4, 48, 0.274844720496894
1.08, 15, 1, 6, 201, 0.516181635725038
1.08, 10, 1, 7, 11, 0.615384615384615
1.08, 10, 1, 7, 11, 0.615384615384615
1.08, 15, 1, 6, 201, 0.516181635725038
1.07951635261146, 14, 2, 6, 219, 0.546287004515805
1.07589298123495, 11, 11, 4, 21, 0.18167701863354
1.075, 12, 1, 3, 123, 0.511980830670927
1.075, 12, 1, 3, 123, 0.511980830670927
1.075, 13, 1, 6, 213, 0.530983442047165
1.075, 13, 1, 6, 213, 0.530983442047165
1.045, 10, 1, 3, 156, 0.591453674121406
1.045, 10, 1, 3, 156, 0.591453674121406
1.04333333333333, 11, 1, 5, 221, 0.691860465116279
1.035, 13, 1, 5, 266, 0.837354651162791
1.035, 13, 1, 5, 266, 0.837354651162791
1.02936890381245, 10, 6, 0, 105, 0.253538812785388
1.025, 12, 1, 1, 14, 0.117278797996661
1.025, 12, 1, 1, 14, 0.117278797996661
1.02475617744627, 9, 7, 3, 182, 0.738817891373802
1.02062072615967, 9, 6, 0, 239, 0.622488584474886
1.01823376490862, 10, 2, 1, 99, 0.423205342237062
1.015, 15, 1, 7, 2, 0.010989010989011
1.015, 15, 1, 7, 2, 0.010989010989011
1.01245576035039, 11, 6, 1, 179, 0.794101279910963
1.005, 12, 1, 6, 216, 0.53549924736578
1.005, 12, 1, 6, 216, 0.53549924736578
1, 13, 1, 7, 7, 0.245879120879121
1, 13, 1, 7, 7, 0.245879120879121
1, 12, 1, 7, 7, 0.245879120879121
1, 12, 1, 7, 7, 0.245879120879121
1, 8, 1, 5, 78, 0.278633720930233
1, 8, 1, 5, 78, 0.278633720930233
0.999377584076988, 7, 2, 5, 263, 0.828779069767442
0.9934850275671, 6, 2, 3, 60, 0.369408945686901
0.9934850275671, 6, 2, 3, 60, 0.369408945686901
0.985786539794902, 11, 5, 3, 44, 0.321485623003195
0.984000000000002, 11, 1, 2, 10, 0.390554722638681
0.979999999999997, 8, 1, 6, 193, 0.501128951329654
0.969999999999999, 12, 1, 7, 8, 0.259615384615385
0.969999999999999, 12, 1, 7, 8, 0.259615384615385
0.968736290225578, 11, 2, 7, 10, 0.409340659340659
0.959308199809749, 5, 2, 2, 147, 0.925287356321839
0.955514695508835, 13, 3, 6, 126, 0.410561966884094
0.945000000000007, 7, 1, 7, 7, 0.245879120879121
0.944999999999993, 7, 1, 7, 7, 0.245879120879121
0.943333333333328, 16, 1, 5, 226, 0.714970930232558
0.938094996374164, 12, 2, 6, 151, 0.444054189663823
0.93, 16, 1, 5, 266, 0.837354651162791
0.928847192727599, 12, 10, 5, 85, 0.313517441860465
0.926309883354379, 13, 2, 3, 63, 0.376996805111821
0.926309883354374, 13, 2, 3, 63, 0.376996805111821
0.914999999999999, 11, 1, 7, 8, 0.259615384615385
0.914999999999999, 11, 1, 7, 8, 0.259615384615385
0.914999999999999, 16, 1, 7, 8, 0.259615384615385
0.914999999999999, 16, 1, 7, 8, 0.259615384615385
0.914524770334599, 10, 2, 6, 63, 0.262794781736076
0.909810725126698, 12, 2, 4, 89, 0.436335403726708
0.906311204829778, 14, 6, 6, 186, 0.489588559959859
0.896663258977411, 15, 5, 0, 130, 0.336872146118721
0.895, 10, 1, 3, 49, 0.340255591054313
0.895, 10, 1, 3, 49, 0.340255591054313
0.895, 16, 1, 6, 235, 0.580155544405419
0.895, 16, 1, 6, 235, 0.580155544405419
0.890954544295054, 10, 2, 6, 62, 0.261540391369794
0.890000000000001, 12, 1, 2, 104, 0.689405297351324
0.885000000000005, 16, 1, 7, 10, 0.409340659340659
0.884999999999998, 16, 1, 7, 10, 0.409340659340659
0.882000000000005, 10, 4, 0, 230, 0.565068493150685
0.880000000000003, 12, 1, 4, 75, 0.361801242236025
0.880000000000003, 16, 1, 7, 10, 0.409340659340659
0.880000000000003, 16, 1, 7, 10, 0.409340659340659
0.879999999999999, 12, 1, 4, 75, 0.361801242236025
0.874357814227993, 9, 7, 6, 288, 0.751003512293026
0.853242182631765, 13, 2, 6, 177, 0.475413948820873
0.848528137423857, 8, 2, 5, 148, 0.462790697674419
0.841457069611992, 11, 2, 6, 130, 0.41432513798294
0.835000000000001, 10, 1, 0, 67, 0.139269406392694
0.835000000000001, 10, 1, 0, 67, 0.139269406392694
0.832971788237754, 16, 2, 6, 262, 0.658805820371299
0.83202897919617, 8, 2, 1, 181, 0.828464106844741
0.82, 14, 1, 0, 92, 0.202054794520548
0.819999999999997, 14, 1, 0, 92, 0.202054794520548
0.810000000000002, 12, 1, 6, 74, 0.296287004515805
0.809999999999995, 12, 1, 6, 74, 0.296287004515805
0.799999999999997, 10, 1, 7, 7, 0.245879120879121
0.799999999999997, 10, 1, 7, 7, 0.245879120879121
0.799583437465653, 15, 6, 0, 198, 0.48162100456621
0.799030662740795, 16, 2, 3, 151, 0.58426517571885
0.796743371481685, 11, 3, 3, 123, 0.511980830670927
0.793333333333333, 12, 1, 6, 228, 0.563221274460612
0.793333333333329, 11, 1, 6, 293, 0.771073758153537
0.791959594928934, 10, 2, 2, 45, 0.50199900049975
0.791959594928931, 10, 2, 2, 45, 0.50199900049975
0.785000000000004, 13, 1, 7, 10, 0.409340659340659
0.785, 10, 1, 6, 285, 0.74372804816859
0.785, 10, 1, 6, 285, 0.74372804816859
0.785, 14, 1, 6, 257, 0.64764174611139
0.785, 14, 1, 6, 257, 0.64764174611139
0.784999999999997, 13, 1, 7, 10, 0.409340659340659
0.780000000000001, 13, 1, 5, 274, 0.904941860465116
0.779999999999999, 13, 1, 5, 274, 0.904941860465116
0.765000000000001, 13, 1, 6, 234, 0.578273958855996
0.765000000000001, 13, 1, 6, 234, 0.578273958855996
0.763675323681475, 13, 8, 0, 134, 0.342237442922374
0.762102355330308, 10, 3, 0, 268, 0.898401826484018
0.75333333333333, 11, 1, 7, 5, 0.112637362637363
0.739999999999998, 15, 1, 6, 95, 0.351605619668841
0.737748075037967, 11, 2, 5, 221, 0.691860465116279
0.735000000000007, 15, 1, 7, 9, 0.299450549450549
0.734999999999999, 15, 1, 7, 9, 0.299450549450549
0.73179146619785, 11, 3, 6, 247, 0.621048670346212
0.719999999999999, 14, 4, 6, 127, 0.411063723030607
0.715000000000003, 13, 1, 3, 175, 0.687300319488818
0.714999999999996, 13, 1, 3, 175, 0.687300319488818
0.709999999999999, 12, 1, 6, 215, 0.533241344706473
0.704367328411346, 11, 3, 1, 33, 0.272537562604341
0.700000000000003, 13, 1, 7, 7, 0.245879120879121
0.700000000000003, 13, 1, 7, 7, 0.245879120879121
0.700000000000003, 15, 1, 7, 8, 0.259615384615385
0.699999999999996, 15, 1, 7, 8, 0.259615384615385
0.693333333333328, 17, 1, 0, 250, 0.660844748858447
0.692964645562819, 8, 2, 6, 193, 0.501128951329654
0.686666666666667, 11, 1, 5, 197, 0.596656976744186
0.685000000000002, 15, 1, 7, 10, 0.409340659340659
0.685000000000002, 15, 1, 7, 10, 0.409340659340659
0.685000000000002, 12, 1, 7, 6, 0.197802197802198
0.684999999999999, 12, 1, 7, 6, 0.197802197802198
0.68333333333333, 9, 1, 7, 13, 0.993131868131868
0.68011861710538, 16, 3, 6, 262, 0.658805820371299
0.667037396919316, 16, 2, 5, 226, 0.714970930232558
0.657609306503484, 16, 2, 5, 266, 0.837354651162791
0.649999999999999, 13, 1, 6, 157, 0.45471650777722
0.649999999999999, 13, 1, 6, 157, 0.45471650777722
0.649519052838317, 14, 3, 1, 48, 0.314830272676683
0.640000000000004, 9, 1, 5, 197, 0.596656976744186
0.640000000000001, 10, 1, 6, 211, 0.52922729553437
0.640000000000001, 9, 1, 5, 197, 0.596656976744186
0.640000000000001, 12, 1, 7, 10, 0.409340659340659
0.640000000000001, 12, 1, 7, 10, 0.409340659340659
0.639999999999993, 10, 1, 6, 211, 0.52922729553437
0.635000000000002, 12, 1, 5, 169, 0.513953488372093
0.635, 12, 1, 5, 169, 0.513953488372093
0.63101813309724, 12, 10, 6, 300, 0.878198695434019
0.630000000000003, 15, 1, 2, 34, 0.478010994502749
0.630000000000003, 15, 1, 2, 34, 0.478010994502749
0.629325035256028, 12, 2, 2, 104, 0.689405297351324
0.625, 12, 1, 6, 63, 0.262794781736076
0.625, 12, 1, 6, 63, 0.262794781736076
0.599999999999994, 12, 1, 7, 7, 0.245879120879121
0.595000000000006, 13, 1, 6, 265, 0.66783743100853
0.594999999999999, 13, 1, 6, 265, 0.66783743100853
0.590000000000003, 13, 1, 7, 13, 0.993131868131868
0.589999999999996, 13, 1, 7, 13, 0.993131868131868
0.565000000000012, 16, 4, 3, 151, 0.58426517571885
0.56097137974133, 11, 2, 6, 293, 0.771073758153537
0.560971379741327, 12, 2, 6, 228, 0.563221274460612
0.555000000000001, 12, 1, 6, 95, 0.351605619668841
0.555, 12, 1, 6, 95, 0.351605619668841
0.539999999999999, 10, 1, 1, 16, 0.128964941569282
0.539999999999999, 10, 1, 1, 16, 0.128964941569282
0.539999999999999, 13, 1, 7, 10, 0.409340659340659
0.539999999999999, 13, 1, 7, 10, 0.409340659340659
0.539999999999999, 15, 1, 6, 254, 0.640993477170095
0.539999999999999, 15, 1, 6, 254, 0.640993477170095
0.532687108493864, 11, 2, 7, 5, 0.112637362637363
0.521749194749945, 13, 5, 6, 140, 0.423858504766683
0.512652416360253, 10, 2, 2, 134, 0.860569715142429
0.512652416360243, 10, 2, 2, 134, 0.860569715142429
0.510000000000002, 11, 1, 6, 14, 0.120421475163071
0.509999999999998, 11, 1, 6, 14, 0.120421475163071
0.509116882454313, 9, 2, 7, 11, 0.615384615384615
0.502045814642449, 12, 2, 6, 215, 0.533241344706473
0.496550826415869, 14, 7, 0, 199, 0.482077625570776
0.492000000000004, 11, 4, 2, 10, 0.390554722638681
0.490260701622679, 17, 2, 0, 250, 0.660844748858447
0.490000000000002, 8, 1, 0, 257, 0.740296803652968
0.489999999999995, 8, 1, 0, 257, 0.740296803652968
0.485546656414763, 11, 2, 5, 197, 0.596656976744186
0.4831896338108, 9, 2, 7, 13, 0.993131868131868
0.469999999999999, 12, 1, 3, 37, 0.299920127795527
0.469999999999999, 12, 1, 3, 37, 0.299920127795527
0.462447834896, 14, 2, 5, 212, 0.648691860465116
0.453333333333333, 14, 1, 3, 142, 0.558306709265176
0.449999999999999, 8, 1, 6, 301, 0.940291018564977
0.449999999999999, 8, 1, 6, 301, 0.940291018564977
0.445, 13, 1, 6, 57, 0.255770195684897
0.445, 13, 1, 6, 57, 0.255770195684897
0.43666666666666, 12, 1, 6, 294, 0.774460612142499
0.427239199200334, 15, 3, 6, 95, 0.351605619668841
0.424264068711945, 12, 2, 7, 7, 0.245879120879121
0.420000000000002, 12, 1, 4, 14, 0.141304347826087
0.415692193816534, 9, 3, 7, 11, 0.615384615384615
0.400000000000002, 6, 1, 3, 25, 0.270367412140575
0.399999999999999, 6, 1, 3, 25, 0.270367412140575
0.395000000000003, 12, 1, 3, 42, 0.315495207667732
0.395, 12, 1, 3, 42, 0.315495207667732
0.395, 14, 1, 6, 300, 0.878198695434019
0.395, 14, 1, 6, 300, 0.878198695434019
0.390000000000001, 7, 1, 5, 39, 0.152616279069767
0.390000000000001, 7, 1, 5, 39, 0.152616279069767
0.390000000000001, 14, 1, 7, 13, 0.993131868131868
0.389999999999993, 14, 1, 7, 13, 0.993131868131868
0.380000000000003, 8, 1, 4, 89, 0.436335403726708
0.379999999999999, 8, 1, 4, 89, 0.436335403726708
0.377587076050021, 14, 3, 5, 212, 0.648691860465116
0.376666666666665, 12, 1, 1, 133, 0.503478018920423
0.366666666666667, 12, 1, 1, 19, 0.144546466332777
0.357088924499203, 17, 2, 3, 123, 0.511980830670927
0.357088924499203, 17, 2, 3, 123, 0.511980830670927
0.344999999999999, 11, 1, 0, 264, 0.844748858447489
0.344999999999999, 11, 1, 0, 264, 0.844748858447489
0.344999999999999, 12, 1, 5, 226, 0.714970930232558
0.344999999999999, 12, 1, 5, 226, 0.714970930232558
0.335875721063616, 12, 2, 3, 37, 0.299920127795527
0.335875721063606, 12, 2, 3, 37, 0.299920127795527
0.331976404784028, 8, 3, 1, 29, 0.263912075681692
0.329999999999998, 14, 1, 5, 146, 0.459593023255814
0.329999999999998, 14, 1, 5, 146, 0.459593023255814
0.321733585439878, 13, 2, 5, 48, 0.188081395348837
0.321733585439878, 13, 2, 5, 48, 0.188081395348837
0.320555074137901, 14, 2, 3, 142, 0.558306709265176
0.319999999999997, 12, 1, 3, 176, 0.703274760383387
0.315000000000005, 15, 1, 4, 26, 0.197204968944099
0.314999999999998, 15, 1, 4, 26, 0.197204968944099
0.308769961118136, 12, 2, 6, 294, 0.774460612142499
0.305000000000003, 13, 1, 2, 128, 0.817341329335332
0.305, 13, 1, 2, 128, 0.817341329335332
0.296984848098346, 12, 2, 4, 14, 0.141304347826087
0.295000000000002, 10, 1, 7, 11, 0.615384615384615
0.294999999999995, 10, 1, 7, 11, 0.615384615384615
0.293333333333333, 11, 1, 5, 249, 0.774709302325581
0.286666666666667, 17, 1, 0, 118, 0.298630136986301
0.270000000000003, 9, 1, 5, 280, 0.940988372093023
0.269999999999996, 9, 1, 5, 280, 0.940988372093023
0.266666666666673, 12, 1, 5, 163, 0.5
0.266343554246937, 12, 2, 1, 133, 0.503478018920423
0.260000000000005, 15, 1, 1, 22, 0.210628825820812
0.259272486435068, 12, 2, 1, 19, 0.144546466332777
0.25714781741248, 8, 5, 1, 29, 0.263912075681692
0.245000000000005, 10, 1, 7, 11, 0.615384615384615
0.245000000000005, 16, 1, 7, 12, 0.862637362637363
0.244999999999997, 10, 1, 7, 11, 0.615384615384615
0.244999999999997, 16, 1, 7, 12, 0.862637362637363
0.240000000000002, 11, 1, 6, 28, 0.168088309081786
0.239999999999995, 11, 1, 6, 28, 0.168088309081786
0.233333333333334, 11, 1, 5, 65, 0.234883720930233
0.233333333333334, 13, 1, 6, 235, 0.580155544405419
0.23, 11, 1, 5, 202, 0.607267441860465
0.23, 9, 1, 6, 181, 0.480055193176116
0.23, 9, 1, 6, 181, 0.480055193176116
0.225000000000001, 7, 1, 6, 267, 0.677370797792273
0.224999999999998, 7, 1, 6, 267, 0.677370797792273
0.207417989148056, 11, 2, 5, 249, 0.774709302325581
0.202703943940143, 17, 2, 0, 118, 0.298630136986301
0.200000000000003, 10, 1, 7, 7, 0.245879120879121
0.200000000000003, 10, 1, 7, 7, 0.245879120879121
0.188561808316402, 12, 2, 5, 163, 0.5
0.185000000000002, 13, 1, 7, 8, 0.259615384615385
0.185000000000002, 13, 1, 7, 8, 0.259615384615385
0.184752086140697, 12, 3, 3, 176, 0.703274760383387
0.183847763108496, 15, 2, 1, 22, 0.210628825820812
0.164991582276862, 11, 2, 5, 65, 0.234883720930233
0.164991582276859, 13, 2, 6, 235, 0.580155544405419
0.162634559672906, 11, 2, 5, 202, 0.607267441860465
0.145000000000001, 12, 1, 6, 289, 0.753888610135474
0.145, 12, 1, 6, 289, 0.753888610135474
0.135, 11, 1, 6, 296, 0.779854490717511
0.135, 11, 1, 6, 296, 0.779854490717511
0.133333333333333, 14, 1, 3, 120, 0.502396166134185
0.130000000000001, 12, 1, 3, 173, 0.651357827476038
0.129999999999999, 12, 1, 3, 173, 0.651357827476038
0.109999999999999, 10, 1, 5, 164, 0.501889534883721
0.109999999999999, 10, 1, 5, 164, 0.501889534883721
0.109999999999999, 9, 1, 7, 5, 0.112637362637363
0.109999999999999, 9, 1, 7, 5, 0.112637362637363
0.109999999999999, 12, 1, 5, 223, 0.700872093023256
0.105, 11, 1, 3, 37, 0.299920127795527
0.105, 11, 1, 3, 142, 0.558306709265176
0.105, 11, 1, 3, 142, 0.558306709265176
0.105, 13, 1, 3, 121, 0.50758785942492
0.104999999999999, 11, 1, 3, 37, 0.299920127795527
0.104999999999997, 14, 1, 2, 132, 0.83208395802099
0.104999999999997, 14, 1, 2, 132, 0.83208395802099
0.104999999999997, 12, 1, 5, 18, 0.0809593023255815
0.104999999999997, 12, 1, 5, 18, 0.0809593023255815
0.104999999999997, 13, 1, 3, 121, 0.50758785942492
0.103333333333325, 13, 1, 6, 136, 0.420847967887607
0.100000000000001, 13, 1, 5, 233, 0.732267441860465
0.100000000000001, 14, 1, 0, 228, 0.544748858447489
0.0999999999999979, 13, 1, 5, 233, 0.732267441860465
0.0999999999999943, 14, 1, 0, 228, 0.544748858447489
0.0950000000000006, 17, 1, 5, 155, 0.482703488372093
0.0949999999999989, 12, 1, 6, 73, 0.293527345709985
0.0949999999999989, 12, 1, 6, 73, 0.293527345709985
0.0949999999999989, 17, 1, 5, 155, 0.482703488372093
0.0949999999999989, 16, 1, 5, 237, 0.740697674418604
0.0949999999999989, 16, 1, 5, 237, 0.740697674418604
0.094280904158206, 14, 2, 3, 120, 0.502396166134185
0.0900000000000034, 10, 1, 1, 21, 0.180856983861992
0.0899999999999999, 15, 1, 5, 137, 0.438953488372093
0.0899999999999999, 15, 1, 5, 137, 0.438953488372093
0.0899999999999963, 10, 1, 1, 21, 0.180856983861992
0.0850000000000009, 13, 1, 4, 75, 0.361801242236025
0.0849999999999991, 13, 1, 4, 75, 0.361801242236025
0.0777817459305198, 12, 2, 5, 223, 0.700872093023256
0.0750000000000011, 6, 1, 6, 249, 0.627822378324134
0.0749999999999993, 12, 1, 6, 198, 0.506146512794782
0.0749999999999993, 12, 1, 6, 198, 0.506146512794782
0.0749999999999993, 6, 1, 6, 249, 0.627822378324134
0.0730677007226138, 13, 2, 6, 136, 0.420847967887607
0.0650000000000048, 16, 1, 1, 154, 0.582081246521981
0.0649999999999977, 16, 1, 1, 154, 0.582081246521981
0.0500000000000043, 8, 1, 3, 55, 0.35982428115016
0.0500000000000007, 14, 1, 4, 41, 0.253105590062112
0.0500000000000007, 14, 1, 4, 41, 0.253105590062112
0.0500000000000007, 7, 1, 6, 48, 0.238710486703462
0.0500000000000007, 7, 1, 6, 48, 0.238710486703462
0.0499999999999972, 8, 1, 3, 55, 0.35982428115016
0.0466666666666669, 14, 1, 6, 250, 0.629076768690416
0.0450000000000017, 10, 1, 6, 183, 0.480556949322629
0.0450000000000017, 15, 1, 5, 202, 0.607267441860465
0.0450000000000017, 15, 1, 5, 202, 0.607267441860465
0.0449999999999982, 10, 1, 6, 183, 0.480556949322629
0.0399999999999991, 14, 1, 3, 121, 0.50758785942492
0.0399999999999991, 14, 1, 3, 121, 0.50758785942492
0.0350000000000001, 17, 1, 6, 101, 0.364149523331661
0.0350000000000001, 17, 1, 6, 101, 0.364149523331661
0.0329983164553724, 14, 2, 6, 250, 0.629076768690416
0.0300000000000011, 18, 1, 6, 183, 0.480556949322629
0.0300000000000011, 18, 1, 6, 183, 0.480556949322629
0.029999999999994, 10, 1, 7, 10, 0.409340659340659
0.029999999999994, 15, 1, 6, 235, 0.580155544405419
0.0212132034355972, 10, 2, 7, 10, 0.409340659340659
0.0212132034355972, 15, 2, 6, 235, 0.580155544405419
0.0200000000000014, 18, 1, 6, 257, 0.64764174611139
0.0199999999999996, 18, 1, 6, 257, 0.64764174611139
0.0199999999999996, 13, 1, 5, 267, 0.842151162790698
0.0199999999999996, 13, 1, 5, 267, 0.842151162790698
0.00999999999999801, 14, 1, 5, 196, 0.596220930232558
0.00999999999999801, 14, 1, 5, 196, 0.596220930232558
0.00999999999999801, 12, 1, 3, 121, 0.50758785942492
0.00999999999999801, 12, 1, 3, 121, 0.50758785942492
0.00500000000000256, 10, 1, 4, 96, 0.498447204968944
0.00500000000000256, 13, 1, 3, 139, 0.551517571884984
0.00500000000000256, 14, 1, 6, 97, 0.355745107877572
0.00500000000000256, 14, 1, 6, 97, 0.355745107877572
0.00500000000000256, 12, 1, 4, 86, 0.400621118012422
0.00500000000000256, 12, 1, 4, 86, 0.400621118012422
0.00500000000000256, 18, 1, 6, 241, 0.590190667335675
0.00500000000000256, 14, 1, 4, 68, 0.340062111801242
0.00500000000000256, 12, 1, 5, 55, 0.200726744186047
0.00500000000000256, 12, 1, 5, 55, 0.200726744186047
0.00500000000000256, 11, 1, 4, 8, 0.100931677018634
0.00500000000000256, 11, 1, 5, 205, 0.616569767441861
0.00500000000000256, 11, 1, 5, 205, 0.616569767441861
0.00500000000000078, 14, 1, 5, 273, 0.90203488372093
0.00499999999999901, 10, 1, 4, 96, 0.498447204968944
0.00499999999999901, 9, 1, 4, 50, 0.281055900621118
0.00499999999999901, 9, 1, 4, 50, 0.281055900621118
0.00499999999999901, 14, 1, 5, 273, 0.90203488372093
0.00499999999999545, 13, 1, 3, 139, 0.551517571884984
0.00499999999999545, 18, 1, 6, 241, 0.590190667335675
0.00499999999999545, 14, 1, 4, 68, 0.340062111801242
0.00499999999999545, 11, 1, 4, 8, 0.100931677018634
