norm, level, Npoints, dimSplit, MainGridIndexSplit
903.51658451633, 0, 659, -1, -1, -1
122.928449607925, 2, 87, 7, 4, 0.0549450549450549
120.469502035078, 1, 244, 3, 87, 0.432108626198083
92.3736235317683, 1, 415, 3, 87, 0.432108626198083
91.7814225425672, 3, 71, 0, 136, 0.342922374429224
91.5086617981449, 2, 157, 7, 4, 0.0549450549450549
83.6455118168778, 3, 52, 0, 149, 0.371575342465753
83.3939861893698, 3, 86, 0, 136, 0.342922374429224
77.3085518825928, 5, 53, 7, 3, 0.0260989010989011
74.9495301491422, 2, 143, 5, 111, 0.385174418604651
63.2300635869068, 3, 91, 0, 149, 0.371575342465753
60.050289538299, 5, 31, 7, 4, 0.0549450549450549
59.0974005431315, 3, 23, 6, 34, 0.196061214249874
56.6388485061397, 4, 7, 7, 2, 0.010989010989011
54.8438374616376, 3, 39, 0, 136, 0.342922374429224
54.344110088262, 2, 272, 5, 111, 0.385174418604651
53.9078764216425, 5, 109, 7, 3, 0.0260989010989011
49.4355670277867, 3, 48, 0, 136, 0.342922374429224
47.4299826211977, 6, 37, 7, 5, 0.112637362637363
44.8768930379075, 4, 7, 4, 91, 0.454968944099379
44.6788451624159, 5, 56, 7, 4, 0.0549450549450549
41.2513331881035, 5, 30, 1, 9, 0.0584307178631052
37.8045643568962, 6, 29, 7, 5, 0.112637362637363
36.4844693049378, 6, 24, 5, 76, 0.274273255813954
36.4672361875461, 4, 87, 0, 190, 0.462100456621005
34.9143352912554, 6, 34, 7, 5, 0.112637362637363
34.6983797522665, 5, 29, 0, 206, 0.494063926940639
34.0006781598102, 6, 72, 7, 5, 0.112637362637363
32.7832798356877, 4, 6, 3, 190, 0.821884984025559
32.6327013955384, 6, 30, 5, 76, 0.274273255813954
30.8544573643411, 4, 9, 4, 31, 0.21583850931677
30.7469283903641, 5, 54, 1, 9, 0.0584307178631052
29.2531903293375, 6, 7, 1, 30, 0.267111853088481
29.0264387398823, 6, 2, 5, 11, 0.0581395348837209
28.3658799072855, 6, 5, 5, 145, 0.458139534883721
27.4333333333333, 8, 1, 7, 5, 0.112637362637363
27.2942857142857, 5, 4, 3, 162, 0.620607028753994
26.9704117064508, 5, 48, 0, 206, 0.494063926940639
26.7242157282245, 4, 162, 0, 190, 0.462100456621005
26.69578125, 5, 1, 5, 67, 0.237790697674419
26.446812080829, 5, 12, 7, 2, 0.010989010989011
25.4483365885602, 9, 5, 6, 108, 0.378198695434019
25.1971789808721, 5, 10, 7, 2, 0.010989010989011
24.6540579710145, 4, 9, 0, 159, 0.398858447488584
24.6283333333333, 7, 9, 2, 98, 0.666166916541729
24.4863221582888, 8, 2, 2, 23, 0.448775612193903
24.0687372910169, 6, 12, 3, 46, 0.3314696485623
24.024567512787, 5, 11, 7, 2, 0.010989010989011
23.9805045818473, 6, 6, 7, 10, 0.409340659340659
23.6547478403586, 5, 15, 7, 2, 0.010989010989011
23.3994112249591, 7, 2, 6, 16, 0.133592574009032
23.0324267388715, 5, 3, 7, 4, 0.0549450549450549
22.8005763942848, 7, 12, 3, 146, 0.568290734824281
22.3966666666667, 9, 1, 7, 6, 0.197802197802198
21.8165699004729, 7, 5, 6, 231, 0.571249372804817
21.653088486118, 8, 20, 6, 185, 0.489086803813347
21.10331622524, 6, 10, 1, 121, 0.47245409015025
21.0364267402998, 6, 2, 1, 148, 0.550918196994992
20.2217840857879, 6, 17, 3, 46, 0.3314696485623
19.8871739130435, 8, 4, 5, 116, 0.395639534883721
19.866622762815, 5, 3, 6, 204, 0.519192172604114
19.7948887796651, 7, 7, 1, 18, 0.139259877573734
19.7672224545427, 4, 14, 0, 159, 0.398858447488584
19.4975, 6, 1, 3, 82, 0.424520766773163
19.398296030551, 8, 2, 7, 5, 0.112637362637363
19.2646038912146, 6, 12, 1, 121, 0.47245409015025
19.2625023296752, 4, 21, 2, 12, 0.393303348325837
18.7714489257287, 6, 17, 1, 30, 0.267111853088481
18.58, 7, 1, 7, 6, 0.197802197802198
18.4688888888889, 5, 1, 5, 77, 0.275436046511628
18.4383668749668, 7, 7, 6, 231, 0.571249372804817
18.3543235556751, 5, 5, 4, 78, 0.37111801242236
18.1827257446404, 10, 13, 5, 222, 0.695639534883721
18.0689199701833, 8, 5, 5, 93, 0.335174418604651
17.9610872641589, 3, 249, 6, 34, 0.196061214249874
17.5058375120987, 7, 12, 6, 33, 0.18941294530858
17.3207100373089, 8, 11, 0, 104, 0.252397260273973
17.2624219929077, 5, 10, 3, 162, 0.620607028753994
17.205, 5, 4, 6, 204, 0.519192172604114
16.9879302643744, 4, 27, 2, 12, 0.393303348325837
16.6437456622098, 5, 22, 0, 53, 0.121232876712329
16.5833333333333, 11, 1, 7, 4, 0.0549450549450549
16.4215217391304, 8, 4, 0, 234, 0.583333333333333
16.350227215805, 4, 84, 7, 2, 0.010989010989011
16.2863851342384, 5, 6, 7, 4, 0.0549450549450549
16.0367120171187, 8, 3, 0, 159, 0.398858447488584
15.9351732716017, 5, 24, 0, 53, 0.121232876712329
15.8368348759747, 9, 2, 7, 6, 0.197802197802198
15.7967027027027, 7, 25, 3, 146, 0.568290734824281
15.7783807153966, 8, 2, 7, 4, 0.0549450549450549
15.7310052428995, 6, 10, 6, 213, 0.530983442047165
15.56, 8, 4, 0, 207, 0.497488584474886
15.495439305942, 9, 11, 3, 114, 0.486421725239617
15.2097154915315, 7, 3, 6, 268, 0.683266432513798
15.2082899753092, 9, 14, 6, 108, 0.378198695434019
15.0402087428867, 10, 19, 5, 222, 0.695639534883721
14.9216666666667, 8, 1, 7, 10, 0.409340659340659
14.875, 6, 4, 1, 148, 0.550918196994992
14.8416373239438, 4, 64, 4, 91, 0.454968944099379
14.7672837795857, 8, 43, 6, 185, 0.489086803813347
14.6907692307692, 9, 4, 3, 68, 0.388178913738019
14.3615740740741, 8, 16, 0, 104, 0.252397260273973
14.2934564749048, 7, 18, 6, 33, 0.18941294530858
14.092, 6, 1, 0, 129, 0.333219178082192
14.0569992236577, 7, 23, 4, 79, 0.374223602484472
14.0569992236577, 7, 23, 4, 79, 0.374223602484472
14.0035426946184, 8, 2, 5, 209, 0.643604651162791
13.9928571428571, 5, 1, 4, 99, 0.557453416149068
13.8936729306174, 7, 8, 4, 75, 0.361801242236025
13.8645833333334, 7, 9, 4, 48, 0.274844720496894
13.838988972432, 4, 6, 1, 20, 0.150806900389538
13.7456507499942, 6, 8, 2, 132, 0.83208395802099
13.7286363636364, 9, 4, 5, 61, 0.225872093023256
13.6848336860874, 8, 7, 1, 18, 0.139259877573734
13.589, 6, 1, 3, 151, 0.58426517571885
13.5335545973016, 6, 14, 6, 115, 0.390491721023582
13.3150394500187, 7, 5, 4, 8, 0.100931677018634
13.262962962963, 9, 1, 5, 271, 0.881686046511628
13.1380439944461, 7, 2, 7, 6, 0.197802197802198
13.088489739784, 8, 7, 2, 23, 0.448775612193903
12.9088691627588, 8, 10, 2, 86, 0.629185407296352
12.8829939066973, 8, 3, 7, 4, 0.0549450549450549
12.8722866835232, 10, 3, 3, 100, 0.462859424920128
12.77943984113, 9, 2, 2, 91, 0.641179410294853
12.7330646561301, 9, 2, 5, 247, 0.765697674418605
12.7007943164836, 9, 3, 3, 28, 0.284744408945687
12.6760660855392, 7, 5, 3, 28, 0.284744408945687
12.5942788797136, 9, 8, 5, 157, 0.484593023255814
12.5684210526316, 11, 1, 3, 100, 0.462859424920128
12.3081238161566, 8, 11, 2, 86, 0.629185407296352
12.2804892836594, 7, 19, 0, 219, 0.522260273972603
12.2536798720335, 11, 6, 4, 23, 0.187888198757764
11.9975, 10, 1, 7, 4, 0.0549450549450549
11.9902522909236, 6, 24, 7, 10, 0.409340659340659
11.97, 12, 1, 7, 5, 0.112637362637363
11.97, 12, 1, 7, 5, 0.112637362637363
11.8957142857143, 8, 1, 6, 144, 0.42824887104867
11.8399293299063, 4, 46, 3, 190, 0.821884984025559
11.7261874546769, 11, 2, 7, 4, 0.0549450549450549
11.5716122257935, 7, 6, 3, 28, 0.284744408945687
11.522467997352, 7, 3, 7, 4, 0.0549450549450549
11.26875, 11, 1, 1, 33, 0.272537562604341
11.2532622430614, 7, 7, 4, 8, 0.100931677018634
11.2058684640767, 8, 13, 5, 93, 0.335174418604651
11.161, 10, 1, 6, 272, 0.691545408931259
11.0699427402073, 8, 2, 1, 92, 0.403032832498609
11.0197877833067, 9, 6, 2, 83, 0.62543728135932
10.855424931959, 6, 21, 6, 213, 0.530983442047165
10.825804819966, 6, 2, 2, 101, 0.681159420289855
10.75, 9, 1, 7, 2, 0.010989010989011
10.75, 9, 1, 7, 2, 0.010989010989011
10.739460070421, 7, 15, 4, 48, 0.274844720496894
10.7075, 7, 4, 7, 3, 0.0260989010989011
10.7075, 7, 4, 7, 3, 0.0260989010989011
10.5733333333333, 6, 4, 0, 235, 0.590867579908676
10.5485752427689, 4, 77, 4, 31, 0.21583850931677
10.5327272727273, 8, 4, 0, 101, 0.249657534246575
10.3980783481052, 5, 3, 7, 3, 0.0260989010989011
10.3980783481052, 5, 3, 7, 3, 0.0260989010989011
10.3778736166343, 9, 7, 5, 61, 0.225872093023256
10.32875, 10, 1, 0, 70, 0.14337899543379
10.2990909090909, 9, 1, 3, 14, 0.193690095846645
10.2831856445364, 9, 12, 5, 157, 0.484593023255814
10.255665281705, 8, 3, 4, 22, 0.184782608695652
10.2248732673483, 5, 3, 6, 33, 0.18941294530858
10.2248732673483, 5, 3, 6, 33, 0.18941294530858
10.0790640228941, 7, 27, 1, 18, 0.139259877573734
9.95709607695508, 7, 7, 6, 268, 0.683266432513798
9.89, 8, 1, 0, 264, 0.844748858447489
9.79384615384617, 9, 9, 3, 68, 0.388178913738019
9.67663869884256, 8, 14, 1, 18, 0.139259877573734
9.675, 11, 1, 3, 115, 0.488418530351438
9.6389436950091, 8, 5, 5, 231, 0.72281976744186
9.56909319056909, 10, 5, 5, 127, 0.41671511627907
9.54341616465701, 9, 8, 2, 83, 0.62543728135932
9.47310198667786, 8, 5, 0, 226, 0.539840182648402
9.46275251293762, 7, 32, 0, 219, 0.522260273972603
9.38303304326002, 8, 11, 0, 207, 0.497488584474886
9.30863502942892, 7, 63, 2, 98, 0.666166916541729
9.30688633933678, 7, 3, 6, 33, 0.18941294530858
9.30688633933676, 7, 3, 6, 33, 0.18941294530858
9.12486119574469, 8, 19, 5, 116, 0.395639534883721
9.08500659074728, 9, 32, 3, 114, 0.486421725239617
9.07218000262341, 7, 2, 7, 3, 0.0260989010989011
9.0721800026234, 7, 2, 7, 3, 0.0260989010989011
9.03333333333334, 10, 1, 7, 4, 0.0549450549450549
8.97733333333332, 6, 4, 1, 31, 0.270033388981636
8.88170151797317, 6, 51, 5, 145, 0.458139534883721
8.87500000000001, 10, 4, 6, 224, 0.555820371299548
8.86146218182981, 11, 2, 4, 64, 0.327639751552795
8.83529923092591, 8, 2, 5, 223, 0.700872093023256
8.812, 8, 1, 1, 141, 0.524485253199777
8.78166666666667, 9, 1, 0, 156, 0.395091324200913
8.76681818181818, 9, 4, 6, 123, 0.408429503261415
8.69351285823668, 6, 20, 2, 132, 0.83208395802099
8.67006899242062, 10, 3, 6, 158, 0.456472654290015
8.61333333333334, 6, 1, 7, 2, 0.010989010989011
8.57536110588763, 7, 21, 4, 75, 0.361801242236025
8.54425690683312, 7, 15, 6, 16, 0.133592574009032
8.50295904376824, 10, 2, 7, 4, 0.0549450549450549
8.50295904376823, 10, 2, 7, 4, 0.0549450549450549
8.48333333333333, 7, 9, 6, 200, 0.514801806322127
8.48245294711381, 11, 2, 3, 59, 0.368610223642173
8.33382352941177, 7, 4, 5, 79, 0.281540697674419
8.32473618171803, 11, 13, 4, 23, 0.187888198757764
8.10855736723836, 6, 39, 6, 115, 0.390491721023582
8.08242742381425, 9, 5, 2, 91, 0.641179410294853
8.05785714285714, 7, 4, 3, 173, 0.651357827476038
8.055, 6, 1, 0, 268, 0.898401826484018
8.00063135529524, 8, 3, 0, 98, 0.226027397260274
7.97017305354165, 11, 6, 7, 6, 0.197802197802198
7.96199342597256, 8, 7, 0, 101, 0.249657534246575
7.88263354936368, 10, 8, 3, 100, 0.462859424920128
7.825, 8, 1, 2, 1, 0.0612193903048476
7.75611732287132, 5, 28, 4, 78, 0.37111801242236
7.7302590034458, 12, 5, 5, 203, 0.613953488372093
7.72665681327986, 12, 2, 7, 4, 0.0549450549450549
7.67346371950409, 7, 11, 6, 200, 0.514801806322127
7.65500000000001, 6, 4, 2, 101, 0.681159420289855
7.598, 9, 1, 7, 4, 0.0549450549450549
7.59714285714286, 8, 1, 0, 80, 0.161415525114155
7.59359941551654, 9, 3, 7, 6, 0.197802197802198
7.53471092210794, 8, 19, 0, 234, 0.583333333333333
7.47647569974578, 6, 8, 0, 235, 0.590867579908676
7.37562500000001, 10, 1, 4, 110, 0.937888198757764
7.36936231249743, 6, 7, 3, 82, 0.424520766773163
7.352, 11, 1, 6, 176, 0.474034119417963
7.31875000000001, 9, 4, 1, 14, 0.117278797996661
7.288, 10, 1, 5, 234, 0.734156976744186
7.25185046627309, 8, 6, 4, 22, 0.184782608695652
7.24, 7, 1, 0, 67, 0.139269406392694
7.23535357348438, 11, 3, 4, 64, 0.327639751552795
7.16714285714285, 7, 1, 4, 21, 0.18167701863354
7.1344328900566, 9, 5, 3, 190, 0.821884984025559
7.13333333333334, 12, 4, 1, 43, 0.294101279910963
7.13238095238096, 10, 9, 5, 127, 0.41671511627907
7.10000000000001, 9, 1, 5, 58, 0.222674418604651
7.09, 11, 1, 7, 3, 0.0260989010989011
7.09, 11, 1, 7, 3, 0.0260989010989011
7.08945258817632, 13, 2, 6, 164, 0.463873557451079
7.08545454545455, 6, 4, 0, 255, 0.713470319634703
7.0675, 8, 1, 2, 134, 0.860569715142429
7.04599999999999, 6, 4, 0, 129, 0.333219178082192
7.01803480327649, 12, 2, 0, 230, 0.565068493150685
7.01685629197451, 8, 2, 5, 118, 0.401453488372093
6.99328606593495, 8, 2, 0, 264, 0.844748858447489
6.99315513555934, 7, 3, 6, 122, 0.407049673858505
6.96298148959839, 8, 2, 7, 4, 0.0549450549450549
6.92749999999999, 9, 1, 7, 6, 0.197802197802198
6.92675985460254, 10, 3, 7, 4, 0.0549450549450549
6.92589382919874, 11, 3, 3, 59, 0.368610223642173
6.90237233692526, 11, 8, 7, 6, 0.197802197802198
6.89445044530749, 10, 12, 0, 237, 0.611872146118721
6.86469470066465, 9, 3, 5, 213, 0.653488372093023
6.82666666666667, 6, 1, 6, 191, 0.498243853487205
6.81576245021623, 8, 10, 5, 231, 0.72281976744186
6.71, 8, 1, 7, 1, 0.00274725274725275
6.71, 8, 1, 7, 1, 0.00274725274725275
6.70337228564847, 9, 2, 6, 295, 0.776969392875063
6.70337228564847, 9, 2, 6, 295, 0.776969392875063
6.67317220085189, 8, 5, 7, 10, 0.409340659340659
6.660697605551, 7, 3, 1, 178, 0.772954924874791
6.62709162811722, 9, 7, 6, 123, 0.408429503261415
6.59, 11, 1, 7, 6, 0.197802197802198
6.52973828715709, 5, 8, 5, 77, 0.275436046511628
6.45588491223318, 9, 2, 4, 77, 0.368012422360248
6.44, 9, 1, 7, 3, 0.0260989010989011
6.435, 8, 1, 6, 127, 0.411063723030607
6.38753125671848, 10, 2, 7, 4, 0.0549450549450549
6.38302079915153, 10, 14, 0, 237, 0.611872146118721
6.37002194594624, 10, 2, 6, 247, 0.621048670346212
6.36428571428571, 9, 1, 3, 44, 0.321485623003195
6.360425496773, 10, 2, 0, 236, 0.598858447488585
6.36042549677299, 10, 2, 0, 236, 0.598858447488585
6.31446355599586, 8, 2, 6, 284, 0.737706974410437
6.29773673632044, 11, 3, 7, 5, 0.112637362637363
6.2755726830306, 10, 8, 6, 224, 0.555820371299548
6.2525, 8, 1, 0, 131, 0.338127853881279
6.20153846153846, 11, 4, 1, 134, 0.50765164162493
6.19999999999999, 10, 4, 4, 59, 0.312111801242236
6.19032703218756, 9, 2, 5, 214, 0.657994186046511
6.16, 9, 1, 7, 6, 0.197802197802198
6.1175, 7, 1, 3, 134, 0.541932907348243
6.11130633847806, 12, 8, 5, 203, 0.613953488372093
6.09054640862013, 6, 2, 7, 2, 0.010989010989011
6.05243086601018, 6, 46, 5, 11, 0.0581395348837209
6.05, 13, 1, 7, 3, 0.0260989010989011
6.05, 13, 1, 7, 3, 0.0260989010989011
6.04333333333333, 6, 1, 7, 11, 0.615384615384615
6.04258586977572, 7, 7, 6, 244, 0.595960863020572
6.02, 10, 1, 7, 3, 0.0260989010989011
6.02, 10, 1, 7, 3, 0.0260989010989011
5.94333333333333, 8, 1, 1, 23, 0.225375626043406
5.92194837777995, 8, 22, 0, 159, 0.398858447488584
5.90096472511976, 4, 33, 1, 20, 0.150806900389538
5.88646005638249, 9, 6, 0, 196, 0.47796803652968
5.88197681481319, 9, 5, 7, 6, 0.197802197802198
5.81833333333334, 8, 1, 3, 13, 0.192891373801917
5.805, 11, 1, 0, 274, 0.962328767123288
5.805, 11, 1, 0, 274, 0.962328767123288
5.78554768366833, 9, 2, 4, 6, 0.0854037267080745
5.71256000727648, 5, 6, 4, 99, 0.557453416149068
5.712, 9, 1, 0, 25, 0.0979452054794521
5.69526513869196, 6, 5, 4, 74, 0.358695652173913
5.69526513869196, 6, 5, 4, 74, 0.358695652173913
5.6825, 10, 1, 0, 185, 0.449771689497717
5.68, 6, 1, 2, 77, 0.612193903048476
5.67589249117956, 10, 7, 6, 158, 0.456472654290015
5.64333333333333, 8, 1, 5, 99, 0.354941860465116
5.64026443654916, 9, 8, 3, 190, 0.821884984025559
5.60466581622532, 7, 6, 7, 2, 0.010989010989011
5.596, 10, 1, 5, 100, 0.356395348837209
5.58586385440963, 11, 3, 3, 115, 0.488418530351438
5.54544858419949, 10, 5, 4, 59, 0.312111801242236
5.5375, 9, 1, 4, 88, 0.419254658385093
5.52, 14, 1, 3, 143, 0.559904153354633
5.49960526315789, 9, 16, 3, 28, 0.284744408945687
5.49264134302222, 8, 13, 5, 209, 0.643604651162791
5.48857142857143, 12, 1, 5, 220, 0.681686046511628
5.43058007951269, 11, 2, 5, 65, 0.234883720930233
5.43058007951268, 11, 2, 5, 65, 0.234883720930233
5.41687467549324, 7, 5, 6, 122, 0.407049673858505
5.41353568811223, 6, 11, 1, 31, 0.270033388981636
5.368, 7, 1, 5, 237, 0.740697674418604
5.35610018660712, 6, 7, 0, 255, 0.713470319634703
5.35000000000002, 12, 4, 7, 5, 0.112637362637363
5.34999999999999, 12, 4, 7, 5, 0.112637362637363
5.30333333333333, 11, 1, 7, 8, 0.259615384615385
5.27678435460462, 13, 2, 1, 182, 0.864496382860323
5.27501658765165, 9, 2, 6, 204, 0.519192172604114
5.27, 11, 1, 6, 174, 0.471650777722027
5.24846153846154, 8, 1, 1, 174, 0.70937673900946
5.15573790386336, 8, 3, 6, 284, 0.737706974410437
5.14749999999999, 13, 1, 7, 8, 0.259615384615385
5.10106238934598, 8, 6, 5, 223, 0.700872093023256
5.09623632633708, 7, 10, 3, 173, 0.651357827476038
5.09, 9, 1, 7, 6, 0.197802197802198
5.09, 9, 1, 7, 6, 0.197802197802198
5.075, 11, 1, 7, 6, 0.197802197802198
5.04402837246401, 12, 8, 1, 43, 0.294101279910963
5.0360144956106, 9, 2, 6, 107, 0.377320622177622
5.03, 7, 1, 6, 301, 0.940291018564977
4.995, 10, 1, 7, 5, 0.112637362637363
4.995, 10, 1, 7, 5, 0.112637362637363
4.96333333333333, 12, 1, 0, 172, 0.426255707762557
4.96166666666667, 8, 4, 5, 118, 0.401453488372093
4.92146319705837, 9, 2, 5, 256, 0.799273255813954
4.91111111111111, 11, 1, 4, 72, 0.352484472049689
4.89317892581091, 8, 2, 0, 51, 0.119634703196347
4.88676684568455, 12, 5, 7, 4, 0.0549450549450549
4.88333333333333, 14, 1, 2, 114, 0.71664167916042
4.85640502098939, 8, 6, 6, 144, 0.42824887104867
4.85407217361534, 9, 6, 5, 213, 0.653488372093023
4.82718229290017, 6, 2, 6, 191, 0.498243853487205
4.79822458662301, 10, 2, 4, 14, 0.141304347826087
4.72561195331709, 10, 3, 4, 41, 0.253105590062112
4.72561195331708, 10, 3, 4, 41, 0.253105590062112
4.72387990250952, 9, 3, 4, 6, 0.0854037267080745
4.70982444431809, 7, 6, 1, 178, 0.772954924874791
4.66633597228596, 8, 10, 0, 97, 0.222146118721461
4.65055641832243, 6, 3, 0, 268, 0.898401826484018
4.64, 12, 1, 6, 216, 0.53549924736578
4.63, 13, 1, 7, 5, 0.112637362637363
4.63, 13, 1, 7, 5, 0.112637362637363
4.62277354707113, 7, 13, 5, 79, 0.281540697674419
4.61917504810112, 11, 2, 0, 159, 0.398858447488584
4.61916666666666, 8, 9, 0, 98, 0.226027397260274
4.61863636363637, 9, 1, 4, 30, 0.211180124223602
4.60444444444444, 8, 4, 2, 80, 0.620689655172414
4.565, 9, 4, 4, 77, 0.368012422360248
4.53333333333333, 9, 1, 5, 161, 0.495348837209302
4.52966666666666, 6, 9, 3, 151, 0.58426517571885
4.50898424136624, 12, 8, 0, 125, 0.310616438356164
4.50333333333334, 9, 4, 6, 64, 0.269693928750627
4.5, 11, 1, 7, 8, 0.259615384615385
4.5, 11, 1, 7, 8, 0.259615384615385
4.48, 9, 1, 0, 225, 0.536986301369863
4.42890530743458, 11, 5, 3, 126, 0.519568690095847
4.40666666666667, 13, 1, 7, 2, 0.010989010989011
4.40599999999999, 8, 4, 1, 141, 0.524485253199777
4.405, 10, 1, 6, 177, 0.475413948820873
4.405, 10, 1, 6, 177, 0.475413948820873
4.40377616254459, 8, 5, 7, 4, 0.0549450549450549
4.35577777210913, 9, 2, 7, 6, 0.197802197802198
4.35508354438482, 7, 21, 7, 4, 0.0549450549450549
4.34743886958242, 9, 11, 0, 196, 0.47796803652968
4.345, 10, 1, 7, 2, 0.010989010989011
4.345, 10, 1, 7, 2, 0.010989010989011
4.335, 10, 1, 7, 6, 0.197802197802198
4.335, 10, 1, 7, 6, 0.197802197802198
4.33333333333334, 10, 1, 4, 5, 0.0729813664596273
4.31, 11, 1, 7, 2, 0.010989010989011
4.31, 11, 1, 7, 2, 0.010989010989011
4.30414625680866, 10, 3, 4, 57, 0.305900621118012
4.2732819809707, 6, 2, 7, 11, 0.615384615384615
4.25918715522273, 11, 7, 1, 33, 0.272537562604341
4.25112596849352, 13, 2, 3, 110, 0.478035143769968
4.23321259670346, 12, 2, 2, 68, 0.590954522738631
4.22548228263155, 9, 12, 1, 14, 0.117278797996661
4.185, 10, 1, 5, 266, 0.837354651162791
4.1725, 13, 1, 5, 212, 0.648691860465116
4.14545454545454, 10, 4, 6, 254, 0.640993477170095
4.13435897435896, 11, 9, 1, 134, 0.50765164162493
4.11834031055961, 8, 5, 2, 80, 0.620689655172414
4.11666666666666, 13, 1, 7, 6, 0.197802197802198
4.115, 13, 1, 7, 4, 0.0549450549450549
4.115, 13, 1, 7, 4, 0.0549450549450549
4.11333333333333, 9, 1, 7, 2, 0.010989010989011
4.11188861716851, 9, 3, 6, 107, 0.377320622177622
4.09918691124633, 9, 3, 5, 58, 0.222674418604651
4.08864854366088, 12, 2, 6, 120, 0.40178123432012
4.08042302749768, 8, 3, 2, 134, 0.860569715142429
4.07657402570299, 8, 27, 0, 226, 0.539840182648402
4.05186428285383, 12, 6, 0, 230, 0.565068493150685
4.04700781099101, 11, 2, 5, 266, 0.837354651162791
4.03295810926808, 12, 10, 0, 125, 0.310616438356164
4.02875561888963, 10, 5, 6, 247, 0.621048670346212
4.02654859075595, 9, 20, 5, 247, 0.765697674418605
4.01636651713959, 6, 2, 2, 77, 0.612193903048476
3.99959398981114, 9, 3, 7, 6, 0.197802197802198
3.99043926849608, 8, 2, 5, 99, 0.354941860465116
3.965, 13, 1, 7, 6, 0.197802197802198
3.965, 13, 1, 7, 6, 0.197802197802198
3.964, 10, 1, 1, 117, 0.464385086254869
3.94907584125703, 8, 3, 3, 74, 0.402156549520767
3.94333333333334, 11, 1, 6, 207, 0.52295534370296
3.93151370339721, 12, 2, 7, 8, 0.259615384615385
3.9315137033972, 12, 2, 7, 8, 0.259615384615385
3.92728072448212, 9, 5, 0, 156, 0.395091324200913
3.90390055059406, 10, 7, 0, 70, 0.14337899543379
3.85333333333333, 12, 1, 6, 296, 0.779854490717511
3.82333333333333, 10, 1, 0, 126, 0.310844748858447
3.80473827395964, 11, 3, 7, 6, 0.197802197802198
3.799, 9, 4, 7, 4, 0.0549450549450549
3.79695903510828, 8, 17, 1, 92, 0.403032832498609
3.785, 17, 1, 7, 8, 0.259615384615385
3.785, 17, 1, 7, 8, 0.259615384615385
3.75333333333333, 15, 1, 0, 113, 0.277853881278539
3.75002296289266, 11, 2, 7, 8, 0.259615384615385
3.745, 12, 1, 2, 134, 0.860569715142429
3.745, 12, 1, 2, 134, 0.860569715142429
3.74310816436806, 11, 7, 3, 126, 0.519568690095847
3.73823784987288, 12, 2, 5, 226, 0.714970930232558
3.73605506958788, 10, 6, 0, 155, 0.392694063926941
3.73, 12, 1, 7, 5, 0.112637362637363
3.72, 8, 1, 1, 43, 0.294101279910963
3.71813573358119, 9, 3, 7, 3, 0.0260989010989011
3.71524898223525, 8, 3, 6, 127, 0.411063723030607
3.69666666666666, 12, 1, 4, 97, 0.506211180124224
3.69463293169972, 9, 2, 4, 53, 0.293478260869565
3.69463293169972, 9, 2, 4, 53, 0.293478260869565
3.68756186388785, 10, 2, 6, 300, 0.878198695434019
3.68756186388784, 10, 2, 6, 300, 0.878198695434019
3.676, 11, 4, 6, 176, 0.474034119417963
3.65000000000001, 11, 1, 7, 7, 0.245879120879121
3.64999999999999, 11, 1, 7, 7, 0.245879120879121
3.64400000000001, 10, 4, 5, 234, 0.734156976744186
3.636, 7, 1, 1, 95, 0.411519198664441
3.63553900784341, 11, 2, 5, 236, 0.739244186046512
3.63048824512065, 13, 2, 0, 175, 0.435388127853881
3.62333333333333, 10, 1, 0, 198, 0.48162100456621
3.60988255810814, 8, 3, 0, 131, 0.338127853881279
3.6, 11, 1, 7, 2, 0.010989010989011
3.6, 11, 1, 7, 2, 0.010989010989011
3.55301355659295, 12, 3, 5, 272, 0.891860465116279
3.54472629408819, 13, 8, 6, 164, 0.463873557451079
3.54470190067175, 7, 15, 7, 2, 0.010989010989011
3.53194027176754, 7, 3, 3, 134, 0.541932907348243
3.52, 11, 1, 3, 173, 0.651357827476038
3.50960665728924, 12, 2, 0, 172, 0.426255707762557
3.49944638478717, 8, 5, 2, 1, 0.0612193903048476
3.48250000000001, 10, 4, 2, 31, 0.471514242878561
3.48249999999999, 10, 4, 2, 31, 0.471514242878561
3.47102981836803, 13, 3, 3, 110, 0.478035143769968
3.46623744137646, 9, 2, 3, 123, 0.511980830670927
3.45303811479431, 14, 2, 2, 114, 0.71664167916042
3.45, 11, 1, 7, 8, 0.259615384615385
3.45, 11, 1, 7, 8, 0.259615384615385
3.42000000000002, 8, 4, 3, 74, 0.402156549520767
3.41179021922509, 7, 2, 3, 41, 0.310303514376997
3.41179021922509, 7, 2, 3, 41, 0.310303514376997
3.4, 8, 1, 7, 7, 0.245879120879121
3.4, 8, 1, 7, 7, 0.245879120879121
3.39666666666667, 16, 1, 7, 10, 0.409340659340659
3.385, 10, 1, 6, 182, 0.480306071249373
3.385, 10, 1, 6, 182, 0.480306071249373
3.36335229724201, 5, 63, 5, 67, 0.237790697674419
3.35333333333333, 9, 1, 3, 105, 0.472044728434505
3.3325, 8, 1, 6, 78, 0.304064224786754
3.33, 8, 1, 2, 136, 0.868815592203898
3.31666666666667, 10, 1, 0, 91, 0.201255707762557
3.30886898093301, 9, 7, 5, 214, 0.657994186046511
3.29666666666668, 11, 1, 7, 5, 0.112637362637363
3.28097546470558, 12, 2, 6, 216, 0.53549924736578
3.28079290467005, 10, 3, 0, 185, 0.449771689497717
3.26037944872371, 12, 3, 3, 47, 0.334664536741214
3.25685851018615, 9, 10, 3, 14, 0.193690095846645
3.20555074137901, 9, 2, 5, 161, 0.495348837209302
3.20044499220782, 8, 3, 0, 219, 0.522260273972603
3.19707711563755, 9, 3, 4, 88, 0.419254658385093
3.195, 11, 1, 3, 157, 0.596645367412141
3.18433753794342, 9, 8, 6, 64, 0.269693928750627
3.16, 12, 1, 2, 58, 0.557471264367816
3.16, 15, 1, 0, 141, 0.350228310502283
3.16, 11, 1, 5, 102, 0.359156976744186
3.16, 15, 1, 0, 141, 0.350228310502283
3.15, 7, 1, 6, 115, 0.390491721023582
3.14886836816024, 11, 12, 7, 5, 0.112637362637363
3.14604307072246, 8, 22, 0, 97, 0.222146118721461
3.14367221573751, 13, 3, 3, 157, 0.596645367412141
3.14367221573751, 13, 3, 3, 157, 0.596645367412141
3.13366908531285, 10, 7, 6, 254, 0.640993477170095
3.132, 13, 1, 7, 4, 0.0549450549450549
3.11598388242872, 13, 2, 7, 2, 0.010989010989011
3.11480537112674, 9, 2, 3, 157, 0.596645367412141
3.11480537112674, 9, 2, 3, 157, 0.596645367412141
3.10773430331488, 10, 2, 5, 54, 0.199273255813954
3.10419876940894, 11, 2, 0, 138, 0.345319634703196
3.10152058383832, 8, 6, 0, 80, 0.161415525114155
3.09471808085972, 8, 5, 0, 51, 0.119634703196347
3.0875, 10, 1, 5, 211, 0.64578488372093
3.06428571428571, 10, 1, 5, 157, 0.484593023255814
3.06412938514169, 10, 2, 4, 5, 0.0729813664596273
3.04655286758657, 13, 6, 1, 182, 0.864496382860323
3.04263591862934, 11, 3, 6, 174, 0.471650777722027
3.03466368374972, 10, 5, 4, 14, 0.141304347826087
2.99333333333333, 12, 4, 2, 68, 0.590954522738631
2.98333333333333, 10, 1, 7, 7, 0.245879120879121
2.9719105106536, 13, 3, 7, 8, 0.259615384615385
2.96250000000001, 10, 4, 7, 11, 0.615384615384615
2.96249999999999, 10, 4, 7, 11, 0.615384615384615
2.96240525170785, 11, 18, 3, 100, 0.462859424920128
2.95571762295837, 7, 6, 0, 67, 0.139269406392694
2.9486352775479, 15, 2, 7, 10, 0.409340659340659
2.94863527754789, 15, 2, 7, 10, 0.409340659340659
2.94, 7, 1, 5, 150, 0.468895348837209
2.94, 7, 1, 5, 150, 0.468895348837209
2.93005261613736, 11, 3, 7, 6, 0.197802197802198
2.92883628767468, 9, 2, 6, 176, 0.474034119417963
2.92597381893887, 7, 6, 4, 21, 0.18167701863354
2.91092291588462, 13, 2, 7, 6, 0.197802197802198
2.90856589328067, 9, 2, 7, 2, 0.010989010989011
2.90407185402381, 7, 3, 6, 301, 0.940291018564977
2.88333333333334, 10, 1, 0, 23, 0.095662100456621
2.88, 11, 1, 1, 154, 0.582081246521981
2.87, 11, 1, 6, 17, 0.143251379829403
2.86666666666667, 11, 1, 4, 74, 0.358695652173913
2.856, 9, 4, 0, 25, 0.0979452054794521
2.83017101956754, 9, 3, 3, 123, 0.511980830670927
2.83, 8, 1, 6, 291, 0.762418464626192
2.83, 8, 1, 6, 291, 0.762418464626192
2.82616075685777, 7, 32, 6, 244, 0.595960863020572
2.826, 12, 1, 7, 8, 0.259615384615385
2.82357142857143, 12, 4, 3, 47, 0.334664536741214
2.805, 13, 1, 3, 162, 0.620607028753994
2.79800000000002, 10, 4, 5, 100, 0.356395348837209
2.78835774047895, 11, 2, 6, 207, 0.52295534370296
2.77, 11, 1, 3, 79, 0.416134185303514
2.755, 13, 1, 7, 2, 0.010989010989011
2.755, 13, 1, 7, 2, 0.010989010989011
2.74, 14, 1, 5, 248, 0.770058139534884
2.74, 14, 1, 5, 248, 0.770058139534884
2.72471813017217, 12, 2, 6, 296, 0.779854490717511
2.70666666666667, 9, 1, 5, 233, 0.732267441860465
2.70350492673657, 10, 2, 0, 126, 0.310844748858447
2.68, 10, 1, 0, 73, 0.147146118721461
2.68, 10, 1, 0, 73, 0.147146118721461
2.66837445314975, 11, 5, 3, 154, 0.588258785942492
2.66688195745518, 11, 6, 0, 159, 0.398858447488584
2.65793946925475, 8, 5, 1, 23, 0.225375626043406
2.65400745205351, 15, 2, 0, 113, 0.277853881278539
2.65000000000001, 9, 1, 3, 50, 0.343849840255591
2.65, 9, 1, 3, 50, 0.343849840255591
2.64333333333334, 12, 4, 5, 226, 0.714970930232558
2.63750829382579, 9, 8, 6, 204, 0.519192172604114
2.615, 12, 1, 7, 8, 0.259615384615385
2.615, 9, 1, 7, 5, 0.112637362637363
2.61499999999999, 12, 1, 7, 8, 0.259615384615385
2.61499999999999, 9, 1, 7, 5, 0.112637362637363
2.61393806778628, 12, 2, 4, 97, 0.506211180124224
2.61333333333333, 8, 4, 1, 86, 0.394824707846411
2.6125, 11, 1, 0, 120, 0.30365296803653
2.61, 13, 1, 7, 2, 0.010989010989011
2.61, 13, 1, 7, 2, 0.010989010989011
2.60203776981727, 8, 5, 3, 13, 0.192891373801917
2.60108103677715, 9, 26, 5, 271, 0.881686046511628
2.60073874120412, 7, 2, 6, 250, 0.629076768690416
2.6, 9, 1, 4, 50, 0.281055900621118
2.6, 9, 1, 4, 50, 0.281055900621118
2.59820876288073, 9, 6, 3, 44, 0.321485623003195
2.5875, 14, 1, 6, 214, 0.532112393376819
2.585, 11, 1, 7, 8, 0.259615384615385
2.585, 11, 1, 7, 8, 0.259615384615385
2.56050900572933, 10, 19, 6, 272, 0.691545408931259
2.55, 10, 1, 5, 113, 0.391133720930233
2.53456768174247, 11, 3, 0, 138, 0.345319634703196
2.52, 10, 1, 2, 81, 0.622438780609695
2.52, 10, 1, 2, 81, 0.622438780609695
2.51333333333334, 10, 1, 3, 151, 0.58426517571885
2.51, 12, 1, 3, 118, 0.496006389776358
2.50666666666666, 9, 1, 6, 276, 0.7019568489714
2.49666666666667, 12, 1, 7, 5, 0.112637362637363
2.496, 9, 1, 1, 19, 0.144546466332777
2.48548033587072, 7, 2, 3, 32, 0.291932907348243
2.48548033587071, 7, 2, 3, 32, 0.291932907348243
2.485, 10, 9, 4, 57, 0.305900621118012
2.46861904715977, 14, 5, 3, 143, 0.559904153354633
2.46073159852918, 9, 8, 5, 256, 0.799273255813954
2.46, 8, 1, 5, 280, 0.940988372093023
2.45400000000001, 10, 1, 0, 264, 0.844748858447489
2.43889249427676, 9, 3, 5, 68, 0.241133720930233
2.425, 11, 1, 6, 297, 0.807325639739087
2.425, 11, 1, 6, 297, 0.807325639739087
2.42, 6, 1, 4, 22, 0.184782608695652
2.42, 10, 1, 0, 226, 0.539840182648402
2.41500000000001, 13, 1, 0, 129, 0.333219178082192
2.415, 13, 1, 0, 129, 0.333219178082192
2.40899399819373, 13, 3, 5, 212, 0.648691860465116
2.4018060334303, 16, 2, 7, 10, 0.409340659340659
2.39138481498343, 9, 3, 6, 176, 0.474034119417963
2.39, 9, 1, 7, 8, 0.259615384615385
2.39, 9, 1, 7, 8, 0.259615384615385
2.3628886967433, 10, 15, 0, 155, 0.392694063926941
2.36, 15, 1, 7, 2, 0.010989010989011
2.34523749093538, 10, 2, 0, 91, 0.201255707762557
2.34335187285221, 9, 2, 3, 76, 0.406549520766773
2.34052344572747, 9, 2, 3, 146, 0.568290734824281
2.34, 8, 1, 4, 85, 0.395962732919255
2.34, 8, 1, 4, 85, 0.395962732919255
2.33109535531164, 11, 2, 7, 5, 0.112637362637363
2.32599336689879, 12, 7, 5, 272, 0.891860465116279
2.3, 10, 1, 5, 127, 0.41671511627907
2.29931675743478, 11, 5, 5, 236, 0.739244186046512
2.29612237460978, 13, 5, 0, 175, 0.435388127853881
2.27, 13, 1, 7, 4, 0.0549450549450549
2.27, 13, 1, 7, 4, 0.0549450549450549
2.26486262742102, 11, 3, 4, 71, 0.349378881987578
2.26305635680469, 8, 6, 0, 219, 0.522260273972603
2.255, 14, 1, 0, 97, 0.222146118721461
2.2406999028031, 12, 6, 5, 220, 0.681686046511628
2.24000000000001, 9, 4, 0, 225, 0.536986301369863
2.24, 7, 1, 1, 70, 0.361296605453534
2.24, 7, 1, 1, 70, 0.361296605453534
2.22738636073763, 13, 2, 1, 159, 0.590567612687813
2.22, 16, 1, 3, 143, 0.559904153354633
2.22, 16, 1, 3, 143, 0.559904153354633
2.20799999999999, 7, 1, 5, 123, 0.409302325581395
2.205, 14, 1, 7, 10, 0.409340659340659
2.205, 14, 1, 7, 10, 0.409340659340659
2.18547457504446, 12, 7, 6, 120, 0.40178123432012
2.16321666718948, 11, 7, 5, 266, 0.837354651162791
2.15351650407731, 12, 3, 7, 5, 0.112637362637363
2.12349429007945, 7, 3, 6, 250, 0.629076768690416
2.12333333333333, 13, 1, 6, 201, 0.516181635725038
2.11214285714286, 9, 4, 5, 68, 0.241133720930233
2.10953523053987, 10, 2, 7, 7, 0.245879120879121
2.10600000000001, 12, 1, 1, 13, 0.111435726210351
2.10333333333333, 16, 1, 4, 26, 0.197204968944099
2.09999999999999, 13, 1, 1, 141, 0.524485253199777
2.07, 12, 1, 0, 81, 0.162671232876712
2.05333333333333, 14, 1, 7, 13, 0.993131868131868
2.04666666666667, 12, 1, 5, 135, 0.432122093023256
2.03882455242121, 10, 2, 0, 23, 0.095662100456621
2.03333333333334, 16, 1, 5, 162, 0.497674418604651
2.03227294754748, 11, 3, 3, 173, 0.651357827476038
2.02703943940143, 11, 2, 4, 74, 0.358695652173913
2.02666666666667, 12, 1, 7, 10, 0.409340659340659
2.02, 12, 1, 7, 5, 0.112637362637363
2.02, 12, 1, 7, 5, 0.112637362637363
1.995, 10, 1, 7, 8, 0.259615384615385
1.995, 10, 1, 7, 8, 0.259615384615385
1.992, 8, 1, 4, 9, 0.108695652173913
1.98750000000001, 14, 4, 1, 154, 0.582081246521981
1.9875, 14, 4, 1, 154, 0.582081246521981
1.982, 10, 4, 1, 117, 0.464385086254869
1.97666666666667, 10, 1, 0, 230, 0.565068493150685
1.9725, 13, 1, 6, 265, 0.66783743100853
1.97, 10, 1, 7, 4, 0.0549450549450549
1.97, 10, 1, 7, 4, 0.0549450549450549
1.96142857142857, 11, 4, 4, 71, 0.349378881987578
1.95868578388674, 11, 2, 3, 79, 0.416134185303514
1.9551502499808, 10, 2, 7, 2, 0.010989010989011
1.9551502499808, 10, 2, 7, 2, 0.010989010989011
1.93982960305509, 10, 2, 6, 65, 0.276342197691922
1.925, 13, 1, 2, 69, 0.591954022988506
1.925, 13, 1, 2, 69, 0.591954022988506
1.92401977207443, 8, 3, 6, 78, 0.304064224786754
1.92257639640146, 8, 3, 2, 136, 0.868815592203898
1.91390235441158, 9, 2, 5, 233, 0.732267441860465
1.91333879209438, 9, 3, 3, 76, 0.406549520766773
1.90918830920369, 13, 2, 4, 74, 0.358695652173913
1.90918830920367, 13, 2, 4, 74, 0.358695652173913
1.90437818619141, 10, 15, 4, 110, 0.937888198757764
1.90200000000001, 10, 1, 7, 13, 0.993131868131868
1.8975, 6, 1, 6, 289, 0.753888610135474
1.89666666666667, 8, 1, 6, 290, 0.756773707977923
1.89666666666666, 14, 1, 3, 44, 0.321485623003195
1.896, 14, 1, 6, 177, 0.475413948820873
1.88682567056714, 11, 10, 3, 154, 0.588258785942492
1.875, 10, 1, 4, 49, 0.277950310559006
1.875, 10, 1, 4, 49, 0.277950310559006
1.87158889716732, 10, 5, 5, 266, 0.837354651162791
1.86333333333333, 9, 1, 7, 2, 0.010989010989011
1.86, 8, 4, 1, 43, 0.294101279910963
1.85749999999999, 11, 1, 0, 189, 0.460730593607306
1.84834564750565, 7, 3, 5, 141, 0.445494186046512
1.84790572150085, 8, 8, 1, 86, 0.394824707846411
1.845, 11, 1, 4, 55, 0.299689440993789
1.83666666666667, 14, 1, 5, 204, 0.615406976744186
1.83432428382531, 10, 3, 0, 267, 0.881278538812785
1.825, 12, 1, 7, 5, 0.112637362637363
1.825, 12, 1, 7, 5, 0.112637362637363
1.82, 12, 1, 4, 74, 0.358695652173913
1.82, 12, 1, 4, 74, 0.358695652173913
1.81865334794732, 7, 3, 6, 115, 0.390491721023582
1.81799999999998, 7, 4, 1, 95, 0.411519198664441
1.81, 10, 1, 4, 62, 0.321428571428571
1.79666666666667, 10, 1, 7, 10, 0.409340659340659
1.79425123658866, 10, 6, 5, 54, 0.199273255813954
1.78933333333333, 7, 9, 5, 237, 0.740697674418604
1.78256895612297, 10, 3, 5, 211, 0.64578488372093
1.78, 11, 1, 4, 90, 0.442546583850932
1.78, 11, 1, 4, 90, 0.442546583850932
1.77719504338219, 10, 2, 3, 151, 0.58426517571885
1.77333333333334, 12, 1, 6, 250, 0.629076768690416
1.77248099817428, 9, 2, 6, 276, 0.7019568489714
1.7654099303624, 12, 2, 7, 5, 0.112637362637363
1.7394826817189, 8, 2, 5, 280, 0.940988372093023
1.73633998491361, 11, 8, 4, 72, 0.352484472049689
1.72180501218924, 10, 2, 5, 259, 0.810755813953488
1.72180501218924, 10, 2, 5, 259, 0.810755813953488
1.72, 15, 1, 1, 177, 0.744296048970506
1.72, 15, 1, 1, 177, 0.744296048970506
1.71119841047145, 10, 2, 0, 226, 0.539840182648402
1.71119841047144, 6, 2, 4, 22, 0.184782608695652
1.69999999999999, 14, 1, 3, 19, 0.244808306709265
1.69705627484772, 11, 2, 0, 189, 0.460730593607306
1.69705627484772, 11, 2, 0, 189, 0.460730593607306
1.67584307141212, 10, 2, 5, 144, 0.455087209302326
1.66877200360025, 15, 2, 7, 2, 0.010989010989011
1.66666666666666, 10, 1, 7, 4, 0.0549450549450549
1.66170093578839, 13, 2, 0, 276, 0.976369863013699
1.66170093578838, 13, 2, 0, 276, 0.976369863013699
1.65699527257423, 11, 3, 6, 17, 0.143251379829403
1.65499999999999, 9, 4, 3, 146, 0.568290734824281
1.65333333333334, 8, 1, 6, 27, 0.165454089312594
1.64666666666668, 12, 1, 6, 177, 0.475413948820873
1.64666666666666, 13, 1, 5, 158, 0.488372093023256
1.62040392769485, 10, 5, 0, 198, 0.48162100456621
1.6194675050769, 13, 3, 3, 162, 0.620607028753994
1.61, 14, 1, 1, 85, 0.391346688925988
1.61, 14, 1, 1, 85, 0.391346688925988
1.605, 9, 1, 7, 2, 0.010989010989011
1.605, 9, 1, 7, 2, 0.010989010989011
1.60210193565981, 11, 2, 4, 56, 0.302795031055901
1.60071428571428, 7, 4, 5, 141, 0.445494186046512
1.6, 9, 1, 6, 260, 0.656046161565479
1.59664711191922, 15, 2, 1, 163, 0.648998330550918
1.59099025766973, 9, 2, 5, 114, 0.392005813953488
1.59099025766973, 9, 2, 5, 114, 0.392005813953488
1.58857142857146, 10, 4, 0, 267, 0.881278538812785
1.58, 11, 4, 5, 102, 0.359156976744186
1.57, 9, 1, 5, 199, 0.598255813953488
1.566, 13, 4, 7, 4, 0.0549450549450549
1.565, 12, 1, 6, 260, 0.656046161565479
1.565, 12, 1, 6, 260, 0.656046161565479
1.56333333333333, 13, 1, 3, 36, 0.299121405750799
1.55846334573515, 12, 2, 6, 204, 0.519192172604114
1.555, 11, 1, 7, 6, 0.197802197802198
1.555, 11, 1, 7, 6, 0.197802197802198
1.545, 9, 1, 5, 195, 0.595639534883721
1.545, 11, 1, 3, 182, 0.738817891373802
1.545, 11, 1, 3, 182, 0.738817891373802
1.54499999999999, 9, 1, 5, 195, 0.595639534883721
1.53, 10, 1, 0, 240, 0.624429223744292
1.53, 10, 1, 0, 240, 0.624429223744292
1.52, 7, 1, 7, 6, 0.197802197802198
1.52, 7, 1, 7, 6, 0.197802197802198
1.51510034103108, 8, 12, 1, 174, 0.70937673900946
1.51333333333334, 12, 1, 7, 8, 0.259615384615385
1.5083275782579, 11, 3, 0, 120, 0.30365296803653
1.50142339871944, 13, 2, 6, 201, 0.516181635725038
1.5, 11, 1, 5, 278, 0.925872093023256
1.5, 11, 1, 5, 278, 0.925872093023256
1.49965625690986, 9, 5, 3, 105, 0.472044728434505
1.49389382152815, 14, 3, 6, 214, 0.532112393376819
1.48728126309571, 16, 2, 4, 26, 0.197204968944099
1.47224318643354, 10, 3, 5, 113, 0.391133720930233
1.46371103705615, 12, 2, 0, 81, 0.162671232876712
1.45192592403637, 14, 2, 7, 13, 0.993131868131868
1.44914917566597, 12, 3, 3, 118, 0.496006389776358
1.44721187882847, 12, 2, 5, 135, 0.432122093023256
1.44, 7, 1, 5, 108, 0.378197674418605
1.43778378841264, 16, 2, 5, 162, 0.497674418604651
1.435, 13, 1, 1, 167, 0.661797440178075
1.435, 13, 1, 1, 167, 0.661797440178075
1.43306974320473, 12, 2, 7, 10, 0.409340659340659
1.43189123190276, 10, 2, 6, 44, 0.232062217762168
1.43189123190275, 10, 2, 6, 44, 0.232062217762168
1.42884743762236, 11, 5, 3, 157, 0.596645367412141
1.42666666666667, 11, 1, 2, 153, 0.974262868565717
1.42599867539287, 9, 2, 5, 212, 0.648691860465116
1.425, 11, 1, 2, 97, 0.663668165917041
1.425, 13, 1, 7, 13, 0.993131868131868
1.425, 11, 1, 2, 97, 0.663668165917041
1.425, 13, 1, 7, 13, 0.993131868131868
1.41319496177987, 12, 5, 2, 58, 0.557471264367816
1.413, 12, 4, 7, 8, 0.259615384615385
1.39801243753774, 13, 3, 4, 23, 0.187888198757764
1.3977144041454, 10, 2, 0, 230, 0.565068493150685
1.38, 9, 1, 4, 90, 0.442546583850932
1.38, 9, 1, 4, 90, 0.442546583850932
1.37166666666667, 10, 4, 6, 65, 0.276342197691922
1.37, 10, 1, 7, 2, 0.010989010989011
1.37, 10, 1, 7, 2, 0.010989010989011
1.34114586165049, 8, 2, 6, 290, 0.756773707977923
1.34114586165049, 14, 2, 3, 44, 0.321485623003195
1.335, 7, 1, 0, 36, 0.106735159817352
1.335, 7, 1, 0, 36, 0.106735159817352
1.33, 15, 1, 5, 256, 0.799273255813954
1.32790561913615, 10, 3, 5, 127, 0.41671511627907
1.32, 13, 1, 7, 5, 0.112637362637363
1.32, 13, 1, 7, 5, 0.112637362637363
1.31757563561093, 9, 2, 7, 2, 0.010989010989011
1.31428571428571, 14, 1, 5, 223, 0.700872093023256
1.30365690783017, 15, 3, 1, 163, 0.648998330550918
1.30192485702261, 14, 3, 0, 97, 0.222146118721461
1.2987194547793, 14, 2, 5, 204, 0.615406976744186
1.29, 16, 1, 7, 12, 0.862637362637363
1.29, 16, 1, 7, 12, 0.862637362637363
1.28797515503988, 11, 5, 1, 154, 0.582081246521981
1.28598211496111, 13, 6, 1, 159, 0.590567612687813
1.27986327394765, 10, 2, 4, 62, 0.321428571428571
1.27500000000001, 10, 1, 7, 11, 0.615384615384615
1.27499999999999, 10, 1, 7, 11, 0.615384615384615
1.27247999329394, 12, 3, 6, 204, 0.519192172604114
1.27043518353183, 10, 2, 7, 10, 0.409340659340659
1.27, 11, 1, 1, 144, 0.528797996661102
1.265, 9, 1, 4, 39, 0.246894409937888
1.265, 9, 1, 4, 39, 0.246894409937888
1.256, 12, 1, 6, 127, 0.411063723030607
1.25393602530414, 12, 2, 6, 250, 0.629076768690416
1.25098940434997, 10, 6, 5, 157, 0.484593023255814
1.248, 9, 4, 1, 19, 0.144546466332777
1.24450793488833, 13, 2, 6, 149, 0.440667335674862
1.24450793488832, 13, 2, 6, 149, 0.440667335674862
1.24, 8, 1, 0, 180, 0.445433789954338
1.24, 12, 1, 7, 3, 0.0260989010989011
1.24, 12, 1, 7, 3, 0.0260989010989011
1.24, 9, 1, 3, 35, 0.297923322683706
1.23, 7, 1, 0, 267, 0.881278538812785
1.23, 7, 1, 0, 267, 0.881278538812785
1.22699999999999, 10, 4, 0, 264, 0.844748858447489
1.21243556529822, 13, 3, 1, 141, 0.524485253199777
1.21071428571428, 13, 4, 4, 23, 0.187888198757764
1.2, 14, 1, 5, 208, 0.640988372093023
1.18228253814391, 10, 2, 6, 265, 0.66783743100853
1.17851130197758, 10, 2, 7, 4, 0.0549450549450549
1.17779454914684, 10, 3, 2, 116, 0.730634682658671
1.17666666666667, 12, 1, 1, 146, 0.536310517529215
1.175, 9, 1, 3, 121, 0.50758785942492
1.175, 9, 1, 3, 121, 0.50758785942492
1.17, 13, 1, 6, 295, 0.776969392875063
1.16999999999999, 13, 1, 6, 295, 0.776969392875063
1.16908321156176, 8, 2, 6, 27, 0.165454089312594
1.16624754376304, 15, 3, 5, 215, 0.660610465116279
1.16624754376304, 15, 3, 5, 215, 0.660610465116279
1.16436916635385, 13, 2, 5, 158, 0.488372093023256
1.16436916635384, 12, 2, 6, 177, 0.475413948820873
1.15, 14, 1, 7, 7, 0.245879120879121
1.15, 14, 1, 7, 7, 0.245879120879121
1.13137084989848, 9, 2, 6, 260, 0.656046161565479
1.13000000000001, 12, 1, 7, 5, 0.112637362637363
1.13, 11, 1, 0, 257, 0.740296803652968
1.13, 12, 1, 7, 5, 0.112637362637363
1.13, 11, 1, 0, 257, 0.740296803652968
1.12, 10, 1, 5, 244, 0.754360465116279
1.12, 11, 1, 3, 133, 0.537939297124601
1.12, 11, 1, 3, 133, 0.537939297124601
1.12, 10, 1, 5, 244, 0.754360465116279
1.10544360125498, 13, 2, 3, 36, 0.299121405750799
1.10400000000001, 7, 4, 5, 123, 0.409302325581395
1.09552213578732, 6, 3, 6, 289, 0.753888610135474
1.08333333333334, 12, 1, 0, 187, 0.454337899543379
1.075, 10, 1, 6, 239, 0.587681886603111
1.075, 10, 1, 6, 239, 0.587681886603111
1.07242812501974, 11, 3, 0, 189, 0.460730593607306
1.07008826219563, 12, 2, 7, 8, 0.259615384615385
1.06521124665486, 11, 3, 4, 55, 0.299689440993789
1.0620743853422, 12, 2, 0, 96, 0.216095890410959
1.05943774396296, 11, 3, 2, 104, 0.689405297351324
1.05943774396296, 11, 3, 2, 104, 0.689405297351324
1.055, 13, 1, 3, 30, 0.289536741214057
1.055, 13, 1, 3, 30, 0.289536741214057
1.05299999999999, 12, 4, 1, 13, 0.111435726210351
1.02666666666667, 9, 1, 6, 204, 0.519192172604114
1.025, 12, 1, 3, 158, 0.604233226837061
1.025, 12, 1, 3, 158, 0.604233226837061
1.01823376490863, 7, 2, 5, 108, 0.378197674418605
1.01325823208989, 11, 5, 4, 56, 0.302795031055901
1.00880567449281, 11, 2, 2, 153, 0.974262868565717
1.00833333333333, 9, 4, 5, 212, 0.648691860465116
1.00786908303996, 9, 21, 4, 30, 0.211180124223602
1, 14, 1, 7, 7, 0.245879120879121
1, 14, 1, 7, 7, 0.245879120879121
0.9925, 10, 1, 3, 165, 0.630990415335463
0.98, 8, 1, 5, 253, 0.794331395348837
0.979999999999999, 8, 1, 5, 253, 0.794331395348837
0.976666666666659, 14, 1, 7, 9, 0.299450549450549
0.969999999999999, 11, 1, 7, 8, 0.259615384615385
0.969999999999999, 11, 1, 7, 8, 0.259615384615385
0.967548448399354, 10, 6, 5, 144, 0.455087209302326
0.965329650085056, 10, 3, 6, 265, 0.66783743100853
0.95459415460184, 12, 2, 4, 49, 0.277950310559006
0.954594154601835, 12, 2, 4, 49, 0.277950310559006
0.95333333333334, 10, 1, 7, 10, 0.409340659340659
0.953333333333333, 12, 1, 6, 190, 0.497365780230808
0.950999999999993, 10, 4, 7, 13, 0.993131868131868
0.948, 14, 4, 6, 177, 0.475413948820873
0.945000000000007, 12, 1, 7, 7, 0.245879120879121
0.945, 14, 1, 6, 48, 0.238710486703462
0.945, 14, 1, 6, 48, 0.238710486703462
0.944999999999993, 12, 1, 7, 7, 0.245879120879121
0.920000000000002, 11, 1, 5, 53, 0.197819767441861
0.919999999999995, 11, 1, 5, 53, 0.197819767441861
0.914999999999999, 12, 1, 7, 8, 0.259615384615385
0.914999999999999, 12, 1, 7, 8, 0.259615384615385
0.914999999999999, 12, 1, 6, 282, 0.729177119919719
0.914999999999999, 12, 1, 6, 282, 0.729177119919719
0.912315734819901, 10, 5, 2, 116, 0.730634682658671
0.906439922627713, 9, 3, 5, 199, 0.598255813953488
0.903333333333332, 11, 1, 6, 32, 0.184395383843452
0.900000000000006, 14, 1, 7, 7, 0.245879120879121
0.899999999999991, 14, 1, 7, 7, 0.245879120879121
0.898025612106913, 11, 2, 1, 144, 0.528797996661102
0.897500000000001, 13, 1, 2, 132, 0.83208395802099
0.87681240867132, 9, 2, 3, 35, 0.297923322683706
0.867180104322819, 12, 3, 0, 96, 0.216095890410959
0.848528137423859, 14, 2, 5, 208, 0.640988372093023
0.835000000000001, 14, 1, 6, 100, 0.361264425489212
0.835000000000001, 14, 1, 6, 100, 0.361264425489212
0.832028979196173, 12, 2, 1, 146, 0.536310517529215
0.829999999999998, 13, 1, 7, 10, 0.409340659340659
0.829999999999998, 13, 1, 7, 10, 0.409340659340659
0.824999999999999, 8, 1, 5, 245, 0.756831395348837
0.824999999999999, 8, 1, 5, 245, 0.756831395348837
0.823333333333334, 11, 1, 3, 36, 0.299121405750799
0.8125, 8, 1, 6, 284, 0.737706974410437
0.800000000000001, 14, 1, 3, 152, 0.585463258785943
0.790000000000003, 6, 1, 2, 95, 0.65992003998001
0.789999999999999, 9, 1, 5, 105, 0.365552325581395
0.786666666666669, 10, 1, 3, 55, 0.35982428115016
0.785000000000004, 14, 1, 7, 10, 0.409340659340659
0.785000000000004, 14, 1, 0, 230, 0.565068493150685
0.784999999999997, 14, 1, 7, 10, 0.409340659340659
0.784999999999997, 14, 1, 0, 230, 0.565068493150685
0.775, 11, 1, 6, 95, 0.351605619668841
0.774999999999999, 15, 1, 6, 209, 0.52646763672855
0.774999999999999, 15, 1, 6, 209, 0.52646763672855
0.774999999999999, 11, 1, 6, 95, 0.351605619668841
0.770000000000003, 16, 1, 7, 8, 0.259615384615385
0.769999999999996, 16, 1, 7, 8, 0.259615384615385
0.767999999999994, 11, 1, 0, 146, 0.364041095890411
0.767875858022205, 15, 3, 5, 256, 0.799273255813954
0.766032346285428, 12, 2, 0, 187, 0.454337899543379
0.76367532368148, 15, 2, 7, 7, 0.245879120879121
0.760263112349968, 14, 5, 3, 19, 0.244808306709265
0.759999999999998, 17, 1, 7, 8, 0.259615384615385
0.759999999999998, 17, 1, 7, 8, 0.259615384615385
0.756666666666669, 13, 1, 5, 276, 0.922674418604651
0.755000000000003, 13, 1, 3, 19, 0.244808306709265
0.754999999999995, 13, 1, 3, 19, 0.244808306709265
0.75, 9, 1, 5, 104, 0.3625
0.74553492301071, 13, 7, 6, 265, 0.66783743100853
0.745000000000005, 9, 1, 6, 256, 0.645634721525339
0.744999999999997, 9, 1, 6, 256, 0.645634721525339
0.734999999999999, 7, 1, 7, 6, 0.197802197802198
0.734999999999999, 7, 1, 7, 6, 0.197802197802198
0.725962962018187, 9, 2, 6, 204, 0.519192172604114
0.715914333795137, 8, 3, 0, 180, 0.445433789954338
0.709463803790501, 13, 2, 3, 121, 0.50758785942492
0.707500000000003, 14, 1, 0, 244, 0.638584474885845
0.70000000000001, 11, 1, 6, 264, 0.662819869543402
0.692964645562819, 10, 2, 1, 15, 0.121591541457986
0.692964645562814, 10, 2, 1, 15, 0.121591541457986
0.690607622958866, 14, 2, 7, 9, 0.299450549450549
0.686666666666667, 10, 1, 0, 75, 0.148858447488584
0.685000000000002, 13, 1, 7, 10, 0.409340659340659
0.684999999999995, 13, 1, 7, 10, 0.409340659340659
0.674108464731175, 12, 2, 6, 190, 0.497365780230808
0.674108464731175, 10, 2, 7, 10, 0.409340659340659
0.664000000000001, 8, 9, 4, 9, 0.108695652173913
0.659999999999997, 8, 1, 6, 250, 0.629076768690416
0.655000000000001, 12, 1, 3, 118, 0.496006389776358
0.654073772597555, 11, 2, 7, 4, 0.0549450549450549
0.654073772597555, 11, 2, 7, 4, 0.0549450549450549
0.649999999999999, 10, 1, 3, 35, 0.297923322683706
0.649999999999999, 10, 1, 3, 35, 0.297923322683706
0.640000000000001, 15, 1, 7, 10, 0.409340659340659
0.640000000000001, 15, 1, 7, 10, 0.409340659340659
0.639999999999993, 12, 1, 4, 45, 0.265527950310559
0.63875312567185, 11, 2, 6, 32, 0.184395383843452
0.634999999999998, 11, 1, 7, 13, 0.993131868131868
0.634999999999998, 11, 1, 7, 13, 0.993131868131868
0.628, 12, 4, 6, 127, 0.411063723030607
0.623538290724795, 15, 3, 7, 7, 0.245879120879121
0.615000000000002, 12, 1, 3, 67, 0.386182108626198
0.614999999999995, 12, 1, 3, 67, 0.386182108626198
0.590000000000003, 12, 1, 7, 13, 0.993131868131868
0.589999999999996, 12, 1, 7, 13, 0.993131868131868
0.583333333333336, 14, 1, 6, 101, 0.364149523331661
0.582184583176922, 11, 2, 3, 36, 0.299121405750799
0.580000000000002, 13, 1, 1, 103, 0.439343350027824
0.579999999999998, 13, 1, 1, 103, 0.439343350027824
0.573020142170705, 10, 3, 3, 165, 0.630990415335463
0.565685424949239, 10, 2, 2, 140, 0.884307846076962
0.565685424949236, 10, 2, 2, 140, 0.884307846076962
0.565685424949236, 14, 2, 3, 152, 0.585463258785943
0.562856997824491, 11, 2, 2, 114, 0.71664167916042
0.558614357137377, 6, 2, 2, 95, 0.65992003998001
0.558614357137372, 9, 2, 5, 105, 0.365552325581395
0.556257334533414, 10, 2, 3, 55, 0.35982428115016
0.544472221513644, 14, 2, 5, 213, 0.653488372093023
0.544472221513639, 14, 2, 5, 213, 0.653488372093023
0.540000000000003, 16, 1, 5, 274, 0.904941860465116
0.539999999999999, 16, 1, 5, 274, 0.904941860465116
0.539999999999999, 16, 1, 6, 263, 0.659809332664325
0.539999999999999, 10, 1, 7, 10, 0.409340659340659
0.539999999999999, 10, 1, 7, 10, 0.409340659340659
0.536554896038227, 14, 6, 5, 223, 0.700872093023256
0.535044131097819, 13, 2, 5, 276, 0.922674418604651
0.524000000000001, 13, 1, 4, 20, 0.178571428571429
0.519723484172112, 11, 2, 1, 29, 0.263912075681692
0.519723484172112, 11, 2, 1, 29, 0.263912075681692
0.518171866597686, 13, 3, 2, 132, 0.83208395802099
0.506666666666668, 13, 1, 0, 186, 0.451826484018265
0.504999999999999, 15, 1, 1, 157, 0.585559265442404
0.504999999999999, 15, 1, 1, 157, 0.585559265442404
0.501666666666679, 13, 4, 3, 121, 0.50758785942492
0.495000000000005, 15, 1, 4, 36, 0.234472049689441
0.494999999999997, 15, 1, 4, 36, 0.234472049689441
0.494974746830575, 11, 2, 6, 264, 0.662819869543402
0.490000000000002, 13, 1, 3, 121, 0.50758785942492
0.485546656414763, 10, 2, 0, 75, 0.148858447488584
0.476118565998944, 11, 2, 3, 123, 0.511980830670927
0.469963119120357, 9, 3, 7, 3, 0.0260989010989011
0.469097093716569, 8, 3, 6, 284, 0.737706974410437
0.467500000000001, 15, 1, 0, 56, 0.124429223744292
0.466690475583124, 8, 2, 6, 250, 0.629076768690416
0.459570814274938, 11, 3, 2, 114, 0.71664167916042
0.453333333333333, 8, 1, 7, 13, 0.993131868131868
0.439999999999998, 9, 1, 4, 38, 0.243788819875776
0.433999999999998, 9, 1, 5, 154, 0.481104651162791
0.433012701892219, 9, 3, 5, 104, 0.3625
0.412478955692149, 14, 2, 6, 101, 0.364149523331661
0.408475315451658, 14, 3, 0, 244, 0.638584474885845
0.405000000000001, 14, 1, 6, 113, 0.388986452584044
0.405000000000001, 14, 1, 6, 113, 0.388986452584044
0.400000000000002, 8, 1, 6, 279, 0.718013045659809
0.399999999999999, 8, 1, 6, 279, 0.718013045659809
0.395000000000003, 10, 1, 7, 5, 0.112637362637363
0.395000000000003, 10, 1, 7, 5, 0.112637362637363
0.393333333333331, 8, 1, 7, 11, 0.615384615384615
0.390000000000001, 11, 1, 4, 39, 0.246894409937888
0.390000000000001, 13, 1, 7, 12, 0.862637362637363
0.390000000000001, 13, 1, 7, 12, 0.862637362637363
0.384, 11, 4, 0, 146, 0.364041095890411
0.38183766184073, 16, 2, 6, 263, 0.659809332664325
0.378164426319203, 12, 3, 3, 118, 0.496006389776358
0.369504172281357, 12, 3, 4, 45, 0.265527950310559
0.365000000000002, 9, 1, 3, 143, 0.559904153354633
0.364999999999998, 9, 1, 3, 143, 0.559904153354633
0.358267435801182, 13, 2, 0, 186, 0.451826484018265
0.355000000000004, 12, 1, 2, 121, 0.755622188905547
0.354999999999997, 12, 1, 2, 121, 0.755622188905547
0.345000000000001, 10, 1, 6, 242, 0.591445057701957
0.344999999999999, 10, 1, 6, 242, 0.591445057701957
0.344999999999999, 11, 1, 0, 229, 0.555936073059361
0.344999999999999, 11, 1, 0, 229, 0.555936073059361
0.342946788875475, 11, 2, 7, 5, 0.112637362637363
0.342946788875475, 11, 2, 7, 5, 0.112637362637363
0.340000000000003, 8, 1, 6, 284, 0.737706974410437
0.340000000000003, 12, 1, 1, 22, 0.210628825820812
0.340000000000003, 11, 1, 5, 212, 0.648691860465116
0.339999999999996, 12, 1, 1, 22, 0.210628825820812
0.339999999999996, 11, 1, 5, 212, 0.648691860465116
0.336666666666666, 11, 4, 3, 123, 0.511980830670927
0.329999999999998, 10, 1, 5, 146, 0.459593023255814
0.329999999999998, 10, 1, 5, 146, 0.459593023255814
0.326666666666668, 15, 1, 6, 100, 0.361264425489212
0.325000000000003, 13, 1, 6, 113, 0.388986452584044
0.324999999999999, 13, 1, 6, 113, 0.388986452584044
0.320555074137901, 8, 2, 7, 13, 0.993131868131868
0.311126983722079, 9, 2, 4, 38, 0.243788819875776
0.307663081029507, 9, 7, 7, 3, 0.0260989010989011
0.295000000000002, 11, 1, 6, 206, 0.522202709483191
0.295000000000002, 11, 1, 6, 206, 0.522202709483191
0.293333333333329, 13, 1, 6, 134, 0.41783743100853
0.283333333333333, 13, 1, 5, 146, 0.459593023255814
0.282901631902918, 13, 3, 3, 121, 0.50758785942492
0.278128667266707, 8, 2, 7, 11, 0.615384615384615
0.276666666666667, 9, 1, 3, 60, 0.369408945686901
0.275771644662754, 11, 2, 4, 39, 0.246894409937888
0.273333333333333, 12, 1, 4, 22, 0.184782608695652
0.269911250846151, 15, 3, 0, 56, 0.124429223744292
0.261999999999993, 13, 4, 4, 20, 0.178571428571429
0.245000000000005, 17, 1, 7, 12, 0.862637362637363
0.245, 10, 1, 5, 260, 0.817151162790698
0.245, 10, 1, 5, 260, 0.817151162790698
0.244999999999997, 17, 1, 7, 12, 0.862637362637363
0.240416305603419, 8, 2, 6, 284, 0.737706974410437
0.230988215187606, 15, 2, 6, 100, 0.361264425489212
0.226666666666667, 12, 1, 0, 228, 0.544748858447489
0.225000000000001, 10, 1, 2, 35, 0.479510244877561
0.224999999999998, 10, 1, 2, 35, 0.479510244877561
0.217000000000013, 9, 4, 5, 154, 0.481104651162791
0.207417989148066, 13, 2, 6, 134, 0.41783743100853
0.200346921336187, 13, 2, 5, 146, 0.459593023255814
0.200000000000003, 14, 1, 7, 7, 0.245879120879121
0.200000000000003, 14, 1, 7, 7, 0.245879120879121
0.195632876128276, 9, 2, 3, 60, 0.369408945686901
0.195, 12, 1, 7, 11, 0.615384615384615
0.195, 12, 1, 7, 11, 0.615384615384615
0.193275853524328, 12, 2, 4, 22, 0.184782608695652
0.190000000000001, 12, 1, 0, 182, 0.447260273972603
0.189999999999998, 12, 1, 0, 182, 0.447260273972603
0.185000000000002, 12, 1, 6, 294, 0.774460612142499
0.185000000000002, 14, 1, 7, 8, 0.259615384615385
0.185000000000002, 14, 1, 7, 8, 0.259615384615385
0.184999999999999, 12, 1, 6, 294, 0.774460612142499
0.175, 11, 1, 4, 66, 0.333850931677019
0.175, 11, 1, 4, 66, 0.333850931677019
0.160277537068946, 12, 2, 0, 228, 0.544748858447489
0.150000000000006, 10, 1, 6, 208, 0.524711490215755
0.150000000000006, 12, 1, 7, 10, 0.409340659340659
0.15, 12, 1, 3, 143, 0.559904153354633
0.15, 12, 1, 3, 143, 0.559904153354633
0.149999999999999, 10, 1, 6, 208, 0.524711490215755
0.149999999999999, 12, 1, 7, 10, 0.409340659340659
0.145000000000003, 16, 1, 5, 166, 0.505232558139535
0.145000000000003, 16, 1, 5, 166, 0.505232558139535
0.140000000000001, 14, 1, 3, 152, 0.585463258785943
0.136666666666667, 11, 1, 6, 260, 0.656046161565479
0.130000000000003, 12, 1, 3, 142, 0.558306709265176
0.129999999999999, 12, 1, 3, 142, 0.558306709265176
0.126666666666665, 9, 1, 4, 67, 0.33695652173913
0.126666666666665, 12, 1, 3, 161, 0.615415335463259
0.126666666666665, 16, 1, 5, 270, 0.875
0.125865007051204, 12, 2, 6, 242, 0.591445057701957
0.120000000000005, 13, 1, 6, 175, 0.473406924234822
0.119999999999997, 13, 1, 6, 175, 0.473406924234822
0.115000000000002, 12, 1, 1, 160, 0.593350027824151
0.114999999999998, 12, 1, 1, 160, 0.593350027824151
0.109999999999999, 9, 1, 6, 276, 0.7019568489714
0.109999999999999, 9, 1, 6, 276, 0.7019568489714
0.105, 9, 1, 6, 299, 0.874435524335173
0.105, 9, 1, 6, 299, 0.874435524335173
0.104999999999997, 13, 1, 5, 200, 0.599563953488372
0.104999999999997, 13, 1, 5, 200, 0.599563953488372
0.102768347915756, 12, 3, 6, 242, 0.591445057701957
0.100000000000001, 10, 1, 6, 158, 0.456472654290015
0.100000000000001, 9, 1, 7, 13, 0.993131868131868
0.100000000000001, 9, 1, 7, 13, 0.993131868131868
0.100000000000001, 9, 1, 7, 11, 0.615384615384615
0.0999999999999979, 10, 1, 6, 158, 0.456472654290015
0.0999999999999943, 9, 1, 7, 11, 0.615384615384615
0.0989949493661171, 14, 2, 3, 152, 0.585463258785943
0.0966379267621615, 11, 2, 6, 260, 0.656046161565479
0.095000000000006, 7, 1, 5, 200, 0.599563953488372
0.0950000000000024, 14, 1, 5, 249, 0.774709302325581
0.0949999999999989, 7, 1, 5, 200, 0.599563953488372
0.0949999999999989, 14, 1, 5, 249, 0.774709302325581
0.0949999999999989, 15, 1, 6, 217, 0.538133467134972
0.0949999999999989, 15, 1, 6, 217, 0.538133467134972
0.0900000000000034, 10, 1, 2, 132, 0.83208395802099
0.0899999999999963, 10, 1, 2, 132, 0.83208395802099
0.0895668589502949, 9, 2, 4, 67, 0.33695652173913
0.0895668589502949, 12, 2, 3, 161, 0.615415335463259
0.0895668589502949, 16, 2, 5, 270, 0.875
0.0850000000000009, 12, 1, 6, 157, 0.45471650777722
0.0850000000000009, 12, 1, 6, 157, 0.45471650777722
0.0800000000000018, 10, 1, 5, 223, 0.700872093023256
0.0799999999999983, 10, 1, 5, 223, 0.700872093023256
0.0650000000000119, 13, 1, 7, 8, 0.259615384615385
0.0649999999999977, 13, 1, 7, 8, 0.259615384615385
0.0600000000000023, 17, 1, 3, 173, 0.651357827476038
0.0600000000000005, 8, 1, 3, 143, 0.559904153354633
0.0599999999999987, 8, 1, 3, 143, 0.559904153354633
0.0599999999999952, 17, 1, 3, 173, 0.651357827476038
0.0500000000000043, 11, 1, 7, 6, 0.197802197802198
0.0500000000000007, 11, 1, 5, 257, 0.803633720930233
0.0500000000000007, 11, 1, 5, 167, 0.509593023255814
0.0500000000000007, 11, 1, 5, 167, 0.509593023255814
0.0499999999999989, 11, 1, 5, 257, 0.803633720930233
0.0499999999999972, 11, 1, 7, 6, 0.197802197802198
0.0450000000000017, 10, 1, 6, 183, 0.480556949322629
0.0449999999999982, 10, 1, 6, 183, 0.480556949322629
0.0300000000000011, 15, 1, 6, 182, 0.480306071249373
0.0300000000000011, 11, 1, 6, 215, 0.533241344706473
0.0300000000000011, 10, 1, 6, 183, 0.480556949322629
0.0300000000000011, 10, 1, 6, 183, 0.480556949322629
0.0299999999999994, 15, 1, 6, 182, 0.480306071249373
0.0299999999999994, 11, 1, 6, 215, 0.533241344706473
0.0199999999999996, 14, 1, 3, 121, 0.50758785942492
0.0199999999999996, 14, 1, 3, 121, 0.50758785942492
0.0150000000000006, 14, 1, 7, 2, 0.010989010989011
0.0150000000000006, 12, 1, 5, 157, 0.484593023255814
0.0150000000000006, 12, 1, 5, 157, 0.484593023255814
0.0149999999999988, 14, 1, 7, 2, 0.010989010989011
0.0100000000000016, 11, 1, 6, 120, 0.40178123432012
0.00999999999999801, 11, 1, 6, 120, 0.40178123432012
0.00999999999999801, 16, 1, 3, 123, 0.511980830670927
0.00999999999999801, 16, 1, 3, 123, 0.511980830670927
0.00666666666666771, 11, 1, 6, 86, 0.331033617661816
0.00500000000000256, 11, 1, 6, 45, 0.23607626693427
0.00500000000000256, 8, 1, 3, 30, 0.289536741214057
0.00500000000000256, 10, 1, 6, 97, 0.355745107877572
0.00500000000000256, 10, 1, 6, 97, 0.355745107877572
0.00500000000000256, 11, 1, 6, 166, 0.466256899147015
0.00500000000000256, 11, 1, 6, 166, 0.466256899147015
0.00500000000000256, 11, 1, 6, 241, 0.590190667335675
0.00500000000000256, 13, 1, 3, 151, 0.58426517571885
0.00500000000000256, 10, 1, 6, 227, 0.55920722528851
0.00500000000000256, 15, 1, 5, 205, 0.616569767441861
0.00500000000000256, 15, 1, 5, 205, 0.616569767441861
0.00500000000000078, 14, 1, 5, 273, 0.90203488372093
0.00499999999999901, 8, 1, 3, 30, 0.289536741214057
0.00499999999999901, 14, 1, 5, 273, 0.90203488372093
0.00499999999999901, 12, 1, 4, 35, 0.231366459627329
0.00499999999999901, 12, 1, 4, 35, 0.231366459627329
0.00499999999999901, 13, 1, 3, 147, 0.569888178913738
0.00499999999999901, 13, 1, 3, 147, 0.569888178913738
0.00499999999999901, 9, 1, 6, 82, 0.317360762669343
0.00499999999999901, 9, 1, 6, 82, 0.317360762669343
0.00499999999999545, 11, 1, 6, 45, 0.23607626693427
0.00499999999999545, 11, 1, 6, 241, 0.590190667335675
0.00499999999999545, 13, 1, 3, 151, 0.58426517571885
0.00499999999999545, 10, 1, 6, 227, 0.55920722528851
0.00471404520791105, 11, 2, 6, 86, 0.331033617661816
