norm, level, Npoints, dimSplit, MainGridIndexSplit
920.853271103477, 0, 659, -1, -1, -1
144.272513895359, 2, 106, 7, 4, 0.0549450549450549
119.842381701456, 3, 113, 0, 155, 0.392694063926941
110.087937175311, 2, 107, 7, 4, 0.0549450549450549
108.445144052494, 3, 138, 0, 155, 0.392694063926941
103.129220914764, 3, 22, 0, 262, 0.795776255707763
93.7561297047946, 2, 251, 7, 4, 0.0549450549450549
89.1730205278321, 4, 19, 0, 70, 0.14337899543379
88.7659566298514, 1, 302, 1, 4, 0.0447968836950473
81.6424071960362, 1, 357, 1, 4, 0.0447968836950473
81.5481883190144, 2, 195, 7, 4, 0.0549450549450549
58.9497262946284, 3, 47, 3, 121, 0.50758785942492
52.6144113820898, 3, 59, 3, 121, 0.50758785942492
52.207584687924, 4, 47, 6, 108, 0.378198695434019
50.7475324675323, 5, 49, 3, 88, 0.434904153354633
47.5552798520443, 4, 6, 5, 69, 0.246947674418605
44.056557873649, 4, 66, 6, 108, 0.378198695434019
43.7751156553125, 4, 59, 0, 70, 0.14337899543379
40.2725924621325, 4, 21, 5, 194, 0.595058139534884
39.2104851956556, 5, 33, 3, 115, 0.488418530351438
37.9266203082909, 6, 3, 1, 176, 0.726488592097941
37.8302979987935, 4, 79, 0, 70, 0.14337899543379
36.7764687067128, 3, 173, 0, 262, 0.795776255707763
36.2585066121633, 6, 13, 3, 27, 0.280351437699681
36.2051515151515, 5, 1, 5, 280, 0.940988372093023
34.684894771836, 6, 3, 3, 190, 0.821884984025559
34.6671644459163, 5, 105, 3, 88, 0.434904153354633
33.2108713624992, 5, 46, 3, 115, 0.488418530351438
31.322031187877, 4, 154, 0, 70, 0.14337899543379
30.3891588785047, 3, 1, 3, 14, 0.193690095846645
30.3815019553037, 5, 11, 0, 259, 0.765981735159817
29.938320706712, 4, 38, 5, 194, 0.595058139534884
29.8798369019511, 5, 2, 5, 36, 0.144476744186047
29.7094155435974, 4, 5, 3, 162, 0.620607028753994
29.6011442060601, 7, 41, 0, 182, 0.447260273972603
27.0245522894697, 5, 24, 6, 187, 0.490842950326141
26.5710892972025, 5, 5, 1, 18, 0.139259877573734
24.7450978201185, 6, 7, 7, 2, 0.010989010989011
24.667411096988, 8, 17, 4, 14, 0.141304347826087
24.5884012344925, 5, 19, 0, 230, 0.565068493150685
24.2763052652921, 6, 29, 3, 27, 0.280351437699681
24.2680851172105, 7, 61, 0, 182, 0.447260273972603
23.7736198437661, 5, 2, 3, 190, 0.821884984025559
22.9464721486322, 6, 2, 3, 6, 0.148562300319489
22.9406960458083, 6, 8, 5, 184, 0.57296511627907
21.823125, 6, 9, 7, 2, 0.010989010989011
21.5939246130458, 7, 2, 0, 246, 0.643264840182648
21.4676943457816, 6, 19, 7, 5, 0.112637362637363
21.3737801156925, 4, 33, 3, 88, 0.434904153354633
21.2663172646324, 7, 10, 4, 48, 0.274844720496894
20.7607200158864, 8, 24, 4, 14, 0.141304347826087
20.4286413287995, 5, 42, 6, 187, 0.490842950326141
20.2174951740099, 6, 10, 3, 81, 0.423722044728435
20.1963541666667, 6, 9, 0, 133, 0.341552511415525
19.5712053459718, 7, 11, 7, 5, 0.112637362637363
19.5490909090909, 6, 1, 4, 10, 0.116459627329193
19.4677564102564, 6, 16, 6, 95, 0.351605619668841
19.2520654762776, 8, 3, 0, 150, 0.373287671232877
19.2177913913399, 7, 8, 7, 6, 0.197802197802198
19.0651951646624, 8, 6, 7, 2, 0.010989010989011
18.8737819478734, 6, 7, 7, 2, 0.010989010989011
18.8625806451613, 7, 1, 1, 132, 0.49819143016138
18.6015199111705, 6, 8, 3, 25, 0.270367412140575
18.2376836158192, 5, 9, 3, 83, 0.425319488817891
18.1920834101241, 4, 41, 5, 69, 0.246947674418605
17.8611244556715, 8, 8, 7, 2, 0.010989010989011
17.6548064104053, 6, 8, 7, 2, 0.010989010989011
17.3454063060476, 7, 3, 7, 2, 0.010989010989011
17.1938888888889, 7, 4, 7, 3, 0.0260989010989011
17.0869020662677, 6, 14, 3, 81, 0.423722044728435
17.0844725896102, 6, 30, 7, 5, 0.112637362637363
16.9877000861065, 8, 5, 0, 228, 0.544748858447489
16.7940070921987, 5, 36, 0, 259, 0.765981735159817
16.7646666666667, 9, 1, 5, 263, 0.828779069767442
16.7078544343234, 7, 11, 4, 22, 0.184782608695652
16.5109433407059, 8, 8, 7, 2, 0.010989010989011
16.5025, 8, 1, 0, 104, 0.252397260273973
16.4800197676463, 5, 15, 1, 28, 0.262242626599889
16.3667254309875, 7, 3, 1, 129, 0.489844184752365
16.2372312835619, 6, 23, 6, 95, 0.351605619668841
16.1121927884932, 4, 17, 3, 162, 0.620607028753994
15.9754753749862, 8, 10, 7, 2, 0.010989010989011
15.7898275862069, 9, 4, 3, 31, 0.29073482428115
15.4407235227684, 10, 3, 5, 243, 0.75203488372093
15.3786817412535, 7, 5, 7, 3, 0.0260989010989011
15.2995149989145, 7, 18, 7, 5, 0.112637362637363
15.2888888888889, 9, 4, 7, 6, 0.197802197802198
15.139156185204, 5, 2, 2, 77, 0.612193903048476
15.048031986498, 9, 6, 5, 272, 0.891860465116279
15.0375571486861, 7, 20, 4, 48, 0.274844720496894
15.0069230769231, 7, 4, 4, 40, 0.25
14.8536904761905, 5, 16, 1, 18, 0.139259877573734
14.8068421052632, 6, 1, 5, 114, 0.392005813953488
14.7110975609756, 8, 16, 0, 54, 0.121917808219178
14.5851268929456, 5, 54, 0, 230, 0.565068493150685
14.3706653845061, 4, 73, 3, 88, 0.434904153354633
14.32875, 9, 1, 6, 262, 0.658805820371299
14.0385652775454, 8, 2, 5, 280, 0.940988372093023
13.686625192996, 7, 10, 6, 9, 0.091570496738585
13.5846294123061, 6, 15, 3, 25, 0.270367412140575
13.4324575451583, 8, 2, 2, 149, 0.942028985507246
13.4238614249237, 6, 5, 3, 120, 0.502396166134185
13.3325714285714, 9, 1, 3, 184, 0.76038338658147
13.3088165826924, 5, 23, 1, 28, 0.262242626599889
13.26, 7, 4, 1, 75, 0.372426265998887
13.1011173069841, 6, 2, 4, 67, 0.33695652173913
12.93, 9, 1, 0, 198, 0.48162100456621
12.8054, 6, 1, 6, 298, 0.852609131961867
12.7154248062397, 6, 7, 5, 269, 0.866279069767442
12.633692865455, 6, 23, 0, 133, 0.341552511415525
12.576399179675, 8, 2, 7, 2, 0.010989010989011
12.5496895579823, 10, 8, 7, 3, 0.0260989010989011
12.2213636363636, 8, 4, 0, 253, 0.682420091324201
12.1833333333333, 9, 1, 6, 279, 0.718013045659809
11.922652221136, 8, 2, 6, 160, 0.460737581535374
11.879393923934, 8, 2, 0, 236, 0.598858447488585
11.8319607843137, 10, 9, 7, 3, 0.0260989010989011
11.7810820399838, 8, 26, 0, 216, 0.510958904109589
11.7688780487805, 8, 25, 0, 54, 0.121917808219178
11.69236873365, 9, 11, 0, 30, 0.101027397260274
11.6743329573899, 7, 2, 4, 70, 0.346273291925466
11.62875, 9, 1, 5, 222, 0.695639534883721
11.4592857142857, 10, 4, 0, 160, 0.399657534246575
11.4353062844431, 6, 33, 1, 176, 0.726488592097941
11.4158461451562, 8, 8, 6, 279, 0.718013045659809
11.3333333333333, 7, 1, 0, 213, 0.504794520547945
11.2399673632324, 7, 2, 2, 69, 0.591954022988506
11.2371428571429, 10, 1, 5, 256, 0.799273255813954
11.2288, 10, 4, 1, 18, 0.139259877573734
11.2246130445553, 14, 2, 7, 5, 0.112637362637363
11.1897568396944, 9, 8, 0, 125, 0.310616438356164
11.1207693629753, 10, 2, 3, 59, 0.368610223642173
11.0252236776792, 9, 7, 7, 2, 0.010989010989011
10.9105737905159, 5, 15, 5, 36, 0.144476744186047
10.8267446631017, 7, 6, 1, 75, 0.372426265998887
10.7846666666667, 9, 1, 5, 272, 0.891860465116279
10.7145368808655, 7, 7, 1, 129, 0.489844184752365
10.705, 5, 4, 2, 77, 0.612193903048476
10.6643684985787, 7, 27, 4, 22, 0.184782608695652
10.5842105263158, 8, 1, 1, 2, 0.0342237061769616
10.5498039215686, 9, 9, 0, 125, 0.310616438356164
10.5316666666667, 11, 4, 4, 31, 0.21583850931677
10.5259132377012, 6, 38, 5, 184, 0.57296511627907
10.51875, 12, 1, 0, 90, 0.196575342465753
10.483, 7, 1, 0, 264, 0.844748858447489
10.3829229035389, 8, 3, 0, 5, 0.069634703196347
10.3641771523703, 9, 14, 0, 30, 0.101027397260274
10.3305555555556, 7, 1, 7, 1, 0.00274725274725275
10.2266666666667, 10, 4, 4, 57, 0.305900621118012
10.2106432004993, 8, 10, 6, 279, 0.718013045659809
10.1540157360152, 8, 35, 0, 216, 0.510958904109589
10.0603284406292, 10, 3, 4, 26, 0.197204968944099
10.0046153846154, 7, 9, 4, 40, 0.25
9.856, 5, 1, 7, 11, 0.615384615384615
9.53387615569712, 9, 3, 6, 291, 0.762418464626192
9.49210344327208, 6, 10, 3, 120, 0.502396166134185
9.47857142857141, 9, 1, 6, 290, 0.756773707977923
9.4272625931391, 7, 5, 1, 79, 0.380217028380634
9.27428571428571, 13, 4, 0, 250, 0.660844748858447
9.24269230769232, 9, 9, 5, 63, 0.229069767441861
9.24013040050948, 7, 18, 2, 34, 0.478010994502749
9.23848253254467, 8, 7, 0, 253, 0.682420091324201
9.16485817311613, 14, 3, 7, 5, 0.112637362637363
9.14700873995913, 10, 5, 4, 57, 0.305900621118012
9.10188405797102, 7, 9, 7, 2, 0.010989010989011
9.05333333333333, 7, 1, 1, 57, 0.32943795214246
9.02975359575221, 8, 2, 7, 3, 0.0260989010989011
9.02975359575221, 8, 2, 7, 3, 0.0260989010989011
9.02469339894848, 7, 23, 6, 9, 0.091570496738585
8.97857142857142, 13, 1, 3, 93, 0.448482428115016
8.95866666666668, 8, 1, 6, 109, 0.380832915203211
8.95330407998914, 8, 18, 0, 228, 0.544748858447489
8.7, 12, 1, 7, 8, 0.259615384615385
8.7, 12, 1, 7, 8, 0.259615384615385
8.6879853181787, 9, 18, 5, 272, 0.891860465116279
8.60136363636363, 10, 4, 2, 62, 0.563718140929535
8.56334167123041, 11, 3, 1, 139, 0.519894268224819
8.54125000000001, 12, 1, 1, 95, 0.411519198664441
8.48900012453481, 7, 41, 7, 6, 0.197802197802198
8.48416220574156, 11, 3, 7, 5, 0.112637362637363
8.48416220574154, 11, 3, 7, 5, 0.112637362637363
8.48056732903065, 8, 2, 6, 209, 0.52646763672855
8.45359312762839, 10, 10, 7, 6, 0.197802197802198
8.40000000000001, 6, 1, 7, 2, 0.010989010989011
8.4, 6, 1, 7, 2, 0.010989010989011
8.39999999999998, 8, 4, 0, 236, 0.598858447488585
8.39347928532019, 10, 7, 7, 6, 0.197802197802198
8.356875, 10, 1, 5, 263, 0.828779069767442
8.33246366635956, 7, 13, 7, 2, 0.010989010989011
8.26380952380953, 11, 1, 5, 248, 0.770058139534884
8.21250000000001, 12, 1, 6, 8, 0.0815353738083291
8.17886843572441, 11, 2, 0, 229, 0.555936073059361
8.17225486381102, 9, 14, 7, 6, 0.197802197802198
8.12151421902817, 8, 2, 7, 10, 0.409340659340659
8.04257749807238, 8, 5, 0, 5, 0.069634703196347
8.01387685344753, 7, 2, 0, 213, 0.504794520547945
8.0125, 11, 1, 0, 183, 0.447602739726027
8.00333333333334, 11, 1, 7, 5, 0.112637362637363
7.99341447693037, 10, 3, 5, 154, 0.481104651162791
7.99341447693036, 10, 3, 5, 154, 0.481104651162791
7.95401323424925, 8, 5, 7, 2, 0.010989010989011
7.8775, 11, 1, 4, 53, 0.293478260869565
7.79269690158675, 10, 5, 4, 26, 0.197204968944099
7.73759385472832, 5, 50, 3, 83, 0.425319488817891
7.71030639687736, 13, 5, 7, 5, 0.112637362637363
7.7, 14, 1, 7, 8, 0.259615384615385
7.7, 14, 1, 7, 8, 0.259615384615385
7.6625, 7, 1, 1, 54, 0.32582081246522
7.6349595942835, 8, 3, 5, 108, 0.378197674418605
7.495, 7, 1, 7, 8, 0.259615384615385
7.495, 7, 1, 7, 8, 0.259615384615385
7.45136363636364, 12, 4, 5, 164, 0.501889534883721
7.4470129171963, 11, 8, 4, 31, 0.21583850931677
7.42559139784946, 11, 9, 3, 157, 0.596645367412141
7.41429164454526, 10, 13, 7, 6, 0.197802197802198
7.41205041523766, 10, 2, 5, 88, 0.321511627906977
7.41, 13, 1, 4, 6, 0.0854037267080745
7.40665503762273, 7, 17, 0, 246, 0.643264840182648
7.40482221258553, 12, 2, 3, 98, 0.4564696485623
7.39, 12, 1, 6, 282, 0.729177119919719
7.37158819386976, 9, 2, 1, 159, 0.590567612687813
7.29774251122868, 7, 14, 7, 2, 0.010989010989011
7.27973137229749, 7, 29, 2, 34, 0.478010994502749
7.25508771929825, 5, 9, 3, 118, 0.496006389776358
7.24748864315446, 10, 10, 0, 160, 0.399657534246575
7.23935922578787, 11, 2, 3, 156, 0.591453674121406
7.23222222222225, 9, 4, 1, 42, 0.292292710072343
7.11490843229905, 11, 2, 2, 52, 0.53448275862069
7.10877953875433, 7, 5, 2, 69, 0.591954022988506
7.09, 8, 1, 7, 3, 0.0260989010989011
7.09, 8, 1, 7, 3, 0.0260989010989011
7.08803837461395, 7, 2, 0, 270, 0.914497716894977
7.02666666666666, 7, 9, 1, 79, 0.380217028380634
7.02248860156925, 10, 10, 7, 6, 0.197802197802198
7.00284176380984, 6, 7, 4, 67, 0.33695652173913
6.97442988510332, 10, 2, 5, 153, 0.478779069767442
6.88278054518965, 5, 10, 3, 118, 0.496006389776358
6.85, 11, 1, 4, 53, 0.293478260869565
6.85, 11, 1, 4, 53, 0.293478260869565
6.80663302506165, 8, 24, 0, 150, 0.373287671232877
6.75489006542064, 13, 2, 5, 157, 0.484593023255814
6.72504646759393, 9, 17, 5, 63, 0.229069767441861
6.69205695700427, 9, 19, 7, 2, 0.010989010989011
6.66055555555555, 8, 4, 0, 56, 0.124429223744292
6.65286465842086, 7, 2, 6, 179, 0.478299046663322
6.62559053971795, 8, 2, 5, 36, 0.144476744186047
6.62559053971795, 8, 2, 5, 36, 0.144476744186047
6.61851947190608, 10, 2, 5, 127, 0.41671511627907
6.59828879073856, 10, 3, 7, 5, 0.112637362637363
6.51777777777778, 8, 1, 4, 62, 0.321428571428571
6.50201974795783, 10, 7, 2, 62, 0.563718140929535
6.477642043962, 8, 2, 0, 99, 0.230022831050228
6.47002704785691, 11, 2, 6, 33, 0.18941294530858
6.46869620690938, 9, 5, 1, 42, 0.292292710072343
6.4431569901718, 8, 2, 1, 32, 0.271146355036171
6.40022703756252, 5, 32, 5, 280, 0.940988372093023
6.33212121212119, 8, 9, 2, 149, 0.942028985507246
6.31593103448282, 9, 25, 3, 31, 0.29073482428115
6.24019344938234, 7, 7, 4, 70, 0.346273291925466
6.23227409810617, 11, 3, 4, 6, 0.0854037267080745
6.18196534584189, 6, 10, 4, 10, 0.116459627329193
6.17, 11, 1, 6, 178, 0.47704465629704
6.09553241797464, 13, 8, 7, 5, 0.112637362637363
6.02060860710942, 11, 3, 0, 95, 0.21027397260274
5.95738199605444, 8, 5, 0, 56, 0.124429223744292
5.9484103791866, 6, 102, 3, 190, 0.821884984025559
5.926, 10, 1, 6, 277, 0.710737581535374
5.92173913043477, 7, 4, 4, 75, 0.361801242236025
5.91091205596339, 11, 3, 3, 156, 0.591453674121406
5.86875, 11, 1, 6, 289, 0.753888610135474
5.86557330566087, 13, 10, 0, 250, 0.660844748858447
5.83222222222222, 11, 1, 4, 29, 0.206521739130435
5.82840975416528, 6, 31, 3, 6, 0.148562300319489
5.82632235143724, 13, 7, 7, 5, 0.112637362637363
5.82632235143722, 13, 7, 7, 5, 0.112637362637363
5.82333333333333, 8, 1, 3, 132, 0.535143769968051
5.78735909835681, 7, 3, 0, 270, 0.914497716894977
5.77, 10, 1, 6, 132, 0.415830406422479
5.76999133448225, 9, 2, 3, 18, 0.23482428115016
5.71428571428572, 10, 4, 7, 5, 0.112637362637363
5.71, 12, 1, 4, 87, 0.40527950310559
5.71, 12, 1, 4, 87, 0.40527950310559
5.69833333333333, 8, 1, 5, 203, 0.613953488372093
5.68112664882591, 9, 3, 0, 248, 0.652511415525114
5.65921127209633, 11, 2, 7, 5, 0.112637362637363
5.6568542494924, 12, 8, 3, 126, 0.519568690095847
5.63270146003662, 12, 7, 5, 164, 0.501889534883721
5.62200000000003, 11, 4, 0, 129, 0.333219178082192
5.55078823231439, 11, 2, 7, 5, 0.112637362637363
5.53098924244117, 13, 2, 7, 2, 0.010989010989011
5.52194293174933, 13, 3, 6, 235, 0.580155544405419
5.44986973632006, 12, 7, 2, 123, 0.794352823588206
5.44855230517449, 9, 5, 6, 279, 0.718013045659809
5.4425, 10, 1, 7, 5, 0.112637362637363
5.44090909090909, 12, 1, 6, 32, 0.184395383843452
5.43121646087668, 7, 3, 4, 74, 0.358695652173913
5.41181818181818, 9, 1, 6, 298, 0.852609131961867
5.40399851961491, 10, 3, 5, 127, 0.41671511627907
5.40285714285714, 10, 1, 6, 282, 0.729177119919719
5.38366475351611, 5, 39, 3, 190, 0.821884984025559
5.36379777240062, 12, 2, 7, 8, 0.259615384615385
5.33421052631581, 10, 9, 0, 210, 0.501598173515982
5.31681862896728, 9, 3, 3, 145, 0.567092651757188
5.29, 14, 1, 3, 174, 0.662539936102236
5.27865039569773, 9, 6, 0, 198, 0.48162100456621
5.2608156528559, 8, 3, 1, 32, 0.271146355036171
5.12615925168026, 8, 15, 5, 280, 0.940988372093023
5.105, 10, 1, 5, 280, 0.940988372093023
5.07702668891942, 14, 2, 7, 6, 0.197802197802198
5.07702668891941, 14, 2, 7, 6, 0.197802197802198
5.07349115501348, 7, 2, 0, 141, 0.350228310502283
5.06793531601844, 8, 2, 4, 29, 0.206521739130435
5.06047643460103, 10, 10, 0, 210, 0.501598173515982
5.05076272276105, 14, 2, 6, 140, 0.423858504766683
5.035, 8, 1, 7, 3, 0.0260989010989011
5.035, 8, 1, 7, 3, 0.0260989010989011
4.995, 11, 1, 7, 5, 0.112637362637363
4.995, 11, 1, 7, 5, 0.112637362637363
4.958, 6, 1, 6, 198, 0.506146512794782
4.93469522937361, 12, 3, 0, 221, 0.526826484018265
4.93166666666667, 10, 4, 5, 153, 0.478779069767442
4.928, 5, 4, 7, 11, 0.615384615384615
4.92, 9, 4, 0, 248, 0.652511415525114
4.92, 12, 1, 0, 84, 0.177397260273973
4.90716843434381, 6, 47, 5, 269, 0.866279069767442
4.90065009176386, 10, 21, 1, 18, 0.139259877573734
4.9, 12, 1, 7, 8, 0.259615384615385
4.9, 12, 1, 7, 8, 0.259615384615385
4.89333333333333, 12, 1, 6, 220, 0.548168590065228
4.80338532743962, 10, 31, 5, 243, 0.75203488372093
4.78214285714287, 13, 4, 6, 235, 0.580155544405419
4.74942421615671, 11, 22, 3, 157, 0.596645367412141
4.70579562879647, 9, 2, 3, 18, 0.23482428115016
4.70579562879647, 9, 2, 3, 18, 0.23482428115016
4.70357142857145, 7, 4, 4, 74, 0.358695652173913
4.67846168133326, 10, 3, 3, 152, 0.585463258785943
4.67125, 12, 1, 5, 158, 0.488372093023256
4.67, 12, 1, 7, 3, 0.0260989010989011
4.67, 12, 1, 7, 3, 0.0260989010989011
4.66636363636364, 9, 4, 5, 168, 0.5125
4.6588235354748, 11, 2, 6, 166, 0.466256899147015
4.62601903188189, 11, 3, 0, 183, 0.447602739726027
4.56, 12, 1, 5, 237, 0.740697674418604
4.56, 12, 1, 5, 237, 0.740697674418604
4.54807674554125, 11, 3, 4, 53, 0.293478260869565
4.54518999419532, 9, 3, 4, 36, 0.234472049689441
4.54003508107757, 10, 12, 3, 59, 0.368610223642173
4.53305391295733, 8, 7, 6, 209, 0.52646763672855
4.53219961313857, 11, 3, 7, 5, 0.112637362637363
4.52831182671866, 14, 2, 4, 58, 0.309006211180124
4.51603380560125, 13, 3, 7, 2, 0.010989010989011
4.51134126397016, 9, 2, 3, 19, 0.244808306709265
4.5, 12, 1, 7, 8, 0.259615384615385
4.5, 12, 1, 7, 8, 0.259615384615385
4.48709760290092, 13, 2, 2, 73, 0.6031984007996
4.4825, 12, 4, 0, 95, 0.21027397260274
4.4825, 12, 4, 0, 95, 0.21027397260274
4.48054563358115, 9, 14, 5, 263, 0.828779069767442
4.47881435203559, 12, 2, 3, 143, 0.559904153354633
4.47775369186381, 7, 2, 5, 116, 0.395639534883721
4.47598592491085, 10, 2, 0, 263, 0.817351598173516
4.47205933582662, 11, 11, 1, 139, 0.519894268224819
4.472, 8, 1, 6, 169, 0.467762167586553
4.47085614703716, 11, 3, 0, 101, 0.249657534246575
4.4, 9, 1, 0, 256, 0.736301369863014
4.3925, 8, 1, 6, 291, 0.762418464626192
4.38, 6, 1, 0, 268, 0.898401826484018
4.37178907114004, 11, 7, 0, 229, 0.555936073059361
4.36991990773286, 13, 2, 2, 125, 0.804347826086957
4.362848839921, 11, 2, 6, 178, 0.47704465629704
4.35353704453685, 8, 15, 6, 160, 0.460737581535374
4.35333333333333, 12, 1, 5, 105, 0.365552325581395
4.34163563648539, 8, 2, 3, 67, 0.386182108626198
4.34113195277373, 8, 7, 7, 10, 0.409340659340659
4.33333333333333, 8, 1, 7, 5, 0.112637362637363
4.32143258559435, 8, 2, 5, 65, 0.234883720930233
4.27617987059878, 12, 14, 3, 126, 0.519568690095847
4.27357142857143, 12, 4, 0, 221, 0.526826484018265
4.27216759015459, 13, 5, 5, 157, 0.484593023255814
4.25598842808576, 9, 6, 1, 159, 0.590567612687813
4.20764105708959, 7, 5, 6, 179, 0.478299046663322
4.185, 7, 1, 7, 2, 0.010989010989011
4.185, 7, 1, 7, 2, 0.010989010989011
4.148, 9, 1, 1, 154, 0.582081246521981
4.12828947368419, 9, 16, 6, 291, 0.762418464626192
4.12599245945872, 8, 3, 1, 71, 0.364913745130774
4.11771848910966, 8, 2, 3, 132, 0.535143769968051
4.08000612744638, 10, 2, 6, 132, 0.415830406422479
4.06, 10, 1, 3, 73, 0.399361022364217
4.05455028332366, 9, 2, 3, 190, 0.821884984025559
4.013, 10, 1, 1, 167, 0.661797440178075
3.99911106468578, 12, 13, 2, 123, 0.794352823588206
3.99671350193732, 11, 5, 5, 162, 0.497674418604651
3.98371685740841, 13, 3, 6, 196, 0.50413948820873
3.9757138004658, 12, 7, 0, 90, 0.196575342465753
3.9414135245402, 11, 7, 0, 95, 0.21027397260274
3.94, 7, 1, 7, 2, 0.010989010989011
3.94, 7, 1, 7, 2, 0.010989010989011
3.91, 14, 1, 2, 17, 0.431284357821089
3.91, 14, 1, 2, 17, 0.431284357821089
3.9, 9, 1, 5, 100, 0.356395348837209
3.88908729652601, 10, 2, 4, 59, 0.312111801242236
3.86961058175391, 9, 6, 6, 290, 0.756773707977923
3.86433855918448, 14, 2, 0, 56, 0.124429223744292
3.85, 9, 1, 6, 283, 0.732689412945309
3.85, 9, 1, 6, 283, 0.732689412945309
3.8, 10, 1, 7, 5, 0.112637362637363
3.78593314819893, 8, 19, 0, 104, 0.252397260273973
3.7688791437243, 12, 2, 2, 81, 0.622438780609695
3.708, 9, 1, 6, 182, 0.480306071249373
3.70241110629276, 12, 8, 3, 98, 0.4564696485623
3.69735112389035, 14, 3, 4, 58, 0.309006211180124
3.68142857142857, 10, 1, 6, 9, 0.091570496738585
3.66548643652198, 13, 6, 3, 93, 0.448482428115016
3.65693660504708, 12, 3, 3, 143, 0.559904153354633
3.64666666666667, 13, 1, 1, 157, 0.585559265442404
3.645, 13, 1, 2, 45, 0.50199900049975
3.605, 11, 1, 4, 46, 0.268633540372671
3.605, 11, 1, 4, 46, 0.268633540372671
3.60439773055083, 8, 3, 7, 10, 0.409340659340659
3.57792209677799, 12, 3, 3, 34, 0.295127795527157
3.55745421614949, 11, 8, 2, 52, 0.53448275862069
3.5274393453752, 9, 7, 5, 168, 0.5125
3.52142857142857, 7, 1, 6, 250, 0.629076768690416
3.52068903057342, 9, 5, 4, 36, 0.234472049689441
3.496, 10, 1, 4, 27, 0.200310559006211
3.49433333333332, 7, 9, 0, 264, 0.844748858447489
3.49224744076075, 9, 3, 4, 18, 0.167701863354037
3.49000615353003, 6, 18, 5, 114, 0.392005813953488
3.48067483194195, 9, 7, 3, 145, 0.567092651757188
3.48, 11, 1, 6, 273, 0.694054189663823
3.47896536343781, 12, 2, 0, 84, 0.177397260273973
3.47189429562595, 11, 2, 0, 159, 0.398858447488584
3.46311028015281, 11, 5, 0, 101, 0.249657534246575
3.46010918260618, 12, 2, 6, 220, 0.548168590065228
3.448, 9, 1, 6, 115, 0.390491721023582
3.44382030403839, 7, 30, 1, 132, 0.49819143016138
3.41355710808791, 11, 10, 4, 6, 0.0854037267080745
3.4, 8, 1, 7, 7, 0.245879120879121
3.4, 8, 1, 7, 7, 0.245879120879121
3.39019355843234, 11, 11, 0, 129, 0.333219178082192
3.38500000000001, 16, 1, 7, 6, 0.197802197802198
3.385, 16, 1, 7, 6, 0.197802197802198
3.37894245043229, 12, 3, 0, 96, 0.216095890410959
3.33199999999999, 14, 1, 0, 240, 0.624429223744292
3.33130605018512, 9, 6, 3, 18, 0.23482428115016
3.31052644353331, 9, 3, 3, 190, 0.821884984025559
3.3081719803922, 10, 6, 3, 152, 0.585463258785943
3.305, 13, 1, 6, 171, 0.468765679879579
3.305, 13, 1, 6, 171, 0.468765679879579
3.29333333333334, 14, 1, 7, 10, 0.409340659340659
3.27036886298779, 14, 2, 3, 190, 0.821884984025559
3.27036886298777, 14, 2, 3, 190, 0.821884984025559
3.24, 11, 1, 7, 5, 0.112637362637363
3.24, 11, 1, 7, 5, 0.112637362637363
3.23777777777778, 9, 1, 4, 71, 0.349378881987578
3.23501352392845, 11, 8, 6, 33, 0.18941294530858
3.22828905509007, 12, 7, 1, 95, 0.411519198664441
3.2132296836672, 10, 5, 6, 127, 0.411063723030607
3.20524372660471, 8, 5, 4, 29, 0.206521739130435
3.2001632611414, 13, 2, 3, 49, 0.340255591054313
3.1943828249997, 14, 5, 6, 140, 0.423858504766683
3.16499999999999, 10, 4, 0, 263, 0.817351598173516
3.162, 9, 1, 6, 130, 0.41432513798294
3.15967945531744, 11, 8, 5, 162, 0.497674418604651
3.15, 11, 1, 5, 218, 0.667151162790698
3.15, 11, 1, 5, 218, 0.667151162790698
3.14222884006455, 10, 3, 7, 5, 0.112637362637363
3.11662267393405, 10, 13, 5, 256, 0.799273255813954
3.10403323458826, 12, 7, 6, 8, 0.0815353738083291
3.09857142857143, 12, 4, 3, 34, 0.295127795527157
3.0857738089497, 13, 5, 6, 196, 0.50413948820873
3.085, 12, 1, 6, 242, 0.591445057701957
3.085, 12, 1, 6, 242, 0.591445057701957
3.07827152076544, 12, 2, 5, 105, 0.365552325581395
3.07727693478071, 12, 3, 2, 81, 0.622438780609695
3.07333333333334, 11, 1, 4, 37, 0.239130434782609
3.06530789644368, 10, 2, 3, 24, 0.266773162939297
3.06530789644368, 10, 2, 3, 24, 0.266773162939297
3.06412938514171, 8, 2, 7, 5, 0.112637362637363
3.035, 12, 1, 7, 13, 0.993131868131868
3.035, 15, 1, 7, 3, 0.0260989010989011
3.035, 15, 1, 7, 3, 0.0260989010989011
3.035, 12, 1, 7, 13, 0.993131868131868
3.0025303391473, 9, 15, 5, 222, 0.695639534883721
2.992, 12, 1, 3, 115, 0.488418530351438
2.98775091042034, 9, 23, 6, 262, 0.658805820371299
2.9592418792657, 6, 2, 3, 176, 0.703274760383387
2.9592418792657, 6, 2, 3, 176, 0.703274760383387
2.95165603876203, 3, 106, 3, 14, 0.193690095846645
2.94649871777973, 11, 5, 6, 166, 0.466256899147015
2.938, 13, 1, 5, 256, 0.799273255813954
2.9327253749712, 12, 2, 5, 157, 0.484593023255814
2.92918148407821, 7, 6, 0, 141, 0.350228310502283
2.92333333333333, 9, 1, 0, 172, 0.426255707762557
2.92035100630045, 14, 2, 6, 49, 0.239964877069744
2.90499999999999, 10, 1, 5, 41, 0.1625
2.90000000000001, 11, 1, 4, 61, 0.31832298136646
2.9, 11, 1, 4, 61, 0.31832298136646
2.89615277443319, 7, 7, 1, 54, 0.32582081246522
2.88232340694486, 9, 14, 5, 272, 0.891860465116279
2.86707050803778, 12, 7, 7, 8, 0.259615384615385
2.85974185362731, 11, 2, 5, 165, 0.502761627906977
2.83788970172976, 13, 5, 2, 73, 0.6031984007996
2.835, 12, 1, 6, 158, 0.456472654290015
2.81333333333333, 13, 1, 6, 215, 0.533241344706473
2.81111111111111, 11, 1, 5, 144, 0.455087209302326
2.81, 12, 1, 0, 173, 0.428310502283105
2.80071674499837, 13, 7, 4, 6, 0.0854037267080745
2.79913270095418, 15, 2, 6, 217, 0.538133467134972
2.77777777777778, 6, 4, 5, 181, 0.554069767441861
2.77, 14, 1, 0, 117, 0.294292237442922
2.764, 14, 1, 5, 246, 0.759738372093023
2.76207584813582, 8, 11, 0, 99, 0.230022831050228
2.76, 13, 1, 1, 56, 0.327768503060657
2.75000000000001, 10, 4, 4, 59, 0.312111801242236
2.75, 11, 1, 4, 26, 0.197204968944099
2.75, 11, 1, 4, 26, 0.197204968944099
2.7435684791891, 6, 3, 4, 95, 0.495341614906832
2.73311394506975, 8, 5, 5, 65, 0.234883720930233
2.73086677326693, 8, 3, 6, 204, 0.519192172604114
2.73086677326692, 8, 3, 6, 204, 0.519192172604114
2.7175, 14, 4, 6, 110, 0.383090817862519
2.71749999999999, 14, 4, 6, 110, 0.383090817862519
2.71708025679746, 7, 19, 4, 75, 0.361801242236025
2.70508323578037, 9, 5, 4, 18, 0.167701863354037
2.705, 12, 1, 7, 8, 0.259615384615385
2.705, 12, 1, 7, 8, 0.259615384615385
2.7025, 16, 1, 6, 266, 0.672604114400401
2.69171981371679, 11, 2, 6, 257, 0.64764174611139
2.68700576850889, 10, 2, 7, 5, 0.112637362637363
2.67333333333333, 9, 1, 2, 66, 0.583458270864568
2.64195483181171, 14, 3, 6, 213, 0.530983442047165
2.62055555555554, 10, 16, 5, 88, 0.321511627906977
2.61731756766351, 12, 5, 0, 96, 0.216095890410959
2.61333333333333, 13, 1, 3, 171, 0.646565495207668
2.6021529547665, 11, 2, 1, 15, 0.121591541457986
2.60215295476649, 11, 2, 1, 15, 0.121591541457986
2.59791031407937, 10, 2, 6, 209, 0.52646763672855
2.59609203949919, 13, 2, 5, 106, 0.370930232558139
2.59571428571429, 14, 1, 3, 115, 0.488418530351438
2.59346682156876, 8, 26, 5, 108, 0.378197674418605
2.58523229936242, 7, 6, 5, 116, 0.395639534883721
2.57858272872694, 13, 2, 1, 157, 0.585559265442404
2.54911994617751, 13, 2, 7, 8, 0.259615384615385
2.5491199461775, 13, 2, 7, 8, 0.259615384615385
2.54837213835726, 8, 5, 5, 203, 0.613953488372093
2.54699862583396, 12, 2, 6, 254, 0.640993477170095
2.53666666666666, 15, 1, 5, 199, 0.598255813953488
2.53601105741544, 8, 3, 6, 291, 0.762418464626192
2.52879417905056, 6, 3, 0, 268, 0.898401826484018
2.51333333333333, 10, 1, 7, 11, 0.615384615384615
2.50552774863924, 7, 17, 7, 1, 0.00274725274725275
2.505, 8, 1, 4, 83, 0.388198757763975
2.49666666666666, 9, 1, 7, 5, 0.112637362637363
2.49472234555464, 8, 18, 1, 2, 0.0342237061769616
2.49255140368258, 10, 2, 3, 25, 0.270367412140575
2.48451997499977, 6, 5, 5, 181, 0.554069767441861
2.479, 6, 4, 6, 198, 0.506146512794782
2.47689403924202, 10, 2, 6, 167, 0.466758655293527
2.465, 12, 1, 6, 104, 0.373055694932263
2.465, 12, 1, 6, 104, 0.373055694932263
2.46073159852919, 11, 2, 6, 273, 0.694054189663823
2.45500000000001, 8, 1, 5, 245, 0.756831395348837
2.455, 8, 1, 5, 245, 0.756831395348837
2.45, 10, 1, 6, 172, 0.46939287506272
2.41960511011382, 7, 14, 1, 57, 0.32943795214246
2.41333333333333, 9, 1, 7, 11, 0.615384615384615
2.4, 12, 1, 6, 128, 0.412192674360261
2.39500000000001, 10, 9, 6, 127, 0.411063723030607
2.39, 16, 1, 7, 8, 0.259615384615385
2.39, 16, 1, 7, 8, 0.259615384615385
2.35963220499662, 8, 7, 7, 10, 0.409340659340659
2.34404209290989, 10, 3, 3, 73, 0.399361022364217
2.32873833270769, 14, 2, 7, 10, 0.409340659340659
2.315, 10, 1, 6, 85, 0.324636226793778
2.31333333333333, 10, 1, 7, 8, 0.259615384615385
2.31, 9, 1, 6, 206, 0.522202709483191
2.31, 9, 1, 6, 206, 0.522202709483191
2.30438243246685, 8, 8, 4, 62, 0.321428571428571
2.3, 16, 1, 7, 8, 0.259615384615385
2.3, 15, 1, 7, 10, 0.409340659340659
2.3, 12, 1, 5, 265, 0.834447674418604
2.3, 16, 1, 7, 8, 0.259615384615385
2.3, 15, 1, 7, 10, 0.409340659340659
2.28651713631142, 9, 34, 3, 184, 0.76038338658147
2.28302540502728, 10, 5, 5, 280, 0.940988372093023
2.27, 13, 1, 6, 291, 0.762418464626192
2.26000000000001, 11, 1, 1, 27, 0.260434056761269
2.25567063198509, 9, 8, 3, 19, 0.244808306709265
2.255, 16, 1, 6, 181, 0.480055193176116
2.255, 13, 1, 3, 118, 0.496006389776358
2.255, 16, 1, 6, 181, 0.480055193176116
2.25166604983955, 9, 3, 5, 100, 0.356395348837209
2.23599999999999, 8, 4, 6, 169, 0.467762167586553
2.23445742854949, 14, 2, 6, 274, 0.695935775213246
2.23107690738502, 14, 6, 0, 56, 0.124429223744292
2.23, 8, 1, 5, 154, 0.481104651162791
2.22799999999999, 14, 1, 0, 160, 0.399657534246575
2.22, 11, 1, 7, 12, 0.862637362637363
2.22, 11, 1, 6, 126, 0.410561966884094
2.215, 11, 1, 7, 8, 0.259615384615385
2.215, 11, 1, 7, 8, 0.259615384615385
2.2057071921919, 10, 6, 6, 282, 0.729177119919719
2.20500000000001, 10, 1, 6, 33, 0.18941294530858
2.20000000000002, 9, 4, 0, 256, 0.736301369863014
2.18849548777236, 11, 2, 3, 148, 0.573083067092652
2.18849548777236, 11, 2, 3, 148, 0.573083067092652
2.18495995386643, 13, 8, 2, 125, 0.804347826086957
2.17317484084665, 11, 2, 4, 37, 0.239130434782609
2.17081781824274, 8, 8, 3, 67, 0.386182108626198
2.15963345655385, 14, 6, 3, 174, 0.662539936102236
2.15773584675578, 10, 15, 5, 263, 0.828779069767442
2.15472928750038, 8, 11, 1, 71, 0.364913745130774
2.15314014871304, 15, 2, 1, 69, 0.360044518642181
2.15314014871303, 15, 2, 1, 69, 0.360044518642181
2.12118488900268, 10, 3, 6, 209, 0.52646763672855
2.11500000000001, 10, 1, 3, 173, 0.651357827476038
2.10666666666667, 11, 1, 3, 58, 0.367811501597444
2.10444173119619, 13, 3, 2, 45, 0.50199900049975
2.09, 7, 1, 7, 6, 0.197802197802198
2.0825, 15, 1, 3, 132, 0.535143769968051
2.07961566962101, 12, 3, 6, 254, 0.640993477170095
2.07889393668846, 15, 2, 5, 165, 0.502761627906977
2.07889393668845, 15, 2, 5, 165, 0.502761627906977
2.074, 9, 4, 1, 154, 0.582081246521981
2.06710882366868, 9, 2, 0, 172, 0.426255707762557
2.06666666666667, 14, 1, 5, 153, 0.478779069767442
2.065, 14, 4, 6, 49, 0.239964877069744
2.064, 16, 1, 5, 270, 0.875
2.0620019413601, 11, 8, 4, 29, 0.206521739130435
2.06, 15, 1, 6, 127, 0.411063723030607
2.06, 15, 1, 6, 127, 0.411063723030607
2.06, 9, 1, 0, 89, 0.18972602739726
2.055, 11, 1, 3, 173, 0.651357827476038
2.04333333333333, 9, 1, 6, 253, 0.637230306071249
2.03722166414054, 9, 3, 0, 242, 0.634132420091324
2.02666666666666, 13, 1, 7, 10, 0.409340659340659
2.02396095791981, 13, 5, 3, 49, 0.340255591054313
2.01000000000001, 12, 1, 1, 163, 0.648998330550918
2.01, 12, 1, 1, 163, 0.648998330550918
2.0075, 15, 1, 6, 196, 0.50413948820873
1.996, 12, 1, 1, 184, 0.975932109070673
1.995, 10, 1, 4, 55, 0.299689440993789
1.98932707773815, 13, 2, 6, 215, 0.533241344706473
1.984, 16, 1, 0, 229, 0.555936073059361
1.9825, 13, 1, 5, 249, 0.774709302325581
1.97506057773281, 12, 14, 6, 282, 0.729177119919719
1.97, 9, 1, 7, 5, 0.112637362637363
1.97, 9, 1, 7, 5, 0.112637362637363
1.96339982909464, 14, 2, 0, 178, 0.442694063926941
1.95868578388674, 14, 2, 0, 117, 0.294292237442922
1.95666666666666, 15, 1, 3, 84, 0.427316293929712
1.935, 15, 1, 3, 171, 0.646565495207668
1.91484516345317, 11, 2, 0, 134, 0.342237442922374
1.91, 12, 1, 4, 20, 0.178571428571429
1.91, 12, 1, 4, 20, 0.178571428571429
1.90666666666666, 9, 1, 5, 50, 0.192151162790698
1.905, 12, 1, 7, 7, 0.245879120879121
1.905, 12, 1, 7, 7, 0.245879120879121
1.90333333333333, 11, 4, 6, 257, 0.64764174611139
1.89666666666667, 16, 1, 7, 3, 0.0260989010989011
1.895, 12, 1, 5, 157, 0.484593023255814
1.89033212837204, 9, 2, 2, 66, 0.583458270864568
1.854, 9, 4, 6, 182, 0.480306071249373
1.84790572150084, 13, 2, 3, 171, 0.646565495207668
1.84784398483481, 11, 20, 5, 248, 0.770058139534884
1.82934285714283, 6, 49, 6, 298, 0.852609131961867
1.825, 9, 1, 7, 5, 0.112637362637363
1.825, 9, 1, 7, 5, 0.112637362637363
1.82442685063921, 14, 3, 6, 274, 0.695935775213246
1.82433549546129, 11, 2, 0, 204, 0.490867579908676
1.82433549546129, 11, 2, 0, 204, 0.490867579908676
1.82250000000001, 9, 1, 6, 144, 0.42824887104867
1.82, 14, 1, 6, 267, 0.677370797792273
1.82, 14, 1, 6, 267, 0.677370797792273
1.80865955551485, 11, 5, 5, 165, 0.502761627906977
1.80547931462964, 11, 2, 3, 182, 0.738817891373802
1.8, 10, 1, 3, 19, 0.244808306709265
1.79608717573985, 6, 7, 4, 95, 0.495341614906832
1.79369420160988, 15, 2, 5, 199, 0.598255813953488
1.78, 12, 1, 4, 90, 0.442546583850932
1.78, 12, 1, 4, 90, 0.442546583850932
1.7771950433822, 10, 2, 7, 11, 0.615384615384615
1.77032696161482, 15, 5, 6, 217, 0.538133467134972
1.76556654454435, 12, 7, 5, 158, 0.488372093023256
1.76540993036242, 9, 2, 7, 5, 0.112637362637363
1.76428571428571, 9, 4, 0, 242, 0.634132420091324
1.748, 10, 4, 4, 27, 0.200310559006211
1.74301821562484, 8, 2, 1, 9, 0.0584307178631052
1.74301821562483, 8, 2, 1, 9, 0.0584307178631052
1.73594714781298, 11, 8, 0, 159, 0.398858447488584
1.72956542849023, 14, 7, 6, 213, 0.530983442047165
1.72666666666667, 12, 1, 0, 200, 0.482990867579909
1.724, 9, 4, 6, 115, 0.390491721023582
1.72142857142857, 13, 1, 6, 147, 0.438158554942298
1.72056652691889, 12, 10, 6, 32, 0.184395383843452
1.72, 14, 1, 7, 8, 0.259615384615385
1.72, 14, 1, 7, 8, 0.259615384615385
1.71136717372567, 9, 10, 6, 298, 0.852609131961867
1.70648436526352, 9, 2, 7, 11, 0.615384615384615
1.69705627484772, 12, 2, 6, 128, 0.412192674360261
1.69320978469888, 12, 6, 5, 157, 0.484593023255814
1.69, 7, 1, 5, 187, 0.581104651162791
1.69, 14, 1, 5, 52, 0.197093023255814
1.67786337650122, 12, 2, 0, 239, 0.622488584474886
1.67720253199588, 10, 3, 5, 41, 0.1625
1.675, 10, 1, 4, 105, 0.633540372670807
1.675, 10, 1, 4, 105, 0.633540372670807
1.674, 8, 1, 2, 106, 0.693903048475762
1.666, 14, 4, 0, 240, 0.624429223744292
1.66358263628212, 8, 29, 6, 109, 0.380832915203211
1.64191277204985, 13, 5, 5, 106, 0.370930232558139
1.63678801315259, 12, 3, 6, 158, 0.456472654290015
1.63577368714489, 10, 2, 7, 8, 0.259615384615385
1.62634559672906, 12, 2, 5, 265, 0.834447674418604
1.625, 8, 1, 6, 145, 0.432764676367285
1.625, 8, 1, 6, 145, 0.432764676367285
1.62235425642285, 12, 3, 0, 173, 0.428310502283105
1.60513239329346, 13, 2, 6, 291, 0.762418464626192
1.59806132548159, 11, 2, 1, 27, 0.260434056761269
1.59348674296336, 13, 3, 1, 56, 0.327768503060657
1.59333333333334, 15, 1, 3, 172, 0.649361022364217
1.58379011957302, 10, 14, 6, 277, 0.710737581535374
1.581, 9, 4, 6, 130, 0.41432513798294
1.576848122046, 8, 2, 5, 154, 0.481104651162791
1.56977705423414, 11, 2, 6, 126, 0.410561966884094
1.56977705423413, 11, 2, 7, 12, 0.862637362637363
1.56652533737985, 10, 5, 6, 167, 0.466758655293527
1.56544401560273, 7, 3, 4, 75, 0.361801242236025
1.565, 16, 1, 7, 6, 0.197802197802198
1.565, 16, 1, 7, 6, 0.197802197802198
1.565, 16, 1, 7, 8, 0.259615384615385
1.565, 16, 1, 7, 8, 0.259615384615385
1.5634645289655, 11, 3, 0, 134, 0.342237442922374
1.56028910248497, 16, 3, 6, 266, 0.672604114400401
1.555, 11, 1, 7, 6, 0.197802197802198
1.555, 11, 1, 7, 6, 0.197802197802198
1.555, 8, 1, 6, 301, 0.940291018564977
1.555, 8, 1, 6, 301, 0.940291018564977
1.55, 10, 1, 5, 124, 0.410901162790698
1.55, 10, 1, 5, 124, 0.410901162790698
1.545, 9, 1, 6, 8, 0.0815353738083291
1.545, 9, 1, 6, 8, 0.0815353738083291
1.535, 14, 1, 3, 71, 0.395766773162939
1.535, 14, 1, 3, 71, 0.395766773162939
1.53333333333333, 11, 1, 0, 173, 0.428310502283105
1.51530473420365, 11, 15, 6, 289, 0.753888610135474
1.515, 9, 1, 6, 177, 0.475413948820873
1.515, 8, 1, 5, 255, 0.797529069767442
1.515, 9, 1, 6, 177, 0.475413948820873
1.515, 8, 1, 5, 255, 0.797529069767442
1.50293692075055, 10, 6, 6, 9, 0.091570496738585
1.496, 12, 4, 3, 115, 0.488418530351438
1.49199530830362, 13, 2, 1, 182, 0.864496382860323
1.49199530830362, 13, 2, 1, 182, 0.864496382860323
1.48963828569966, 11, 2, 3, 58, 0.367811501597444
1.48, 14, 1, 5, 150, 0.468895348837209
1.47785317267989, 7, 2, 7, 6, 0.197802197802198
1.475, 12, 1, 5, 215, 0.660610465116279
1.475, 12, 1, 5, 215, 0.660610465116279
1.475, 15, 1, 1, 179, 0.794101279910963
1.47499999999999, 15, 1, 1, 179, 0.794101279910963
1.47, 15, 1, 6, 149, 0.440667335674862
1.47, 15, 1, 6, 149, 0.440667335674862
1.469, 13, 4, 5, 256, 0.799273255813954
1.4660680596601, 8, 2, 3, 123, 0.511980830670927
1.4613540144522, 14, 2, 5, 153, 0.478779069767442
1.46, 13, 1, 0, 91, 0.201255707762557
1.46, 13, 1, 0, 91, 0.201255707762557
1.45663996924429, 9, 2, 0, 89, 0.18972602739726
1.45333333333333, 12, 1, 6, 258, 0.648770697441044
1.44626242432001, 8, 3, 4, 83, 0.388198757763975
1.44485485622451, 9, 2, 6, 253, 0.637230306071249
1.4390752238851, 10, 6, 3, 25, 0.270367412140575
1.43761719427632, 7, 6, 6, 250, 0.629076768690416
1.43306974320474, 13, 2, 7, 10, 0.409340659340659
1.43189123190276, 9, 2, 3, 78, 0.414137380191693
1.43189123190275, 9, 2, 3, 78, 0.414137380191693
1.425, 18, 1, 7, 13, 0.993131868131868
1.425, 18, 1, 7, 13, 0.993131868131868
1.42, 15, 1, 6, 140, 0.423858504766683
1.42, 13, 1, 5, 257, 0.803633720930233
1.42, 10, 1, 1, 86, 0.394824707846411
1.42, 10, 1, 1, 86, 0.394824707846411
1.42, 15, 1, 6, 140, 0.423858504766683
1.41450815951458, 10, 3, 6, 172, 0.46939287506272
1.39666666666667, 8, 1, 6, 210, 0.527972905168088
1.38833333333334, 14, 4, 0, 178, 0.442694063926941
1.38357226852169, 15, 2, 3, 84, 0.427316293929712
1.382, 14, 4, 5, 246, 0.759738372093023
1.3575, 10, 1, 5, 213, 0.653488372093023
1.35571428571429, 7, 4, 4, 75, 0.361801242236025
1.34821692946236, 9, 2, 5, 50, 0.192151162790698
1.34333333333333, 12, 1, 0, 152, 0.382191780821918
1.34114586165048, 16, 2, 7, 3, 0.0260989010989011
1.33766666666667, 10, 9, 1, 167, 0.661797440178075
1.33666666666667, 13, 1, 6, 294, 0.774460612142499
1.33656587317399, 10, 3, 6, 85, 0.324636226793778
1.33333333333334, 11, 1, 7, 7, 0.245879120879121
1.33, 9, 1, 6, 51, 0.244355243351731
1.33, 9, 1, 6, 51, 0.244355243351731
1.30333333333333, 12, 1, 5, 139, 0.442587209302326
1.3, 9, 1, 5, 273, 0.90203488372093
1.29, 15, 1, 7, 12, 0.862637362637363
1.29, 15, 1, 7, 12, 0.862637362637363
1.28, 7, 1, 5, 78, 0.278633720930233
1.27666666666667, 10, 1, 4, 23, 0.187888198757764
1.27500000000001, 9, 1, 7, 11, 0.615384615384615
1.27500000000001, 10, 1, 7, 13, 0.993131868131868
1.27499999999999, 9, 1, 7, 11, 0.615384615384615
1.27305734356312, 10, 3, 6, 33, 0.18941294530858
1.27, 6, 1, 1, 86, 0.394824707846411
1.27, 6, 1, 1, 86, 0.394824707846411
1.24167950776358, 8, 2, 5, 176, 0.540406976744186
1.23, 9, 1, 6, 251, 0.630958354239839
1.23, 9, 1, 2, 91, 0.641179410294853
1.22109581933606, 10, 3, 3, 173, 0.651357827476038
1.22093770884878, 12, 2, 0, 200, 0.482990867579909
1.21333333333333, 15, 1, 2, 108, 0.706146926536732
1.20666666666667, 15, 1, 1, 85, 0.391346688925988
1.20233193558742, 15, 3, 3, 132, 0.535143769968051
1.2, 11, 1, 7, 7, 0.245879120879121
1.2, 11, 1, 7, 7, 0.245879120879121
1.19501046020526, 7, 2, 5, 187, 0.581104651162791
1.19501046020526, 14, 2, 5, 52, 0.197093023255814
1.1879393923934, 15, 2, 4, 40, 0.25
1.1879393923934, 15, 2, 4, 40, 0.25
1.175, 9, 1, 5, 200, 0.599563953488372
1.175, 9, 1, 5, 200, 0.599563953488372
1.165, 8, 1, 0, 170, 0.423858447488584
1.15903066539818, 15, 3, 6, 196, 0.50413948820873
1.15181378703331, 10, 3, 4, 55, 0.299689440993789
1.15, 10, 1, 7, 7, 0.245879120879121
1.15, 10, 1, 7, 7, 0.245879120879121
1.14904851942814, 7, 2, 2, 128, 0.817341329335332
1.14904851942814, 7, 2, 2, 128, 0.817341329335332
1.14459690866843, 13, 3, 5, 249, 0.774709302325581
1.14, 9, 1, 0, 257, 0.740296803652968
1.13333333333333, 11, 1, 2, 68, 0.590954522738631
1.13000000000001, 9, 1, 7, 5, 0.112637362637363
1.13, 11, 1, 0, 189, 0.460730593607306
1.13, 9, 1, 7, 5, 0.112637362637363
1.125, 13, 1, 7, 3, 0.0260989010989011
1.125, 13, 1, 7, 3, 0.0260989010989011
1.12, 10, 1, 5, 117, 0.398546511627907
1.12, 10, 1, 5, 117, 0.398546511627907
1.11717277088193, 15, 3, 3, 171, 0.646565495207668
1.114, 14, 4, 0, 160, 0.399657534246575
1.11333333333333, 12, 1, 3, 158, 0.604233226837061
1.09407876011434, 12, 3, 5, 157, 0.484593023255814
1.09, 14, 1, 6, 199, 0.510662318113397
1.09, 14, 1, 6, 199, 0.510662318113397
1.0875, 13, 1, 2, 74, 0.607196401799101
1.08423039781937, 11, 2, 0, 173, 0.428310502283105
1.08, 12, 1, 7, 11, 0.615384615384615
1.08, 12, 1, 7, 11, 0.615384615384615
1.075, 7, 1, 6, 239, 0.587681886603111
1.075, 7, 1, 6, 239, 0.587681886603111
1.0611739744649, 12, 5, 0, 239, 0.622488584474886
1.05969591967547, 14, 6, 3, 115, 0.488418530351438
1.04, 14, 1, 2, 45, 0.50199900049975
1.03923048454135, 10, 3, 3, 19, 0.244808306709265
1.03666666666667, 8, 4, 3, 123, 0.511980830670927
1.032, 16, 4, 5, 270, 0.875
1.03, 15, 1, 3, 190, 0.821884984025559
1.02766185532446, 12, 2, 6, 258, 0.648770697441044
1.02500000000001, 10, 1, 3, 21, 0.256789137380192
1.025, 14, 1, 2, 104, 0.689405297351324
1.025, 14, 1, 2, 104, 0.689405297351324
1.02499999999999, 10, 1, 3, 21, 0.256789137380192
1.01382707269698, 8, 3, 5, 176, 0.540406976744186
1.01, 13, 1, 6, 245, 0.607375815353738
1.01, 13, 1, 6, 245, 0.607375815353738
1.00846665785241, 13, 5, 3, 118, 0.496006389776358
1.005, 9, 1, 0, 129, 0.333219178082192
1.005, 9, 1, 0, 129, 0.333219178082192
1.0040916292849, 13, 2, 5, 257, 0.803633720930233
1, 8, 1, 1, 173, 0.695882025598219
1, 11, 1, 7, 7, 0.245879120879121
1, 11, 1, 7, 7, 0.245879120879121
0.997999999999998, 12, 4, 1, 184, 0.975932109070673
0.993877864667756, 11, 8, 5, 144, 0.455087209302326
0.9925, 14, 1, 0, 97, 0.222146118721461
0.992000000000004, 16, 4, 0, 229, 0.555936073059361
0.987592471057212, 8, 2, 6, 210, 0.527972905168088
0.975807358037437, 13, 2, 6, 207, 0.52295534370296
0.975807358037432, 13, 2, 6, 207, 0.52295534370296
0.975000000000001, 13, 1, 0, 106, 0.254794520547945
0.975000000000001, 16, 1, 7, 8, 0.259615384615385
0.974999999999998, 13, 1, 0, 106, 0.254794520547945
0.974999999999994, 16, 1, 7, 8, 0.259615384615385
0.969999999999999, 16, 1, 7, 8, 0.259615384615385
0.969999999999999, 16, 1, 7, 8, 0.259615384615385
0.96506928775023, 11, 7, 3, 182, 0.738817891373802
0.958129688507772, 9, 2, 0, 16, 0.0882420091324201
0.958129688507771, 9, 2, 0, 16, 0.0882420091324201
0.949880109393934, 12, 2, 0, 152, 0.382191780821918
0.946666666666665, 11, 1, 5, 170, 0.515116279069767
0.945166064186021, 13, 2, 6, 294, 0.774460612142499
0.945000000000007, 9, 1, 7, 7, 0.245879120879121
0.944999999999993, 9, 1, 7, 7, 0.245879120879121
0.94280904158205, 11, 2, 7, 7, 0.245879120879121
0.940000000000001, 11, 1, 6, 169, 0.467762167586553
0.935000000000001, 10, 1, 6, 289, 0.753888610135474
0.934999999999999, 10, 1, 6, 289, 0.753888610135474
0.93, 12, 1, 1, 29, 0.263912075681692
0.93, 12, 1, 1, 29, 0.263912075681692
0.921595838146473, 12, 2, 5, 139, 0.442587209302326
0.919023938752425, 11, 5, 3, 173, 0.651357827476038
0.902739657314824, 10, 2, 4, 23, 0.187888198757764
0.900000000000006, 12, 1, 7, 7, 0.245879120879121
0.899999999999991, 12, 1, 7, 7, 0.245879120879121
0.895, 10, 1, 3, 173, 0.651357827476038
0.895, 10, 1, 3, 173, 0.651357827476038
0.890000000000001, 10, 1, 6, 159, 0.458981435022579
0.890000000000001, 10, 1, 6, 159, 0.458981435022579
0.890000000000001, 12, 1, 6, 59, 0.258028098344205
0.890000000000001, 12, 1, 6, 59, 0.258028098344205
0.885000000000005, 18, 1, 7, 10, 0.409340659340659
0.884999999999998, 18, 1, 7, 10, 0.409340659340659
0.880000000000003, 14, 1, 7, 8, 0.259615384615385
0.879999999999999, 10, 1, 4, 13, 0.133540372670807
0.879999999999995, 14, 1, 7, 8, 0.259615384615385
0.869741340859454, 9, 2, 6, 251, 0.630958354239839
0.860000000000001, 12, 1, 5, 152, 0.477325581395349
0.859999999999999, 12, 1, 5, 152, 0.477325581395349
0.857956227839681, 15, 2, 2, 108, 0.706146926536732
0.853242182631768, 15, 2, 1, 85, 0.391346688925988
0.848528137423859, 11, 2, 2, 9, 0.387306346826587
0.848528137423849, 11, 2, 2, 9, 0.387306346826587
0.836999999999989, 8, 4, 2, 106, 0.693903048475762
0.835000000000001, 17, 1, 0, 251, 0.668949771689498
0.835000000000001, 17, 1, 0, 251, 0.668949771689498
0.830000000000002, 14, 1, 5, 266, 0.837354651162791
0.829999999999998, 14, 1, 5, 266, 0.837354651162791
0.829999999999998, 11, 1, 7, 10, 0.409340659340659
0.829999999999998, 11, 1, 7, 10, 0.409340659340659
0.806101730552665, 9, 2, 0, 257, 0.740296803652968
0.801387685344759, 11, 2, 2, 68, 0.590954522738631
0.799999999999997, 9, 1, 7, 7, 0.245879120879121
0.799999999999997, 9, 1, 7, 7, 0.245879120879121
0.799999999999997, 10, 1, 6, 256, 0.645634721525339
0.799999999999997, 10, 1, 6, 256, 0.645634721525339
0.799030662740795, 11, 2, 0, 189, 0.460730593607306
0.790000000000003, 10, 1, 2, 95, 0.65992003998001
0.78724554972102, 12, 2, 3, 158, 0.604233226837061
0.785276457062096, 9, 17, 4, 71, 0.349378881987578
0.785000000000004, 13, 1, 7, 10, 0.409340659340659
0.784999999999997, 13, 1, 7, 10, 0.409340659340659
0.783752990424918, 10, 3, 5, 213, 0.653488372093023
0.780000000000001, 11, 1, 0, 126, 0.310844748858447
0.779422863406, 11, 3, 7, 7, 0.245879120879121
0.779422863406, 11, 3, 7, 7, 0.245879120879121
0.77333333333333, 15, 1, 4, 39, 0.246894409937888
0.756666666666668, 10, 1, 6, 296, 0.779854490717511
0.755000000000003, 10, 1, 3, 19, 0.244808306709265
0.754999999999995, 10, 1, 3, 19, 0.244808306709265
0.75333333333333, 9, 1, 4, 88, 0.419254658385093
0.753068721963682, 16, 2, 3, 121, 0.50758785942492
0.753068721963671, 16, 2, 3, 121, 0.50758785942492
0.751999999999999, 11, 1, 6, 204, 0.519192172604114
0.750555349946511, 9, 3, 5, 273, 0.90203488372093
0.744999999999997, 13, 1, 3, 132, 0.535143769968051
0.744999999999997, 13, 1, 3, 132, 0.535143769968051
0.740000000000009, 14, 4, 5, 150, 0.468895348837209
0.736121593216768, 10, 3, 7, 13, 0.993131868131868
0.735391052434004, 14, 2, 2, 45, 0.50199900049975
0.735000000000007, 18, 1, 7, 9, 0.299450549450549
0.734999999999999, 18, 1, 7, 9, 0.299450549450549
0.725000000000001, 9, 1, 3, 173, 0.651357827476038
0.724999999999998, 9, 1, 3, 173, 0.651357827476038
0.723333333333336, 17, 1, 6, 272, 0.691545408931259
0.720000000000001, 13, 1, 4, 36, 0.234472049689441
0.719999999999999, 13, 1, 4, 36, 0.234472049689441
0.714177848998417, 15, 2, 5, 209, 0.643604651162791
0.714177848998407, 15, 2, 5, 209, 0.643604651162791
0.712560328829946, 15, 5, 3, 172, 0.649361022364217
0.710140831103246, 9, 3, 2, 91, 0.641179410294853
0.707106781186548, 8, 2, 1, 173, 0.695882025598219
0.703333333333333, 12, 1, 7, 2, 0.010989010989011
0.702770271441358, 13, 6, 6, 147, 0.438158554942298
0.700000000000003, 16, 1, 7, 8, 0.259615384615385
0.700000000000003, 11, 1, 7, 7, 0.245879120879121
0.700000000000003, 11, 1, 7, 7, 0.245879120879121
0.699999999999996, 16, 1, 7, 8, 0.259615384615385
0.688840252059286, 9, 7, 6, 144, 0.42824887104867
0.685000000000002, 16, 1, 7, 6, 0.197802197802198
0.684999999999999, 16, 1, 7, 6, 0.197802197802198
0.68333333333333, 10, 1, 7, 13, 0.993131868131868
0.68, 12, 1, 6, 282, 0.729177119919719
0.68, 12, 1, 6, 282, 0.729177119919719
0.675000000000004, 11, 1, 1, 142, 0.52615470228158
0.673333333333332, 13, 1, 0, 101, 0.249657534246575
0.67261306360593, 8, 3, 0, 170, 0.423858447488584
0.669394419523267, 11, 2, 5, 170, 0.515116279069767
0.664680374315358, 11, 2, 6, 169, 0.467762167586553
0.650000000000006, 16, 1, 7, 8, 0.259615384615385
0.649999999999999, 9, 1, 3, 35, 0.297923322683706
0.649999999999999, 9, 1, 3, 35, 0.297923322683706
0.649999999999999, 16, 1, 7, 8, 0.259615384615385
0.645000000000003, 9, 1, 4, 48, 0.274844720496894
0.644999999999996, 9, 1, 4, 48, 0.274844720496894
0.640000000000001, 7, 4, 5, 78, 0.278633720930233
0.637999999999991, 16, 1, 3, 96, 0.454073482428115
0.627868417743713, 13, 3, 2, 74, 0.607196401799101
0.622253967444164, 10, 2, 4, 13, 0.133540372670807
0.615000000000002, 15, 1, 6, 293, 0.771073758153537
0.614999999999995, 15, 1, 6, 293, 0.771073758153537
0.605000000000004, 15, 1, 3, 192, 0.918929712460064
0.604999999999997, 15, 1, 3, 192, 0.918929712460064
0.603869191133311, 11, 2, 5, 226, 0.714970930232558
0.600000000000001, 12, 1, 1, 159, 0.590567612687813
0.600000000000001, 12, 1, 1, 159, 0.590567612687813
0.600000000000001, 10, 1, 6, 240, 0.588936276969393
0.600000000000001, 10, 1, 6, 240, 0.588936276969393
0.594670777265303, 15, 3, 3, 190, 0.821884984025559
0.590000000000003, 10, 1, 7, 13, 0.993131868131868
0.59, 14, 1, 6, 234, 0.578273958855996
0.59, 14, 1, 6, 234, 0.578273958855996
0.589999999999996, 10, 1, 7, 13, 0.993131868131868
0.582184583176927, 15, 2, 5, 240, 0.747383720930232
0.573020142170702, 14, 3, 0, 97, 0.222146118721461
0.57, 11, 1, 6, 186, 0.489588559959859
0.57, 11, 1, 6, 186, 0.489588559959859
0.565685424949239, 8, 2, 0, 51, 0.119634703196347
0.565685424949236, 8, 2, 0, 51, 0.119634703196347
0.558614357137377, 10, 2, 2, 95, 0.65992003998001
0.553333333333335, 13, 1, 0, 219, 0.522260273972603
0.551543289325503, 11, 2, 0, 126, 0.310844748858447
0.546829244117602, 15, 2, 4, 39, 0.246894409937888
0.535044131097827, 10, 2, 6, 296, 0.779854490717511
0.532687108493869, 9, 2, 4, 88, 0.419254658385093
0.520000000000003, 17, 1, 6, 216, 0.53549924736578
0.517602163828552, 10, 2, 0, 132, 0.33972602739726
0.511473905058261, 17, 2, 6, 272, 0.691545408931259
0.507499999999993, 17, 1, 5, 24, 0.103924418604651
0.503333333333323, 16, 1, 3, 137, 0.549121405750799
0.497331769434538, 12, 2, 7, 2, 0.010989010989011
0.496666666666663, 11, 1, 6, 236, 0.582413447064726
0.49305712988794, 11, 3, 5, 226, 0.714970930232558
0.49, 12, 1, 2, 31, 0.471514242878561
0.489999999999998, 12, 1, 2, 31, 0.471514242878561
0.4831896338108, 10, 2, 7, 13, 0.993131868131868
0.48, 9, 1, 5, 98, 0.35406976744186
0.48, 9, 1, 5, 98, 0.35406976744186
0.476118565998951, 13, 2, 0, 101, 0.249657534246575
0.470000000000006, 12, 1, 2, 107, 0.699650174912544
0.469999999999999, 15, 1, 3, 37, 0.299920127795527
0.469999999999999, 15, 1, 3, 37, 0.299920127795527
0.469999999999999, 12, 1, 2, 107, 0.699650174912544
0.460000000000001, 14, 1, 6, 79, 0.308454591068741
0.460000000000001, 14, 1, 6, 79, 0.308454591068741
0.455000000000002, 9, 1, 3, 35, 0.297923322683706
0.454999999999998, 9, 1, 3, 35, 0.297923322683706
0.453333333333326, 7, 1, 7, 13, 0.993131868131868
0.423333333333332, 11, 1, 4, 74, 0.358695652173913
0.422620397046803, 10, 3, 0, 132, 0.33972602739726
0.411666666666662, 15, 4, 5, 240, 0.747383720930232
0.41, 11, 1, 5, 240, 0.747383720930232
0.41, 11, 1, 5, 240, 0.747383720930232
0.41, 12, 1, 7, 3, 0.0260989010989011
0.403333333333332, 14, 1, 6, 247, 0.621048670346212
0.391265752256557, 13, 2, 0, 219, 0.522260273972603
0.390000000000001, 13, 1, 0, 118, 0.298630136986301
0.390000000000001, 13, 1, 0, 118, 0.298630136986301
0.390000000000001, 14, 1, 7, 12, 0.862637362637363
0.390000000000001, 14, 1, 7, 12, 0.862637362637363
0.390000000000001, 15, 1, 6, 127, 0.411063723030607
0.389711431702988, 11, 3, 1, 142, 0.52615470228158
0.380000000000003, 9, 1, 3, 15, 0.194888178913738
0.380000000000003, 16, 1, 5, 261, 0.823255813953488
0.379999999999999, 9, 1, 3, 15, 0.194888178913738
0.379999999999999, 16, 1, 5, 261, 0.823255813953488
0.376000000000005, 11, 4, 6, 204, 0.519192172604114
0.374766594028871, 17, 2, 6, 234, 0.578273958855996
0.374766594028871, 17, 2, 6, 234, 0.578273958855996
0.355910413197237, 16, 2, 3, 137, 0.549121405750799
0.355000000000004, 11, 1, 2, 134, 0.860569715142429
0.354999999999997, 11, 1, 2, 134, 0.860569715142429
0.351196367989321, 11, 2, 6, 236, 0.582413447064726
0.344999999999999, 9, 1, 6, 293, 0.771073758153537
0.344999999999999, 9, 1, 6, 293, 0.771073758153537
0.335000000000001, 12, 1, 5, 189, 0.584156976744186
0.335000000000001, 12, 1, 5, 189, 0.584156976744186
0.335000000000001, 8, 1, 1, 133, 0.503478018920423
0.334999999999997, 8, 1, 1, 133, 0.503478018920423
0.33, 16, 1, 3, 173, 0.651357827476038
0.33, 16, 1, 3, 173, 0.651357827476038
0.325000000000003, 11, 1, 6, 128, 0.412192674360261
0.324999999999999, 11, 1, 6, 128, 0.412192674360261
0.321666666666669, 15, 1, 2, 36, 0.482008995502249
0.320555074137911, 7, 2, 7, 13, 0.993131868131868
0.319000000000003, 16, 4, 3, 96, 0.454073482428115
0.315000000000001, 14, 1, 0, 129, 0.333219178082192
0.315000000000001, 14, 1, 0, 129, 0.333219178082192
0.300222139978597, 17, 3, 6, 216, 0.53549924736578
0.300000000000001, 10, 1, 3, 173, 0.651357827476038
0.300000000000001, 10, 1, 3, 173, 0.651357827476038
0.299341870702314, 11, 2, 4, 74, 0.358695652173913
0.295000000000002, 9, 1, 3, 162, 0.620607028753994
0.295, 17, 1, 5, 254, 0.79578488372093
0.295, 17, 1, 5, 254, 0.79578488372093
0.294999999999995, 9, 1, 3, 162, 0.620607028753994
0.293005261613739, 17, 3, 5, 24, 0.103924418604651
0.285199735078576, 14, 2, 6, 247, 0.621048670346212
0.276666666666667, 9, 1, 5, 164, 0.501889534883721
0.25, 17, 1, 5, 228, 0.716860465116279
0.25, 17, 1, 5, 228, 0.716860465116279
0.245000000000005, 11, 1, 7, 11, 0.615384615384615
0.244999999999997, 11, 1, 7, 11, 0.615384615384615
0.243333333333336, 13, 1, 4, 18, 0.167701863354037
0.236713610367747, 12, 3, 7, 3, 0.0260989010989011
0.23, 11, 1, 6, 265, 0.66783743100853
0.23, 11, 1, 6, 265, 0.66783743100853
0.23, 16, 1, 3, 146, 0.568290734824281
0.225000000000001, 10, 1, 6, 267, 0.677370797792273
0.225000000000001, 13, 1, 4, 91, 0.454968944099379
0.224999999999998, 10, 1, 6, 267, 0.677370797792273
0.224999999999998, 13, 1, 4, 91, 0.454968944099379
0.215, 10, 1, 3, 107, 0.474041533546326
0.215, 10, 1, 3, 107, 0.474041533546326
0.210000000000001, 12, 1, 6, 77, 0.300175614651279
0.209999999999997, 12, 1, 6, 77, 0.300175614651279
0.208596500450043, 11, 2, 3, 16, 0.200079872204473
0.208596500450023, 11, 2, 3, 16, 0.200079872204473
0.200000000000003, 11, 1, 7, 7, 0.245879120879121
0.200000000000003, 11, 1, 7, 7, 0.245879120879121
0.200000000000003, 12, 1, 2, 8, 0.382308845577211
0.199999999999996, 12, 1, 2, 8, 0.382308845577211
0.197989898732234, 7, 2, 5, 226, 0.714970930232558
0.197989898732234, 7, 2, 5, 226, 0.714970930232558
0.195632876128276, 9, 2, 5, 164, 0.501889534883721
0.195000000000007, 15, 4, 6, 127, 0.411063723030607
0.195, 8, 1, 7, 10, 0.409340659340659
0.195, 8, 1, 7, 10, 0.409340659340659
0.195, 15, 1, 5, 199, 0.598255813953488
0.195, 15, 1, 5, 199, 0.598255813953488
0.190000000000005, 14, 1, 0, 189, 0.460730593607306
0.189999999999998, 14, 1, 0, 189, 0.460730593607306
0.173333333333332, 10, 1, 3, 121, 0.50758785942492
0.172062650088726, 13, 2, 4, 18, 0.167701863354037
0.170000000000002, 15, 1, 6, 275, 0.697190165579528
0.170000000000002, 15, 1, 6, 275, 0.697190165579528
0.166666666666671, 16, 1, 1, 183, 0.915692821368948
0.162634559672904, 16, 2, 3, 146, 0.568290734824281
0.159999999999997, 11, 1, 7, 11, 0.615384615384615
0.15, 14, 1, 0, 226, 0.539840182648402
0.149999999999999, 14, 1, 0, 226, 0.539840182648402
0.149999999999999, 14, 1, 5, 137, 0.438953488372093
0.14385370655248, 15, 5, 2, 36, 0.482008995502249
0.133333333333333, 12, 1, 6, 244, 0.595960863020572
0.130000000000003, 11, 1, 5, 195, 0.595639534883721
0.130000000000003, 17, 1, 5, 142, 0.448982558139535
0.130000000000003, 17, 1, 5, 142, 0.448982558139535
0.129999999999995, 11, 1, 5, 195, 0.595639534883721
0.12256517540567, 10, 2, 3, 121, 0.50758785942492
0.117851130197751, 16, 2, 1, 183, 0.915692821368948
0.115000000000002, 14, 1, 4, 58, 0.309006211180124
0.114999999999998, 14, 1, 4, 58, 0.309006211180124
0.113137084989845, 11, 2, 7, 11, 0.615384615384615
0.106066017177981, 14, 2, 5, 137, 0.438953488372093
0.105, 14, 1, 6, 295, 0.776969392875063
0.105, 14, 1, 6, 272, 0.691545408931259
0.105, 14, 1, 6, 272, 0.691545408931259
0.104999999999999, 14, 1, 6, 295, 0.776969392875063
0.100000000000001, 8, 1, 7, 11, 0.615384615384615
0.0999999999999943, 8, 1, 7, 11, 0.615384615384615
0.095000000000006, 11, 1, 6, 150, 0.441670847967888
0.0950000000000024, 12, 1, 5, 249, 0.774709302325581
0.0949999999999989, 12, 1, 5, 249, 0.774709302325581
0.0949999999999989, 11, 1, 6, 150, 0.441670847967888
0.094280904158206, 12, 2, 6, 244, 0.595960863020572
0.0900000000000034, 13, 1, 6, 19, 0.149272453587556
0.0900000000000034, 13, 1, 6, 19, 0.149272453587556
0.0666666666666629, 18, 1, 6, 172, 0.46939287506272
0.0650000000000119, 10, 1, 7, 8, 0.259615384615385
0.0649999999999977, 10, 1, 7, 8, 0.259615384615385
0.0620000000000047, 9, 1, 3, 176, 0.703274760383387
0.0600000000000023, 14, 1, 1, 102, 0.43544796883695
0.0599999999999952, 14, 1, 1, 102, 0.43544796883695
0.0500000000000007, 14, 1, 6, 48, 0.238710486703462
0.0500000000000007, 14, 1, 6, 48, 0.238710486703462
0.0471404520791105, 18, 2, 6, 172, 0.46939287506272
0.0450000000000017, 14, 1, 6, 183, 0.480556949322629
0.0450000000000017, 17, 1, 6, 254, 0.640993477170095
0.0450000000000017, 17, 1, 6, 254, 0.640993477170095
0.0450000000000017, 15, 1, 1, 135, 0.509738452977184
0.0449999999999999, 9, 1, 5, 171, 0.51656976744186
0.0449999999999999, 9, 1, 5, 171, 0.51656976744186
0.0449999999999982, 14, 1, 6, 183, 0.480556949322629
0.0449999999999982, 15, 1, 1, 135, 0.509738452977184
0.0399999999999991, 12, 1, 5, 273, 0.90203488372093
0.0399999999999991, 12, 1, 5, 273, 0.90203488372093
0.0350000000000001, 12, 1, 0, 245, 0.639840182648402
0.0350000000000001, 12, 1, 0, 245, 0.639840182648402
0.0310000000000059, 9, 4, 3, 176, 0.703274760383387
0.0300000000000011, 13, 1, 5, 216, 0.6625
0.0300000000000011, 15, 1, 5, 119, 0.404941860465116
0.0300000000000011, 15, 1, 5, 119, 0.404941860465116
0.0299999999999976, 13, 1, 5, 216, 0.6625
0.0266666666666673, 18, 1, 5, 267, 0.842151162790698
0.0250000000000004, 10, 1, 5, 161, 0.495348837209302
0.0249999999999995, 10, 1, 5, 161, 0.495348837209302
0.0200000000000031, 8, 1, 5, 115, 0.392732558139535
0.0200000000000014, 14, 1, 6, 202, 0.516934269944807
0.0199999999999996, 15, 1, 6, 148, 0.43941294530858
0.0199999999999996, 15, 1, 6, 148, 0.43941294530858
0.0199999999999996, 14, 1, 6, 202, 0.516934269944807
0.019999999999996, 8, 1, 5, 115, 0.392732558139535
0.0188561808316392, 18, 2, 5, 267, 0.842151162790698
0.0100000000000016, 12, 1, 2, 75, 0.608445777111444
0.0100000000000016, 12, 1, 5, 235, 0.736337209302325
0.00999999999999801, 12, 1, 2, 75, 0.608445777111444
0.00999999999999801, 12, 1, 5, 235, 0.736337209302325
0.00500000000000256, 8, 1, 0, 34, 0.10513698630137
0.00500000000000256, 13, 1, 2, 23, 0.448775612193903
0.00500000000000256, 12, 1, 4, 73, 0.355590062111801
0.00500000000000256, 12, 1, 4, 73, 0.355590062111801
0.00500000000000256, 10, 1, 6, 45, 0.23607626693427
0.00500000000000256, 12, 1, 6, 237, 0.584295032614149
0.00500000000000256, 12, 1, 6, 237, 0.584295032614149
0.00500000000000256, 17, 1, 3, 139, 0.551517571884984
0.00499999999999901, 13, 1, 5, 115, 0.392732558139535
0.00499999999999901, 13, 1, 5, 115, 0.392732558139535
0.00499999999999901, 8, 1, 0, 34, 0.10513698630137
0.00499999999999901, 13, 1, 5, 121, 0.407703488372093
0.00499999999999901, 13, 1, 5, 121, 0.407703488372093
0.00499999999999545, 13, 1, 2, 23, 0.448775612193903
0.00499999999999545, 10, 1, 6, 45, 0.23607626693427
0.00499999999999545, 17, 1, 3, 139, 0.551517571884984
