norm, level, Npoints, dimSplit, MainGridIndexSplit
921.875436379393, 0, 659, -1, -1, -1
170.362950785486, 1, 215, 7, 4, 0.0549450549450549
146.150120454437, 2, 99, 0, 233, 0.579794520547945
118.550365860503, 1, 444, 7, 4, 0.0549450549450549
92.8457956929405, 3, 77, 0, 70, 0.14337899543379
78.290168431121, 2, 345, 0, 233, 0.579794520547945
64.7519207247503, 4, 126, 1, 3, 0.0397885364496383
61.8925998666664, 3, 45, 3, 120, 0.502396166134185
61.8465385554089, 2, 93, 3, 98, 0.4564696485623
60.9949325954875, 4, 142, 1, 3, 0.0397885364496383
56.4999551493574, 3, 54, 3, 120, 0.502396166134185
55.8681834786226, 5, 26, 3, 42, 0.315495207667732
53.9979107678396, 2, 122, 3, 98, 0.4564696485623
49.7668563244016, 3, 268, 0, 70, 0.14337899543379
47.7141005976221, 4, 6, 2, 42, 0.498500749625187
44.0713161344232, 3, 43, 5, 183, 0.569767441860465
43.8208696939074, 5, 62, 3, 121, 0.50758785942492
43.1307341269841, 5, 64, 3, 121, 0.50758785942492
42.5678845643738, 5, 5, 0, 257, 0.740296803652968
41.6687202028945, 5, 20, 1, 96, 0.413884251530328
40.8700572425024, 3, 50, 5, 183, 0.569767441860465
39.0246666666666, 4, 9, 4, 10, 0.116459627329193
38.0381633291609, 5, 24, 1, 96, 0.413884251530328
36.4443675922822, 7, 5, 1, 149, 0.557735114079021
33.1760526315789, 7, 1, 5, 281, 0.949127906976744
32.7953551912568, 3, 9, 5, 69, 0.246947674418605
32.2805410455572, 6, 2, 5, 11, 0.0581395348837209
31.6307811170112, 6, 10, 3, 122, 0.510782747603834
30.6844428212409, 5, 5, 5, 280, 0.940988372093023
29.1600460401229, 6, 10, 4, 9, 0.108695652173913
27.506464254197, 5, 21, 7, 3, 0.0260989010989011
26.7169602054566, 4, 34, 7, 2, 0.010989010989011
26.4497901131148, 5, 116, 3, 42, 0.315495207667732
26.2833366711734, 5, 23, 7, 3, 0.0260989010989011
25.6349548872037, 6, 58, 7, 5, 0.112637362637363
25.6349548872036, 6, 58, 7, 5, 0.112637362637363
25.2086956521739, 9, 1, 5, 36, 0.144476744186047
25.1076595058314, 7, 8, 1, 24, 0.247217584863662
25.0751185361043, 7, 12, 5, 258, 0.807703488372093
24.8145454545455, 10, 1, 3, 117, 0.492811501597444
24.2178812088024, 6, 24, 7, 5, 0.112637362637363
23.1533333333333, 7, 4, 6, 8, 0.0815353738083291
23.0689922559201, 4, 3, 0, 259, 0.765981735159817
22.7760606060606, 5, 9, 7, 6, 0.197802197802198
22.7097818434078, 4, 8, 0, 239, 0.622488584474886
22.6098613275646, 11, 3, 0, 108, 0.256506849315069
22.5376451805319, 5, 8, 0, 249, 0.655821917808219
22.3483173146422, 8, 3, 4, 70, 0.346273291925466
22.3297705376574, 8, 14, 0, 220, 0.524543378995434
22.2601724137931, 7, 25, 4, 17, 0.16304347826087
21.36, 7, 1, 6, 110, 0.383090817862519
20.9020764518743, 5, 2, 7, 2, 0.010989010989011
20.7385366833205, 12, 5, 1, 132, 0.49819143016138
20.6171100632691, 8, 14, 4, 45, 0.265527950310559
19.5123333333333, 4, 36, 4, 10, 0.116459627329193
19.3749931748139, 7, 33, 4, 17, 0.16304347826087
19.2464203683698, 6, 38, 7, 5, 0.112637362637363
19.1496375241855, 5, 13, 0, 249, 0.655821917808219
19.1496375241854, 5, 13, 0, 249, 0.655821917808219
18.9610683375173, 9, 2, 5, 75, 0.273546511627907
18.6955661025576, 7, 19, 1, 149, 0.557735114079021
18.075, 11, 1, 7, 2, 0.010989010989011
17.776477630903, 8, 19, 0, 200, 0.482990867579909
17.688, 8, 4, 0, 174, 0.429908675799087
17.6407809721848, 4, 33, 4, 35, 0.231366459627329
17.6195993498976, 4, 44, 2, 42, 0.498500749625187
17.528354172597, 7, 3, 0, 21, 0.0950913242009132
17.5272167124314, 4, 79, 7, 2, 0.010989010989011
17.3949426445427, 6, 7, 7, 5, 0.112637362637363
16.7346390016846, 10, 17, 7, 6, 0.197802197802198
16.6827550526173, 7, 7, 0, 105, 0.253538812785388
16.3122408593011, 4, 6, 0, 259, 0.765981735159817
16.2237870630339, 9, 6, 6, 54, 0.252885097842449
16.0852527423391, 8, 23, 4, 45, 0.265527950310559
15.9948484848485, 8, 16, 0, 193, 0.466095890410959
15.9438527004896, 13, 5, 5, 93, 0.335174418604651
15.77, 8, 1, 0, 265, 0.857305936073059
15.5444444444444, 5, 4, 1, 129, 0.489844184752365
15.5172822985366, 8, 17, 0, 193, 0.466095890410959
15.4739420882192, 4, 17, 1, 27, 0.260434056761269
15.3470334774012, 6, 13, 6, 80, 0.312970396387356
15.2773644645091, 4, 44, 4, 35, 0.231366459627329
15.2617213606096, 10, 2, 0, 277, 0.990068493150685
15.139156185204, 5, 2, 3, 165, 0.630990415335463
15.1217829457364, 9, 9, 0, 93, 0.203995433789954
15.0567472974805, 10, 21, 7, 6, 0.197802197802198
14.9121625506235, 8, 27, 0, 200, 0.482990867579909
14.8513628100484, 8, 6, 5, 54, 0.199273255813954
14.7876923076923, 7, 1, 5, 271, 0.881686046511628
14.78, 5, 4, 7, 2, 0.010989010989011
14.7348983291082, 10, 14, 1, 102, 0.43544796883695
14.73, 6, 1, 6, 91, 0.341695935775213
14.4955555555556, 13, 1, 6, 8, 0.0815353738083291
14.4029661848049, 11, 7, 3, 143, 0.559904153354633
14.3488235294118, 5, 1, 4, 61, 0.31832298136646
14.1491570088107, 7, 3, 1, 65, 0.350723427935448
14.1380950135527, 10, 2, 4, 57, 0.305900621118012
14.0873465682269, 8, 3, 7, 2, 0.010989010989011
14.0872282582487, 6, 5, 6, 160, 0.460737581535374
14.0461711319985, 9, 2, 5, 241, 0.748982558139535
13.9474317088884, 5, 24, 7, 6, 0.197802197802198
13.9033737800987, 5, 5, 1, 129, 0.489844184752365
13.79330648292, 7, 11, 3, 18, 0.23482428115016
13.7230141497913, 6, 2, 5, 280, 0.940988372093023
13.6117209437462, 6, 54, 3, 122, 0.510782747603834
13.5523353187778, 6, 3, 1, 148, 0.550918196994992
13.3706074483329, 6, 3, 4, 77, 0.368012422360248
13.2502506757765, 9, 8, 4, 6, 0.0854037267080745
13.2466666666667, 9, 9, 6, 54, 0.252885097842449
13.2263636363636, 9, 1, 5, 118, 0.401453488372093
13.1791487182405, 9, 7, 5, 241, 0.748982558139535
13.042470529505, 6, 18, 6, 80, 0.312970396387356
12.94375, 5, 1, 0, 234, 0.583333333333333
12.8614944664211, 12, 13, 1, 132, 0.49819143016138
12.8612621972388, 12, 2, 6, 235, 0.580155544405419
12.8311064326778, 6, 7, 4, 4, 0.0652173913043478
12.8072150480452, 7, 46, 5, 258, 0.807703488372093
12.7416646381709, 7, 12, 0, 105, 0.253538812785388
12.7413090595594, 8, 43, 0, 220, 0.524543378995434
12.6047223029434, 13, 8, 5, 93, 0.335174418604651
12.5123462470268, 4, 26, 1, 27, 0.260434056761269
12.4054813691368, 11, 2, 7, 2, 0.010989010989011
12.375977242158, 7, 14, 6, 8, 0.0815353738083291
12.3281004270085, 10, 20, 1, 102, 0.43544796883695
12.3231687853121, 5, 31, 5, 280, 0.940988372093023
12.2, 8, 4, 7, 2, 0.010989010989011
12.1454545454546, 8, 4, 4, 109, 0.801242236024845
11.9028871567644, 12, 6, 1, 102, 0.43544796883695
11.6241993810327, 10, 5, 3, 88, 0.434904153354633
11.6229166666667, 9, 9, 5, 241, 0.748982558139535
11.5265202702703, 6, 64, 4, 9, 0.108695652173913
11.3392135209352, 6, 11, 1, 139, 0.519894268224819
11.2998517438678, 9, 11, 4, 6, 0.0854037267080745
11.2924935244613, 8, 10, 5, 40, 0.155523255813953
11.228, 8, 1, 4, 75, 0.361801242236025
11.1187348880385, 9, 7, 5, 123, 0.409302325581395
11.064994706603, 5, 74, 0, 257, 0.740296803652968
11.029, 6, 1, 4, 37, 0.239130434782609
10.964, 7, 4, 1, 123, 0.473706176961603
10.8383333333333, 9, 1, 6, 198, 0.506146512794782
10.8046008611757, 9, 3, 3, 171, 0.646565495207668
10.7918636944691, 13, 2, 0, 199, 0.482077625570776
10.7916666666667, 10, 4, 0, 277, 0.990068493150685
10.705, 5, 4, 3, 165, 0.630990415335463
10.6590406697789, 8, 3, 2, 65, 0.578710644677661
10.58, 7, 1, 3, 162, 0.620607028753994
10.58, 7, 1, 3, 162, 0.620607028753994
10.5640665504972, 8, 3, 0, 136, 0.342922374429224
10.5583297304683, 6, 19, 7, 5, 0.112637362637363
10.5323555057736, 8, 2, 0, 101, 0.249657534246575
10.5323555057736, 8, 2, 0, 101, 0.249657534246575
10.4824651939899, 10, 2, 3, 43, 0.320686900958467
10.4706178204061, 7, 46, 1, 24, 0.247217584863662
10.4356061156025, 11, 3, 7, 2, 0.010989010989011
10.430559377311, 6, 13, 1, 139, 0.519894268224819
10.36, 8, 1, 1, 115, 0.463272120200334
10.3409808176121, 5, 38, 0, 249, 0.655821917808219
10.315, 9, 1, 5, 223, 0.700872093023256
10.1924391745318, 8, 2, 1, 77, 0.377991096271564
10.1844350584761, 11, 14, 3, 143, 0.559904153354633
10.1290331226628, 11, 3, 7, 2, 0.010989010989011
10.1273333333333, 6, 1, 4, 90, 0.442546583850932
9.91310412198587, 10, 3, 7, 8, 0.259615384615385
9.91280518190458, 11, 2, 1, 63, 0.33889816360601
9.77627210818792, 10, 3, 3, 126, 0.519568690095847
9.71866666666671, 12, 9, 1, 102, 0.43544796883695
9.70150503787942, 12, 2, 6, 114, 0.389362769693929
9.68773193270747, 11, 6, 0, 130, 0.336872146118721
9.67710526315787, 8, 16, 4, 70, 0.346273291925466
9.6006749762712, 7, 10, 0, 21, 0.0950913242009132
9.58294820482174, 6, 6, 1, 148, 0.550918196994992
9.47063370888436, 4, 46, 0, 239, 0.622488584474886
9.33750000000001, 10, 4, 5, 114, 0.392005813953488
9.3375, 10, 4, 5, 114, 0.392005813953488
9.27016990135564, 9, 2, 0, 148, 0.368150684931507
9.25538250434031, 3, 113, 5, 69, 0.246947674418605
9.245, 8, 1, 7, 2, 0.010989010989011
9.245, 8, 1, 7, 2, 0.010989010989011
9.23043723460325, 11, 18, 0, 108, 0.256506849315069
9.22028235287108, 8, 15, 5, 40, 0.155523255813953
9.19991542116033, 7, 2, 6, 298, 0.852609131961867
9.18110065346049, 8, 7, 4, 109, 0.801242236024845
9.15132156928697, 9, 8, 5, 123, 0.409302325581395
9.14944444444444, 7, 25, 3, 18, 0.23482428115016
9.01662161267303, 10, 2, 5, 157, 0.484593023255814
8.97447112685955, 7, 7, 7, 3, 0.0260989010989011
8.9520685132916, 7, 6, 1, 123, 0.473706176961603
8.94171640373915, 10, 5, 4, 57, 0.305900621118012
8.88126117170305, 6, 2, 3, 162, 0.620607028753994
8.83647774222788, 8, 2, 3, 125, 0.517172523961661
8.81151980837207, 13, 3, 0, 199, 0.482077625570776
8.6461481669585, 14, 2, 1, 19, 0.144546466332777
8.58499999999999, 10, 4, 7, 8, 0.259615384615385
8.5134561463342, 8, 5, 5, 272, 0.891860465116279
8.44493469319438, 5, 2, 5, 65, 0.234883720930233
8.43571428571428, 11, 1, 5, 218, 0.667151162790698
8.40166666666666, 8, 1, 4, 79, 0.374223602484472
8.40000000000001, 6, 1, 7, 2, 0.010989010989011
8.4, 6, 1, 7, 2, 0.010989010989011
8.33, 8, 1, 0, 159, 0.398858447488584
8.31076923076923, 8, 1, 6, 284, 0.737706974410437
8.23357918743136, 6, 17, 4, 4, 0.0652173913043478
8.08, 11, 1, 4, 88, 0.419254658385093
8.08, 11, 1, 4, 88, 0.419254658385093
8.04909090909089, 10, 4, 0, 216, 0.510958904109589
7.995, 10, 1, 3, 110, 0.478035143769968
7.995, 10, 1, 3, 110, 0.478035143769968
7.98296244619504, 8, 3, 6, 74, 0.296287004515805
7.95, 6, 1, 3, 27, 0.280351437699681
7.91, 11, 9, 0, 130, 0.336872146118721
7.85191572880433, 8, 2, 3, 34, 0.295127795527157
7.8365676538005, 9, 3, 4, 82, 0.383540372670807
7.835, 8, 1, 2, 3, 0.297351324337831
7.80410184169554, 15, 2, 6, 174, 0.471650777722027
7.79, 10, 1, 5, 263, 0.828779069767442
7.78009314007773, 9, 34, 0, 93, 0.203995433789954
7.7775, 9, 1, 0, 72, 0.146232876712329
7.766, 10, 1, 4, 82, 0.383540372670807
7.74249999999999, 7, 1, 7, 3, 0.0260989010989011
7.71967608498851, 8, 21, 0, 174, 0.429908675799087
7.69525430219887, 9, 3, 7, 2, 0.010989010989011
7.60859649122804, 6, 36, 5, 11, 0.0581395348837209
7.58007750620005, 9, 7, 0, 239, 0.622488584474886
7.58007750620005, 9, 7, 0, 239, 0.622488584474886
7.42462120245873, 6, 18, 6, 160, 0.460737581535374
7.42361104991419, 7, 2, 1, 163, 0.648998330550918
7.37160823701315, 10, 3, 4, 14, 0.141304347826087
7.36499999999999, 6, 4, 6, 91, 0.341695935775213
7.35, 8, 1, 7, 2, 0.010989010989011
7.34999999999999, 8, 1, 7, 2, 0.010989010989011
7.32562625309263, 8, 2, 1, 115, 0.463272120200334
7.262, 8, 1, 3, 117, 0.492811501597444
7.25151938102169, 6, 3, 3, 162, 0.620607028753994
7.23370237153837, 15, 2, 0, 123, 0.3087899543379
7.19518368451898, 8, 7, 5, 272, 0.891860465116279
7.13874999999999, 8, 1, 5, 154, 0.481104651162791
7.12, 7, 9, 6, 110, 0.383090817862519
7.11333333333333, 5, 1, 7, 2, 0.010989010989011
7.06192307692309, 6, 4, 0, 256, 0.736301369863014
6.97798010069635, 8, 7, 2, 65, 0.578710644677661
6.9715199734879, 7, 6, 6, 160, 0.460737581535374
6.93, 14, 1, 5, 106, 0.370930232558139
6.85800959228456, 7, 3, 1, 49, 0.318030050083472
6.79388195364036, 11, 2, 0, 185, 0.449771689497717
6.71749999999999, 11, 1, 3, 76, 0.406549520766773
6.71123464175305, 10, 15, 3, 88, 0.434904153354633
6.70745857650687, 9, 5, 5, 73, 0.265116279069767
6.67499999999999, 7, 4, 5, 262, 0.826162790697675
6.66428571428573, 9, 4, 7, 2, 0.010989010989011
6.65094786349985, 8, 6, 4, 46, 0.268633540372671
6.62700475328033, 13, 2, 5, 136, 0.434447674418605
6.62571428571429, 10, 1, 1, 29, 0.263912075681692
6.58669966675269, 11, 2, 3, 67, 0.386182108626198
6.58669966675269, 11, 2, 3, 67, 0.386182108626198
6.5779322684769, 9, 20, 5, 123, 0.409302325581395
6.55499999999999, 9, 4, 0, 148, 0.368150684931507
6.5497869767973, 7, 14, 1, 65, 0.350723427935448
6.51669609541522, 14, 2, 4, 62, 0.321428571428571
6.50740269200532, 10, 2, 6, 283, 0.732689412945309
6.5, 8, 1, 7, 2, 0.010989010989011
6.5, 8, 1, 7, 2, 0.010989010989011
6.442752929154, 7, 2, 0, 105, 0.253538812785388
6.43467170879758, 9, 2, 3, 7, 0.155750798722045
6.43467170879758, 9, 2, 3, 7, 0.155750798722045
6.43466666666666, 11, 9, 0, 155, 0.392694063926941
6.41628693248672, 11, 2, 6, 158, 0.456472654290015
6.41302914392171, 6, 3, 0, 235, 0.590867579908676
6.40007242146526, 10, 7, 3, 126, 0.519568690095847
6.36727272727273, 9, 1, 3, 24, 0.266773162939297
6.30714285714286, 9, 1, 4, 106, 0.664596273291926
6.295, 8, 1, 5, 222, 0.695639534883721
6.295, 8, 1, 5, 222, 0.695639534883721
6.21075456142184, 13, 2, 7, 10, 0.409340659340659
6.20839753881789, 6, 2, 4, 70, 0.346273291925466
6.20839753881789, 6, 2, 4, 70, 0.346273291925466
6.1575, 8, 1, 4, 66, 0.333850931677019
6.13577053025944, 12, 5, 6, 114, 0.389362769693929
6.13, 9, 1, 4, 12, 0.125776397515528
6.12818181818182, 10, 1, 5, 198, 0.596947674418605
6.10088104619132, 9, 18, 5, 123, 0.409302325581395
6.09916666666669, 8, 9, 0, 136, 0.342922374429224
6.08815858860463, 9, 3, 1, 43, 0.294101279910963
6.085, 12, 1, 5, 250, 0.779360465116279
6.085, 12, 1, 5, 250, 0.779360465116279
6.08454080731582, 10, 7, 0, 216, 0.510958904109589
6.01, 10, 1, 4, 90, 0.442546583850932
5.9868374140461, 8, 2, 1, 182, 0.864496382860323
5.97333333333333, 8, 1, 2, 91, 0.641179410294853
5.95536802669099, 9, 3, 5, 223, 0.700872093023256
5.92333333333333, 12, 1, 3, 47, 0.334664536741214
5.91141269071954, 7, 2, 0, 248, 0.652511415525114
5.86428571428572, 10, 1, 4, 13, 0.133540372670807
5.82037499572914, 11, 11, 0, 155, 0.392694063926941
5.81, 8, 1, 6, 40, 0.215378825890617
5.77350269189627, 7, 3, 7, 5, 0.112637362637363
5.77350269189622, 7, 3, 7, 5, 0.112637362637363
5.7729637456131, 9, 10, 0, 117, 0.294292237442922
5.7598898090367, 8, 8, 4, 46, 0.268633540372671
5.75190808318018, 8, 40, 5, 54, 0.199273255813954
5.7452425971407, 6, 2, 7, 2, 0.010989010989011
5.74524259714069, 6, 2, 7, 2, 0.010989010989011
5.73432535220124, 9, 12, 5, 241, 0.748982558139535
5.71666666666667, 7, 1, 7, 10, 0.409340659340659
5.70261221918947, 10, 5, 5, 157, 0.484593023255814
5.66883715435006, 9, 7, 5, 73, 0.265116279069767
5.61399999999999, 8, 4, 4, 75, 0.361801242236025
5.60311333209902, 10, 7, 3, 43, 0.320686900958467
5.57136363636363, 7, 4, 5, 208, 0.640988372093023
5.56000000000001, 11, 1, 6, 259, 0.652282990466633
5.554716603321, 7, 2, 1, 54, 0.32582081246522
5.54718138637392, 11, 3, 0, 185, 0.449771689497717
5.54129012922951, 9, 6, 4, 82, 0.383540372670807
5.52, 6, 1, 7, 7, 0.245879120879121
5.51833333333332, 15, 4, 6, 174, 0.471650777722027
5.50430496051321, 9, 11, 0, 117, 0.294292237442922
5.5, 8, 1, 7, 2, 0.010989010989011
5.5, 8, 1, 7, 2, 0.010989010989011
5.48209785928485, 9, 2, 3, 145, 0.567092651757188
5.45852763324527, 6, 18, 4, 77, 0.368012422360248
5.45410945542088, 7, 37, 5, 281, 0.949127906976744
5.45333333333333, 8, 1, 6, 166, 0.466256899147015
5.435, 9, 1, 6, 203, 0.518063221274461
5.435, 9, 1, 6, 203, 0.518063221274461
5.41643794388896, 7, 2, 2, 91, 0.641179410294853
5.41497775625603, 10, 21, 3, 117, 0.492811501597444
5.41092672284518, 13, 3, 5, 136, 0.434447674418605
5.3775470709237, 14, 2, 6, 33, 0.18941294530858
5.37451197143405, 9, 22, 5, 36, 0.144476744186047
5.37222222222222, 10, 1, 1, 173, 0.695882025598219
5.34, 11, 1, 6, 300, 0.878198695434019
5.33512066405251, 9, 2, 1, 159, 0.590567612687813
5.33512066405249, 9, 2, 1, 159, 0.590567612687813
5.3279807341716, 10, 3, 0, 106, 0.254794520547945
5.3208600808516, 14, 3, 4, 62, 0.321428571428571
5.29815097026346, 10, 3, 1, 69, 0.360044518642181
5.25058830523024, 12, 12, 6, 235, 0.580155544405419
5.23887634262668, 11, 3, 6, 158, 0.456472654290015
5.16666666666666, 14, 1, 1, 159, 0.590567612687813
5.12495281519983, 13, 8, 6, 8, 0.0815353738083291
5.11500000000001, 15, 4, 0, 123, 0.3087899543379
5.09999999999999, 13, 4, 3, 153, 0.587060702875399
5.07401594010274, 8, 6, 3, 118, 0.496006389776358
5.04285714285716, 6, 1, 5, 127, 0.41671511627907
5.02988623684031, 5, 2, 7, 2, 0.010989010989011
5.02000000000001, 10, 1, 3, 93, 0.448482428115016
5.00397726167639, 11, 3, 2, 86, 0.629185407296352
5.00155832364818, 9, 14, 3, 171, 0.646565495207668
4.99185597164689, 14, 6, 1, 19, 0.144546466332777
4.96598753974453, 8, 5, 3, 34, 0.295127795527157
4.952, 11, 1, 4, 30, 0.211180124223602
4.92960904843077, 7, 12, 6, 160, 0.460737581535374
4.92071428571428, 7, 1, 0, 136, 0.342922374429224
4.89345592443151, 9, 3, 1, 122, 0.473288814691152
4.8922776475132, 5, 7, 0, 234, 0.583333333333333
4.85333333333334, 12, 1, 3, 156, 0.591453674121406
4.84705001922704, 9, 5, 6, 198, 0.506146512794782
4.83666666666667, 13, 1, 7, 8, 0.259615384615385
4.80666666666667, 10, 1, 5, 263, 0.828779069767442
4.80666666666667, 11, 1, 7, 6, 0.197802197802198
4.805, 9, 1, 4, 6, 0.0854037267080745
4.75571664592483, 12, 3, 0, 229, 0.555936073059361
4.75483390399134, 8, 11, 0, 265, 0.857305936073059
4.72499999999999, 10, 1, 3, 50, 0.343849840255591
4.72329603103865, 8, 7, 3, 125, 0.517172523961661
4.71215958982715, 11, 2, 3, 67, 0.386182108626198
4.70794871794873, 6, 9, 0, 256, 0.736301369863014
4.69510387618456, 7, 5, 1, 163, 0.648998330550918
4.63, 11, 1, 6, 140, 0.423858504766683
4.62714285714287, 10, 4, 5, 212, 0.648691860465116
4.61333333333333, 10, 1, 6, 62, 0.261540391369794
4.5938370551086, 11, 2, 5, 241, 0.748982558139535
4.53, 12, 1, 6, 236, 0.582413447064726
4.52353935910071, 8, 3, 2, 3, 0.297351324337831
4.515, 11, 1, 7, 8, 0.259615384615385
4.515, 11, 1, 7, 8, 0.259615384615385
4.47322740707133, 11, 3, 0, 170, 0.423858447488584
4.47013445920067, 7, 3, 7, 3, 0.0260989010989011
4.462, 6, 1, 1, 16, 0.128964941569282
4.43827356324757, 7, 2, 7, 10, 0.409340659340659
4.43545454545454, 12, 1, 1, 1, 0.0153032832498609
4.42250306199252, 7, 3, 2, 91, 0.641179410294853
4.39166666666667, 13, 4, 7, 10, 0.409340659340659
4.37727272727273, 12, 4, 6, 52, 0.249247365780231
4.37, 9, 1, 3, 71, 0.395766773162939
4.35971622021815, 10, 3, 5, 226, 0.714970930232558
4.34996740762142, 9, 38, 5, 75, 0.273546511627907
4.34333333333333, 8, 1, 3, 162, 0.620607028753994
4.33878727296004, 9, 3, 0, 226, 0.539840182648402
4.33878727296004, 9, 3, 0, 226, 0.539840182648402
4.33357142857142, 11, 4, 2, 86, 0.629185407296352
4.28506709399049, 16, 2, 0, 93, 0.203995433789954
4.26883906726976, 7, 12, 5, 271, 0.881686046511628
4.24971175493115, 10, 2, 4, 90, 0.442546583850932
4.23785714285714, 9, 4, 1, 122, 0.473288814691152
4.23333333333333, 8, 4, 1, 182, 0.864496382860323
4.21985613528105, 12, 2, 3, 143, 0.559904153354633
4.21155504152189, 7, 7, 5, 208, 0.640988372093023
4.2, 10, 1, 4, 108, 0.706521739130435
4.18842916722832, 12, 2, 3, 47, 0.334664536741214
4.18254342525363, 9, 10, 5, 118, 0.401453488372093
4.16104586865952, 8, 12, 1, 77, 0.377991096271564
4.13784379236335, 10, 5, 4, 36, 0.234472049689441
4.13200000000001, 11, 4, 5, 265, 0.834447674418604
4.12, 15, 1, 6, 113, 0.388986452584044
4.11564283172963, 10, 5, 6, 283, 0.732689412945309
4.07475473156961, 7, 5, 0, 105, 0.253538812785388
4.06666666666666, 12, 1, 7, 5, 0.112637362637363
4.05643590140683, 11, 2, 1, 151, 0.57039510294936
4.0422937657831, 7, 2, 7, 10, 0.409340659340659
4.00103736548411, 14, 3, 5, 106, 0.370930232558139
3.98666803232975, 11, 2, 5, 237, 0.740697674418604
3.98563536788226, 9, 7, 1, 43, 0.294101279910963
3.98536642960611, 13, 3, 2, 41, 0.495752123938031
3.97, 7, 1, 7, 11, 0.615384615384615
3.97, 7, 1, 7, 11, 0.615384615384615
3.95142857142855, 8, 4, 7, 6, 0.197802197802198
3.935, 13, 1, 7, 8, 0.259615384615385
3.935, 13, 1, 7, 8, 0.259615384615385
3.93031584688176, 8, 10, 3, 118, 0.496006389776358
3.92208561298138, 12, 2, 0, 196, 0.47796803652968
3.92166666666667, 12, 1, 6, 160, 0.460737581535374
3.90676496605568, 14, 2, 4, 13, 0.133540372670807
3.90676496605567, 14, 2, 4, 13, 0.133540372670807
3.883, 10, 4, 4, 82, 0.383540372670807
3.8783504332813, 11, 3, 3, 76, 0.406549520766773
3.85608898007064, 8, 2, 6, 166, 0.466256899147015
3.85333333333333, 11, 1, 3, 171, 0.646565495207668
3.84746219387966, 11, 3, 3, 67, 0.386182108626198
3.815, 16, 1, 5, 255, 0.797529069767442
3.815, 16, 1, 5, 255, 0.797529069767442
3.75733955819216, 8, 5, 4, 79, 0.374223602484472
3.74635847882338, 10, 6, 1, 69, 0.360044518642181
3.72333333333334, 12, 1, 7, 10, 0.409340659340659
3.70523953341751, 11, 2, 5, 118, 0.401453488372093
3.70523953341751, 11, 2, 5, 118, 0.401453488372093
3.703, 13, 4, 0, 138, 0.345319634703196
3.68580411850657, 10, 12, 4, 14, 0.141304347826087
3.6533850361305, 14, 2, 1, 159, 0.590567612687813
3.63100000000003, 8, 4, 3, 117, 0.492811501597444
3.61964467085554, 11, 15, 1, 63, 0.33889816360601
3.61, 7, 1, 6, 253, 0.637230306071249
3.60624458405141, 13, 8, 3, 153, 0.587060702875399
3.57571428571428, 10, 1, 1, 130, 0.493878686700056
3.575, 7, 1, 7, 3, 0.0260989010989011
3.575, 7, 1, 7, 3, 0.0260989010989011
3.57250000000001, 16, 1, 4, 49, 0.277950310559006
3.568, 11, 1, 7, 5, 0.112637362637363
3.56793757953088, 7, 14, 5, 262, 0.826162790697675
3.54967604155644, 10, 2, 3, 93, 0.448482428115016
3.51957099658467, 10, 5, 5, 206, 0.618459302325581
3.51957099658467, 10, 5, 5, 206, 0.618459302325581
3.51256072406393, 6, 10, 0, 235, 0.590867579908676
3.512, 13, 1, 2, 31, 0.471514242878561
3.49874263128913, 16, 3, 0, 93, 0.203995433789954
3.49711628651788, 10, 7, 4, 36, 0.234472049689441
3.48564907969781, 6, 31, 5, 280, 0.940988372093023
3.48379390894469, 10, 5, 5, 263, 0.828779069767442
3.46718311825468, 9, 5, 3, 145, 0.567092651757188
3.4535095193151, 11, 2, 3, 44, 0.321485623003195
3.45142857142857, 13, 4, 2, 41, 0.495752123938031
3.45, 12, 1, 7, 8, 0.259615384615385
3.45, 12, 1, 7, 8, 0.259615384615385
3.44386593598444, 11, 6, 5, 218, 0.667151162790698
3.44, 11, 1, 6, 247, 0.621048670346212
3.44, 11, 1, 6, 247, 0.621048670346212
3.43333333333334, 7, 1, 6, 203, 0.518063221274461
3.4318249113587, 12, 2, 3, 156, 0.591453674121406
3.43, 8, 1, 4, 46, 0.268633540372671
3.43, 8, 1, 4, 46, 0.268633540372671
3.42003979833893, 13, 2, 7, 8, 0.259615384615385
3.42, 15, 1, 6, 17, 0.143251379829403
3.41333333333333, 9, 1, 1, 150, 0.562604340567613
3.40070825956398, 8, 6, 0, 159, 0.398858447488584
3.4, 8, 1, 7, 2, 0.010989010989011
3.4, 8, 1, 7, 2, 0.010989010989011
3.39882659490333, 10, 2, 5, 263, 0.828779069767442
3.39882659490333, 11, 2, 7, 6, 0.197802197802198
3.38845569544593, 8, 2, 5, 86, 0.316133720930233
3.37702166301906, 10, 5, 5, 226, 0.714970930232558
3.37376387239336, 11, 6, 5, 265, 0.834447674418604
3.372, 11, 4, 7, 9, 0.299450549450549
3.3587572106361, 10, 2, 7, 11, 0.615384615384615
3.3587572106361, 10, 2, 7, 11, 0.615384615384615
3.3089071591626, 12, 7, 6, 52, 0.249247365780231
3.26333333333333, 9, 1, 6, 191, 0.498243853487205
3.26211928387394, 10, 2, 6, 62, 0.261540391369794
3.25510081769111, 11, 3, 5, 237, 0.740697674418604
3.25166666666667, 12, 1, 4, 78, 0.37111801242236
3.24833333333333, 11, 4, 5, 241, 0.748982558139535
3.245, 13, 1, 1, 184, 0.975932109070673
3.22666666666667, 11, 1, 5, 248, 0.770058139534884
3.20319371877506, 12, 2, 6, 236, 0.582413447064726
3.19847967356715, 10, 2, 5, 153, 0.478779069767442
3.18697348592674, 6, 3, 7, 7, 0.245879120879121
3.15857142857143, 13, 1, 0, 99, 0.230022831050228
3.1575, 8, 1, 6, 245, 0.607375815353738
3.15, 12, 1, 5, 259, 0.810755813953488
3.15, 12, 1, 5, 259, 0.810755813953488
3.14499860276056, 7, 57, 7, 3, 0.0260989010989011
3.14, 12, 1, 7, 3, 0.0260989010989011
3.13833333333332, 7, 4, 7, 10, 0.409340659340659
3.13674401250723, 9, 3, 4, 74, 0.358695652173913
3.10472824897769, 14, 6, 6, 33, 0.18941294530858
3.09359216769115, 11, 2, 6, 294, 0.774460612142499
3.09359216769114, 11, 2, 6, 294, 0.774460612142499
3.08365415208038, 5, 15, 5, 65, 0.234883720930233
3.07995510833969, 10, 2, 2, 142, 0.902048975512244
3.0775, 10, 1, 3, 193, 0.959664536741214
3.07120045295358, 8, 2, 3, 162, 0.620607028753994
3.02348683917537, 13, 6, 0, 138, 0.345319634703196
3.0169889330626, 12, 2, 4, 74, 0.358695652173913
3.00481756042336, 6, 7, 3, 27, 0.280351437699681
2.9698484809835, 10, 2, 4, 108, 0.706521739130435
2.96960526315789, 7, 16, 1, 49, 0.318030050083472
2.96912091575024, 7, 7, 1, 54, 0.32582081246522
2.95570634535977, 7, 8, 0, 248, 0.652511415525114
2.9325, 12, 1, 6, 163, 0.462744606121425
2.9264620975101, 10, 10, 5, 212, 0.648691860465116
2.91333333333333, 11, 1, 6, 110, 0.383090817862519
2.91327993848858, 15, 2, 6, 113, 0.388986452584044
2.90984535671572, 14, 3, 4, 18, 0.167701863354037
2.90984535671571, 14, 3, 4, 18, 0.167701863354037
2.89206673505298, 11, 2, 2, 104, 0.689405297351324
2.89206673505297, 11, 2, 2, 104, 0.689405297351324
2.87556757682529, 12, 2, 7, 5, 0.112637362637363
2.86833333333333, 11, 4, 1, 151, 0.57039510294936
2.84256926036992, 14, 2, 5, 163, 0.5
2.82, 11, 1, 5, 216, 0.6625
2.81977871472214, 11, 3, 3, 44, 0.321485623003195
2.81428498912246, 14, 2, 5, 213, 0.653488372093023
2.812, 10, 1, 5, 120, 0.406395348837209
2.77416804345615, 9, 3, 4, 6, 0.0854037267080745
2.76666248995669, 8, 3, 5, 86, 0.316133720930233
2.76, 9, 1, 5, 176, 0.540406976744186
2.75322647088826, 11, 6, 7, 9, 0.299450549450549
2.75, 12, 1, 4, 26, 0.197204968944099
2.75, 12, 1, 4, 26, 0.197204968944099
2.75, 10, 1, 5, 227, 0.715697674418605
2.75, 10, 1, 5, 227, 0.715697674418605
2.75, 13, 1, 2, 8, 0.382308845577211
2.75, 13, 1, 2, 8, 0.382308845577211
2.7475, 11, 1, 5, 112, 0.390116279069767
2.73666666666667, 12, 1, 5, 232, 0.727180232558139
2.72798002192099, 10, 3, 3, 50, 0.343849840255591
2.72471813017217, 11, 2, 3, 171, 0.646565495207668
2.71167751267962, 8, 26, 6, 74, 0.296287004515805
2.70666666666667, 14, 1, 5, 157, 0.484593023255814
2.70664368392775, 6, 14, 4, 90, 0.442546583850932
2.705, 14, 1, 7, 8, 0.259615384615385
2.705, 14, 1, 7, 8, 0.259615384615385
2.70493653024485, 10, 6, 1, 29, 0.263912075681692
2.69819388169465, 8, 7, 5, 154, 0.481104651162791
2.695, 9, 1, 6, 4, 0.0464124435524335
2.695, 9, 1, 6, 4, 0.0464124435524335
2.6912770405225, 9, 3, 6, 207, 0.52295534370296
2.69124840919601, 13, 2, 5, 197, 0.596656976744186
2.67135587711976, 8, 5, 2, 91, 0.641179410294853
2.65166666666666, 12, 1, 0, 74, 0.148173515981735
2.65, 11, 1, 3, 143, 0.559904153354633
2.63279424861791, 12, 2, 7, 10, 0.409340659340659
2.625, 8, 1, 6, 130, 0.41432513798294
2.615, 13, 1, 7, 8, 0.259615384615385
2.61499999999999, 13, 1, 7, 8, 0.259615384615385
2.595, 14, 1, 3, 190, 0.821884984025559
2.595, 14, 1, 3, 190, 0.821884984025559
2.595, 8, 1, 7, 11, 0.615384615384615
2.595, 8, 1, 7, 11, 0.615384615384615
2.58000000000001, 9, 1, 0, 56, 0.124429223744292
2.57488028913992, 9, 6, 4, 106, 0.664596273291926
2.55265548008344, 7, 2, 6, 253, 0.637230306071249
2.54666666666667, 11, 1, 5, 163, 0.5
2.53333333333334, 7, 1, 6, 279, 0.718013045659809
2.53022612885843, 6, 19, 4, 37, 0.239130434782609
2.52302067635867, 9, 3, 3, 71, 0.395766773162939
2.51333333333333, 10, 1, 7, 11, 0.615384615384615
2.5, 15, 1, 7, 11, 0.615384615384615
2.49910285943593, 8, 10, 7, 6, 0.197802197802198
2.49780956572197, 5, 33, 4, 61, 0.31832298136646
2.49285714285714, 13, 1, 5, 266, 0.837354651162791
2.48359201833627, 12, 11, 0, 229, 0.555936073059361
2.46308862113314, 12, 2, 6, 100, 0.361264425489212
2.45, 11, 1, 7, 7, 0.245879120879121
2.45, 11, 1, 7, 7, 0.245879120879121
2.42773328207381, 7, 2, 6, 203, 0.518063221274461
2.41830519165799, 15, 2, 6, 17, 0.143251379829403
2.41601615312743, 7, 29, 6, 298, 0.852609131961867
2.41359114645008, 9, 2, 1, 150, 0.562604340567613
2.41166666666667, 9, 1, 6, 64, 0.269693928750627
2.39911242627872, 8, 12, 6, 284, 0.737706974410437
2.39408461764879, 10, 6, 4, 13, 0.133540372670807
2.38274542088338, 10, 15, 0, 106, 0.254794520547945
2.37192256759506, 8, 6, 6, 40, 0.215378825890617
2.365, 10, 1, 5, 199, 0.598255813953488
2.35, 12, 1, 0, 195, 0.474771689497717
2.33606682473929, 11, 11, 0, 170, 0.423858447488584
2.33181818181818, 12, 4, 0, 178, 0.442694063926941
2.33071428571429, 9, 4, 6, 207, 0.52295534370296
2.32666666666667, 17, 1, 4, 15, 0.149068322981366
2.325, 8, 1, 3, 66, 0.38538338658147
2.31692221954655, 9, 7, 4, 12, 0.125776397515528
2.30752512927209, 9, 2, 6, 191, 0.498243853487205
2.3, 17, 1, 7, 10, 0.409340659340659
2.3, 17, 1, 7, 10, 0.409340659340659
2.28159788062858, 11, 2, 5, 248, 0.770058139534884
2.26986049497907, 11, 6, 6, 259, 0.652282990466633
2.26666666666667, 12, 1, 5, 108, 0.378197674418605
2.26166666666666, 10, 4, 5, 153, 0.478779069767442
2.25560798281396, 12, 7, 3, 143, 0.559904153354633
2.25, 10, 1, 7, 5, 0.112637362637363
2.25, 10, 1, 7, 5, 0.112637362637363
2.23100000000001, 6, 4, 1, 16, 0.128964941569282
2.22314372005051, 9, 2, 5, 116, 0.395639534883721
2.22031529292576, 12, 2, 7, 3, 0.0260989010989011
2.215, 7, 1, 5, 65, 0.234883720930233
2.215, 7, 1, 5, 65, 0.234883720930233
2.2125, 10, 1, 0, 59, 0.128995433789954
2.21000000000001, 11, 1, 4, 11, 0.122670807453416
2.20999999999999, 11, 1, 4, 11, 0.122670807453416
2.19739512453571, 13, 3, 5, 197, 0.596656976744186
2.17930309961693, 13, 2, 7, 8, 0.259615384615385
2.16657517755559, 9, 2, 6, 295, 0.776969392875063
2.15, 15, 1, 4, 90, 0.442546583850932
2.15, 15, 1, 4, 90, 0.442546583850932
2.13571428571428, 7, 1, 1, 8, 0.0542570951585977
2.13333333333334, 12, 4, 4, 74, 0.358695652173913
2.11750000000001, 7, 1, 7, 5, 0.112637362637363
2.0964429436245, 12, 7, 0, 196, 0.47796803652968
2.06258383667993, 16, 3, 4, 49, 0.277950310559006
2.0600377558568, 11, 2, 6, 110, 0.383090817862519
2.06, 12, 1, 5, 212, 0.648691860465116
2.06, 12, 1, 5, 212, 0.648691860465116
2.05873780762489, 6, 6, 5, 127, 0.41671511627907
2.05348098185914, 9, 7, 4, 74, 0.358695652173913
2.045, 12, 1, 6, 199, 0.510662318113397
2.045, 12, 1, 6, 199, 0.510662318113397
2.03, 15, 1, 5, 168, 0.5125
2.02625, 11, 1, 5, 86, 0.316133720930233
2.01350843016539, 9, 10, 3, 24, 0.266773162939297
2.01333333333333, 10, 1, 3, 44, 0.321485623003195
2.00814186500854, 9, 15, 0, 72, 0.146232876712329
2, 8, 1, 4, 59, 0.312111801242236
2, 11, 1, 7, 5, 0.112637362637363
2, 11, 1, 7, 5, 0.112637362637363
1.99404112294607, 11, 2, 5, 216, 0.6625
1.98999999999999, 14, 4, 5, 213, 0.653488372093023
1.97666666666667, 10, 1, 6, 171, 0.468765679879579
1.9763634534164, 12, 2, 6, 165, 0.465378825890617
1.9763634534164, 12, 2, 6, 165, 0.465378825890617
1.97, 7, 1, 5, 65, 0.234883720930233
1.97, 7, 1, 5, 65, 0.234883720930233
1.95868578388673, 11, 2, 5, 200, 0.599563953488372
1.953, 10, 1, 0, 125, 0.310616438356164
1.95161471607487, 9, 2, 5, 176, 0.540406976744186
1.94793464668482, 10, 5, 2, 142, 0.902048975512244
1.93790124610863, 10, 10, 5, 198, 0.596947674418605
1.93511555784717, 12, 2, 5, 232, 0.727180232558139
1.93333333333333, 9, 1, 4, 101, 0.572981366459627
1.93, 14, 1, 5, 258, 0.807703488372093
1.93, 13, 1, 6, 95, 0.351605619668841
1.93, 13, 1, 6, 95, 0.351605619668841
1.925, 9, 1, 2, 69, 0.591954022988506
1.925, 9, 1, 2, 69, 0.591954022988506
1.92333333333333, 16, 1, 0, 159, 0.398858447488584
1.91484516345317, 9, 2, 0, 134, 0.342237442922374
1.90666666666667, 8, 1, 6, 151, 0.444054189663823
1.905, 10, 1, 7, 7, 0.245879120879121
1.905, 10, 1, 7, 7, 0.245879120879121
1.8993673816872, 10, 8, 1, 173, 0.695882025598219
1.89018958484769, 11, 6, 6, 140, 0.423858504766683
1.87350162352034, 13, 3, 1, 184, 0.975932109070673
1.87, 13, 1, 5, 170, 0.515116279069767
1.87, 13, 1, 5, 170, 0.515116279069767
1.85655610423758, 8, 11, 4, 66, 0.333850931677019
1.845, 10, 1, 6, 154, 0.449322629202208
1.845, 10, 1, 6, 154, 0.449322629202208
1.84, 12, 1, 2, 128, 0.817341329335332
1.84, 12, 1, 2, 128, 0.817341329335332
1.84, 9, 1, 0, 52, 0.120776255707763
1.83494209717909, 14, 2, 1, 86, 0.394824707846411
1.83494209717909, 14, 2, 1, 86, 0.394824707846411
1.83000000000001, 10, 1, 7, 13, 0.993131868131868
1.83, 9, 1, 0, 99, 0.230022831050228
1.82574970902366, 11, 2, 3, 123, 0.511980830670927
1.82433549546129, 9, 2, 0, 56, 0.124429223744292
1.82298347496623, 8, 3, 6, 245, 0.607375815353738
1.8175, 11, 1, 3, 16, 0.200079872204473
1.81518924633217, 9, 3, 5, 116, 0.395639534883721
1.815, 12, 1, 1, 33, 0.272537562604341
1.815, 8, 1, 6, 300, 0.878198695434019
1.815, 8, 1, 6, 300, 0.878198695434019
1.815, 12, 1, 1, 33, 0.272537562604341
1.80665782593163, 16, 2, 4, 58, 0.309006211180124
1.80665782593162, 16, 2, 4, 58, 0.309006211180124
1.80595071915045, 10, 2, 3, 133, 0.537939297124601
1.80166666666667, 14, 1, 5, 261, 0.823255813953488
1.80076526942174, 11, 2, 5, 163, 0.5
1.8, 9, 1, 6, 283, 0.732689412945309
1.79133717900591, 7, 2, 6, 279, 0.718013045659809
1.78399999999999, 11, 4, 7, 5, 0.112637362637363
1.77939352964242, 13, 3, 7, 8, 0.259615384615385
1.7771950433822, 10, 2, 7, 11, 0.615384615384615
1.77679545343106, 10, 3, 3, 193, 0.959664536741214
1.77, 12, 1, 6, 293, 0.771073758153537
1.77, 12, 1, 6, 293, 0.771073758153537
1.769001224797, 9, 3, 6, 295, 0.776969392875063
1.7626888604885, 12, 7, 0, 178, 0.442694063926941
1.76, 14, 1, 6, 219, 0.546287004515805
1.758, 11, 1, 4, 31, 0.21583850931677
1.756, 13, 4, 2, 31, 0.471514242878561
1.75382265035233, 12, 5, 6, 160, 0.460737581535374
1.74166666666667, 12, 4, 6, 100, 0.361264425489212
1.725, 11, 1, 0, 23, 0.095662100456621
1.69615920038711, 13, 5, 4, 14, 0.141304347826087
1.69333333333333, 14, 1, 4, 56, 0.302795031055901
1.69307966439858, 12, 3, 6, 163, 0.462744606121425
1.692, 9, 1, 4, 40, 0.25
1.68428571428572, 13, 1, 1, 103, 0.439343350027824
1.67820009401607, 9, 2, 0, 42, 0.112557077625571
1.67, 10, 1, 7, 8, 0.259615384615385
1.67, 10, 1, 7, 8, 0.259615384615385
1.65666666666667, 15, 1, 3, 158, 0.604233226837061
1.6452017775607, 17, 2, 4, 15, 0.149068322981366
1.64115812766473, 14, 6, 5, 163, 0.5
1.625, 15, 1, 3, 55, 0.35982428115016
1.625, 15, 1, 3, 55, 0.35982428115016
1.62, 11, 1, 5, 209, 0.643604651162791
1.62, 11, 1, 5, 209, 0.643604651162791
1.6125, 12, 1, 4, 31, 0.21583850931677
1.61007058004525, 11, 11, 6, 300, 0.878198695434019
1.60333333333334, 10, 1, 5, 195, 0.595639534883721
1.60277537068951, 12, 2, 5, 108, 0.378197674418605
1.59, 14, 1, 6, 70, 0.289136979427998
1.59, 14, 1, 6, 70, 0.289136979427998
1.5874547237638, 7, 2, 0, 253, 0.682420091324201
1.58745472376379, 7, 2, 0, 253, 0.682420091324201
1.5862698645985, 11, 3, 5, 112, 0.390116279069767
1.57333333333334, 16, 1, 0, 131, 0.338127853881279
1.56666666666666, 10, 1, 1, 16, 0.128964941569282
1.565, 15, 1, 3, 149, 0.575878594249201
1.565, 15, 1, 3, 149, 0.575878594249201
1.5634645289655, 9, 3, 0, 134, 0.342237442922374
1.56333333333333, 10, 1, 3, 36, 0.299121405750799
1.55422070504803, 14, 2, 6, 242, 0.591445057701957
1.55333333333333, 14, 1, 3, 173, 0.651357827476038
1.54837442528658, 13, 6, 4, 14, 0.141304347826087
1.545, 11, 1, 6, 156, 0.453211239337682
1.545, 11, 1, 6, 156, 0.453211239337682
1.51554445662277, 8, 3, 6, 130, 0.41432513798294
1.49071839504761, 11, 3, 3, 123, 0.511980830670927
1.486, 11, 1, 5, 253, 0.794331395348837
1.48138870658582, 8, 2, 4, 78, 0.37111801242236
1.48138870658582, 8, 2, 4, 78, 0.37111801242236
1.48, 9, 1, 1, 72, 0.36867000556483
1.48, 9, 1, 1, 72, 0.36867000556483
1.4745525875103, 10, 3, 3, 133, 0.537939297124601
1.45977924433007, 10, 6, 1, 130, 0.493878686700056
1.455, 8, 1, 5, 117, 0.398546511627907
1.455, 8, 1, 5, 117, 0.398546511627907
1.45418954136736, 12, 5, 4, 78, 0.37111801242236
1.45, 13, 1, 0, 89, 0.18972602739726
1.435, 11, 1, 2, 122, 0.774612693653173
1.435, 11, 1, 2, 122, 0.774612693653173
1.425, 17, 1, 7, 13, 0.993131868131868
1.425, 17, 1, 7, 13, 0.993131868131868
1.42364165278892, 10, 2, 3, 44, 0.321485623003195
1.4142135623731, 8, 2, 4, 59, 0.312111801242236
1.41333333333333, 12, 1, 5, 184, 0.57296511627907
1.406, 10, 4, 5, 120, 0.406395348837209
1.40261388217832, 12, 10, 1, 1, 0.0153032832498609
1.40148564031174, 10, 2, 0, 65, 0.132648401826484
1.3977144041454, 10, 2, 6, 171, 0.468765679879579
1.38499999999999, 11, 4, 5, 200, 0.599563953488372
1.375, 18, 1, 6, 113, 0.388986452584044
1.375, 18, 1, 6, 113, 0.388986452584044
1.372, 15, 1, 5, 169, 0.513953488372093
1.37, 15, 1, 1, 181, 0.828464106844741
1.37, 15, 1, 1, 181, 0.828464106844741
1.36707311029399, 9, 2, 4, 101, 0.572981366459627
1.36687676230644, 12, 3, 5, 215, 0.660610465116279
1.36543338663346, 10, 3, 5, 199, 0.598255813953488
1.36476058992701, 7, 13, 0, 136, 0.342922374429224
1.36471608769003, 14, 2, 5, 258, 0.807703488372093
1.36000204248213, 16, 2, 0, 159, 0.398858447488584
1.35677313259562, 12, 3, 0, 195, 0.474771689497717
1.34821692946235, 8, 2, 6, 151, 0.444054189663823
1.34, 12, 1, 5, 220, 0.681686046511628
1.33333333333334, 8, 1, 7, 7, 0.245879120879121
1.325, 16, 1, 5, 261, 0.823255813953488
1.325, 16, 1, 5, 261, 0.823255813953488
1.32347766995033, 11, 14, 4, 30, 0.211180124223602
1.32, 11, 1, 6, 227, 0.55920722528851
1.32, 11, 1, 6, 227, 0.55920722528851
1.31804704013174, 13, 2, 5, 169, 0.513953488372093
1.30639452948437, 9, 6, 2, 38, 0.48575712143928
1.30639452948436, 9, 6, 2, 38, 0.48575712143928
1.30107647738324, 9, 2, 0, 52, 0.120776255707763
1.2975, 10, 1, 3, 123, 0.511980830670927
1.29400540957138, 9, 2, 0, 99, 0.230022831050228
1.29400540957138, 10, 2, 7, 13, 0.993131868131868
1.29, 15, 1, 7, 12, 0.862637362637363
1.29, 15, 1, 7, 12, 0.862637362637363
1.28948138602229, 13, 6, 0, 99, 0.230022831050228
1.27738747058205, 10, 3, 0, 59, 0.128995433789954
1.27500000000001, 13, 1, 7, 11, 0.615384615384615
1.27499999999999, 13, 1, 7, 11, 0.615384615384615
1.27, 14, 1, 5, 240, 0.747383720930232
1.26925667222985, 12, 2, 7, 8, 0.259615384615385
1.26925667222985, 12, 2, 7, 8, 0.259615384615385
1.2690158916788, 14, 3, 6, 242, 0.591445057701957
1.26, 11, 1, 5, 223, 0.700872093023256
1.25, 8, 1, 6, 291, 0.762418464626192
1.25, 8, 1, 6, 291, 0.762418464626192
1.23, 13, 1, 5, 238, 0.741860465116279
1.22329473145272, 11, 2, 3, 52, 0.347444089456869
1.22253919500902, 7, 3, 7, 5, 0.112637362637363
1.22, 12, 1, 2, 148, 0.930284857571214
1.22, 12, 1, 2, 148, 0.930284857571214
1.21622366364086, 13, 2, 5, 226, 0.714970930232558
1.21622366364086, 13, 2, 5, 226, 0.714970930232558
1.21045813181988, 14, 5, 5, 157, 0.484593023255814
1.20666666666667, 10, 1, 0, 187, 0.454337899543379
1.205, 12, 1, 6, 199, 0.510662318113397
1.205, 12, 1, 6, 199, 0.510662318113397
1.20066731445476, 13, 2, 3, 103, 0.46685303514377
1.2, 10, 1, 7, 5, 0.112637362637363
1.19999999999999, 10, 1, 7, 5, 0.112637362637363
1.19736748280922, 14, 2, 4, 56, 0.302795031055901
1.18666666666667, 9, 4, 0, 42, 0.112557077625571
1.18586138406738, 12, 5, 0, 74, 0.148173515981735
1.1851160280749, 11, 5, 3, 143, 0.559904153354633
1.185, 9, 1, 5, 65, 0.234883720930233
1.185, 9, 1, 5, 65, 0.234883720930233
1.18086832458154, 13, 2, 7, 5, 0.112637362637363
1.18086832458153, 13, 2, 7, 5, 0.112637362637363
1.17666666666667, 12, 1, 5, 226, 0.714970930232558
1.17202104645493, 15, 3, 5, 168, 0.5125
1.17144023416571, 15, 2, 3, 158, 0.604233226837061
1.17, 10, 1, 4, 89, 0.436335403726708
1.17, 10, 1, 4, 89, 0.436335403726708
1.15965512114594, 14, 2, 5, 272, 0.891860465116279
1.14430823353383, 10, 3, 0, 65, 0.132648401826484
1.13372787250242, 10, 2, 5, 195, 0.595639534883721
1.13333333333333, 10, 1, 7, 8, 0.259615384615385
1.13000000000001, 11, 1, 7, 5, 0.112637362637363
1.13, 11, 1, 7, 5, 0.112637362637363
1.125, 16, 1, 0, 214, 0.507648401826484
1.11803398874988, 15, 5, 7, 11, 0.615384615384615
1.11251466906683, 16, 2, 0, 131, 0.338127853881279
1.10780062385893, 10, 2, 1, 16, 0.128964941569282
1.10544360125498, 10, 2, 3, 36, 0.299121405750799
1.10333333333333, 11, 1, 6, 157, 0.45471650777722
1.0983725334431, 14, 2, 3, 173, 0.651357827476038
1.09, 14, 1, 6, 57, 0.255770195684897
1.08, 12, 1, 0, 230, 0.565068493150685
1.08, 12, 1, 0, 92, 0.202054794520548
1.08, 12, 1, 0, 230, 0.565068493150685
1.07853012114739, 9, 5, 6, 64, 0.269693928750627
1.07618090176945, 13, 3, 5, 169, 0.513953488372093
1.075, 13, 1, 5, 231, 0.72281976744186
1.075, 13, 1, 5, 231, 0.72281976744186
1.07480230740356, 12, 2, 6, 209, 0.52646763672855
1.07480230740355, 12, 2, 6, 209, 0.52646763672855
1.07055966671644, 15, 2, 5, 165, 0.502761627906977
1.05877818734615, 12, 5, 5, 215, 0.660610465116279
1.05, 11, 1, 0, 177, 0.442351598173516
1.05, 17, 1, 0, 120, 0.30365296803653
1.04933411425215, 11, 3, 3, 16, 0.200079872204473
1.03923048454135, 9, 3, 6, 283, 0.732689412945309
1.02530483272049, 13, 2, 0, 89, 0.18972602739726
1.01770466694206, 13, 6, 5, 266, 0.837354651162791
1.01613647377375, 14, 3, 6, 219, 0.546287004515805
1.01333333333333, 15, 1, 0, 132, 0.33972602739726
0.999377584076993, 12, 2, 5, 184, 0.57296511627907
0.998815965698055, 11, 3, 3, 52, 0.347444089456869
0.995929214352103, 11, 3, 0, 23, 0.095662100456621
0.993333333333336, 11, 1, 2, 68, 0.590954522738631
0.990000000000002, 12, 1, 6, 276, 0.7019568489714
0.989999999999998, 12, 1, 6, 276, 0.7019568489714
0.980340757083977, 13, 3, 3, 103, 0.46685303514377
0.969999999999999, 10, 1, 5, 144, 0.455087209302326
0.969999999999999, 10, 1, 5, 144, 0.455087209302326
0.949999999999999, 11, 1, 4, 37, 0.239130434782609
0.949999999999999, 11, 1, 4, 37, 0.239130434782609
0.9452048692733, 12, 3, 3, 143, 0.559904153354633
0.94280904158205, 8, 2, 7, 7, 0.245879120879121
0.930977309068274, 12, 3, 4, 31, 0.21583850931677
0.914999999999999, 9, 1, 7, 8, 0.259615384615385
0.914999999999999, 9, 1, 7, 8, 0.259615384615385
0.914999999999999, 13, 1, 7, 8, 0.259615384615385
0.914999999999999, 13, 1, 7, 8, 0.259615384615385
0.910000000000004, 12, 1, 5, 259, 0.810755813953488
0.909999999999997, 12, 1, 5, 259, 0.810755813953488
0.900000000000006, 13, 1, 7, 7, 0.245879120879121
0.899999999999991, 13, 1, 7, 7, 0.245879120879121
0.890000000000001, 8, 1, 3, 80, 0.420127795527157
0.890000000000001, 8, 1, 3, 80, 0.420127795527157
0.885000000000005, 15, 1, 7, 8, 0.259615384615385
0.884999999999998, 15, 1, 7, 8, 0.259615384615385
0.883333333333333, 13, 1, 3, 157, 0.596645367412141
0.880000000000003, 11, 1, 7, 10, 0.409340659340659
0.880000000000003, 11, 1, 7, 10, 0.409340659340659
0.880000000000003, 11, 1, 7, 11, 0.615384615384615
0.879000000000005, 11, 4, 4, 31, 0.21583850931677
0.878767399746449, 8, 7, 3, 66, 0.38538338658147
0.874108307553091, 15, 3, 5, 165, 0.502761627906977
0.871901706062108, 7, 6, 1, 8, 0.0542570951585977
0.869741340859451, 13, 2, 5, 238, 0.741860465116279
0.856666666666669, 14, 1, 5, 143, 0.451598837209302
0.85499999999999, 11, 1, 7, 10, 0.409340659340659
0.853242182631765, 10, 2, 0, 187, 0.454337899543379
0.852063671329799, 12, 2, 1, 62, 0.335976627712855
0.852063671329789, 12, 2, 1, 62, 0.335976627712855
0.846666666666664, 14, 1, 5, 158, 0.488372093023256
0.846000000000004, 9, 4, 4, 40, 0.25
0.839999999999998, 13, 1, 5, 226, 0.714970930232558
0.832028979196173, 12, 2, 5, 226, 0.714970930232558
0.830000000000002, 9, 1, 6, 209, 0.52646763672855
0.829999999999998, 9, 1, 6, 209, 0.52646763672855
0.829999999999998, 11, 1, 7, 10, 0.409340659340659
0.829999999999998, 11, 1, 7, 10, 0.409340659340659
0.824999999999999, 6, 1, 3, 84, 0.427316293929712
0.824999999999999, 6, 1, 3, 84, 0.427316293929712
0.82, 17, 1, 5, 212, 0.648691860465116
0.819999999999997, 14, 4, 5, 272, 0.891860465116279
0.818571428571428, 12, 4, 3, 143, 0.559904153354633
0.814999999999998, 9, 1, 6, 48, 0.238710486703462
0.814999999999998, 9, 1, 6, 48, 0.238710486703462
0.810000000000009, 12, 1, 7, 13, 0.993131868131868
0.805729827892424, 14, 5, 5, 261, 0.823255813953488
0.801387685344748, 10, 2, 7, 8, 0.259615384615385
0.791959594928936, 9, 2, 6, 77, 0.300175614651279
0.791959594928936, 9, 2, 6, 77, 0.300175614651279
0.785000000000004, 12, 1, 6, 213, 0.530983442047165
0.785, 13, 1, 4, 36, 0.234472049689441
0.785, 13, 1, 4, 36, 0.234472049689441
0.784999999999997, 12, 1, 6, 213, 0.530983442047165
0.783333333333335, 12, 1, 0, 226, 0.539840182648402
0.780174481909161, 11, 2, 6, 157, 0.45471650777722
0.780000000000001, 12, 1, 5, 152, 0.477325581395349
0.780000000000001, 9, 1, 0, 126, 0.310844748858447
0.779999999999999, 12, 1, 5, 152, 0.477325581395349
0.775000000000006, 11, 1, 6, 103, 0.369292523833417
0.775000000000002, 15, 1, 5, 276, 0.922674418604651
0.775, 15, 1, 6, 95, 0.351605619668841
0.774999999999999, 15, 1, 6, 95, 0.351605619668841
0.774999999999999, 11, 1, 6, 103, 0.369292523833417
0.770746391493349, 14, 2, 6, 57, 0.255770195684897
0.77, 16, 1, 6, 263, 0.659809332664325
0.77, 16, 1, 6, 263, 0.659809332664325
0.765850513434944, 11, 7, 5, 86, 0.316133720930233
0.763675323681473, 12, 2, 0, 92, 0.202054794520548
0.75, 12, 1, 5, 262, 0.826162790697675
0.75, 12, 1, 5, 262, 0.826162790697675
0.75, 10, 1, 6, 279, 0.718013045659809
0.75, 10, 1, 6, 279, 0.718013045659809
0.749111974273541, 10, 3, 3, 123, 0.511980830670927
0.74666666666667, 9, 1, 6, 74, 0.296287004515805
0.746666666666668, 15, 1, 5, 132, 0.42718023255814
0.743333333333332, 10, 1, 6, 204, 0.519192172604114
0.743000000000006, 11, 4, 5, 253, 0.794331395348837
0.742462120245873, 17, 2, 0, 120, 0.30365296803653
0.742462120245868, 11, 2, 0, 177, 0.442351598173516
0.734999999999999, 14, 1, 5, 202, 0.607267441860465
0.734999999999999, 14, 1, 5, 202, 0.607267441860465
0.733234841870829, 14, 3, 5, 240, 0.747383720930232
0.716666666666669, 10, 1, 0, 230, 0.565068493150685
0.716534871602367, 15, 2, 0, 132, 0.33972602739726
0.702392735978631, 11, 2, 2, 68, 0.590954522738631
0.700000000000003, 12, 1, 7, 8, 0.259615384615385
0.699999999999996, 12, 1, 7, 8, 0.259615384615385
0.687606763509841, 13, 6, 1, 103, 0.439343350027824
0.686, 15, 4, 5, 169, 0.513953488372093
0.685000000000002, 13, 1, 7, 9, 0.299450549450549
0.685000000000002, 11, 1, 7, 6, 0.197802197802198
0.684999999999999, 11, 1, 7, 6, 0.197802197802198
0.684999999999995, 13, 1, 7, 9, 0.299450549450549
0.670000000000009, 12, 4, 5, 220, 0.681686046511628
0.666666666666671, 11, 1, 6, 230, 0.569994982438535
0.650999999999996, 10, 9, 0, 125, 0.310616438356164
0.649999999999999, 11, 1, 5, 232, 0.727180232558139
0.649999999999999, 11, 1, 5, 232, 0.727180232558139
0.649519052838329, 16, 3, 0, 214, 0.507648401826484
0.645000000000003, 6, 1, 4, 48, 0.274844720496894
0.645000000000003, 11, 1, 7, 5, 0.112637362637363
0.645, 14, 1, 3, 88, 0.434904153354633
0.645, 14, 1, 3, 88, 0.434904153354633
0.644999999999996, 6, 1, 4, 48, 0.274844720496894
0.644999999999996, 11, 1, 7, 5, 0.112637362637363
0.643333333333334, 12, 1, 6, 294, 0.774460612142499
0.640000000000004, 9, 1, 3, 84, 0.427316293929712
0.640000000000001, 9, 1, 3, 84, 0.427316293929712
0.640000000000001, 13, 1, 5, 278, 0.925872093023256
0.639999999999993, 13, 1, 5, 278, 0.925872093023256
0.636396103067897, 12, 2, 7, 7, 0.245879120879121
0.636396103067897, 12, 2, 7, 7, 0.245879120879121
0.634999999999998, 15, 1, 7, 13, 0.993131868131868
0.634999999999998, 15, 1, 7, 13, 0.993131868131868
0.624610990048112, 13, 2, 3, 157, 0.596645367412141
0.622253967444159, 11, 2, 7, 11, 0.615384615384615
0.605754809216477, 14, 2, 5, 143, 0.451598837209302
0.600000000000001, 16, 1, 4, 107, 0.684782608695652
0.600000000000001, 16, 1, 4, 107, 0.684782608695652
0.598683741404608, 14, 2, 5, 158, 0.488372093023256
0.595000000000006, 14, 1, 6, 265, 0.66783743100853
0.594999999999999, 14, 1, 6, 265, 0.66783743100853
0.593969696196705, 13, 2, 5, 226, 0.714970930232558
0.590000000000003, 12, 1, 7, 13, 0.993131868131868
0.589999999999996, 12, 1, 7, 13, 0.993131868131868
0.579827560572969, 17, 2, 5, 212, 0.648691860465116
0.57, 13, 1, 1, 179, 0.794101279910963
0.569999999999999, 13, 1, 1, 179, 0.794101279910963
0.555000000000001, 14, 1, 1, 167, 0.661797440178075
0.555, 14, 1, 1, 167, 0.661797440178075
0.553900311929456, 12, 2, 0, 226, 0.539840182648402
0.551543289325503, 9, 2, 0, 126, 0.310844748858447
0.530000000000001, 12, 1, 6, 229, 0.56823883592574
0.527973063285955, 15, 2, 5, 132, 0.42718023255814
0.527973063285948, 9, 2, 6, 74, 0.296287004515805
0.520000000000003, 13, 1, 2, 135, 0.86431784107946
0.519999999999996, 13, 1, 2, 135, 0.86431784107946
0.509999999999998, 15, 1, 6, 209, 0.52646763672855
0.509999999999998, 15, 1, 6, 209, 0.52646763672855
0.506759859850355, 10, 2, 0, 230, 0.565068493150685
0.5, 12, 1, 5, 186, 0.578052325581395
0.493634480157136, 11, 3, 7, 10, 0.409340659340659
0.490000000000002, 11, 1, 0, 257, 0.740296803652968
0.489999999999998, 9, 1, 4, 47, 0.271739130434783
0.489999999999998, 9, 1, 4, 47, 0.271739130434783
0.489999999999995, 11, 1, 0, 257, 0.740296803652968
0.475000000000001, 15, 1, 6, 115, 0.390491721023582
0.475000000000001, 15, 1, 6, 115, 0.390491721023582
0.471404520791025, 11, 2, 6, 230, 0.569994982438535
0.469999999999999, 12, 1, 4, 62, 0.321428571428571
0.469999999999999, 12, 1, 4, 62, 0.321428571428571
0.460000000000001, 13, 1, 3, 143, 0.559904153354633
0.460000000000001, 13, 1, 3, 143, 0.559904153354633
0.454905362563346, 12, 2, 6, 294, 0.774460612142499
0.447446458621959, 15, 3, 5, 276, 0.922674418604651
0.445477272147522, 11, 8, 5, 223, 0.700872093023256
0.440000000000001, 11, 1, 6, 212, 0.529729051680883
0.440000000000001, 11, 1, 6, 212, 0.529729051680883
0.439999999999998, 11, 1, 7, 13, 0.993131868131868
0.439999999999998, 11, 1, 7, 13, 0.993131868131868
0.435000000000002, 16, 1, 1, 1, 0.0153032832498609
0.434999999999999, 16, 1, 1, 1, 0.0153032832498609
0.426666666666666, 12, 1, 3, 189, 0.793929712460064
0.410000000000004, 16, 1, 6, 33, 0.18941294530858
0.41, 15, 1, 5, 240, 0.747383720930232
0.41, 15, 1, 5, 240, 0.747383720930232
0.409999999999997, 16, 1, 6, 33, 0.18941294530858
0.395000000000003, 14, 1, 6, 127, 0.411063723030607
0.394999999999996, 14, 1, 6, 127, 0.411063723030607
0.390000000000001, 15, 1, 7, 12, 0.862637362637363
0.390000000000001, 15, 1, 7, 12, 0.862637362637363
0.385, 13, 1, 1, 125, 0.480801335559265
0.385, 15, 1, 6, 228, 0.563221274460612
0.385, 15, 1, 6, 228, 0.563221274460612
0.382783228472716, 9, 3, 0, 257, 0.740296803652968
0.374766594028861, 12, 2, 6, 229, 0.56823883592574
0.362243012354964, 12, 5, 7, 13, 0.993131868131868
0.353553390593274, 12, 2, 5, 186, 0.578052325581395
0.34, 9, 1, 6, 299, 0.874435524335173
0.34, 9, 1, 6, 299, 0.874435524335173
0.335000000000001, 10, 1, 6, 85, 0.324636226793778
0.334999999999997, 10, 1, 6, 85, 0.324636226793778
0.332428772654978, 10, 5, 6, 204, 0.519192172604114
0.332340187157679, 13, 2, 6, 154, 0.449322629202208
0.332340187157677, 13, 2, 6, 154, 0.449322629202208
0.325269119345807, 10, 2, 5, 154, 0.481104651162791
0.325000000000003, 10, 1, 6, 128, 0.412192674360261
0.324999999999999, 10, 1, 6, 128, 0.412192674360261
0.32173358543988, 12, 2, 0, 67, 0.139269406392694
0.321733585439878, 12, 2, 0, 67, 0.139269406392694
0.32, 16, 1, 5, 248, 0.770058139534884
0.32, 16, 1, 5, 248, 0.770058139534884
0.315000000000005, 14, 1, 4, 26, 0.197204968944099
0.314999999999998, 14, 1, 4, 26, 0.197204968944099
0.306666666666668, 15, 1, 4, 17, 0.16304347826087
0.305, 7, 1, 2, 1, 0.0612193903048476
0.305, 7, 1, 2, 1, 0.0612193903048476
0.305, 14, 1, 5, 222, 0.695639534883721
0.305, 14, 1, 5, 222, 0.695639534883721
0.301698893306262, 12, 2, 3, 189, 0.793929712460064
0.300000000000001, 11, 1, 2, 90, 0.639430284857571
0.280000000000001, 13, 1, 4, 18, 0.167701863354037
0.279307178568683, 11, 2, 7, 11, 0.615384615384615
0.279307178568683, 11, 2, 7, 11, 0.615384615384615
0.272236110756824, 13, 2, 3, 123, 0.511980830670927
0.272236110756814, 13, 2, 3, 123, 0.511980830670927
0.260000000000005, 16, 1, 6, 79, 0.308454591068741
0.259999999999998, 16, 1, 6, 79, 0.308454591068741
0.250590445605108, 9, 7, 0, 257, 0.740296803652968
0.245000000000005, 8, 1, 7, 12, 0.862637362637363
0.245000000000001, 15, 1, 3, 143, 0.559904153354633
0.244999999999999, 15, 1, 3, 143, 0.559904153354633
0.244999999999997, 8, 1, 7, 12, 0.862637362637363
0.230000000000004, 10, 4, 5, 154, 0.481104651162791
0.222279853638007, 13, 3, 1, 125, 0.480801335559265
0.216846079563873, 15, 2, 4, 17, 0.16304347826087
0.216666666666667, 15, 1, 3, 157, 0.596645367412141
0.212132034355962, 11, 2, 2, 90, 0.639430284857571
0.210000000000001, 17, 1, 6, 77, 0.300175614651279
0.209999999999997, 17, 1, 6, 77, 0.300175614651279
0.205000000000005, 12, 1, 7, 8, 0.259615384615385
0.204999999999998, 12, 1, 7, 8, 0.259615384615385
0.204999999999998, 10, 1, 1, 180, 0.804396215915415
0.204999999999998, 10, 1, 1, 180, 0.804396215915415
0.203333333333335, 16, 1, 6, 244, 0.595960863020572
0.200000000000003, 10, 1, 7, 7, 0.245879120879121
0.200000000000003, 10, 1, 7, 7, 0.245879120879121
0.200000000000001, 13, 1, 3, 79, 0.416134185303514
0.199999999999999, 13, 1, 3, 79, 0.416134185303514
0.197989898732234, 13, 2, 4, 18, 0.167701863354037
0.197989898732234, 10, 2, 6, 224, 0.555820371299548
0.197989898732234, 10, 2, 6, 224, 0.555820371299548
0.195, 13, 1, 1, 85, 0.391346688925988
0.195, 11, 1, 7, 11, 0.615384615384615
0.195, 11, 1, 7, 11, 0.615384615384615
0.195, 12, 1, 7, 10, 0.409340659340659
0.195, 12, 1, 7, 10, 0.409340659340659
0.194999999999999, 13, 1, 1, 85, 0.391346688925988
0.190000000000001, 13, 1, 3, 176, 0.703274760383387
0.189999999999998, 13, 1, 3, 176, 0.703274760383387
0.186666666666666, 14, 1, 0, 3, 0.0394977168949772
0.185000000000002, 11, 1, 7, 8, 0.259615384615385
0.185000000000002, 11, 1, 7, 8, 0.259615384615385
0.170000000000002, 14, 1, 6, 275, 0.697190165579528
0.170000000000002, 14, 1, 6, 275, 0.697190165579528
0.166666666666664, 11, 1, 5, 18, 0.0809593023255815
0.153206469257084, 15, 2, 3, 157, 0.596645367412141
0.150000000000006, 12, 1, 7, 10, 0.409340659340659
0.15, 14, 1, 6, 216, 0.53549924736578
0.15, 14, 1, 6, 216, 0.53549924736578
0.149999999999999, 10, 1, 3, 173, 0.651357827476038
0.149999999999999, 10, 1, 3, 173, 0.651357827476038
0.149999999999999, 16, 1, 6, 242, 0.591445057701957
0.149999999999999, 16, 1, 6, 242, 0.591445057701957
0.149999999999999, 14, 1, 7, 10, 0.409340659340659
0.149999999999999, 14, 1, 7, 10, 0.409340659340659
0.149999999999999, 18, 1, 5, 76, 0.274273255813954
0.149999999999999, 18, 1, 5, 76, 0.274273255813954
0.149999999999999, 12, 1, 7, 10, 0.409340659340659
0.143778378841265, 16, 2, 6, 244, 0.595960863020572
0.135, 12, 1, 6, 296, 0.779854490717511
0.135, 12, 1, 6, 296, 0.779854490717511
0.133333333333333, 10, 1, 6, 244, 0.595960863020572
0.131993265821492, 14, 2, 0, 3, 0.0394977168949772
0.125, 17, 1, 6, 169, 0.467762167586553
0.125, 17, 1, 6, 169, 0.467762167586553
0.117851130197761, 11, 2, 5, 18, 0.0809593023255815
0.105, 12, 1, 3, 74, 0.402156549520767
0.105, 12, 1, 3, 74, 0.402156549520767
0.105, 13, 1, 6, 295, 0.776969392875063
0.105, 11, 1, 4, 17, 0.16304347826087
0.105, 11, 1, 4, 17, 0.16304347826087
0.104999999999999, 13, 1, 6, 295, 0.776969392875063
0.104999999999997, 14, 1, 5, 200, 0.599563953488372
0.104999999999997, 14, 1, 5, 200, 0.599563953488372
0.100623904058769, 9, 3, 0, 228, 0.544748858447489
0.100000000000001, 12, 1, 7, 13, 0.993131868131868
0.100000000000001, 12, 1, 7, 13, 0.993131868131868
0.100000000000001, 10, 1, 7, 11, 0.615384615384615
0.0999999999999943, 10, 1, 7, 11, 0.615384615384615
0.0964999735645431, 10, 3, 1, 16, 0.128964941569282
0.0950000000000024, 13, 1, 5, 249, 0.774709302325581
0.0949999999999989, 13, 1, 5, 249, 0.774709302325581
0.0949999999999989, 12, 1, 0, 232, 0.57865296803653
0.0949999999999989, 12, 1, 0, 232, 0.57865296803653
0.094280904158206, 10, 2, 6, 244, 0.595960863020572
0.0900000000000034, 12, 1, 2, 132, 0.83208395802099
0.0899999999999963, 12, 1, 2, 132, 0.83208395802099
0.0871428571428652, 9, 4, 0, 228, 0.544748858447489
0.086666666666666, 14, 1, 6, 233, 0.574761665830406
0.085000000000008, 14, 1, 2, 32, 0.47376311844078
0.0850000000000009, 10, 1, 6, 52, 0.249247365780231
0.0849999999999991, 10, 1, 6, 52, 0.249247365780231
0.0849999999999937, 14, 1, 2, 32, 0.47376311844078
0.0835714285714459, 10, 4, 1, 16, 0.128964941569282
0.0650000000000119, 10, 1, 7, 8, 0.259615384615385
0.0649999999999977, 10, 1, 7, 8, 0.259615384615385
0.0633333333333255, 8, 1, 6, 81, 0.315730055193176
0.0612825877028387, 14, 2, 6, 233, 0.574761665830406
0.0600000000000023, 7, 1, 3, 139, 0.551517571884984
0.0600000000000005, 6, 1, 2, 107, 0.699650174912544
0.0600000000000005, 10, 1, 2, 130, 0.82383808095952
0.0599999999999987, 6, 1, 2, 107, 0.699650174912544
0.0500000000000007, 18, 1, 6, 229, 0.56823883592574
0.0500000000000007, 15, 1, 6, 48, 0.238710486703462
0.0500000000000007, 15, 1, 6, 48, 0.238710486703462
0.0499999999999972, 18, 1, 6, 229, 0.56823883592574
0.0450000000000017, 12, 1, 6, 183, 0.480556949322629
0.0449999999999982, 12, 1, 6, 183, 0.480556949322629
0.0447834294751575, 8, 2, 6, 81, 0.315730055193176
0.0424264068711945, 7, 2, 3, 139, 0.551517571884984
0.0424264068711919, 10, 2, 2, 130, 0.82383808095952
0.0400000000000063, 12, 1, 1, 140, 0.521702838063439
0.0399999999999991, 12, 1, 1, 140, 0.521702838063439
0.0399999999999991, 10, 1, 6, 178, 0.47704465629704
0.0399999999999991, 10, 1, 6, 178, 0.47704465629704
0.0350000000000001, 14, 1, 5, 228, 0.716860465116279
0.0350000000000001, 14, 1, 5, 228, 0.716860465116279
0.0350000000000001, 11, 1, 5, 211, 0.64578488372093
0.0350000000000001, 11, 1, 5, 211, 0.64578488372093
0.0300000000000011, 14, 1, 6, 215, 0.533241344706473
0.0300000000000011, 13, 1, 6, 239, 0.587681886603111
0.0300000000000011, 13, 1, 6, 239, 0.587681886603111
0.0299999999999994, 14, 1, 6, 215, 0.533241344706473
0.0250000000000057, 13, 1, 4, 40, 0.25
0.0250000000000004, 16, 1, 1, 102, 0.43544796883695
0.0250000000000004, 16, 1, 1, 102, 0.43544796883695
0.0250000000000004, 13, 1, 6, 280, 0.723030607124937
0.0250000000000004, 13, 1, 6, 280, 0.723030607124937
0.0249999999999986, 15, 1, 6, 263, 0.659809332664325
0.0249999999999986, 15, 1, 6, 263, 0.659809332664325
0.0249999999999986, 13, 1, 4, 40, 0.25
0.0200000000000014, 15, 1, 6, 202, 0.516934269944807
0.0199999999999996, 15, 1, 6, 202, 0.516934269944807
0.0199999999999996, 14, 1, 6, 148, 0.43941294530858
0.0199999999999996, 14, 1, 6, 148, 0.43941294530858
0.0100000000000016, 10, 1, 6, 106, 0.376944305067737
0.00999999999999801, 10, 1, 6, 106, 0.376944305067737
0.00999999999999801, 14, 1, 3, 121, 0.50758785942492
0.00999999999999801, 14, 1, 3, 121, 0.50758785942492
0.00500000000000256, 9, 1, 5, 230, 0.721366279069767
0.00500000000000256, 13, 1, 6, 166, 0.466256899147015
0.00500000000000256, 13, 1, 6, 166, 0.466256899147015
0.00500000000000256, 12, 1, 6, 227, 0.55920722528851
0.00500000000000256, 13, 1, 3, 90, 0.442492012779553
0.00500000000000256, 13, 1, 4, 86, 0.400621118012422
0.00500000000000256, 13, 1, 4, 86, 0.400621118012422
0.00500000000000256, 15, 1, 5, 129, 0.422238372093023
0.00500000000000078, 17, 1, 5, 273, 0.90203488372093
0.00499999999999901, 12, 1, 5, 115, 0.392732558139535
0.00499999999999901, 12, 1, 5, 115, 0.392732558139535
0.00499999999999901, 17, 1, 5, 273, 0.90203488372093
0.00499999999999545, 9, 1, 5, 230, 0.721366279069767
0.00499999999999545, 12, 1, 6, 227, 0.55920722528851
0.00499999999999545, 13, 1, 3, 90, 0.442492012779553
0.00499999999999545, 15, 1, 5, 129, 0.422238372093023
