norm, level, Npoints, dimSplit, MainGridIndexSplit
3878.70269500942, 0, 962, -1, -1, -1
76.7281835852576, 2, 195, 0, 11, 0.103535353535354
65.327506644982, 2, 269, 0, 11, 0.103535353535354
58.0493398224424, 2, 187, 1, 19, 0.529279279279279
45.0129932890261, 2, 311, 1, 19, 0.529279279279279
40.0824224242377, 1, 464, 2, 3, 0.363636363636364
38.6899599003503, 1, 498, 2, 3, 0.363636363636364
33.7283847663319, 3, 7, 4, 104, 0.952055328905477
31.0478259023911, 4, 63, 0, 15, 0.275252525252525
29.2389353772137, 3, 34, 4, 70, 0.136274845408473
28.3232132771114, 5, 15, 0, 10, 0.0808080808080808
25.8284322375068, 4, 35, 4, 12, 0.0115508595340253
24.8936415280616, 4, 98, 0, 15, 0.275252525252525
24.2746736496363, 6, 15, 0, 4, 0.0126262626262626
23.9374842087339, 5, 21, 0, 10, 0.0808080808080808
23.8638296124543, 4, 41, 4, 12, 0.0115508595340253
22.9139453551911, 4, 36, 2, 2, 0.181818181818182
22.2079568710243, 4, 68, 0, 9, 0.0618686868686869
21.0248466375754, 7, 14, 0, 12, 0.132575757575758
20.7949132000359, 5, 8, 0, 13, 0.170454545454545
19.889136927707, 3, 76, 0, 14, 0.217171717171717
18.3210295387178, 4, 74, 3, 3, 0.800505050505051
18.0169760280731, 6, 8, 0, 12, 0.132575757575758
17.8594988065505, 6, 17, 1, 23, 0.698198198198198
17.7465750543714, 7, 11, 4, 67, 0.0942557274601005
17.7306379607639, 5, 20, 4, 60, 0.0833233322906506
16.6444213473057, 3, 65, 3, 3, 0.800505050505051
15.7591857142858, 5, 4, 4, 62, 0.0856939327900282
15.6559014539254, 6, 19, 0, 5, 0.0184343434343434
15.6239064652904, 5, 63, 1, 8, 0.202702702702703
15.1972589365423, 7, 15, 4, 67, 0.0942557274601005
14.9511584157605, 5, 65, 4, 42, 0.0614175149797577
14.8857142857143, 5, 1, 0, 17, 0.444444444444444
14.8252456360933, 4, 86, 2, 2, 0.181818181818182
14.4050614952021, 8, 8, 0, 4, 0.0126262626262626
14.3627045571388, 7, 30, 0, 12, 0.132575757575758
14.2414248753089, 4, 5, 1, 20, 0.560810810810811
14.1733558545806, 6, 44, 0, 4, 0.0126262626262626
13.8861627620436, 6, 7, 0, 5, 0.0184343434343434
13.66384287176, 6, 11, 4, 30, 0.0378992342401869
13.4365593855992, 3, 161, 4, 70, 0.136274845408473
13.1998787878788, 7, 9, 0, 9, 0.0618686868686869
13.1480757265205, 4, 194, 0, 9, 0.0618686868686869
13.1433666666666, 8, 9, 0, 10, 0.0808080808080808
12.9016666666667, 8, 4, 0, 7, 0.0353535353535354
12.8184867205471, 6, 33, 1, 23, 0.698198198198198
12.5269939363118, 5, 98, 1, 8, 0.202702702702703
12.4853370355755, 5, 27, 0, 17, 0.444444444444444
12.4246691206052, 4, 7, 4, 81, 0.26159379994883
12.4208923196255, 4, 161, 3, 3, 0.800505050505051
12.2909155317656, 6, 7, 1, 11, 0.272522522522523
12.1491379742546, 3, 122, 3, 3, 0.800505050505051
12.1155555555556, 6, 9, 4, 26, 0.0338774705003143
11.8886224678357, 8, 11, 0, 10, 0.0808080808080808
11.8716087899859, 5, 48, 3, 2, 0.400252525252525
11.8397531225044, 6, 15, 4, 35, 0.0452335812040479
11.6909578230115, 6, 19, 0, 12, 0.132575757575758
11.6317535845617, 5, 50, 3, 2, 0.400252525252525
11.5396014758839, 8, 5, 0, 7, 0.0353535353535354
11.4477759446977, 8, 2, 2, 2, 0.181818181818182
11.445077589945, 5, 48, 4, 60, 0.0833233322906506
11.3476496244817, 11, 2, 0, 9, 0.0618686868686869
11.310682269133, 3, 235, 0, 14, 0.217171717171717
11.1226659659222, 6, 11, 0, 16, 0.351010101010101
11.0892387891088, 6, 12, 2, 4, 0.590909090909091
11.0348195231974, 6, 62, 3, 2, 0.400252525252525
10.9318964069979, 6, 3, 0, 17, 0.444444444444444
10.8825204780958, 7, 20, 4, 66, 0.0931101613156405
10.8750144262901, 5, 27, 4, 93, 0.471038215796977
10.8126190476191, 5, 36, 0, 17, 0.444444444444444
10.6331333333333, 7, 4, 1, 24, 0.743243243243243
10.6150899338796, 6, 67, 3, 2, 0.400252525252525
10.6129633939812, 5, 129, 4, 42, 0.0614175149797577
10.3742254781882, 8, 2, 4, 102, 0.786411515216059
10.2833177149351, 6, 10, 1, 11, 0.272522522522523
10.227011657358, 7, 13, 0, 3, 0.00795454545454546
10.1859166666666, 8, 16, 0, 4, 0.0126262626262626
10.1626349083296, 8, 3, 1, 26, 0.943693693693694
10.0618065587314, 6, 46, 0, 5, 0.0184343434343434
10.0064177264199, 6, 21, 4, 35, 0.0452335812040479
9.89626244846911, 7, 2, 3, 2, 0.400252525252525
9.81899985370126, 6, 14, 0, 5, 0.0184343434343434
9.65213211162934, 7, 5, 0, 10, 0.0808080808080808
9.46366014612505, 6, 26, 0, 5, 0.0184343434343434
9.36162964213353, 7, 3, 0, 16, 0.351010101010101
9.35964727162889, 10, 3, 1, 26, 0.943693693693694
9.22782216171106, 6, 13, 4, 21, 0.0272340315353993
9.17116276049329, 9, 8, 0, 6, 0.026010101010101
8.95333333333333, 8, 1, 0, 20, 0.898989898989899
8.93094166426014, 6, 24, 1, 4, 0.128378378378378
8.93094166426, 6, 24, 1, 4, 0.128378378378378
8.68502761303142, 8, 3, 3, 2, 0.400252525252525
8.56699149117562, 6, 18, 4, 26, 0.0338774705003143
8.54627272727265, 11, 4, 0, 5, 0.0184343434343434
8.31796528001435, 5, 50, 0, 13, 0.170454545454545
8.30087499999999, 8, 1, 0, 20, 0.898989898989899
8.24878985089416, 6, 20, 0, 16, 0.351010101010101
8.12395880658445, 5, 5, 0, 12, 0.132575757575758
8.08324192422259, 7, 24, 0, 9, 0.0618686868686869
7.83666666666669, 11, 1, 0, 10, 0.0808080808080808
7.70764607429959, 6, 6, 4, 100, 0.705914182813912
7.52003333333334, 7, 4, 0, 6, 0.026010101010101
7.4247244617786, 15, 3, 0, 11, 0.103535353535354
7.42472446177858, 15, 3, 0, 11, 0.103535353535354
7.42002066848283, 8, 7, 0, 16, 0.351010101010101
7.36643215312998, 8, 6, 1, 22, 0.632882882882883
7.36643215312984, 8, 6, 1, 22, 0.632882882882883
7.35674525819605, 5, 59, 4, 93, 0.471038215796977
7.31663636363633, 7, 9, 1, 24, 0.743243243243243
7.26315429558181, 8, 7, 0, 14, 0.217171717171717
7.26315429558181, 8, 7, 0, 14, 0.217171717171717
7.25666205363444, 6, 39, 4, 30, 0.0378992342401869
7.25085714285714, 7, 4, 3, 2, 0.400252525252525
7.19127596466712, 8, 2, 1, 13, 0.326576576576577
7.18382506195926, 6, 3, 2, 1, 0.0454545454545454
7.15660611064054, 6, 7, 0, 17, 0.444444444444444
7.10750000000002, 13, 1, 0, 13, 0.170454545454545
7.04507642877, 5, 10, 2, 1, 0.0454545454545454
7.03666666666665, 9, 1, 0, 6, 0.026010101010101
6.98350000000001, 8, 1, 2, 2, 0.181818181818182
6.92993528108311, 9, 3, 0, 5, 0.0184343434343434
6.8246213437089, 10, 11, 0, 9, 0.0618686868686869
6.79117382324335, 7, 5, 0, 3, 0.00795454545454546
6.76490909090916, 9, 4, 1, 17, 0.436936936936937
6.74905269581129, 7, 52, 4, 66, 0.0931101613156405
6.68225201560078, 8, 3, 3, 1, 0.0997474747474748
6.62417632615557, 10, 2, 0, 2, 0.00416666666666667
6.59522807017549, 11, 9, 0, 6, 0.026010101010101
6.57387072943689, 8, 2, 4, 97, 0.601622068566827
6.54670688847311, 8, 7, 0, 12, 0.132575757575758
6.52752963991739, 7, 5, 4, 22, 0.0286232599694077
6.50150000000001, 13, 1, 0, 6, 0.026010101010101
6.47800000000001, 15, 1, 0, 13, 0.170454545454545
6.4603749351136, 11, 7, 0, 5, 0.0184343434343434
6.41202065681598, 7, 11, 1, 24, 0.743243243243243
6.40237500000012, 6, 36, 2, 4, 0.590909090909091
6.39400000000001, 7, 1, 0, 15, 0.275252525252525
6.38666666666666, 6, 1, 0, 15, 0.275252525252525
6.33096271422354, 8, 2, 0, 20, 0.898989898989899
6.29326666666678, 6, 9, 4, 100, 0.705914182813912
6.28739999999996, 7, 4, 4, 15, 0.0180125300509641
6.28666666666665, 8, 1, 4, 79, 0.228732574440079
6.27773857700038, 10, 13, 0, 9, 0.0618686868686869
6.25894593199137, 7, 5, 3, 2, 0.400252525252525
6.25678271700931, 11, 10, 0, 6, 0.026010101010101
6.23042448728912, 7, 12, 0, 10, 0.0808080808080808
6.20803468937621, 8, 10, 0, 16, 0.351010101010101
6.08815858860463, 10, 3, 0, 18, 0.558080808080808
6.08815858860456, 10, 3, 0, 18, 0.558080808080808
6.07706740947627, 5, 6, 0, 17, 0.444444444444444
5.91342981285499, 4, 29, 1, 20, 0.560810810810811
5.81030877155708, 9, 3, 2, 2, 0.181818181818182
5.76925000000003, 10, 4, 2, 4, 0.590909090909091
5.76925000000003, 10, 4, 2, 4, 0.590909090909091
5.73280394603535, 7, 8, 0, 16, 0.351010101010101
5.68695198507006, 6, 72, 0, 5, 0.0184343434343434
5.68333333333334, 11, 1, 0, 13, 0.170454545454545
5.67382481224094, 11, 8, 0, 9, 0.0618686868686869
5.66086661982046, 5, 31, 4, 62, 0.0856939327900282
5.66056454796678, 9, 21, 0, 6, 0.026010101010101
5.65588461538462, 8, 1, 4, 58, 0.081739484313027
5.56456696540708, 6, 5, 2, 1, 0.0454545454545454
5.55636363636361, 7, 4, 3, 3, 0.800505050505051
5.54136014189858, 12, 2, 0, 7, 0.0353535353535354
5.54136014189856, 11, 2, 0, 10, 0.0808080808080808
5.53158393826623, 8, 19, 1, 16, 0.414414414414414
5.51307521885656, 3, 262, 4, 104, 0.952055328905477
5.48219887453931, 9, 2, 3, 2, 0.400252525252525
5.42174142150532, 7, 6, 2, 5, 0.863636363636364
5.40861732176843, 10, 3, 0, 2, 0.00416666666666667
5.40566666666666, 10, 1, 2, 1, 0.0454545454545454
5.3957424903182, 5, 17, 0, 12, 0.132575757575758
5.38, 9, 1, 4, 61, 0.084023548930301
5.32243467249484, 8, 3, 4, 76, 0.20691329301129
5.31847151347726, 8, 8, 3, 2, 0.400252525252525
5.26638244169194, 7, 8, 0, 5, 0.0184343434343434
5.24526327997956, 9, 3, 0, 5, 0.0184343434343434
5.22634739502021, 10, 11, 4, 73, 0.179360578437554
5.1877777777778, 10, 4, 1, 18, 0.475225225225225
5.17605015431649, 8, 5, 3, 1, 0.0997474747474748
5.13735575384153, 7, 2, 0, 1, 0.00126262626262626
5.12648994096273, 10, 10, 1, 26, 0.943693693693694
5.1137905990015, 9, 7, 1, 17, 0.436936936936937
5.07165471011411, 9, 3, 0, 9, 0.0618686868686869
5.05510637870263, 8, 2, 4, 85, 0.311682906050061
5.05510637870261, 8, 2, 4, 85, 0.311682906050061
5.03887863296765, 8, 10, 0, 12, 0.132575757575758
5.03545454545453, 7, 1, 4, 27, 0.0352394625411507
5.03033333333333, 7, 1, 4, 54, 0.0761223229857679
5.02221253251619, 8, 3, 1, 25, 0.835585585585586
5.01791785194123, 7, 54, 0, 3, 0.00795454545454546
5.01585015912298, 6, 44, 4, 21, 0.0272340315353993
4.97484615384616, 11, 4, 3, 2, 0.400252525252525
4.97399923630653, 7, 10, 4, 35, 0.0452335812040479
4.93362543369479, 9, 2, 0, 19, 0.70959595959596
4.91480000000001, 9, 1, 1, 25, 0.835585585585586
4.90036781789051, 7, 5, 3, 3, 0.800505050505051
4.89911862277286, 8, 2, 1, 22, 0.632882882882883
4.8720634599977, 6, 11, 3, 3, 0.800505050505051
4.8641760179226, 9, 3, 0, 6, 0.026010101010101
4.86417601792258, 9, 3, 0, 6, 0.026010101010101
4.86348044100106, 11, 2, 0, 5, 0.0184343434343434
4.84999999999999, 9, 1, 0, 5, 0.0184343434343434
4.8325710969842, 8, 6, 4, 39, 0.051987603372886
4.80914035624079, 9, 2, 4, 10, 0.00844094610403909
4.80908333333335, 10, 1, 0, 4, 0.0126262626262626
4.80754037566771, 10, 13, 4, 73, 0.179360578437554
4.8065, 11, 1, 1, 24, 0.743243243243243
4.8065, 11, 1, 1, 24, 0.743243243243243
4.70508333333331, 9, 9, 0, 8, 0.0467171717171717
4.68508878507812, 9, 24, 4, 58, 0.081739484313027
4.67314285714286, 7, 1, 4, 7, 0.00691788872168195
4.6400895053095, 10, 5, 1, 18, 0.475225225225225
4.62333333333335, 11, 1, 0, 11, 0.103535353535354
4.61566047278184, 7, 10, 4, 22, 0.0286232599694077
4.61257142857143, 10, 1, 1, 7, 0.184684684684685
4.59381388844465, 6, 6, 4, 89, 0.391602757964068
4.58644444444442, 10, 4, 0, 4, 0.0126262626262626
4.58584471198588, 7, 10, 3, 2, 0.400252525252525
4.58285714285715, 14, 1, 0, 7, 0.0353535353535354
4.58249999999998, 16, 1, 0, 8, 0.0467171717171717
4.55666666666667, 13, 1, 0, 7, 0.0353535353535354
4.51150000000001, 13, 1, 0, 8, 0.0467171717171717
4.50064582171266, 9, 5, 2, 2, 0.181818181818182
4.49118603668536, 7, 11, 0, 5, 0.0184343434343434
4.49018714840399, 8, 13, 2, 2, 0.181818181818182
4.48050643110048, 7, 24, 1, 24, 0.743243243243243
4.46580433218171, 9, 3, 4, 84, 0.293759463138283
4.46166666666666, 9, 1, 0, 7, 0.0353535353535354
4.44534463105943, 8, 2, 4, 79, 0.228732574440079
4.41970022512841, 6, 2, 3, 2, 0.400252525252525
4.35602530242582, 10, 3, 4, 86, 0.339097714835584
4.33754936644407, 9, 28, 4, 58, 0.081739484313027
4.32396861605087, 9, 3, 2, 2, 0.181818181818182
4.31638182472548, 4, 58, 4, 81, 0.26159379994883
4.30780455726007, 7, 6, 0, 10, 0.0808080808080808
4.30516664522931, 8, 6, 0, 13, 0.170454545454545
4.26506829101513, 7, 15, 4, 43, 0.0622011646212767
4.25862971571325, 8, 14, 0, 12, 0.132575757575758
4.25590800655125, 9, 11, 0, 8, 0.0467171717171717
4.24061111111112, 7, 4, 0, 13, 0.170454545454545
4.22919999999993, 7, 4, 1, 5, 0.141891891891892
4.20539704378296, 9, 6, 4, 51, 0.0718603446010522
4.20094945560317, 8, 17, 0, 12, 0.132575757575758
4.20021610733163, 7, 7, 3, 3, 0.800505050505051
4.19729348745938, 8, 33, 1, 16, 0.414414414414414
4.18450000000001, 9, 4, 1, 25, 0.835585585585586
4.18449999999996, 9, 4, 1, 25, 0.835585585585586
4.18405183953524, 4, 2, 0, 8, 0.0467171717171717
4.18285714285716, 14, 1, 0, 12, 0.132575757575758
4.15768090970659, 8, 5, 4, 97, 0.601622068566827
4.15526666666665, 9, 4, 0, 8, 0.0467171717171717
4.13999053433693, 8, 21, 1, 9, 0.227477477477477
4.1365746699413, 10, 2, 3, 2, 0.400252525252525
4.10666666666668, 10, 1, 0, 8, 0.0467171717171717
4.10224062112165, 10, 5, 0, 4, 0.0126262626262626
4.05850262225177, 7, 14, 0, 3, 0.00795454545454546
4.05172185619893, 10, 2, 0, 3, 0.00795454545454546
4.04040821268689, 8, 3, 0, 13, 0.170454545454545
4.03192560488575, 8, 3, 2, 2, 0.181818181818182
4.02828829818985, 9, 3, 0, 19, 0.70959595959596
4.02716666666667, 6, 9, 0, 10, 0.0808080808080808
4.01872353974355, 11, 2, 0, 13, 0.170454545454545
4.00839999999999, 10, 1, 4, 83, 0.284343083536879
4.00433333333336, 9, 9, 4, 57, 0.0798737051896258
4.00133453089504, 5, 31, 2, 1, 0.0454545454545454
4.00011360505343, 8, 3, 1, 22, 0.632882882882883
3.99987839815161, 8, 5, 4, 41, 0.0589841673467433
3.99987839815158, 8, 5, 4, 41, 0.0589841673467433
3.98825204500315, 7, 7, 0, 10, 0.0808080808080808
3.98580981302368, 8, 7, 0, 13, 0.170454545454545
3.97101515148624, 11, 3, 0, 5, 0.0184343434343434
3.96599999999998, 9, 1, 0, 9, 0.0618686868686869
3.96249999999999, 8, 1, 4, 14, 0.0167757737040485
3.92471064223165, 9, 6, 4, 24, 0.0306244453386102
3.91833333333332, 12, 4, 0, 7, 0.0353535353535354
3.91666666666667, 11, 1, 0, 17, 0.444444444444444
3.89344111065823, 9, 7, 4, 51, 0.0718603446010522
3.88613030453196, 11, 2, 4, 82, 0.274718983341981
3.85579888498092, 10, 2, 0, 13, 0.170454545454545
3.84524667609244, 9, 2, 0, 10, 0.0808080808080808
3.83500000000001, 10, 1, 0, 11, 0.103535353535354
3.83499999999999, 10, 1, 0, 11, 0.103535353535354
3.83000000000001, 8, 1, 0, 16, 0.351010101010101
3.83, 8, 1, 0, 16, 0.351010101010101
3.8223835568341, 10, 2, 2, 1, 0.0454545454545454
3.81989371852583, 9, 3, 4, 94, 0.486490559366218
3.81701679767431, 9, 2, 4, 29, 0.0366148142052202
3.815, 10, 1, 0, 17, 0.444444444444444
3.80833333333334, 12, 1, 0, 11, 0.103535353535354
3.80423448278364, 9, 2, 4, 61, 0.084023548930301
3.79291788423411, 7, 5, 0, 13, 0.170454545454545
3.78100000000001, 8, 1, 4, 79, 0.228732574440079
3.78099999999998, 8, 1, 4, 79, 0.228732574440079
3.77242857142858, 10, 4, 4, 86, 0.339097714835584
3.75488128458462, 7, 12, 1, 17, 0.436936936936937
3.73500000000001, 12, 1, 0, 8, 0.0467171717171717
3.70806291217425, 5, 24, 0, 12, 0.132575757575758
3.68249999999999, 11, 1, 3, 1, 0.0997474747474748
3.64999999999999, 13, 1, 0, 7, 0.0353535353535354
3.64270930951627, 6, 11, 0, 10, 0.0808080808080808
3.63357599836935, 9, 7, 4, 24, 0.0306244453386102
3.62378372017427, 9, 6, 3, 2, 0.400252525252525
3.61321896610669, 6, 20, 3, 3, 0.800505050505051
3.60867012254281, 6, 3, 3, 2, 0.400252525252525
3.58945454545454, 10, 4, 0, 4, 0.0126262626262626
3.57499353859818, 8, 20, 2, 2, 0.181818181818182
3.57033333333334, 10, 1, 4, 84, 0.293759463138283
3.55199398225834, 10, 5, 1, 6, 0.164414414414414
3.54005938933232, 14, 2, 4, 83, 0.284343083536879
3.527, 8, 1, 3, 1, 0.0997474747474748
3.52297853073429, 8, 29, 1, 9, 0.227477477477477
3.50949896865092, 7, 20, 3, 2, 0.400252525252525
3.46785439188756, 9, 12, 4, 57, 0.0798737051896258
3.46724700591118, 9, 5, 3, 2, 0.400252525252525
3.46119999999996, 11, 4, 2, 1, 0.0454545454545454
3.45919716119223, 9, 5, 4, 84, 0.293759463138283
3.4555250365755, 9, 11, 0, 10, 0.0808080808080808
3.45500000000001, 15, 1, 0, 8, 0.0467171717171717
3.45499999999998, 15, 1, 0, 8, 0.0467171717171717
3.45312734005958, 7, 6, 1, 5, 0.141891891891892
3.44499999999999, 13, 1, 0, 8, 0.0467171717171717
3.44499999999999, 13, 1, 0, 8, 0.0467171717171717
3.44496657764457, 9, 3, 1, 8, 0.202702702702703
3.42946788875473, 9, 2, 0, 5, 0.0184343434343434
3.41714379324371, 8, 12, 4, 39, 0.051987603372886
3.4086225958486, 8, 22, 2, 2, 0.181818181818182
3.38754496944313, 8, 27, 1, 26, 0.943693693693694
3.37500000000003, 9, 1, 0, 7, 0.0353535353535354
3.37183254394216, 7, 24, 4, 43, 0.0622011646212767
3.34995765958134, 12, 2, 4, 56, 0.078725036164931
3.33645735711812, 8, 5, 0, 13, 0.170454545454545
3.32900000000004, 9, 4, 0, 13, 0.170454545454545
3.31656410256417, 11, 9, 3, 2, 0.400252525252525
3.30821704245657, 10, 3, 0, 3, 0.00795454545454546
3.29888883649566, 8, 2, 4, 21, 0.0272340315353993
3.29666666666668, 10, 1, 0, 14, 0.217171717171717
3.27717597504251, 9, 3, 4, 69, 0.110861739138859
3.27285714285713, 11, 1, 0, 6, 0.026010101010101
3.26919035168581, 11, 2, 0, 11, 0.103535353535354
3.26750000000001, 11, 1, 0, 11, 0.103535353535354
3.25931228422737, 8, 8, 4, 76, 0.20691329301129
3.24779999999998, 8, 1, 0, 2, 0.00416666666666667
3.23999999999999, 10, 1, 0, 14, 0.217171717171717
3.2395334981621, 9, 7, 0, 8, 0.0467171717171717
3.23900000000003, 15, 4, 0, 13, 0.170454545454545
3.22779214995845, 9, 3, 3, 2, 0.400252525252525
3.22204989960671, 13, 2, 0, 7, 0.0353535353535354
3.18265476190484, 10, 9, 1, 6, 0.164414414414414
3.17133333333335, 11, 1, 4, 11, 0.00893715698736393
3.14689300033475, 9, 5, 0, 6, 0.026010101010101
3.14370000000008, 7, 16, 4, 15, 0.0180125300509641
3.14191113107222, 12, 2, 0, 5, 0.0184343434343434
3.14167542881186, 13, 2, 4, 72, 0.171932627919944
3.14167542881182, 13, 2, 4, 72, 0.171932627919944
3.13963076385317, 9, 3, 0, 10, 0.0808080808080808
3.13743584489053, 8, 7, 0, 20, 0.898989898989899
3.1302438691827, 7, 18, 2, 5, 0.863636363636364
3.11866834538814, 7, 10, 3, 2, 0.400252525252525
3.10574154784055, 9, 8, 0, 9, 0.0618686868686869
3.10333333333334, 12, 1, 0, 3, 0.00795454545454546
3.09666666666666, 15, 1, 0, 12, 0.132575757575758
3.09161226870384, 8, 2, 0, 14, 0.217171717171717
3.09078571428572, 8, 1, 1, 3, 0.105855855855856
3.08474337561098, 7, 26, 4, 35, 0.0452335812040479
3.08066666666666, 7, 1, 4, 87, 0.357350407816721
3.07933536217269, 8, 11, 4, 34, 0.0437591097547004
3.07803421420548, 7, 26, 3, 2, 0.400252525252525
3.075464521119, 8, 8, 1, 25, 0.835585585585586
3.0663703743559, 8, 11, 1, 13, 0.326576576576577
3.06333333333333, 9, 1, 0, 16, 0.351010101010101
3.06299556996092, 9, 14, 0, 10, 0.0808080808080808
3.0585714285715, 10, 9, 3, 1, 0.0997474747474748
3.05750753004729, 9, 6, 2, 2, 0.181818181818182
3.0539904739234, 7, 3, 3, 2, 0.400252525252525
3.04575492774612, 8, 6, 0, 13, 0.170454545454545
3.04386278795135, 8, 3, 3, 3, 0.800505050505051
3.03907910840777, 7, 13, 3, 3, 0.800505050505051
3.03427197913108, 7, 11, 4, 60, 0.0833233322906506
2.98342857142859, 9, 4, 1, 8, 0.202702702702703
2.97754811883871, 9, 5, 0, 13, 0.170454545454545
2.97353359559211, 7, 11, 3, 2, 0.400252525252525
2.97333333333333, 7, 1, 3, 3, 0.800505050505051
2.97225167217631, 7, 3, 0, 14, 0.217171717171717
2.95999999999998, 9, 1, 4, 17, 0.0191899869089483
2.95887695122666, 9, 5, 4, 94, 0.486490559366218
2.9495997468872, 7, 26, 0, 6, 0.026010101010101
2.9467157733004, 5, 57, 0, 12, 0.132575757575758
2.94066666666666, 12, 1, 0, 15, 0.275252525252525
2.93640346909847, 7, 3, 1, 16, 0.414414414414414
2.93170218833503, 8, 3, 4, 78, 0.219710950157435
2.92499999999998, 10, 4, 3, 2, 0.400252525252525
2.90755919114302, 13, 5, 0, 6, 0.026010101010101
2.9052857142857, 12, 1, 0, 2, 0.00416666666666667
2.89044638767095, 14, 3, 4, 83, 0.284343083536879
2.88466666666667, 13, 1, 1, 13, 0.326576576576577
2.86661089093029, 10, 2, 4, 73, 0.179360578437554
2.86661089093024, 10, 2, 4, 73, 0.179360578437554
2.85859701407683, 8, 2, 0, 12, 0.132575757575758
2.85733333333332, 10, 1, 0, 4, 0.0126262626262626
2.85620416325979, 6, 5, 0, 15, 0.275252525252525
2.85333333333334, 10, 1, 0, 9, 0.0618686868686869
2.83479108577688, 12, 2, 4, 92, 0.455244555401909
2.83479108577688, 12, 2, 4, 92, 0.455244555401909
2.83333333333334, 10, 1, 0, 4, 0.0126262626262626
2.82605796590708, 11, 6, 2, 1, 0.0454545454545454
2.82000000000001, 12, 1, 0, 7, 0.0353535353535354
2.805021890289, 8, 8, 2, 5, 0.863636363636364
2.8, 15, 1, 0, 6, 0.026010101010101
2.79706960413402, 12, 3, 0, 10, 0.0808080808080808
2.79522222222221, 9, 4, 0, 16, 0.351010101010101
2.7911242686103, 7, 13, 4, 60, 0.0833233322906506
2.78699999999998, 8, 1, 3, 1, 0.0997474747474748
2.78274243450418, 7, 7, 0, 18, 0.558080808080808
2.78246518396907, 12, 2, 0, 8, 0.0467171717171717
2.7695015596473, 11, 2, 0, 17, 0.444444444444444
2.76125198053345, 12, 2, 0, 10, 0.0808080808080808
2.76125198053345, 12, 2, 0, 10, 0.0808080808080808
2.7415, 10, 1, 2, 5, 0.863636363636364
2.72801796181772, 10, 2, 0, 9, 0.0618686868686869
2.72589664147415, 9, 2, 0, 13, 0.170454545454545
2.71337259132661, 10, 7, 0, 4, 0.0126262626262626
2.69761237022672, 12, 2, 0, 4, 0.0126262626262626
2.69761237022668, 12, 2, 0, 4, 0.0126262626262626
2.69, 12, 1, 0, 11, 0.103535353535354
2.69, 12, 1, 0, 11, 0.103535353535354
2.68638249191308, 13, 7, 0, 13, 0.170454545454545
2.67492067079404, 9, 2, 0, 6, 0.026010101010101
2.67107493075626, 10, 7, 2, 5, 0.863636363636364
2.67107493075622, 10, 7, 2, 5, 0.863636363636364
2.65726187289802, 9, 5, 4, 53, 0.0751545691169847
2.65223968510052, 6, 18, 4, 89, 0.391602757964068
2.65199999999999, 9, 1, 0, 9, 0.0618686868686869
2.64880055643213, 10, 12, 3, 1, 0.0997474747474748
2.64750000000006, 10, 9, 1, 6, 0.164414414414414
2.64622673222977, 4, 5, 0, 8, 0.0467171717171717
2.64570760856152, 16, 3, 0, 8, 0.0467171717171717
2.63698526098778, 8, 15, 4, 34, 0.0437591097547004
2.60715320986206, 11, 2, 2, 2, 0.181818181818182
2.60471573944897, 13, 3, 0, 8, 0.0467171717171717
2.58250000000001, 9, 1, 4, 72, 0.171932627919944
2.5825, 9, 1, 4, 72, 0.171932627919944
2.5809397513309, 13, 2, 0, 7, 0.0353535353535354
2.56866666666666, 10, 1, 4, 67, 0.0942557274601005
2.55874999999999, 11, 1, 2, 5, 0.863636363636364
2.55605598970859, 6, 30, 4, 15, 0.0180125300509641
2.54299999999998, 7, 4, 1, 16, 0.414414414414414
2.53984631277508, 12, 3, 0, 6, 0.026010101010101
2.53892857142856, 8, 4, 4, 78, 0.219710950157435
2.53605555555558, 8, 4, 0, 8, 0.0467171717171717
2.52857142857144, 13, 1, 0, 2, 0.00416666666666667
2.52460691109637, 10, 2, 4, 84, 0.293759463138283
2.52429084695089, 8, 3, 0, 14, 0.217171717171717
2.51974297573421, 9, 13, 0, 5, 0.0184343434343434
2.51965716362804, 10, 2, 2, 2, 0.181818181818182
2.50572007949166, 9, 11, 0, 8, 0.0467171717171717
2.50527932574394, 10, 2, 0, 6, 0.026010101010101
2.50012276044277, 9, 5, 0, 16, 0.351010101010101
2.49580273509687, 11, 3, 3, 2, 0.400252525252525
2.47142857142856, 11, 1, 0, 9, 0.0618686868686869
2.47045293434892, 7, 3, 4, 2, 0.000339506812356317
2.47024999999999, 9, 1, 4, 78, 0.219710950157435
2.46187624983628, 9, 13, 3, 2, 0.400252525252525
2.46140000000003, 9, 4, 1, 8, 0.202702702702703
2.46056920244082, 8, 5, 0, 17, 0.444444444444444
2.46056920244072, 8, 5, 0, 17, 0.444444444444444
2.45740000000001, 9, 4, 1, 25, 0.835585585585586
2.45366053071732, 10, 2, 0, 2, 0.00416666666666667
2.45366053071732, 10, 2, 0, 2, 0.00416666666666667
2.45010211521886, 9, 24, 0, 5, 0.0184343434343434
2.44187541769753, 7, 2, 0, 12, 0.132575757575758
2.43710376220399, 6, 33, 4, 15, 0.0180125300509641
2.43067956032876, 6, 2, 4, 76, 0.20691329301129
2.43067956032876, 6, 2, 4, 76, 0.20691329301129
2.43018458558195, 5, 2, 4, 104, 0.952055328905477
2.42649999999999, 10, 1, 0, 17, 0.444444444444444
2.423, 9, 1, 4, 89, 0.391602757964068
2.423, 9, 1, 4, 89, 0.391602757964068
2.42184072556395, 8, 2, 2, 4, 0.590909090909091
2.41971940522034, 11, 2, 3, 2, 0.400252525252525
2.41670484042099, 7, 7, 0, 15, 0.275252525252525
2.41666666666666, 11, 1, 0, 12, 0.132575757575758
2.41166666666668, 9, 1, 0, 13, 0.170454545454545
2.40870532305913, 10, 3, 0, 11, 0.103535353535354
2.40833333333333, 10, 1, 4, 21, 0.0272340315353993
2.39228366211036, 8, 2, 3, 2, 0.400252525252525
2.38375797463432, 12, 2, 3, 3, 0.800505050505051
2.38, 14, 1, 0, 5, 0.0184343434343434
2.37677873887193, 8, 2, 1, 4, 0.128378378378378
2.34990909090909, 8, 1, 4, 56, 0.078725036164931
2.34853732258095, 11, 2, 0, 6, 0.026010101010101
2.34787137637474, 9, 5, 2, 1, 0.0454545454545454
2.34666666666666, 9, 1, 0, 16, 0.351010101010101
2.34599999999999, 9, 1, 4, 85, 0.311682906050061
2.34049999999999, 12, 1, 4, 86, 0.339097714835584
2.3398, 10, 1, 2, 2, 0.181818181818182
2.3357727272728, 8, 4, 0, 10, 0.0808080808080808
2.33500000000001, 9, 1, 0, 13, 0.170454545454545
2.33499999999999, 9, 1, 0, 13, 0.170454545454545
2.33266666666668, 8, 4, 4, 21, 0.0272340315353993
2.33109535531164, 10, 2, 0, 14, 0.217171717171717
2.31320000000001, 8, 1, 0, 15, 0.275252525252525
2.31284526600675, 13, 2, 0, 4, 0.0126262626262626
2.29102597104442, 10, 2, 0, 14, 0.217171717171717
2.2902907828482, 8, 12, 2, 5, 0.863636363636364
2.29000000000001, 12, 1, 0, 7, 0.0353535353535354
2.27033333333333, 11, 1, 0, 17, 0.444444444444444
2.26999999999998, 8, 1, 0, 20, 0.898989898989899
2.26831704677529, 8, 5, 0, 8, 0.0467171717171717
2.26811571133398, 13, 2, 2, 5, 0.863636363636364
2.265, 12, 1, 0, 10, 0.0808080808080808
2.265, 12, 1, 0, 10, 0.0808080808080808
2.24450000000002, 10, 4, 4, 50, 0.0708643200456854
2.2424713054029, 11, 2, 4, 11, 0.00893715698736393
2.22741733853355, 10, 3, 0, 9, 0.0618686868686869
2.22333333333333, 11, 1, 0, 19, 0.70959595959596
2.22166666666669, 12, 4, 0, 5, 0.0184343434343434
2.22, 9, 1, 0, 9, 0.0618686868686869
2.22, 9, 1, 0, 9, 0.0618686868686869
2.21986052382353, 7, 11, 0, 18, 0.558080808080808
2.20259127695844, 10, 3, 0, 17, 0.444444444444444
2.19957142857146, 12, 4, 0, 6, 0.026010101010101
2.19750000000001, 13, 1, 0, 11, 0.103535353535354
2.19583172062716, 10, 2, 0, 12, 0.132575757575758
2.19438804428225, 12, 2, 0, 3, 0.00795454545454546
2.19163818457759, 11, 2, 0, 4, 0.0126262626262626
2.19045323357706, 10, 19, 1, 6, 0.164414414414414
2.18115245581398, 12, 8, 3, 2, 0.400252525252525
2.17836029057538, 7, 2, 4, 87, 0.357350407816721
2.16610377303479, 9, 2, 0, 16, 0.351010101010101
2.16142857142856, 11, 4, 3, 2, 0.400252525252525
2.16000000000001, 9, 1, 0, 13, 0.170454545454545
2.16, 9, 1, 0, 13, 0.170454545454545
2.15949737379039, 7, 6, 3, 2, 0.400252525252525
2.15351650407731, 12, 3, 0, 13, 0.170454545454545
2.15351650407731, 12, 3, 0, 13, 0.170454545454545
2.15031172158829, 11, 2, 3, 3, 0.800505050505051
2.15031172158829, 11, 2, 3, 3, 0.800505050505051
2.14442857142858, 10, 1, 0, 2, 0.00416666666666667
2.14274999999998, 9, 16, 0, 8, 0.0467171717171717
2.14134393314106, 8, 6, 4, 36, 0.0468471651172549
2.13425000000001, 10, 1, 1, 2, 0.0788288288288288
2.12609236629081, 11, 3, 3, 1, 0.0997474747474748
2.11550000000001, 10, 1, 4, 21, 0.0272340315353993
2.1155, 10, 1, 4, 21, 0.0272340315353993
2.11308597925271, 9, 7, 3, 2, 0.400252525252525
2.11075, 8, 1, 4, 28, 0.0358931359772792
2.10312207343805, 10, 3, 0, 19, 0.70959595959596
2.10246416272802, 7, 2, 3, 3, 0.800505050505051
2.09303607231219, 9, 2, 4, 17, 0.0191899869089483
2.08910070975773, 9, 3, 0, 16, 0.351010101010101
2.07936534120925, 12, 2, 0, 15, 0.275252525252525
2.07000000000001, 9, 1, 0, 3, 0.00795454545454546
2.0635, 9, 1, 4, 4, 0.00326307504602002
2.06349999999998, 9, 1, 4, 4, 0.00326307504602002
2.05700000000002, 10, 1, 1, 10, 0.240990990990991
2.04999999999998, 14, 1, 0, 7, 0.0353535353535354
2.0488, 11, 1, 0, 8, 0.0467171717171717
2.03976736146278, 13, 2, 1, 13, 0.326576576576577
2.03707362134399, 9, 2, 0, 13, 0.170454545454545
2.03455300583444, 8, 52, 4, 102, 0.786411515216059
2.03, 11, 1, 0, 15, 0.275252525252525
2.02999999999999, 11, 1, 0, 15, 0.275252525252525
2.02499999999999, 8, 1, 0, 9, 0.0618686868686869
2.0216666666667, 9, 4, 3, 1, 0.0997474747474748
2.0213333333333, 8, 4, 0, 12, 0.132575757575758
2.02043977611037, 10, 2, 0, 4, 0.0126262626262626
2.01761134898561, 10, 2, 0, 9, 0.0618686868686869
2.01533333333333, 10, 1, 4, 41, 0.0589841673467433
2.01529884963331, 8, 3, 4, 29, 0.0366148142052202
2.00972468429546, 9, 6, 1, 8, 0.202702702702703
2.00766666666667, 9, 4, 0, 14, 0.217171717171717
2.0042, 10, 4, 4, 83, 0.284343083536879
2.00346921336187, 10, 2, 0, 4, 0.0126262626262626
1.99531799192233, 9, 5, 0, 7, 0.0353535353535354
1.98999999999999, 9, 1, 0, 3, 0.00795454545454546
1.98666666666668, 16, 1, 0, 12, 0.132575757575758
1.98423740515088, 5, 3, 4, 104, 0.952055328905477
1.98333333333335, 10, 1, 0, 12, 0.132575757575758
1.98050000000001, 11, 1, 1, 26, 0.943693693693694
1.97921259538877, 10, 3, 4, 64, 0.0917218809839261
1.97782688453385, 12, 6, 0, 10, 0.0808080808080808
1.97569262116691, 11, 3, 3, 2, 0.400252525252525
1.97000000000001, 10, 1, 0, 15, 0.275252525252525
1.97, 10, 1, 0, 15, 0.275252525252525
1.96448405949247, 9, 2, 3, 3, 0.800505050505051
1.964, 10, 1, 0, 6, 0.026010101010101
1.95400000000001, 11, 4, 1, 7, 0.184684684684685
1.95329143072233, 8, 3, 3, 2, 0.400252525252525
1.94795671794831, 9, 6, 0, 7, 0.0353535353535354
1.94795671794828, 9, 6, 0, 7, 0.0353535353535354
1.94240000000001, 9, 1, 4, 42, 0.0614175149797577
1.94000000000003, 16, 1, 0, 11, 0.103535353535354
1.93666666666668, 10, 1, 0, 2, 0.00416666666666667
1.92749999999998, 9, 4, 0, 13, 0.170454545454545
1.91838069735908, 8, 2, 4, 41, 0.0589841673467433
1.917, 9, 1, 0, 14, 0.217171717171717
1.91666666666666, 12, 1, 0, 6, 0.026010101010101
1.90780258252196, 7, 6, 4, 7, 0.00691788872168195
1.905, 13, 1, 0, 6, 0.026010101010101
1.905, 13, 1, 0, 6, 0.026010101010101
1.9025, 13, 1, 0, 8, 0.0467171717171717
1.89013980855069, 11, 3, 1, 6, 0.164414414414414
1.88649200457706, 11, 3, 0, 11, 0.103535353535354
1.88307440035674, 10, 6, 1, 7, 0.184684684684685
1.87094359401147, 14, 6, 0, 7, 0.0353535353535354
1.8695, 8, 1, 3, 2, 0.400252525252525
1.8695, 8, 1, 3, 2, 0.400252525252525
1.86902464403229, 8, 2, 4, 100, 0.705914182813912
1.86428702859834, 11, 2, 3, 2, 0.400252525252525
1.86428702859832, 11, 2, 3, 2, 0.400252525252525
1.85565022434235, 9, 2, 4, 9, 0.0079337803296631
1.85190872345266, 13, 3, 2, 5, 0.863636363636364
1.84879999999998, 13, 1, 4, 56, 0.078725036164931
1.84837712602164, 11, 2, 4, 38, 0.0506681897441603
1.8475, 14, 1, 0, 10, 0.0808080808080808
1.83950863839202, 7, 50, 1, 17, 0.436936936936937
1.83749999999998, 8, 4, 3, 2, 0.400252525252525
1.83655716551978, 10, 5, 0, 8, 0.0467171717171717
1.83193939393944, 11, 9, 4, 82, 0.274718983341981
1.82666666666667, 9, 1, 0, 12, 0.132575757575758
1.82135714285712, 10, 4, 0, 19, 0.70959595959596
1.8201249959915, 7, 8, 0, 14, 0.217171717171717
1.81666666666666, 11, 1, 0, 3, 0.00795454545454546
1.81632161860783, 10, 2, 4, 67, 0.0942557274601005
1.81250000000001, 10, 1, 0, 2, 0.00416666666666667
1.80921428571426, 9, 4, 0, 16, 0.351010101010101
1.8, 10, 1, 0, 14, 0.217171717171717
1.79571165713083, 9, 5, 0, 14, 0.217171717171717
1.79062768890743, 12, 7, 4, 56, 0.078725036164931
1.78533333333333, 9, 1, 4, 23, 0.0296164402178925
1.78333333333333, 11, 1, 0, 2, 0.00416666666666667
1.78166666666669, 10, 4, 2, 2, 0.181818181818182
1.774, 11, 1, 3, 1, 0.0997474747474748
1.77399999999999, 11, 1, 3, 1, 0.0997474747474748
1.77208387216862, 8, 5, 4, 14, 0.0167757737040485
1.77133333333333, 10, 1, 0, 18, 0.558080808080808
1.77129512117868, 11, 6, 2, 4, 0.590909090909091
1.76567821586584, 8, 7, 0, 10, 0.0808080808080808
1.76423141906044, 12, 2, 0, 7, 0.0353535353535354
1.76423141906044, 12, 2, 0, 7, 0.0353535353535354
1.76387786566985, 12, 2, 0, 4, 0.0126262626262626
1.76387786566983, 12, 2, 0, 4, 0.0126262626262626
1.76011111111112, 9, 1, 4, 25, 0.0319165363830463
1.74999999999994, 9, 9, 2, 1, 0.0454545454545454
1.74840000000002, 8, 9, 4, 36, 0.0468471651172549
1.745, 14, 1, 0, 8, 0.0467171717171717
1.74499999999998, 14, 1, 0, 8, 0.0467171717171717
1.73400000000001, 10, 1, 2, 4, 0.590909090909091
1.73399999999999, 10, 1, 2, 4, 0.590909090909091
1.73128024305712, 9, 2, 2, 5, 0.863636363636364
1.73124999999999, 9, 1, 4, 103, 0.865041948010276
1.72666666666666, 7, 4, 0, 12, 0.132575757575758
1.715, 13, 1, 0, 6, 0.026010101010101
1.71499999999999, 13, 1, 0, 6, 0.026010101010101
1.71425000000001, 9, 1, 3, 2, 0.400252525252525
1.71249999999998, 8, 4, 2, 4, 0.590909090909091
1.70999999999999, 6, 1, 0, 13, 0.170454545454545
1.7088413878675, 11, 2, 0, 12, 0.132575757575758
1.70801642995611, 10, 2, 4, 34, 0.0437591097547004
1.70764427782594, 14, 6, 0, 12, 0.132575757575758
1.70530585396155, 9, 2, 0, 13, 0.170454545454545
1.70500000000001, 9, 1, 0, 13, 0.170454545454545
1.70499999999998, 9, 1, 0, 13, 0.170454545454545
1.70321186781511, 10, 6, 0, 11, 0.103535353535354
1.70313844286232, 12, 5, 0, 11, 0.103535353535354
1.7029488313576, 10, 2, 4, 21, 0.0272340315353993
1.69668251933842, 10, 7, 4, 50, 0.0708643200456854
1.69499999999999, 14, 1, 0, 8, 0.0467171717171717
1.69499999999999, 14, 1, 0, 8, 0.0467171717171717
1.69333333333333, 16, 1, 0, 8, 0.0467171717171717
1.69281363416056, 10, 2, 0, 9, 0.0618686868686869
1.69000000000001, 8, 1, 0, 18, 0.558080808080808
1.69, 8, 1, 0, 18, 0.558080808080808
1.68899999999999, 10, 1, 4, 56, 0.078725036164931
1.68609611973932, 11, 2, 0, 11, 0.103535353535354
1.68609611973932, 11, 2, 0, 11, 0.103535353535354
1.68291413922398, 14, 2, 0, 5, 0.0184343434343434
1.67584307141212, 11, 2, 0, 7, 0.0353535353535354
1.67584307141212, 11, 2, 0, 7, 0.0353535353535354
1.67500000000001, 12, 1, 0, 19, 0.70959595959596
1.675, 12, 1, 0, 19, 0.70959595959596
1.67, 9, 1, 3, 3, 0.800505050505051
1.67, 9, 1, 3, 3, 0.800505050505051
1.66399999999999, 9, 1, 4, 4, 0.00326307504602002
1.66125000000001, 10, 1, 3, 3, 0.800505050505051
1.6606666666666, 11, 4, 0, 6, 0.026010101010101
1.65934391318441, 9, 2, 0, 16, 0.351010101010101
1.65887250866364, 9, 2, 4, 85, 0.311682906050061
1.65657142857143, 11, 1, 4, 58, 0.081739484313027
1.64411816880217, 10, 11, 0, 13, 0.170454545454545
1.63990062581639, 11, 7, 2, 4, 0.590909090909091
1.63860211426964, 11, 2, 4, 28, 0.0358931359772792
1.62812775911474, 12, 3, 0, 7, 0.0353535353535354
1.62758143121115, 9, 11, 4, 29, 0.0366148142052202
1.62433333333334, 12, 1, 4, 38, 0.0506681897441603
1.62390000000002, 8, 4, 0, 2, 0.00416666666666667
1.61927452891719, 12, 2, 0, 7, 0.0353535353535354
1.61339999999998, 14, 1, 4, 48, 0.067745494454136
1.61287583217057, 11, 5, 2, 4, 0.590909090909091
1.6064570229753, 12, 6, 0, 8, 0.0467171717171717
1.60536809555385, 11, 2, 0, 17, 0.444444444444444
1.60513239329347, 8, 2, 0, 20, 0.898989898989899
1.60499999999999, 10, 1, 0, 7, 0.0353535353535354
1.60399451786263, 9, 3, 3, 3, 0.800505050505051
1.60066666666665, 11, 1, 3, 3, 0.800505050505051
1.595, 8, 1, 0, 13, 0.170454545454545
1.59235054178844, 7, 10, 4, 27, 0.0352394625411507
1.58839753280538, 11, 2, 2, 1, 0.0454545454545454
1.58666666666664, 12, 1, 0, 10, 0.0808080808080808
1.58626662323832, 12, 5, 1, 10, 0.240990990990991
1.58626662323832, 12, 5, 1, 10, 0.240990990990991
1.58280576298335, 10, 3, 2, 5, 0.863636363636364
1.57213407683811, 11, 2, 0, 19, 0.70959595959596
1.55971175221576, 13, 3, 4, 70, 0.136274845408473
1.55971175221576, 13, 3, 4, 70, 0.136274845408473
1.55866666666667, 9, 1, 4, 90, 0.412079181780135
1.55166666666668, 13, 1, 0, 4, 0.0126262626262626
1.54999999999998, 13, 1, 0, 7, 0.0353535353535354
1.547, 7, 1, 4, 73, 0.179360578437554
1.547, 7, 1, 4, 73, 0.179360578437554
1.54644253045497, 12, 2, 0, 13, 0.170454545454545
1.53999999999999, 12, 1, 0, 6, 0.026010101010101
1.5365, 8, 1, 4, 96, 0.578309095069458
1.5252, 7, 1, 0, 16, 0.351010101010101
1.52500000000002, 12, 1, 0, 8, 0.0467171717171717
1.51999999999998, 10, 1, 0, 2, 0.00416666666666667
1.51708405734054, 12, 3, 4, 84, 0.293759463138283
1.5170376940929, 9, 14, 4, 69, 0.110861739138859
1.51670256700775, 7, 11, 4, 54, 0.0761223229857679
1.51500000000001, 14, 1, 0, 5, 0.0184343434343434
1.51499999999999, 14, 1, 0, 5, 0.0184343434343434
1.50934588481235, 9, 5, 0, 7, 0.0353535353535354
1.50762091808686, 12, 5, 3, 3, 0.800505050505051
1.49900709995465, 9, 7, 0, 9, 0.0618686868686869
1.48833333333332, 12, 1, 0, 7, 0.0353535353535354
1.48533333333333, 10, 1, 4, 68, 0.0971476980300399
1.48066666666666, 12, 1, 4, 56, 0.078725036164931
1.47833333333332, 12, 1, 4, 60, 0.0833233322906506
1.47729500128897, 11, 3, 2, 5, 0.863636363636364
1.47455258751032, 10, 3, 4, 80, 0.244079764845808
1.4745525875103, 10, 3, 4, 80, 0.244079764845808
1.47189327266701, 10, 2, 3, 2, 0.400252525252525
1.46639804282467, 11, 2, 1, 16, 0.414414414414414
1.46371103705615, 9, 2, 0, 3, 0.00795454545454546
1.46277178322387, 13, 5, 0, 4, 0.0126262626262626
1.46222438601194, 8, 13, 3, 3, 0.800505050505051
1.45922396849728, 8, 23, 0, 13, 0.170454545454545
1.45500000000001, 17, 1, 0, 7, 0.0353535353535354
1.455, 10, 1, 0, 9, 0.0618686868686869
1.455, 10, 1, 0, 9, 0.0618686868686869
1.45499999999997, 10, 1, 4, 19, 0.0217556379075293
1.4545186489007, 10, 2, 1, 10, 0.240990990990991
1.45410163720932, 12, 18, 3, 2, 0.400252525252525
1.45, 10, 1, 0, 16, 0.351010101010101
1.45, 10, 1, 0, 16, 0.351010101010101
1.44999318201989, 10, 11, 0, 4, 0.0126262626262626
1.44642369311345, 10, 6, 0, 6, 0.026010101010101
1.4411025865795, 9, 17, 4, 53, 0.0751545691169847
1.43375000000002, 11, 1, 0, 8, 0.0467171717171717
1.42953420929879, 9, 8, 3, 1, 0.0997474747474748
1.428, 11, 1, 0, 13, 0.170454545454545
1.42619950246569, 9, 3, 4, 78, 0.219710950157435
1.42505586635129, 10, 2, 4, 41, 0.0589841673467433
1.42200000000003, 10, 1, 3, 2, 0.400252525252525
1.41774909627904, 12, 2, 0, 13, 0.170454545454545
1.41774909627902, 12, 2, 0, 13, 0.170454545454545
1.41358439908389, 9, 3, 2, 5, 0.863636363636364
1.41269363009714, 11, 3, 2, 5, 0.863636363636364
1.4116973066894, 12, 7, 0, 8, 0.0467171717171717
1.4071424945612, 9, 2, 0, 3, 0.00795454545454546
1.40487975286148, 13, 2, 3, 3, 0.800505050505051
1.40478547195728, 16, 2, 0, 12, 0.132575757575758
1.40242844935331, 10, 2, 0, 12, 0.132575757575758
1.40094042818866, 10, 3, 0, 17, 0.444444444444444
1.39999999999999, 10, 1, 0, 14, 0.217171717171717
1.39633333333333, 8, 1, 0, 15, 0.275252525252525
1.39599999999999, 16, 1, 0, 8, 0.0467171717171717
1.39458957522756, 9, 3, 1, 9, 0.227477477477477
1.39458957522754, 9, 3, 1, 9, 0.227477477477477
1.39427315114364, 9, 2, 3, 3, 0.800505050505051
1.39350000000005, 8, 4, 3, 1, 0.0997474747474748
1.39271751622503, 12, 2, 0, 10, 0.0808080808080808
1.38999999999999, 17, 1, 0, 10, 0.0808080808080808
1.38800000000001, 10, 1, 4, 6, 0.00648491626136443
1.38487143406489, 15, 5, 0, 12, 0.132575757575758
1.38217654444002, 10, 3, 0, 9, 0.0618686868686869
1.37933333333334, 14, 1, 3, 3, 0.800505050505051
1.37733333333333, 10, 1, 1, 4, 0.128378378378378
1.37697066054439, 9, 5, 0, 13, 0.170454545454545
1.37697066054439, 9, 5, 0, 13, 0.170454545454545
1.37333333333333, 10, 1, 0, 13, 0.170454545454545
1.36943013289793, 10, 2, 0, 2, 0.00416666666666667
1.36500000000001, 11, 1, 0, 19, 0.70959595959596
1.36499999999998, 11, 1, 0, 19, 0.70959595959596
1.364, 7, 1, 0, 8, 0.0467171717171717
1.36312887190784, 11, 7, 2, 4, 0.590909090909091
1.35528799727423, 12, 2, 0, 6, 0.026010101010101
1.3545, 10, 1, 1, 2, 0.0788288288288288
1.35128830503838, 12, 3, 4, 86, 0.339097714835584
1.34950000000001, 10, 1, 0, 13, 0.170454545454545
1.34703841816037, 11, 2, 0, 3, 0.00795454545454546
1.34703841816037, 11, 2, 0, 3, 0.00795454545454546
1.343, 14, 1, 4, 48, 0.067745494454136
1.343, 14, 1, 4, 48, 0.067745494454136
1.33613833350388, 11, 6, 0, 6, 0.026010101010101
1.32814306707206, 10, 5, 4, 40, 0.0550596271875607
1.32600000000002, 9, 4, 0, 9, 0.0618686868686869
1.325, 11, 1, 1, 26, 0.943693693693694
1.32499999999999, 11, 1, 1, 26, 0.943693693693694
1.31999999999999, 8, 1, 0, 4, 0.0126262626262626
1.31999999999999, 8, 1, 0, 4, 0.0126262626262626
1.31999999999996, 12, 1, 0, 4, 0.0126262626262626
1.31932278948597, 8, 7, 4, 29, 0.0366148142052202
1.31666666666666, 10, 1, 0, 18, 0.558080808080808
1.30999999999997, 15, 1, 0, 3, 0.00795454545454546
1.30071242145727, 12, 3, 4, 27, 0.0352394625411507
1.29626815127118, 10, 2, 4, 84, 0.293759463138283
1.295, 14, 1, 3, 2, 0.400252525252525
1.2916483869674, 9, 2, 0, 12, 0.132575757575758
1.28835848097888, 9, 5, 0, 13, 0.170454545454545
1.28500000000001, 12, 1, 0, 16, 0.351010101010101
1.285, 12, 1, 0, 16, 0.351010101010101
1.28457731915556, 11, 2, 0, 3, 0.00795454545454546
1.28, 11, 1, 0, 2, 0.00416666666666667
1.28, 11, 1, 0, 2, 0.00416666666666667
1.27279220613579, 10, 2, 0, 14, 0.217171717171717
1.26872721654418, 13, 3, 0, 11, 0.103535353535354
1.26350000000001, 11, 1, 4, 49, 0.0692091058226616
1.26299999999999, 10, 1, 3, 1, 0.0997474747474748
1.26266503871771, 12, 3, 0, 13, 0.170454545454545
1.26242130667839, 9, 2, 4, 23, 0.0296164402178925
1.26100709311601, 11, 2, 0, 2, 0.00416666666666667
1.26096969696977, 9, 9, 0, 6, 0.026010101010101
1.25666666666667, 8, 1, 0, 14, 0.217171717171717
1.25252181174177, 10, 2, 0, 18, 0.558080808080808
1.25219806739995, 15, 5, 0, 6, 0.026010101010101
1.23750000000001, 9, 1, 0, 4, 0.0126262626262626
1.23666666666666, 10, 1, 1, 10, 0.240990990990991
1.23581810959375, 11, 10, 1, 7, 0.184684684684685
1.23220981201793, 10, 3, 1, 2, 0.0788288288288288
1.22666666666666, 7, 1, 4, 78, 0.219710950157435
1.22500000000004, 8, 9, 3, 2, 0.400252525252525
1.22342857142857, 11, 4, 2, 5, 0.863636363636364
1.22333333333333, 14, 1, 0, 8, 0.0467171717171717
1.22152287200867, 9, 31, 4, 10, 0.00844094610403909
1.22, 14, 1, 0, 3, 0.00795454545454546
1.22, 11, 1, 0, 13, 0.170454545454545
1.22, 11, 1, 0, 13, 0.170454545454545
1.21864208069199, 8, 3, 4, 28, 0.0358931359772792
1.215, 12, 1, 0, 9, 0.0618686868686869
1.215, 12, 1, 0, 9, 0.0618686868686869
1.2132904845914, 8, 5, 4, 41, 0.0589841673467433
1.21242319571568, 10, 6, 4, 40, 0.0550596271875607
1.2111031616528, 13, 7, 2, 1, 0.0454545454545454
1.21000000000001, 14, 1, 0, 11, 0.103535353535354
1.21000000000001, 14, 1, 0, 11, 0.103535353535354
1.21000000000001, 11, 1, 0, 17, 0.444444444444444
1.21000000000001, 8, 1, 0, 15, 0.275252525252525
1.20999999999999, 11, 1, 0, 17, 0.444444444444444
1.20933333333333, 11, 1, 4, 3, 0.000573791508306289
1.209152595829, 6, 2, 0, 13, 0.170454545454545
1.205, 10, 1, 0, 13, 0.170454545454545
1.205, 10, 1, 0, 13, 0.170454545454545
1.2, 11, 1, 0, 13, 0.170454545454545
1.2, 11, 1, 0, 13, 0.170454545454545
1.19736748280922, 16, 2, 0, 8, 0.0467171717171717
1.19730898824544, 11, 3, 1, 16, 0.414414414414414
1.19666666666669, 11, 1, 0, 4, 0.0126262626262626
1.19515188156151, 10, 2, 2, 1, 0.0454545454545454
1.19500000000001, 9, 1, 0, 14, 0.217171717171717
1.19499999999999, 10, 1, 0, 15, 0.275252525252525
1.19499999999999, 10, 1, 0, 15, 0.275252525252525
1.19499999999999, 9, 1, 0, 14, 0.217171717171717
1.18607792616627, 12, 6, 0, 2, 0.00416666666666667
1.1845, 10, 1, 4, 15, 0.0180125300509641
1.1845, 10, 1, 4, 15, 0.0180125300509641
1.1795, 9, 1, 4, 85, 0.311682906050061
1.17949999999999, 9, 1, 4, 85, 0.311682906050061
1.17866666666667, 10, 1, 1, 9, 0.227477477477477
1.17566666666661, 8, 9, 3, 1, 0.0997474747474748
1.17500000000001, 11, 1, 0, 15, 0.275252525252525
1.17499999999998, 11, 1, 0, 15, 0.275252525252525
1.17361624990496, 9, 5, 4, 9, 0.0079337803296631
1.17147988606593, 11, 7, 0, 4, 0.0126262626262626
1.16999999999999, 11, 1, 0, 1, 0.00126262626262626
1.16989999999998, 10, 4, 2, 2, 0.181818181818182
1.16913429510901, 8, 3, 0, 9, 0.0618686868686869
1.16672618895781, 12, 2, 3, 3, 0.800505050505051
1.16672618895781, 12, 2, 3, 3, 0.800505050505051
1.16177644148948, 13, 2, 0, 11, 0.103535353535354
1.15866666666665, 11, 4, 4, 28, 0.0358931359772792
1.15746951836762, 11, 8, 1, 6, 0.164414414414414
1.1566, 8, 4, 0, 15, 0.275252525252525
1.15266666666666, 10, 1, 3, 1, 0.0997474747474748
1.15000000000001, 15, 1, 0, 4, 0.0126262626262626
1.15000000000001, 15, 1, 0, 4, 0.0126262626262626
1.14857711490735, 12, 2, 4, 38, 0.0506681897441603
1.14725000000001, 9, 1, 3, 3, 0.800505050505051
1.14707951482593, 13, 3, 3, 3, 0.800505050505051
1.14645267739083, 8, 3, 1, 7, 0.184684684684685
1.14500000000001, 11, 1, 0, 12, 0.132575757575758
1.145, 11, 1, 0, 12, 0.132575757575758
1.14349999999999, 10, 1, 4, 96, 0.578309095069458
1.14344220813006, 11, 3, 1, 26, 0.943693693693694
1.14000000000001, 17, 1, 0, 5, 0.0184343434343434
1.14, 17, 1, 0, 5, 0.0184343434343434
1.13999999999999, 13, 1, 0, 1, 0.00126262626262626
1.13841926078811, 9, 3, 3, 3, 0.800505050505051
1.13714909019588, 12, 3, 0, 10, 0.0808080808080808
1.13566666666667, 8, 1, 4, 19, 0.0217556379075293
1.13504780516066, 10, 2, 0, 14, 0.217171717171717
1.13184225441928, 11, 2, 3, 3, 0.800505050505051
1.13117692307689, 8, 25, 4, 58, 0.081739484313027
1.12666666666668, 9, 1, 0, 2, 0.00416666666666667
1.125, 12, 1, 0, 11, 0.103535353535354
1.125, 12, 1, 0, 11, 0.103535353535354
1.12466666666668, 9, 1, 4, 26, 0.0338774705003143
1.12316666666669, 11, 4, 2, 1, 0.0454545454545454
1.12194275948268, 12, 2, 0, 10, 0.0808080808080808
1.12106293399497, 7, 42, 0, 1, 0.00126262626262626
1.12042424242424, 8, 9, 1, 4, 0.128378378378378
1.11949145597453, 11, 2, 1, 2, 0.0788288288288288
1.11033333333334, 10, 1, 2, 4, 0.590909090909091
1.10914749391831, 11, 2, 4, 56, 0.078725036164931
1.10678046603653, 9, 3, 0, 14, 0.217171717171717
1.10214376960942, 9, 2, 4, 90, 0.412079181780135
1.09840888713325, 13, 3, 0, 8, 0.0467171717171717
1.09719402214113, 13, 2, 0, 4, 0.0126262626262626
1.09700000000001, 11, 1, 4, 80, 0.244079764845808
1.09699999999999, 11, 1, 4, 80, 0.244079764845808
1.09643977490786, 10, 2, 1, 9, 0.227477477477477
1.09194964684735, 9, 2, 3, 3, 0.800505050505051
1.09035865658968, 10, 2, 4, 11, 0.00893715698736393
1.086, 10, 1, 4, 6, 0.00648491626136443
1.086, 10, 1, 4, 6, 0.00648491626136443
1.08333333333334, 10, 1, 0, 9, 0.0618686868686869
1.075, 9, 1, 0, 13, 0.170454545454545
1.075, 9, 1, 0, 13, 0.170454545454545
1.07480230740358, 10, 2, 0, 2, 0.00416666666666667
1.07399999999998, 10, 1, 0, 1, 0.00126262626262626
1.0727404245756, 12, 6, 4, 84, 0.293759463138283
1.0666546223278, 14, 3, 0, 10, 0.0808080808080808
1.065, 11, 1, 0, 4, 0.0126262626262626
1.065, 11, 1, 0, 4, 0.0126262626262626
1.06278149212339, 11, 2, 4, 16, 0.0186420699741554
1.06278149212335, 11, 2, 4, 16, 0.0186420699741554
1.05924999999999, 15, 1, 2, 4, 0.590909090909091
1.05839851347841, 10, 3, 4, 84, 0.293759463138283
1.05517978572768, 8, 3, 0, 13, 0.170454545454545
1.05500000000001, 12, 1, 0, 11, 0.103535353535354
1.05500000000001, 12, 1, 0, 11, 0.103535353535354
1.05366666666667, 11, 1, 1, 12, 0.313063063063063
1.05333333333334, 14, 1, 0, 5, 0.0184343434343434
1.05028927232242, 10, 2, 4, 68, 0.0971476980300399
1.05000000000003, 10, 1, 0, 4, 0.0126262626262626
1.04698944067687, 12, 2, 4, 56, 0.078725036164931
1.04644736290618, 10, 3, 0, 2, 0.00416666666666667
1.04533952485413, 12, 2, 4, 60, 0.0833233322906506
1.04416101355215, 12, 2, 0, 10, 0.0808080808080808
1.0394469683442, 12, 2, 0, 10, 0.0808080808080808
1.0394469683442, 12, 2, 0, 10, 0.0808080808080808
1.03779781274929, 7, 17, 4, 2, 0.000339506812356317
1.03666666666666, 9, 1, 0, 11, 0.103535353535354
1.036, 10, 1, 3, 3, 0.800505050505051
1.03228496303, 13, 6, 0, 2, 0.00416666666666667
1.02439999999999, 11, 4, 0, 8, 0.0467171717171717
1.02000000000001, 13, 1, 0, 3, 0.00795454545454546
1.02, 13, 1, 0, 3, 0.00795454545454546
1.01966666666667, 10, 1, 2, 5, 0.863636363636364
1.01433333333334, 9, 1, 0, 15, 0.275252525252525
1.00895648928927, 11, 6, 0, 9, 0.0618686868686869
1.00550584284725, 10, 2, 3, 2, 0.400252525252525
1.00000000000001, 10, 1, 0, 8, 0.0467171717171717
1, 10, 1, 0, 8, 0.0467171717171717
0.999537653534517, 9, 3, 4, 103, 0.865041948010276
0.997869089610462, 9, 2, 2, 4, 0.590909090909091
0.996011692961996, 9, 3, 3, 3, 0.800505050505051
0.995000000000005, 12, 1, 0, 3, 0.00795454545454546
0.995000000000005, 9, 1, 0, 2, 0.00416666666666667
0.995000000000005, 9, 1, 0, 2, 0.00416666666666667
0.99499999999999, 12, 1, 0, 3, 0.00795454545454546
0.992857142857133, 8, 4, 1, 7, 0.184684684684685
0.990000000000009, 13, 1, 0, 7, 0.0353535353535354
0.989999999999981, 13, 1, 0, 7, 0.0353535353535354
0.989949493661171, 10, 2, 0, 14, 0.217171717171717
0.989722698958312, 9, 3, 3, 2, 0.400252525252525
0.987999132446132, 11, 7, 4, 38, 0.0506681897441603
0.987356768796794, 8, 2, 0, 15, 0.275252525252525
0.986123745615476, 10, 6, 4, 34, 0.0437591097547004
0.982878425849332, 17, 2, 0, 10, 0.0808080808080808
0.981999999999999, 10, 4, 0, 6, 0.026010101010101
0.981464212286932, 10, 2, 4, 6, 0.00648491626136443
0.975837424984308, 10, 3, 2, 1, 0.0454545454545454
0.975335953516666, 14, 2, 3, 3, 0.800505050505051
0.975144604661307, 10, 3, 4, 56, 0.078725036164931
0.973921739954286, 10, 2, 1, 4, 0.128378378378378
0.972499999999997, 11, 1, 0, 4, 0.0126262626262626
0.97120000000001, 9, 4, 4, 42, 0.0614175149797577
0.971093312829526, 10, 2, 0, 13, 0.170454545454545
0.96999999999997, 16, 4, 0, 11, 0.103535353535354
0.968500000000006, 9, 1, 4, 4, 0.00326307504602002
0.968500000000006, 9, 1, 4, 4, 0.00326307504602002
0.966666666666669, 12, 1, 0, 1, 0.00126262626262626
0.966126101178503, 13, 11, 2, 1, 0.0454545454545454
0.965500000000006, 10, 1, 4, 92, 0.455244555401909
0.965499999999992, 10, 1, 4, 92, 0.455244555401909
0.964500000000001, 9, 1, 2, 4, 0.590909090909091
0.964500000000001, 9, 1, 2, 4, 0.590909090909091
0.963786542757264, 9, 2, 3, 1, 0.0997474747474748
0.963786542757264, 9, 2, 3, 1, 0.0997474747474748
0.960710847931579, 9, 3, 4, 4, 0.00326307504602002
0.960000000000008, 13, 1, 0, 4, 0.0126262626262626
0.960000000000008, 13, 1, 0, 4, 0.0126262626262626
0.960000000000008, 14, 1, 0, 5, 0.0184343434343434
0.960000000000008, 14, 1, 0, 5, 0.0184343434343434
0.95912313469128, 10, 3, 3, 3, 0.800505050505051
0.955000000000013, 10, 1, 0, 4, 0.0126262626262626
0.954999999999984, 10, 1, 0, 4, 0.0126262626262626
0.946666666666658, 9, 1, 0, 6, 0.026010101010101
0.945000000000007, 12, 1, 0, 14, 0.217171717171717
0.944999999999993, 12, 1, 0, 14, 0.217171717171717
0.941999999999993, 5, 1, 0, 7, 0.0353535353535354
0.941823246268054, 9, 3, 0, 14, 0.217171717171717
0.938000000000002, 8, 1, 3, 2, 0.400252525252525
0.937999999999988, 11, 1, 2, 2, 0.181818181818182
0.934512322016174, 8, 8, 4, 100, 0.705914182813912
0.9315, 11, 1, 4, 14, 0.0167757737040485
0.9315, 11, 1, 4, 14, 0.0167757737040485
0.931023928562285, 10, 2, 0, 18, 0.558080808080808
0.930907042861429, 10, 5, 3, 2, 0.400252525252525
0.927441254204295, 9, 2, 0, 14, 0.217171717171717
0.927441254204275, 9, 2, 0, 7, 0.0353535353535354
0.926762652103185, 10, 3, 0, 14, 0.217171717171717
0.926647182049343, 10, 3, 0, 7, 0.0353535353535354
0.926333333333332, 8, 1, 3, 3, 0.800505050505051
0.924999999999983, 17, 1, 0, 11, 0.103535353535354
0.924542116401414, 11, 2, 3, 1, 0.0997474747474748
0.924542116401414, 11, 2, 3, 1, 0.0997474747474748
0.924399999999991, 13, 4, 4, 56, 0.078725036164931
0.920873679357452, 8, 3, 0, 13, 0.170454545454545
0.919499999999999, 11, 1, 4, 87, 0.357350407816721
0.919499999999999, 11, 1, 4, 87, 0.357350407816721
0.917333333333346, 13, 1, 3, 1, 0.0997474747474748
0.916787870774906, 14, 5, 0, 7, 0.0353535353535354
0.91570328163657, 14, 2, 3, 2, 0.400252525252525
0.914060946180986, 11, 3, 1, 2, 0.0788288288288288
0.911666666666633, 11, 4, 4, 78, 0.219710950157435
0.909750000000003, 14, 1, 1, 24, 0.743243243243243
0.90424815178131, 12, 2, 0, 8, 0.0467171717171717
0.902000000000001, 10, 1, 4, 92, 0.455244555401909
0.902000000000001, 10, 1, 4, 92, 0.455244555401909
0.896212575002061, 10, 3, 4, 103, 0.865041948010276
0.895239327405419, 10, 3, 1, 9, 0.227477477477477
0.89500000000001, 13, 1, 0, 5, 0.0184343434343434
0.894999999999996, 13, 1, 0, 14, 0.217171717171717
0.894999999999982, 13, 1, 0, 5, 0.0184343434343434
0.893075864638613, 10, 2, 3, 1, 0.0997474747474748
0.890274115090371, 10, 3, 4, 11, 0.00893715698736393
0.890000000000001, 10, 1, 0, 16, 0.351010101010101
0.890000000000001, 10, 1, 0, 16, 0.351010101010101
0.88859752169109, 8, 2, 0, 14, 0.217171717171717
0.888000000000005, 13, 1, 4, 65, 0.0928774452980315
0.887999999999991, 13, 1, 4, 65, 0.0928774452980315
0.887098688609846, 8, 3, 4, 96, 0.578309095069458
0.886666666666656, 9, 1, 0, 9, 0.0618686868686869
0.885999999999996, 11, 1, 3, 2, 0.400252525252525
0.885999999999996, 11, 1, 3, 2, 0.400252525252525
0.885000000000019, 13, 1, 0, 9, 0.0618686868686869
0.884999999999991, 13, 1, 0, 9, 0.0618686868686869
0.881, 10, 1, 3, 2, 0.400252525252525
0.880333333333326, 13, 1, 4, 46, 0.0667300768973018
0.880000000000024, 10, 1, 0, 15, 0.275252525252525
0.879999999999995, 10, 1, 0, 15, 0.275252525252525
0.879999999999995, 13, 1, 0, 7, 0.0353535353535354
0.879999999999995, 13, 1, 0, 7, 0.0353535353535354
0.875459298307575, 10, 6, 0, 2, 0.00416666666666667
0.875, 12, 1, 0, 14, 0.217171717171717
0.875, 12, 1, 0, 14, 0.217171717171717
0.874455386067372, 10, 2, 1, 10, 0.240990990990991
0.87288403766471, 10, 2, 4, 31, 0.0395255744388036
0.869034234078276, 8, 2, 4, 99, 0.6623678444522
0.869034234078256, 8, 2, 4, 99, 0.6623678444522
0.867384318255513, 7, 2, 4, 78, 0.219710950157435
0.866000000000014, 13, 1, 0, 12, 0.132575757575758
0.865027295651601, 14, 2, 0, 8, 0.0467171717171717
0.864000000000004, 13, 1, 4, 16, 0.0186420699741554
0.864000000000004, 13, 1, 4, 16, 0.0186420699741554
0.862670273047567, 14, 2, 0, 3, 0.00795454545454546
0.862571428571471, 9, 4, 3, 3, 0.800505050505051
0.859999999999999, 12, 1, 0, 7, 0.0353535353535354
0.857229721102191, 8, 13, 1, 3, 0.105855855855856
0.855599205235748, 12, 2, 2, 5, 0.863636363636364
0.855599205235708, 12, 2, 2, 5, 0.863636363636364
0.855599205235708, 8, 2, 0, 15, 0.275252525252525
0.855127800714962, 11, 2, 4, 3, 0.000573791508306289
0.853333333333339, 11, 1, 1, 3, 0.105855855855856
0.851516161242481, 12, 7, 4, 27, 0.0352394625411507
0.850500000000011, 11, 1, 4, 3, 0.000573791508306289
0.850499999999982, 11, 1, 4, 3, 0.000573791508306289
0.846171114819896, 11, 2, 0, 4, 0.0126262626262626
0.842000000000013, 12, 1, 3, 1, 0.0997474747474748
0.841999999999999, 12, 1, 3, 1, 0.0997474747474748
0.841999999999985, 9, 1, 3, 3, 0.800505050505051
0.841333333333338, 10, 1, 3, 1, 0.0997474747474748
0.84004464167088, 17, 3, 0, 7, 0.0353535353535354
0.834500000000006, 12, 1, 3, 1, 0.0997474747474748
0.834499999999991, 12, 1, 3, 1, 0.0997474747474748
0.833443192758538, 10, 2, 1, 9, 0.227477477477477
0.833333333333314, 12, 1, 0, 6, 0.026010101010101
0.83250000000001, 11, 1, 0, 1, 0.00126262626262626
0.830000000000013, 10, 1, 0, 11, 0.103535353535354
0.829999999999984, 10, 1, 0, 11, 0.103535353535354
0.82994637910379, 10, 14, 0, 12, 0.132575757575758
0.827775948450612, 11, 3, 0, 8, 0.0467171717171717
0.827314933988272, 11, 2, 0, 1, 0.00126262626262626
0.825000000000017, 12, 1, 0, 7, 0.0353535353535354
0.824999999999989, 12, 1, 0, 7, 0.0353535353535354
0.821500000000043, 13, 4, 0, 11, 0.103535353535354
0.817338747475622, 8, 5, 0, 13, 0.170454545454545
0.816708332270483, 14, 2, 0, 5, 0.0184343434343434
0.816708332270483, 14, 2, 0, 5, 0.0184343434343434
0.815642857142848, 9, 4, 0, 14, 0.217171717171717
0.815419455794919, 11, 5, 4, 78, 0.219710950157435
0.81505841644768, 10, 2, 3, 1, 0.0997474747474748
0.814999999999998, 11, 1, 0, 4, 0.0126262626262626
0.814756699880396, 9, 3, 2, 4, 0.590909090909091
0.810000000000002, 11, 1, 0, 11, 0.103535353535354
0.806700000000035, 14, 4, 4, 48, 0.067745494454136
0.806000000000012, 9, 1, 4, 64, 0.0917218809839261
0.806000000000012, 9, 1, 4, 64, 0.0917218809839261
0.805000000000007, 11, 1, 0, 15, 0.275252525252525
0.804999999999993, 11, 1, 0, 15, 0.275252525252525
0.804000000000002, 12, 1, 1, 3, 0.105855855855856
0.804000000000002, 12, 1, 1, 3, 0.105855855855856
0.803037601167512, 8, 2, 4, 19, 0.0217556379075293
0.800000000000011, 9, 1, 0, 17, 0.444444444444444
0.800000000000011, 9, 1, 0, 17, 0.444444444444444
0.797898072020066, 8, 3, 3, 2, 0.400252525252525
0.797898072020066, 8, 3, 3, 2, 0.400252525252525
0.796673640136822, 9, 2, 0, 2, 0.00416666666666667
0.796499999999995, 12, 1, 2, 5, 0.863636363636364
0.796499999999995, 12, 1, 2, 5, 0.863636363636364
0.795259426574463, 9, 2, 4, 26, 0.0338774705003143
0.793333333333337, 11, 1, 0, 7, 0.0353535353535354
0.789602572324983, 13, 2, 0, 7, 0.0353535353535354
0.788424061023007, 13, 2, 2, 1, 0.0454545454545454
0.788424061023007, 13, 2, 2, 1, 0.0454545454545454
0.788070507632422, 9, 2, 2, 5, 0.863636363636364
0.788070507632402, 9, 2, 2, 5, 0.863636363636364
0.787500000000009, 14, 1, 3, 3, 0.800505050505051
0.787499999999994, 14, 1, 3, 3, 0.800505050505051
0.785124229377461, 10, 2, 2, 4, 0.590909090909091
0.781750000000002, 9, 1, 2, 4, 0.590909090909091
0.781666666666681, 10, 1, 0, 12, 0.132575757575758
0.780000000000001, 17, 1, 0, 13, 0.170454545454545
0.780000000000001, 17, 1, 0, 13, 0.170454545454545
0.779134188271371, 10, 3, 0, 13, 0.170454545454545
0.776666666666671, 14, 1, 0, 7, 0.0353535353535354
0.776142857142872, 10, 4, 4, 103, 0.865041948010276
0.775000000000034, 13, 4, 0, 7, 0.0353535353535354
0.775000000000006, 12, 1, 4, 5, 0.00604237658698964
0.775000000000006, 11, 1, 0, 3, 0.00795454545454546
0.774999999999991, 11, 1, 0, 3, 0.00795454545454546
0.774999999999977, 12, 1, 4, 5, 0.00604237658698964
0.769999999999982, 12, 4, 0, 6, 0.026010101010101
0.766032346285413, 10, 2, 0, 9, 0.0618686868686869
0.765000000000001, 12, 1, 0, 14, 0.217171717171717
0.765000000000001, 12, 1, 0, 14, 0.217171717171717
0.76260000000002, 7, 4, 0, 16, 0.351010101010101
0.760000000000005, 11, 1, 0, 8, 0.0467171717171717
0.757252613069121, 9, 3, 0, 7, 0.0353535353535354
0.757252613069096, 9, 3, 0, 14, 0.217171717171717
0.753, 13, 1, 3, 2, 0.400252525252525
0.753, 13, 1, 3, 2, 0.400252525252525
0.752361615182502, 12, 2, 4, 27, 0.0352394625411507
0.752361615182461, 12, 2, 4, 27, 0.0352394625411507
0.751333333333335, 11, 1, 4, 31, 0.0395255744388036
0.74666666666667, 12, 1, 0, 2, 0.00416666666666667
0.745054845110219, 11, 2, 1, 12, 0.313063063063063
0.744819142849836, 14, 2, 0, 5, 0.0184343434343434
0.743106502160846, 8, 10, 4, 56, 0.078725036164931
0.739999999999995, 14, 1, 0, 9, 0.0618686868686869
0.738333333333344, 12, 4, 0, 10, 0.0808080808080808
0.738315524239687, 12, 3, 0, 8, 0.0467171717171717
0.734030426254096, 8, 6, 4, 90, 0.412079181780135
0.734030426254026, 8, 6, 4, 90, 0.412079181780135
0.733034029830071, 9, 2, 0, 11, 0.103535353535354
0.732562625309244, 10, 2, 3, 3, 0.800505050505051
0.729482065121064, 11, 3, 4, 49, 0.0692091058226616
0.727333333333348, 13, 1, 4, 13, 0.0149040473935306
0.725000000000009, 11, 1, 0, 16, 0.351010101010101
0.724999999999994, 11, 1, 0, 16, 0.351010101010101
0.723794501222541, 9, 2, 3, 1, 0.0997474747474748
0.723094198549659, 11, 26, 2, 2, 0.181818181818182
0.721013214549862, 10, 2, 2, 5, 0.863636363636364
0.720683231385338, 9, 2, 2, 5, 0.863636363636364
0.720500000000001, 7, 1, 4, 71, 0.160308462840372
0.720500000000001, 7, 1, 4, 71, 0.160308462840372
0.718622520194423, 13, 2, 0, 11, 0.103535353535354
0.71724197838355, 9, 2, 0, 15, 0.275252525252525
0.716666666666669, 11, 1, 0, 1, 0.00126262626262626
0.716299169341976, 8, 2, 2, 1, 0.0454545454545454
0.716299169341976, 8, 2, 2, 1, 0.0454545454545454
0.715000000000003, 12, 1, 0, 10, 0.0808080808080808
0.715000000000003, 12, 1, 0, 10, 0.0808080808080808
0.715000000000003, 11, 1, 0, 8, 0.0467171717171717
0.715000000000003, 11, 1, 0, 8, 0.0467171717171717
0.714470958122152, 9, 3, 0, 4, 0.0126262626262626
0.713999999999999, 11, 4, 0, 13, 0.170454545454545
0.712499999999991, 6, 1, 0, 6, 0.026010101010101
0.710666666666668, 11, 1, 4, 42, 0.0614175149797577
0.710000000000008, 7, 1, 0, 4, 0.0126262626262626
0.707333333333324, 13, 1, 3, 1, 0.0997474747474748
0.702500000000001, 12, 1, 4, 50, 0.0708643200456854
0.702499999999986, 12, 1, 4, 50, 0.0708643200456854
0.701486468369961, 11, 5, 4, 56, 0.078725036164931
0.700000000000003, 11, 1, 0, 10, 0.0808080808080808
0.700000000000003, 11, 1, 0, 10, 0.0808080808080808
0.700000000000003, 11, 1, 0, 13, 0.170454545454545
0.699999999999989, 11, 1, 0, 13, 0.170454545454545
0.697999999999979, 16, 4, 0, 8, 0.0467171717171717
0.696750000000009, 8, 1, 4, 13, 0.0149040473935306
0.693530330987797, 14, 2, 0, 9, 0.0618686868686869
0.691500000000005, 14, 1, 4, 83, 0.284343083536879
0.691500000000005, 14, 1, 4, 83, 0.284343083536879
0.689999999999998, 5, 1, 0, 9, 0.0618686868686869
0.689999999999998, 5, 1, 0, 9, 0.0618686868686869
0.685000000000002, 12, 1, 0, 8, 0.0467171717171717
0.685000000000002, 12, 1, 0, 8, 0.0467171717171717
0.683536555146977, 12, 2, 0, 1, 0.00126262626262626
0.68199999999996, 7, 4, 0, 8, 0.0467171717171717
0.680802408926419, 10, 2, 2, 4, 0.590909090909091
0.680000000000007, 14, 1, 0, 7, 0.0353535353535354
0.680000000000007, 11, 1, 0, 12, 0.132575757575758
0.679999999999993, 11, 1, 0, 12, 0.132575757575758
0.679999999999978, 14, 1, 0, 7, 0.0353535353535354
0.677999999999997, 11, 1, 4, 7, 0.00691788872168195
0.676292453745564, 11, 6, 4, 58, 0.081739484313027
0.669394419523279, 9, 2, 0, 6, 0.026010101010101
0.66560290130248, 12, 5, 0, 7, 0.0353535353535354
0.664999999999992, 10, 1, 4, 14, 0.0167757737040485
0.664999999999992, 10, 1, 4, 14, 0.0167757737040485
0.663266160753013, 11, 2, 2, 2, 0.181818181818182
0.662999999999997, 12, 1, 4, 56, 0.078725036164931
0.662999999999997, 12, 1, 4, 56, 0.078725036164931
0.662500000000009, 13, 1, 3, 3, 0.800505050505051
0.662499999999994, 13, 1, 3, 3, 0.800505050505051
0.662365096327757, 9, 3, 3, 3, 0.800505050505051
0.66164340849132, 9, 3, 3, 3, 0.800505050505051
0.660200032818347, 10, 3, 4, 96, 0.578309095069458
0.660000000000025, 12, 4, 0, 4, 0.0126262626262626
0.658179306876165, 13, 3, 0, 1, 0.00126262626262626
0.655487986159944, 10, 2, 4, 50, 0.0708643200456854
0.655487986159924, 10, 2, 4, 50, 0.0708643200456854
0.655016581639138, 8, 2, 3, 3, 0.800505050505051
0.65500000000003, 15, 4, 0, 3, 0.00795454545454546
0.655000000000001, 18, 1, 0, 9, 0.0618686868686869
0.654999999999987, 18, 1, 0, 9, 0.0618686868686869
0.650695781452432, 10, 5, 4, 19, 0.0217556379075293
0.650000000000006, 13, 1, 0, 1, 0.00126262626262626
0.648652620608448, 13, 2, 3, 1, 0.0997474747474748
0.647849395341249, 10, 28, 4, 64, 0.0917218809839261
0.646999999999991, 11, 1, 4, 67, 0.0942557274601005
0.64500000000001, 11, 1, 0, 1, 0.00126262626262626
0.64500000000001, 13, 1, 0, 14, 0.217171717171717
0.644999999999996, 11, 1, 0, 1, 0.00126262626262626
0.644999999999996, 13, 1, 0, 14, 0.217171717171717
0.642500000000013, 14, 1, 0, 9, 0.0618686868686869
0.640000000000001, 10, 1, 4, 40, 0.0550596271875607
0.640000000000001, 10, 1, 4, 40, 0.0550596271875607
0.635000000000019, 12, 1, 0, 6, 0.026010101010101
0.635000000000005, 13, 1, 3, 1, 0.0997474747474748
0.635000000000005, 12, 1, 0, 14, 0.217171717171717
0.634999999999991, 12, 1, 0, 6, 0.026010101010101
0.634999999999991, 13, 1, 3, 1, 0.0997474747474748
0.634999999999991, 12, 1, 0, 14, 0.217171717171717
0.632860569161947, 13, 2, 0, 14, 0.217171717171717
0.630437422548846, 9, 6, 3, 3, 0.800505050505051
0.630000000000024, 13, 1, 0, 11, 0.103535353535354
0.63000000000001, 9, 1, 0, 7, 0.0353535353535354
0.629999999999995, 13, 1, 0, 11, 0.103535353535354
0.629999999999995, 10, 1, 0, 14, 0.217171717171717
0.629999999999995, 10, 1, 0, 14, 0.217171717171717
0.629999999999995, 11, 1, 0, 1, 0.00126262626262626
0.629999999999995, 11, 1, 0, 1, 0.00126262626262626
0.629999999999995, 12, 1, 0, 2, 0.00416666666666667
0.629999999999995, 12, 1, 0, 2, 0.00416666666666667
0.629999999999995, 9, 1, 0, 7, 0.0353535353535354
0.628500000000003, 10, 1, 4, 95, 0.534067194388448
0.628500000000003, 10, 1, 4, 95, 0.534067194388448
0.627499999999998, 9, 1, 1, 20, 0.560810810810811
0.627499999999998, 9, 1, 1, 20, 0.560810810810811
0.626968012652065, 9, 2, 0, 9, 0.0618686868686869
0.625, 10, 1, 0, 1, 0.00126262626262626
0.625, 10, 1, 0, 1, 0.00126262626262626
0.625, 10, 1, 0, 12, 0.132575757575758
0.625, 10, 1, 0, 12, 0.132575757575758
0.624940973212696, 11, 2, 3, 3, 0.800505050505051
0.622578642957312, 12, 6, 0, 8, 0.0467171717171717
0.622489669704582, 13, 2, 4, 46, 0.0667300768973018
0.622293251154179, 9, 8, 4, 25, 0.0319165363830463
0.620000000000005, 10, 1, 0, 12, 0.132575757575758
0.620000000000005, 10, 1, 0, 12, 0.132575757575758
0.617000000000019, 15, 1, 2, 5, 0.863636363636364
0.61699999999999, 15, 1, 2, 5, 0.863636363636364
0.616666666666674, 12, 1, 0, 8, 0.0467171717171717
0.615000000000009, 9, 1, 0, 1, 0.00126262626262626
0.614999999999995, 9, 1, 0, 1, 0.00126262626262626
0.611558272639106, 15, 3, 2, 4, 0.590909090909091
0.60811183182042, 12, 2, 0, 7, 0.0353535353535354
0.606999999999999, 13, 1, 4, 22, 0.0286232599694077
0.606999999999985, 13, 1, 4, 22, 0.0286232599694077
0.606666666666683, 10, 1, 4, 12, 0.0115508595340253
0.605750815104687, 10, 5, 1, 2, 0.0788288288288288
0.605000000000018, 11, 1, 1, 18, 0.475225225225225
0.60499999999999, 11, 1, 1, 18, 0.475225225225225
0.603397786612514, 11, 2, 1, 3, 0.105855855855856
0.602000000000004, 13, 1, 3, 3, 0.800505050505051
0.601999999999975, 13, 1, 3, 3, 0.800505050505051
0.600399999999993, 11, 1, 3, 3, 0.800505050505051
0.599999999999994, 13, 1, 0, 7, 0.0353535353535354
0.599999999999994, 13, 1, 0, 7, 0.0353535353535354
0.597499999999997, 10, 1, 4, 71, 0.160308462840372
0.597499999999997, 10, 1, 4, 71, 0.160308462840372
0.595383909759062, 9, 2, 3, 3, 0.800505050505051
0.594999999999999, 10, 1, 0, 1, 0.00126262626262626
0.594999999999999, 10, 1, 0, 1, 0.00126262626262626
0.594912505238276, 10, 2, 3, 1, 0.0997474747474748
0.590975735542502, 9, 3, 3, 1, 0.0997474747474748
0.589255650988816, 12, 2, 0, 6, 0.026010101010101
0.588435394358057, 9, 3, 2, 5, 0.863636363636364
0.586666666666659, 12, 1, 0, 8, 0.0467171717171717
0.585000000000008, 15, 1, 0, 6, 0.026010101010101
0.58499999999998, 15, 1, 0, 6, 0.026010101010101
0.58250000000001, 13, 1, 4, 32, 0.0409687585124503
0.582499999999996, 13, 1, 4, 32, 0.0409687585124503
0.580000000000013, 13, 1, 0, 6, 0.026010101010101
0.579999999999984, 13, 1, 0, 6, 0.026010101010101
0.578413347010584, 12, 2, 1, 2, 0.0788288288288288
0.578413347010584, 12, 2, 1, 2, 0.0788288288288288
0.575000000000017, 10, 1, 2, 1, 0.0454545454545454
0.574999999999989, 10, 1, 2, 1, 0.0454545454545454
0.574999999999989, 11, 1, 0, 1, 0.00126262626262626
0.574999999999989, 11, 1, 0, 1, 0.00126262626262626
0.574170706323525, 11, 2, 1, 3, 0.105855855855856
0.573499999999996, 10, 1, 0, 12, 0.132575757575758
0.573000000000008, 14, 1, 2, 5, 0.863636363636364
0.572999999999979, 14, 1, 2, 5, 0.863636363636364
0.572999999999979, 9, 4, 3, 3, 0.800505050505051
0.572756492761105, 11, 2, 0, 11, 0.103535353535354
0.57050000000001, 11, 1, 3, 3, 0.800505050505051
0.570499999999996, 11, 1, 3, 3, 0.800505050505051
0.570000000000022, 13, 1, 0, 4, 0.0126262626262626
0.569999999999993, 13, 1, 0, 4, 0.0126262626262626
0.566265144021178, 14, 3, 0, 9, 0.0618686868686869
0.564999999999998, 9, 1, 0, 14, 0.217171717171717
0.564999999999998, 9, 1, 0, 14, 0.217171717171717
0.564000000000007, 11, 1, 3, 1, 0.0997474747474748
0.563999999999993, 11, 1, 3, 1, 0.0997474747474748
0.563500000000005, 12, 1, 4, 55, 0.0776266165618163
0.563500000000005, 12, 1, 4, 55, 0.0776266165618163
0.561473136786942, 11, 3, 0, 4, 0.0126262626262626
0.56097137974132, 11, 2, 0, 7, 0.0353535353535354
0.558999999999998, 13, 1, 4, 45, 0.0660434784542375
0.558999999999998, 13, 1, 4, 45, 0.0660434784542375
0.558333333333337, 13, 4, 0, 7, 0.0353535353535354
0.555872839175764, 10, 3, 2, 4, 0.590909090909091
0.555000000000007, 12, 1, 0, 1, 0.00126262626262626
0.554999999999993, 12, 1, 0, 1, 0.00126262626262626
0.552957502887868, 12, 2, 1, 6, 0.164414414414414
0.552957502887868, 12, 2, 1, 6, 0.164414414414414
0.552721800627484, 10, 2, 0, 12, 0.132575757575758
0.549999999999997, 13, 1, 0, 11, 0.103535353535354
0.549186266721535, 14, 2, 0, 7, 0.0353535353535354
0.545000000000002, 10, 1, 2, 5, 0.863636363636364
0.542999999999992, 11, 1, 2, 4, 0.590909090909091
0.542586603430462, 11, 2, 4, 29, 0.0366148142052202
0.541499999999999, 12, 1, 2, 5, 0.863636363636364
0.541499999999999, 12, 1, 2, 5, 0.863636363636364
0.540000000000006, 11, 1, 4, 78, 0.219710950157435
0.539999999999992, 11, 1, 4, 78, 0.219710950157435
0.537499999999994, 11, 1, 0, 6, 0.026010101010101
0.53740115370179, 11, 2, 0, 8, 0.0467171717171717
0.537000000000035, 10, 4, 0, 1, 0.00126262626262626
0.534999999999997, 13, 1, 0, 7, 0.0353535353535354
0.534999999999997, 13, 1, 0, 7, 0.0353535353535354
0.53404899900046, 17, 3, 0, 11, 0.103535353535354
0.534000000000006, 10, 1, 4, 57, 0.0798737051896258
0.534000000000006, 10, 1, 4, 57, 0.0798737051896258
0.531272894931504, 11, 2, 4, 31, 0.0395255744388036
0.530499999999989, 12, 1, 3, 1, 0.0997474747474748
0.530499999999989, 12, 1, 3, 1, 0.0997474747474748
0.530000000000001, 14, 1, 0, 6, 0.026010101010101
0.527973063285917, 12, 2, 0, 2, 0.00416666666666667
0.525244407395272, 14, 3, 1, 24, 0.743243243243243
0.524999999999977, 10, 4, 0, 4, 0.0126262626262626
0.523333333333341, 18, 1, 0, 9, 0.0618686868686869
0.523259018078052, 14, 2, 0, 9, 0.0618686868686869
0.516895057047382, 10, 2, 4, 75, 0.204510284651682
0.516895057047362, 10, 2, 4, 75, 0.204510284651682
0.515000000000015, 12, 1, 0, 4, 0.0126262626262626
0.515000000000001, 12, 1, 4, 88, 0.375097158937352
0.515000000000001, 12, 1, 4, 88, 0.375097158937352
0.515000000000001, 11, 1, 0, 13, 0.170454545454545
0.515000000000001, 11, 1, 0, 13, 0.170454545454545
0.514999999999986, 12, 1, 0, 4, 0.0126262626262626
0.514302332183006, 13, 2, 4, 13, 0.0149040473935306
0.51400000000001, 15, 1, 3, 2, 0.400252525252525
0.510262167909747, 11, 3, 3, 3, 0.800505050505051
0.506759859850381, 11, 2, 0, 1, 0.00126262626262626
0.506, 10, 1, 4, 16, 0.0186420699741554
0.506, 10, 1, 4, 16, 0.0186420699741554
0.505000000000024, 15, 1, 0, 6, 0.026010101010101
0.504999999999995, 15, 1, 0, 6, 0.026010101010101
0.502517219163241, 11, 2, 4, 42, 0.0614175149797577
0.502045814642474, 9, 2, 0, 13, 0.170454545454545
0.502045814642434, 9, 2, 0, 13, 0.170454545454545
0.502045814642434, 7, 2, 0, 4, 0.0126262626262626
0.500500000000002, 11, 1, 4, 75, 0.204510284651682
0.500499999999988, 11, 1, 4, 75, 0.204510284651682
0.500160196559288, 13, 2, 3, 1, 0.0997474747474748
0.5, 13, 1, 0, 9, 0.0618686868686869
0.5, 13, 1, 0, 9, 0.0618686868686869
0.5, 11, 1, 0, 14, 0.217171717171717
0.5, 11, 1, 0, 14, 0.217171717171717
0.498274578476122, 9, 2, 1, 6, 0.164414414414414
0.497, 11, 1, 3, 3, 0.800505050505051
0.497, 11, 1, 3, 3, 0.800505050505051
0.495000000000005, 11, 1, 0, 13, 0.170454545454545
0.495000000000005, 11, 1, 0, 13, 0.170454545454545
0.494, 11, 1, 4, 16, 0.0186420699741554
0.494, 11, 1, 4, 16, 0.0186420699741554
0.491000000000014, 12, 1, 3, 2, 0.400252525252525
0.490999999999985, 12, 1, 3, 2, 0.400252525252525
0.490000000000009, 14, 1, 0, 11, 0.103535353535354
0.490000000000009, 11, 1, 0, 1, 0.00126262626262626
0.490000000000009, 11, 1, 0, 1, 0.00126262626262626
0.489999999999981, 14, 1, 0, 11, 0.103535353535354
0.488500000000016, 11, 1, 4, 26, 0.0338774705003143
0.488499999999988, 11, 1, 4, 26, 0.0338774705003143
0.488000000000028, 11, 1, 4, 20, 0.0246350245742943
0.485000000000014, 15, 1, 0, 7, 0.0353535353535354
0.484999999999999, 11, 1, 4, 35, 0.0452335812040479
0.484999999999999, 11, 1, 4, 35, 0.0452335812040479
0.484999999999985, 15, 1, 0, 7, 0.0353535353535354
0.48064409910032, 11, 3, 0, 1, 0.00126262626262626
0.479418397644477, 11, 2, 4, 7, 0.00691788872168195
0.477333333333334, 11, 1, 4, 37, 0.0486682110506046
0.471406494793349, 10, 3, 4, 38, 0.0506681897441603
0.471406494793324, 10, 3, 4, 38, 0.0506681897441603
0.471000000000032, 5, 4, 0, 7, 0.0353535353535354
0.47054046938956, 11, 3, 0, 4, 0.0126262626262626
0.469999999999999, 17, 1, 0, 9, 0.0618686868686869
0.469999999999999, 17, 1, 0, 9, 0.0618686868686869
0.469999999999999, 11, 1, 4, 32, 0.0409687585124503
0.468808418581884, 11, 3, 1, 3, 0.105855855855856
0.466999999999999, 11, 1, 0, 16, 0.351010101010101
0.466999999999999, 11, 1, 0, 16, 0.351010101010101
0.466576143903636, 10, 7, 4, 31, 0.0395255744388036
0.466499999999996, 10, 1, 4, 34, 0.0437591097547004
0.465000000000003, 12, 1, 4, 78, 0.219710950157435
0.465000000000003, 12, 1, 4, 78, 0.219710950157435
0.461333333333329, 9, 1, 1, 5, 0.141891891891892
0.45961940777124, 13, 2, 0, 1, 0.00126262626262626
0.45750000000001, 10, 1, 4, 33, 0.042748691282689
0.457499999999996, 10, 1, 4, 33, 0.042748691282689
0.455000000000013, 13, 1, 0, 7, 0.0353535353535354
0.455000000000013, 14, 1, 0, 8, 0.0467171717171717
0.454999999999984, 13, 1, 0, 7, 0.0353535353535354
0.454999999999984, 14, 1, 0, 8, 0.0467171717171717
0.454496788340983, 13, 5, 0, 11, 0.103535353535354
0.453797311583022, 7, 3, 4, 23, 0.0296164402178925
0.451343572938983, 9, 3, 2, 4, 0.590909090909091
0.450000000000003, 9, 1, 0, 11, 0.103535353535354
0.450000000000003, 9, 1, 0, 11, 0.103535353535354
0.449999999999989, 16, 1, 0, 8, 0.0467171717171717
0.449999999999989, 16, 1, 0, 8, 0.0467171717171717
0.4495, 9, 1, 3, 3, 0.800505050505051
0.4495, 9, 1, 3, 3, 0.800505050505051
0.449333333333342, 9, 1, 4, 19, 0.0217556379075293
0.445000000000007, 11, 1, 0, 11, 0.103535353535354
0.444999999999993, 12, 1, 0, 8, 0.0467171717171717
0.444999999999993, 12, 1, 0, 8, 0.0467171717171717
0.444999999999993, 11, 1, 0, 11, 0.103535353535354
0.443000000000012, 14, 1, 4, 24, 0.0306244453386102
0.443000000000012, 14, 1, 4, 24, 0.0306244453386102
0.440499999999986, 10, 4, 3, 2, 0.400252525252525
0.439999999999998, 11, 1, 0, 13, 0.170454545454545
0.439999999999998, 11, 1, 0, 13, 0.170454545454545
0.438000000000002, 11, 1, 4, 48, 0.067745494454136
0.438000000000002, 11, 1, 4, 48, 0.067745494454136
0.436666666666667, 11, 1, 0, 15, 0.275252525252525
0.43604918173167, 12, 2, 0, 8, 0.0467171717171717
0.436000000000035, 11, 1, 4, 6, 0.00648491626136443
0.435000000000002, 11, 1, 0, 8, 0.0467171717171717
0.435000000000002, 11, 1, 0, 8, 0.0467171717171717
0.435000000000002, 10, 1, 0, 6, 0.026010101010101
0.435000000000002, 10, 1, 0, 6, 0.026010101010101
0.435000000000002, 15, 1, 0, 8, 0.0467171717171717
0.434999999999974, 13, 1, 0, 10, 0.0808080808080808
0.434999999999974, 15, 1, 0, 8, 0.0467171717171717
0.433999999999998, 10, 1, 3, 1, 0.0997474747474748
0.433999999999998, 10, 1, 3, 1, 0.0997474747474748
0.432999999999993, 13, 4, 0, 12, 0.132575757575758
0.430000000000007, 13, 1, 0, 9, 0.0618686868686869
0.430000000000007, 13, 1, 0, 9, 0.0618686868686869
0.430000000000007, 15, 1, 0, 7, 0.0353535353535354
0.429000000000002, 11, 1, 3, 1, 0.0997474747474748
0.429000000000002, 11, 1, 3, 1, 0.0997474747474748
0.42897811391981, 10, 2, 4, 12, 0.0115508595340253
0.428000000000011, 11, 1, 4, 35, 0.0452335812040479
0.427999999999997, 12, 1, 4, 41, 0.0589841673467433
0.427999999999997, 12, 1, 4, 41, 0.0589841673467433
0.426666666666662, 12, 1, 3, 1, 0.0997474747474748
0.4255, 12, 1, 4, 3, 0.000573791508306289
0.4255, 12, 1, 4, 3, 0.000573791508306289
0.425000000000011, 13, 1, 0, 1, 0.00126262626262626
0.424999999999997, 13, 1, 0, 1, 0.00126262626262626
0.422500000000014, 14, 1, 4, 85, 0.311682906050061
0.422499999999985, 14, 1, 4, 85, 0.311682906050061
0.420000000000002, 12, 1, 1, 2, 0.0788288288288288
0.419999999999987, 12, 1, 1, 2, 0.0788288288288288
0.419486352578968, 8, 5, 3, 2, 0.400252525252525
0.419000000000011, 12, 1, 4, 10, 0.00844094610403909
0.418999999999983, 12, 1, 4, 10, 0.00844094610403909
0.418500000000009, 13, 1, 3, 2, 0.400252525252525
0.418499999999995, 13, 1, 3, 2, 0.400252525252525
0.418000000000006, 10, 1, 4, 86, 0.339097714835584
0.417999999999992, 10, 1, 4, 86, 0.339097714835584
0.416666666666671, 11, 1, 0, 7, 0.0353535353535354
0.414835978296112, 12, 2, 0, 8, 0.0467171717171717
0.413250000000005, 9, 1, 2, 1, 0.0454545454545454
0.411362066797603, 6, 3, 0, 6, 0.026010101010101
0.411000000000001, 13, 1, 2, 4, 0.590909090909091
0.411000000000001, 13, 1, 2, 4, 0.590909090909091
0.410000000000011, 11, 1, 4, 88, 0.375097158937352
0.409999999999997, 18, 1, 0, 10, 0.0808080808080808
0.409999999999997, 11, 1, 4, 88, 0.375097158937352
0.407499999999999, 16, 1, 0, 6, 0.026010101010101
0.405909090909063, 10, 4, 4, 79, 0.228732574440079
0.403999999999996, 13, 1, 4, 41, 0.0589841673467433
0.403999999999996, 13, 1, 4, 41, 0.0589841673467433
0.403500000000008, 14, 1, 2, 4, 0.590909090909091
0.403499999999994, 14, 1, 2, 4, 0.590909090909091
0.40226880005786, 8, 3, 4, 13, 0.0149040473935306
0.39700000000002, 13, 1, 2, 2, 0.181818181818182
0.396999999999991, 13, 1, 2, 2, 0.181818181818182
0.396000000000015, 15, 1, 4, 16, 0.0186420699741554
0.395999999999987, 15, 1, 4, 16, 0.0186420699741554
0.39500000000001, 13, 1, 0, 5, 0.0184343434343434
0.394999999999982, 13, 1, 0, 5, 0.0184343434343434
0.389333333333326, 16, 1, 3, 3, 0.800505050505051
0.388908729652589, 13, 2, 0, 11, 0.103535353535354
0.38666666666667, 10, 1, 0, 2, 0.00416666666666667
0.38537319574668, 10, 2, 2, 5, 0.863636363636364
0.385000000000019, 19, 1, 0, 9, 0.0618686868686869
0.384999999999991, 19, 1, 0, 9, 0.0618686868686869
0.3839589821843, 11, 2, 2, 4, 0.590909090909091
0.383666666666699, 11, 4, 4, 29, 0.0366148142052202
0.38000000000001, 9, 1, 0, 16, 0.351010101010101
0.379999999999995, 9, 1, 0, 16, 0.351010101010101
0.379999999999981, 10, 1, 4, 69, 0.110861739138859
0.375, 12, 1, 0, 3, 0.00795454545454546
0.375, 12, 1, 0, 3, 0.00795454545454546
0.375, 12, 1, 0, 8, 0.0467171717171717
0.375, 12, 1, 0, 8, 0.0467171717171717
0.375, 9, 1, 0, 13, 0.170454545454545
0.375, 9, 1, 0, 13, 0.170454545454545
0.374766594028851, 14, 2, 0, 6, 0.026010101010101
0.370947547954342, 14, 3, 0, 9, 0.0618686868686869
0.370052548820945, 18, 2, 0, 9, 0.0618686868686869
0.365000000000009, 12, 1, 0, 4, 0.0126262626262626
0.364999999999981, 12, 1, 0, 4, 0.0126262626262626
0.363452885529872, 15, 2, 3, 2, 0.400252525252525
0.363, 12, 1, 4, 42, 0.0614175149797577
0.363, 12, 1, 4, 42, 0.0614175149797577
0.362000000000023, 15, 1, 4, 65, 0.0928774452980315
0.361999999999995, 15, 1, 4, 65, 0.0928774452980315
0.361333333333334, 12, 1, 2, 5, 0.863636363636364
0.36066666666666, 11, 1, 4, 42, 0.0614175149797577
0.358503138061583, 10, 2, 2, 4, 0.590909090909091
0.358503138061563, 10, 2, 2, 4, 0.590909090909091
0.355000000000004, 10, 1, 1, 3, 0.105855855855856
0.355000000000004, 10, 1, 1, 3, 0.105855855855856
0.353333333333325, 15, 1, 0, 9, 0.0618686868686869
0.35233333333332, 9, 4, 1, 6, 0.164414414414414
0.345068109219035, 11, 2, 4, 20, 0.0246350245742943
0.340000000000003, 13, 1, 0, 7, 0.0353535353535354
0.340000000000003, 13, 1, 0, 7, 0.0353535353535354
0.337525636886369, 11, 2, 4, 37, 0.0486682110506046
0.337500000000006, 11, 1, 4, 32, 0.0409687585124503
0.337499999999991, 11, 1, 4, 32, 0.0409687585124503
0.332340187157677, 11, 2, 4, 32, 0.0409687585124503
0.33111037938024, 10, 3, 0, 12, 0.132575757575758
0.329999999999984, 14, 1, 0, 8, 0.0467171717171717
0.326211928387411, 9, 2, 1, 5, 0.141891891891892
0.325000000000003, 12, 1, 0, 10, 0.0808080808080808
0.325000000000003, 12, 1, 0, 10, 0.0808080808080808
0.325000000000003, 13, 1, 0, 8, 0.0467171717171717
0.325000000000003, 12, 1, 4, 31, 0.0395255744388036
0.325000000000003, 12, 1, 4, 31, 0.0395255744388036
0.324999999999989, 13, 1, 0, 8, 0.0467171717171717
0.322666666666663, 10, 1, 4, 34, 0.0437591097547004
0.321733585439868, 8, 2, 0, 13, 0.170454545454545
0.321733585439868, 8, 2, 0, 13, 0.170454545454545
0.320883156304597, 7, 6, 4, 23, 0.0296164402178925
0.31774999999999, 10, 1, 2, 4, 0.590909090909091
0.317726647013152, 9, 2, 4, 19, 0.0217556379075293
0.31750000000001, 11, 1, 1, 6, 0.164414414414414
0.317499999999995, 11, 1, 1, 6, 0.164414414414414
0.315000000000012, 10, 1, 0, 15, 0.275252525252525
0.314999999999998, 10, 1, 0, 15, 0.275252525252525
0.313999999999993, 10, 1, 4, 41, 0.0589841673467433
0.310325769689412, 11, 3, 0, 6, 0.026010101010101
0.310000000000002, 9, 1, 0, 8, 0.0467171717171717
0.309486203781649, 10, 7, 4, 71, 0.160308462840372
0.308999999999998, 13, 1, 4, 51, 0.0718603446010522
0.308999999999998, 13, 1, 4, 51, 0.0718603446010522
0.308769961118126, 11, 2, 0, 15, 0.275252525252525
0.306838431270218, 10, 7, 4, 79, 0.228732574440079
0.305000000000007, 11, 1, 0, 3, 0.00795454545454546
0.305000000000007, 11, 1, 0, 3, 0.00795454545454546
0.30405591591018, 15, 2, 0, 7, 0.0353535353535354
0.301698893306267, 12, 2, 3, 1, 0.0997474747474748
0.300520382004291, 12, 2, 0, 6, 0.026010101010101
0.300520382004291, 12, 2, 0, 6, 0.026010101010101
0.300200000000018, 11, 4, 3, 3, 0.800505050505051
0.298500000000004, 10, 1, 4, 39, 0.051987603372886
0.29849999999999, 10, 1, 4, 39, 0.051987603372886
0.294627825494388, 11, 2, 0, 7, 0.0353535353535354
0.292999999999992, 14, 1, 4, 92, 0.455244555401909
0.292999999999992, 14, 1, 4, 92, 0.455244555401909
0.289913780286462, 18, 2, 0, 10, 0.0808080808080808
0.289347196288482, 11, 5, 4, 67, 0.0942557274601005
0.285499999999999, 15, 1, 4, 55, 0.0776266165618163
0.285499999999999, 15, 1, 4, 55, 0.0776266165618163
0.283999999999992, 11, 1, 4, 48, 0.067745494454136
0.283999999999992, 11, 1, 4, 48, 0.067745494454136
0.28210777528278, 10, 3, 0, 10, 0.0808080808080808
0.275300240141977, 16, 2, 3, 3, 0.800505050505051
0.273414622058811, 10, 2, 0, 2, 0.00416666666666667
0.27000000000001, 10, 1, 0, 1, 0.00126262626262626
0.27000000000001, 12, 1, 0, 11, 0.103535353535354
0.27000000000001, 12, 1, 0, 11, 0.103535353535354
0.27000000000001, 10, 1, 0, 8, 0.0467171717171717
0.27000000000001, 15, 1, 0, 4, 0.0126262626262626
0.269999999999996, 10, 1, 0, 1, 0.00126262626262626
0.269999999999996, 10, 1, 0, 8, 0.0467171717171717
0.269999999999982, 15, 1, 0, 4, 0.0126262626262626
0.269333900576991, 10, 3, 4, 34, 0.0437591097547004
0.269000000000005, 9, 1, 2, 5, 0.863636363636364
0.268999999999977, 9, 1, 2, 5, 0.863636363636364
0.265000000000001, 14, 1, 0, 8, 0.0467171717171717
0.265000000000001, 14, 1, 0, 8, 0.0467171717171717
0.260000000000019, 11, 1, 0, 12, 0.132575757575758
0.260000000000005, 11, 1, 2, 5, 0.863636363636364
0.260000000000005, 10, 1, 0, 15, 0.275252525252525
0.259999999999991, 12, 1, 0, 6, 0.026010101010101
0.259999999999991, 12, 1, 0, 6, 0.026010101010101
0.259999999999991, 11, 1, 0, 12, 0.132575757575758
0.259999999999991, 10, 1, 0, 15, 0.275252525252525
0.258934735467957, 10, 10, 4, 71, 0.160308462840372
0.25550125026874, 12, 2, 2, 5, 0.863636363636364
0.255029845747953, 11, 2, 4, 42, 0.0614175149797577
0.25500000000001, 9, 1, 0, 18, 0.558080808080808
0.254999999999995, 9, 1, 0, 18, 0.558080808080808
0.25155976014694, 11, 3, 2, 4, 0.590909090909091
0.251147367097505, 13, 3, 0, 10, 0.0808080808080808
0.249844396019261, 15, 2, 0, 9, 0.0618686868686869
0.247105915213166, 11, 3, 4, 35, 0.0452335812040479
0.247, 10, 1, 3, 3, 0.800505050505051
0.247, 10, 1, 3, 3, 0.800505050505051
0.245000000000005, 15, 1, 0, 7, 0.0353535353535354
0.245000000000005, 15, 1, 0, 7, 0.0353535353535354
0.244500000000016, 9, 1, 4, 8, 0.00740754908006669
0.244499999999988, 9, 1, 4, 8, 0.00740754908006669
0.243499999999997, 9, 1, 4, 34, 0.0437591097547004
0.243499999999997, 9, 1, 4, 34, 0.0437591097547004
0.243000000000009, 11, 1, 4, 56, 0.078725036164931
0.242999999999995, 11, 1, 4, 56, 0.078725036164931
0.239333333333349, 13, 1, 4, 28, 0.0358931359772792
0.238589998742632, 9, 3, 2, 1, 0.0454545454545454
0.235270234694755, 16, 3, 0, 6, 0.026010101010101
0.233345237791549, 14, 2, 0, 8, 0.0467171717171717
0.23333333333332, 15, 1, 4, 16, 0.0186420699741554
0.23333333333332, 17, 1, 0, 4, 0.0126262626262626
0.228159788062877, 10, 2, 4, 34, 0.0437591097547004
0.222499999999997, 12, 1, 2, 5, 0.863636363636364
0.222499999999997, 12, 1, 2, 5, 0.863636363636364
0.222031529292591, 10, 2, 4, 41, 0.0589841673467433
0.21939310229208, 10, 3, 4, 69, 0.110861739138859
0.219203102167831, 9, 2, 0, 8, 0.0467171717171717
0.218519743101128, 10, 5, 0, 10, 0.0808080808080808
0.217857142857156, 11, 4, 2, 4, 0.590909090909091
0.215062975273186, 13, 3, 4, 50, 0.0708643200456854
0.215062975273088, 13, 3, 4, 50, 0.0708643200456854
0.215000000000003, 10, 1, 4, 57, 0.0798737051896258
0.215000000000003, 10, 1, 4, 57, 0.0798737051896258
0.209000000000003, 9, 1, 4, 41, 0.0589841673467433
0.209000000000003, 9, 1, 4, 41, 0.0589841673467433
0.207000000000008, 13, 1, 4, 48, 0.067745494454136
0.205000000000013, 15, 1, 0, 9, 0.0618686868686869
0.204999999999984, 15, 1, 0, 9, 0.0618686868686869
0.200000000000017, 11, 1, 0, 10, 0.0808080808080808
0.200000000000003, 15, 1, 0, 8, 0.0467171717171717
0.200000000000003, 15, 1, 0, 8, 0.0467171717171717
0.200000000000003, 13, 1, 0, 12, 0.132575757575758
0.200000000000003, 13, 1, 0, 12, 0.132575757575758
0.199999999999989, 12, 1, 0, 2, 0.00416666666666667
0.199999999999989, 12, 1, 0, 2, 0.00416666666666667
0.199333333333357, 12, 1, 2, 4, 0.590909090909091
0.195000000000007, 12, 1, 0, 15, 0.275252525252525
0.194999999999993, 12, 1, 4, 61, 0.084023548930301
0.194999999999993, 12, 1, 4, 61, 0.084023548930301
0.194999999999993, 12, 1, 0, 15, 0.275252525252525
0.194985127637909, 11, 5, 4, 6, 0.00648491626136443
0.193999999999988, 11, 1, 0, 15, 0.275252525252525
0.193333333333328, 12, 1, 1, 1, 0.0337837837837838
0.191500000000005, 11, 1, 1, 16, 0.414414414414414
0.191499999999991, 11, 1, 1, 16, 0.414414414414414
0.190000000000026, 15, 1, 0, 6, 0.026010101010101
0.189999999999998, 10, 1, 0, 14, 0.217171717171717
0.189999999999998, 10, 1, 0, 14, 0.217171717171717
0.189999999999998, 13, 1, 0, 3, 0.00795454545454546
0.189999999999998, 13, 1, 0, 3, 0.00795454545454546
0.189999999999998, 15, 1, 0, 6, 0.026010101010101
0.189999999999998, 11, 1, 4, 68, 0.0971476980300399
0.189999999999998, 11, 1, 4, 68, 0.0971476980300399
0.185000000000002, 7, 1, 0, 14, 0.217171717171717
0.185000000000002, 7, 1, 0, 14, 0.217171717171717
0.183847763108476, 11, 2, 2, 5, 0.863636363636364
0.183453048035014, 10, 3, 2, 4, 0.590909090909091
0.181000000000012, 12, 1, 4, 6, 0.00648491626136443
0.180999999999983, 12, 1, 4, 6, 0.00648491626136443
0.179000000000002, 13, 1, 1, 6, 0.164414414414414
0.178999999999988, 13, 1, 1, 6, 0.164414414414414
0.175000000000011, 10, 1, 2, 1, 0.0454545454545454
0.175000000000011, 10, 1, 2, 1, 0.0454545454545454
0.175000000000011, 11, 1, 0, 7, 0.0353535353535354
0.175000000000011, 11, 1, 0, 7, 0.0353535353535354
0.175000000000011, 12, 1, 4, 38, 0.0506681897441603
0.174999999999997, 12, 1, 2, 1, 0.0454545454545454
0.174999999999997, 12, 1, 2, 1, 0.0454545454545454
0.174999999999997, 12, 1, 4, 38, 0.0506681897441603
0.172499999999999, 11, 1, 4, 55, 0.0776266165618163
0.172499999999999, 11, 1, 4, 55, 0.0776266165618163
0.169234222963971, 13, 2, 4, 28, 0.0358931359772792
0.164991582276912, 17, 2, 0, 4, 0.0126262626262626
0.164991582276872, 15, 2, 4, 16, 0.0186420699741554
0.156666666666666, 10, 1, 0, 12, 0.132575757575758
0.150000000000006, 11, 1, 0, 3, 0.00795454545454546
0.150000000000006, 10, 1, 0, 10, 0.0808080808080808
0.149999999999991, 11, 1, 0, 3, 0.00795454545454546
0.149999999999977, 10, 1, 0, 10, 0.0808080808080808
0.149333333333331, 11, 1, 4, 65, 0.0928774452980315
0.146371103705631, 13, 2, 4, 48, 0.067745494454136
0.14500000000001, 10, 1, 0, 15, 0.275252525252525
0.14500000000001, 12, 1, 0, 18, 0.558080808080808
0.144999999999996, 12, 1, 0, 18, 0.558080808080808
0.144999999999982, 10, 1, 0, 15, 0.275252525252525
0.141421356237301, 11, 2, 0, 10, 0.0808080808080808
0.140949951716495, 12, 2, 2, 4, 0.590909090909091
0.140000000000001, 12, 1, 4, 33, 0.042748691282689
0.140000000000001, 12, 1, 4, 33, 0.042748691282689
0.138564064605532, 9, 3, 3, 1, 0.0997474747474748
0.138564064605483, 9, 3, 3, 1, 0.0997474747474748
0.137999999999991, 12, 1, 3, 2, 0.400252525252525
0.137178715550202, 11, 2, 0, 15, 0.275252525252525
0.136707311029395, 12, 2, 1, 1, 0.0337837837837838
0.131500000000017, 12, 1, 2, 1, 0.0454545454545454
0.131499999999988, 12, 1, 2, 1, 0.0454545454545454
0.13000000000001, 12, 1, 0, 7, 0.0353535353535354
0.13000000000001, 13, 1, 0, 7, 0.0353535353535354
0.129999999999995, 12, 1, 0, 7, 0.0353535353535354
0.129999999999995, 13, 1, 0, 7, 0.0353535353535354
0.125, 11, 1, 0, 11, 0.103535353535354
0.125, 11, 1, 0, 11, 0.103535353535354
0.125, 14, 1, 0, 11, 0.103535353535354
0.125, 14, 1, 0, 11, 0.103535353535354
0.125, 13, 1, 0, 3, 0.00795454545454546
0.125, 13, 1, 0, 3, 0.00795454545454546
0.124499999999998, 12, 1, 4, 56, 0.078725036164931
0.124499999999998, 12, 1, 4, 56, 0.078725036164931
0.120000000000005, 11, 1, 4, 12, 0.0115508595340253
0.120000000000005, 13, 1, 0, 8, 0.0467171717171717
0.120000000000005, 13, 1, 0, 8, 0.0467171717171717
0.120000000000005, 13, 1, 3, 1, 0.0997474747474748
0.120000000000005, 13, 1, 3, 1, 0.0997474747474748
0.115000000000009, 13, 1, 0, 7, 0.0353535353535354
0.114999999999981, 13, 1, 0, 7, 0.0353535353535354
0.113250000000008, 8, 1, 0, 11, 0.103535353535354
0.110780062385872, 10, 2, 0, 12, 0.132575757575758
0.109999999999985, 14, 1, 0, 2, 0.00416666666666667
0.106333333333339, 11, 1, 2, 5, 0.863636363636364
0.105594612657179, 11, 2, 4, 65, 0.0928774452980315
0.105000000000004, 14, 1, 0, 12, 0.132575757575758
0.10499999999999, 14, 1, 0, 12, 0.132575757575758
0.104891916035426, 14, 5, 3, 1, 0.0997474747474748
0.102500000000006, 12, 1, 4, 33, 0.042748691282689
0.102500000000006, 12, 1, 4, 33, 0.042748691282689
0.0980000000000132, 12, 1, 3, 1, 0.0997474747474748
0.097999999999999, 13, 1, 4, 32, 0.0409687585124503
0.097999999999999, 13, 1, 4, 32, 0.0409687585124503
0.0979999999999848, 12, 1, 3, 1, 0.0997474747474748
0.0975807358037473, 12, 2, 3, 2, 0.400252525252525
0.0958401446854843, 7, 3, 3, 1, 0.0997474747474748
0.0958401446854596, 7, 3, 3, 1, 0.0997474747474748
0.0957527808543037, 14, 6, 3, 1, 0.0997474747474748
0.0949999999999989, 11, 1, 4, 57, 0.0798737051896258
0.0949999999999989, 11, 1, 4, 57, 0.0798737051896258
0.0925410002901285, 12, 3, 4, 85, 0.311682906050061
0.089999999999975, 12, 1, 0, 2, 0.00416666666666667
0.085000000000008, 16, 1, 0, 8, 0.0467171717171717
0.085000000000008, 16, 1, 0, 8, 0.0467171717171717
0.0848528137423889, 11, 2, 4, 12, 0.0115508595340253
0.0801428571428175, 12, 4, 4, 85, 0.311682906050061
0.0800000000000125, 13, 1, 0, 3, 0.00795454545454546
0.0799999999999841, 13, 1, 0, 3, 0.00795454545454546
0.0777817459305701, 14, 2, 0, 2, 0.00416666666666667
0.0751890210661735, 11, 2, 2, 5, 0.863636363636364
0.0750000000000028, 11, 1, 0, 11, 0.103535353535354
0.0749999999999886, 11, 1, 0, 11, 0.103535353535354
0.0749999999999886, 14, 1, 0, 3, 0.00795454545454546
0.0749999999999886, 14, 1, 0, 3, 0.00795454545454546
0.0700000000000074, 12, 1, 0, 15, 0.275252525252525
0.0699999999999932, 12, 1, 0, 11, 0.103535353535354
0.0699999999999932, 12, 1, 0, 11, 0.103535353535354
0.0699999999999932, 12, 1, 0, 15, 0.275252525252525
0.0673333333333233, 12, 1, 4, 84, 0.293759463138283
0.0653849179857297, 8, 3, 0, 11, 0.103535353535354
0.0649999999999977, 11, 1, 0, 7, 0.0353535353535354
0.0649999999999977, 11, 1, 0, 7, 0.0353535353535354
0.0649999999999977, 12, 1, 0, 2, 0.00416666666666667
0.0649999999999977, 12, 1, 0, 2, 0.00416666666666667
0.0636396103068118, 12, 2, 0, 2, 0.00416666666666667
0.061000000000007, 11, 1, 4, 7, 0.00691788872168195
0.061000000000007, 11, 1, 4, 7, 0.00691788872168195
0.0600000000000023, 12, 1, 0, 8, 0.0467171717171717
0.0600000000000023, 12, 1, 0, 8, 0.0467171717171717
0.0590000000000117, 13, 1, 4, 45, 0.0660434784542375
0.0589999999999975, 13, 1, 4, 45, 0.0660434784542375
0.0550000000000068, 11, 1, 0, 2, 0.00416666666666667
0.0550000000000068, 11, 1, 0, 2, 0.00416666666666667
0.0550000000000068, 8, 1, 0, 3, 0.00795454545454546
0.0549999999999926, 8, 1, 0, 3, 0.00795454545454546
0.0532590736458811, 11, 5, 4, 51, 0.0718603446010522
0.0510000000000161, 14, 1, 3, 1, 0.0997474747474748
0.0510000000000019, 11, 1, 1, 13, 0.326576576576577
0.0510000000000019, 11, 1, 1, 13, 0.326576576576577
0.0509999999999877, 14, 1, 3, 1, 0.0997474747474748
0.0500000000000114, 13, 1, 0, 11, 0.103535353535354
0.0500000000000114, 18, 1, 0, 5, 0.0184343434343434
0.0499999999999829, 13, 1, 0, 11, 0.103535353535354
0.0499999999999829, 18, 1, 0, 5, 0.0184343434343434
0.0486186600461764, 11, 6, 4, 51, 0.0718603446010522
0.04849999999999, 13, 1, 1, 12, 0.313063063063063
0.04849999999999, 13, 1, 1, 12, 0.313063063063063
0.0480000000000018, 16, 1, 4, 24, 0.0306244453386102
0.0480000000000018, 16, 1, 4, 24, 0.0306244453386102
0.0476118565999072, 12, 2, 4, 84, 0.293759463138283
0.0466666666666811, 15, 1, 0, 10, 0.0808080808080808
0.0459999999999923, 13, 1, 4, 7, 0.00691788872168195
0.0459999999999923, 13, 1, 4, 7, 0.00691788872168195
0.0450000000000159, 13, 1, 4, 61, 0.084023548930301
0.0450000000000017, 12, 1, 4, 57, 0.0798737051896258
0.0450000000000017, 12, 1, 4, 57, 0.0798737051896258
0.0449999999999875, 13, 1, 4, 61, 0.084023548930301
0.0350000000000108, 13, 1, 3, 1, 0.0997474747474748
0.0349999999999966, 13, 1, 3, 1, 0.0997474747474748
0.0329983164553824, 15, 2, 0, 10, 0.0808080808080808
0.0319999999999965, 9, 1, 4, 103, 0.865041948010276
0.0310000000000059, 12, 1, 1, 9, 0.227477477477477
0.0309999999999917, 12, 1, 1, 9, 0.227477477477477
0.0290000000000248, 12, 1, 4, 10, 0.00844094610403909
0.0289999999999964, 12, 1, 4, 10, 0.00844094610403909
0.0275000000000034, 11, 1, 4, 50, 0.0708643200456854
0.0274999999999892, 11, 1, 4, 50, 0.0708643200456854
0.0250000000000057, 10, 1, 0, 6, 0.026010101010101
0.0249999999999773, 10, 1, 0, 6, 0.026010101010101
0.0240000000000009, 13, 1, 2, 4, 0.590909090909091
0.0240000000000009, 13, 1, 2, 4, 0.590909090909091
0.0226274169979771, 9, 2, 4, 103, 0.865041948010276
0.0215000000000032, 10, 1, 4, 25, 0.0319165363830463
0.021499999999989, 10, 1, 4, 25, 0.0319165363830463
0.0200000000000102, 16, 1, 0, 11, 0.103535353535354
0.0200000000000102, 14, 1, 4, 40, 0.0550596271875607
0.019999999999996, 14, 1, 4, 40, 0.0550596271875607
0.0199999999999818, 16, 1, 0, 11, 0.103535353535354
0.0195161471607535, 12, 2, 4, 75, 0.204510284651682
0.0180000000000007, 13, 1, 4, 22, 0.0286232599694077
0.0180000000000007, 13, 1, 4, 22, 0.0286232599694077
0.0170000000000101, 11, 1, 4, 42, 0.0614175149797577
0.0169999999999959, 11, 1, 4, 42, 0.0614175149797577
0.0159348674296704, 12, 3, 4, 75, 0.204510284651682
0.0150000000000148, 15, 1, 0, 3, 0.00795454545454546
0.0150000000000006, 7, 1, 0, 15, 0.275252525252525
0.0150000000000006, 7, 1, 0, 15, 0.275252525252525
0.0149999999999864, 15, 1, 0, 3, 0.00795454545454546
0.0135000000000076, 14, 1, 4, 46, 0.0667300768973018
0.0135000000000076, 12, 1, 1, 10, 0.240990990990991
0.0134999999999934, 14, 1, 4, 46, 0.0667300768973018
0.0134999999999934, 12, 1, 1, 10, 0.240990990990991
0.0100000000000051, 8, 1, 4, 90, 0.412079181780135
0.00999999999999091, 8, 1, 4, 90, 0.412079181780135
0.00989949493661874, 14, 2, 3, 3, 0.800505050505051
0.00989949493657855, 14, 2, 3, 3, 0.800505050505051
0.00800000000000978, 13, 1, 4, 41, 0.0589841673467433
0.00799999999999557, 13, 1, 4, 41, 0.0589841673467433
0.00600000000000023, 16, 1, 4, 84, 0.293759463138283
0.00600000000000023, 16, 1, 4, 84, 0.293759463138283
0.00499999999999545, 19, 1, 0, 10, 0.0808080808080808
0.00499999999999545, 19, 1, 0, 10, 0.0808080808080808
0.00499999999999545, 10, 1, 0, 12, 0.132575757575758
0.00499999999999545, 10, 1, 0, 12, 0.132575757575758
0.00499999999999545, 15, 1, 0, 8, 0.0467171717171717
0.00499999999999545, 15, 1, 0, 8, 0.0467171717171717
0.00300000000000011, 13, 1, 3, 2, 0.400252525252525
0.00300000000000011, 13, 1, 3, 2, 0.400252525252525
