norm, level, Npoints, dimSplit, MainGridIndexSplit
3873.25736614002, 0, 962, -1, -1, -1
68.9247938215405, 3, 70, 2, 2, 0.181818181818182
67.2155024003596, 2, 232, 0, 13, 0.170454545454545
46.5089539248636, 1, 219, 1, 19, 0.529279279279279
45.3071754757703, 3, 162, 2, 2, 0.181818181818182
45.2900699535804, 2, 511, 0, 13, 0.170454545454545
44.9043063990339, 2, 38, 0, 13, 0.170454545454545
37.8096683073664, 4, 88, 0, 10, 0.0808080808080808
31.4874460472551, 3, 199, 2, 3, 0.363636363636364
26.7680234754153, 5, 31, 1, 9, 0.227477477477477
25.2501650953571, 1, 743, 1, 19, 0.529279279279279
25.1470287061407, 3, 312, 2, 3, 0.363636363636364
24.8536710526317, 3, 16, 4, 96, 0.578309095069458
24.8483179728863, 5, 24, 0, 6, 0.026010101010101
24.2903447212721, 4, 34, 4, 99, 0.6623678444522
23.718745619733, 4, 56, 0, 16, 0.351010101010101
23.6984637783016, 4, 224, 0, 10, 0.0808080808080808
23.259689945239, 6, 14, 0, 4, 0.0126262626262626
22.3950148875324, 6, 28, 2, 4, 0.590909090909091
22.3161102299752, 5, 10, 0, 4, 0.0126262626262626
22.222731343659, 4, 38, 1, 23, 0.698198198198198
21.1952818899506, 3, 22, 4, 96, 0.578309095069458
20.5750312474378, 2, 181, 0, 13, 0.170454545454545
19.8491221338407, 5, 28, 4, 60, 0.0833233322906506
19.7728201275096, 4, 48, 1, 23, 0.698198198198198
19.6484559975351, 4, 15, 1, 14, 0.353603603603604
18.1346099620698, 4, 61, 4, 99, 0.6623678444522
17.7805, 6, 4, 4, 71, 0.160308462840372
17.2854799296727, 6, 47, 2, 4, 0.590909090909091
17.2398228253724, 4, 106, 0, 16, 0.351010101010101
17.209431330597, 5, 75, 1, 9, 0.227477477477477
16.3158762131256, 5, 24, 4, 30, 0.0378992342401869
16.1610264150825, 6, 29, 0, 4, 0.0126262626262626
15.9691534666859, 5, 21, 0, 17, 0.444444444444444
15.6699227839815, 8, 7, 4, 63, 0.0888584396739231
15.6151711242584, 5, 95, 3, 2, 0.400252525252525
15.0995270095188, 6, 41, 1, 6, 0.164414414414414
14.2434651771951, 6, 7, 4, 79, 0.228732574440079
14.1299632855692, 5, 32, 4, 30, 0.0378992342401869
14.0829268177431, 3, 86, 3, 2, 0.400252525252525
13.5595318168658, 5, 60, 4, 60, 0.0833233322906506
13.4002745192826, 5, 129, 3, 2, 0.400252525252525
13.3992455352556, 3, 95, 3, 2, 0.400252525252525
13.3364266979631, 5, 28, 0, 4, 0.0126262626262626
13.1944977573915, 4, 79, 2, 2, 0.181818181818182
13.1570459593713, 6, 54, 1, 6, 0.164414414414414
13.1008474082715, 9, 3, 4, 95, 0.534067194388448
13.08, 7, 4, 0, 9, 0.0618686868686869
12.5502415154802, 5, 34, 0, 17, 0.444444444444444
12.4241589864431, 5, 96, 0, 6, 0.026010101010101
11.9921982527915, 5, 8, 2, 3, 0.363636363636364
11.9632988505747, 7, 9, 0, 10, 0.0808080808080808
11.6138888888889, 8, 4, 0, 9, 0.0618686868686869
11.4473154187427, 6, 8, 0, 11, 0.103535353535354
11.2651458333332, 5, 9, 4, 102, 0.786411515216059
10.9936167652812, 6, 22, 4, 35, 0.0452335812040479
10.9676921236876, 5, 3, 4, 47, 0.0673431543170252
10.9489497028465, 8, 10, 4, 60, 0.0833233322906506
10.705717675817, 4, 120, 2, 2, 0.181818181818182
10.5422550007102, 9, 8, 4, 95, 0.534067194388448
10.4394139331959, 8, 11, 4, 60, 0.0833233322906506
10.387778015474, 8, 5, 0, 9, 0.0618686868686869
10.2610714895989, 4, 55, 1, 14, 0.353603603603604
10.1574346192776, 8, 5, 4, 72, 0.171932627919944
9.88755061392138, 7, 7, 0, 9, 0.0618686868686869
9.81772975241007, 6, 5, 0, 10, 0.0808080808080808
9.77836486384249, 6, 10, 4, 4, 0.00326307504602002
9.757153381465, 5, 20, 0, 10, 0.0808080808080808
9.68930660468488, 6, 6, 3, 3, 0.800505050505051
9.52380000000005, 8, 16, 4, 69, 0.110861739138859
9.48246163167269, 5, 7, 2, 1, 0.0454545454545454
9.44490011253101, 7, 21, 0, 8, 0.0467171717171717
9.32330508166747, 6, 11, 4, 4, 0.00326307504602002
9.26369804167907, 9, 6, 4, 95, 0.534067194388448
9.22904484845115, 6, 21, 4, 27, 0.0352394625411507
9.22184576618362, 7, 7, 3, 1, 0.0997474747474748
9.13987418428585, 6, 17, 4, 79, 0.228732574440079
9.07222222222225, 6, 4, 0, 5, 0.0184343434343434
8.89246431611243, 7, 3, 0, 2, 0.00416666666666667
8.89025000000004, 6, 16, 4, 71, 0.160308462840372
8.88329125246192, 7, 2, 0, 1, 0.00126262626262626
8.81036510783373, 8, 3, 0, 5, 0.0184343434343434
8.81036510783365, 8, 3, 0, 5, 0.0184343434343434
8.77591954022981, 8, 9, 0, 5, 0.0184343434343434
8.74666666666667, 8, 1, 0, 11, 0.103535353535354
8.74108771087266, 6, 29, 3, 3, 0.800505050505051
8.72376256745524, 6, 3, 4, 81, 0.26159379994883
8.63168080668373, 6, 13, 1, 13, 0.326576576576577
8.60771516334816, 9, 12, 4, 95, 0.534067194388448
8.60334082699059, 7, 15, 4, 35, 0.0452335812040479
8.56980000000002, 8, 4, 0, 5, 0.0184343434343434
8.40727272727271, 7, 1, 0, 20, 0.898989898989899
8.36488809941999, 6, 38, 4, 35, 0.0452335812040479
8.31034663837793, 7, 5, 4, 15, 0.0180125300509641
8.2917437499998, 8, 25, 4, 63, 0.0888584396739231
8.28706005296384, 8, 7, 0, 16, 0.351010101010101
8.23372813683141, 6, 8, 0, 18, 0.558080808080808
8.208, 6, 4, 0, 19, 0.70959595959596
8.19938418546375, 7, 3, 2, 2, 0.181818181818182
8.11444223834925, 6, 5, 0, 5, 0.0184343434343434
8.10903874310368, 5, 18, 4, 94, 0.486490559366218
8.09253182520493, 7, 14, 0, 8, 0.0467171717171717
8.06023183075142, 6, 11, 4, 4, 0.00326307504602002
8.04523365857656, 4, 7, 3, 2, 0.400252525252525
8.02522483950898, 7, 20, 0, 10, 0.0808080808080808
7.93359660036363, 5, 10, 2, 1, 0.0454545454545454
7.9225, 8, 1, 0, 5, 0.0184343434343434
7.77615013743947, 8, 24, 4, 69, 0.110861739138859
7.58942993086713, 7, 6, 0, 8, 0.0467171717171717
7.57090476190476, 8, 9, 4, 72, 0.171932627919944
7.55866666666671, 9, 4, 4, 47, 0.0673431543170252
7.46659006964801, 7, 8, 4, 51, 0.0718603446010522
7.33551814473031, 6, 18, 1, 13, 0.326576576576577
7.33055013080065, 7, 8, 0, 5, 0.0184343434343434
7.18137646973054, 9, 8, 1, 17, 0.436936936936937
7.09522916666673, 4, 9, 3, 2, 0.400252525252525
7.05232948216403, 8, 8, 0, 15, 0.275252525252525
7.03956862745096, 7, 9, 4, 51, 0.0718603446010522
7.02644677581221, 7, 7, 0, 8, 0.0467171717171717
7.00751179523299, 4, 5, 0, 16, 0.351010101010101
6.88722004875696, 12, 2, 0, 4, 0.0126262626262626
6.88368451485105, 9, 8, 0, 5, 0.0184343434343434
6.88368451485105, 9, 8, 0, 5, 0.0184343434343434
6.86079756969595, 6, 38, 4, 27, 0.0352394625411507
6.83300852886602, 8, 2, 0, 11, 0.103535353535354
6.76750050730477, 11, 6, 0, 5, 0.0184343434343434
6.76039999999998, 8, 1, 2, 1, 0.0454545454545454
6.75387991287612, 12, 2, 0, 5, 0.0184343434343434
6.65969845791044, 8, 5, 0, 7, 0.0353535353535354
6.65207472399519, 5, 26, 2, 3, 0.363636363636364
6.62366206667836, 12, 2, 0, 6, 0.026010101010101
6.52622222222223, 7, 4, 4, 75, 0.204510284651682
6.47209651761577, 7, 3, 4, 14, 0.0167757737040485
6.44766666666666, 6, 4, 4, 62, 0.0856939327900282
6.43873102550434, 8, 8, 0, 8, 0.0467171717171717
6.42275438980115, 8, 37, 1, 9, 0.227477477477477
6.40217187595999, 6, 30, 2, 5, 0.863636363636364
6.35121567989156, 7, 5, 2, 2, 0.181818181818182
6.26548799488365, 11, 7, 0, 5, 0.0184343434343434
6.25600000000001, 13, 1, 4, 88, 0.375097158937352
6.256, 13, 1, 4, 88, 0.375097158937352
6.25138963111405, 9, 2, 0, 4, 0.0126262626262626
6.14012011283167, 6, 3, 0, 8, 0.0467171717171717
6.10141054505779, 8, 41, 1, 9, 0.227477477477477
6.08869752054385, 6, 13, 0, 10, 0.0808080808080808
6.08103957616804, 8, 13, 0, 16, 0.351010101010101
6.07110330099237, 9, 6, 0, 4, 0.0126262626262626
6.06749068191735, 7, 32, 0, 10, 0.0808080808080808
6.00793276635152, 11, 2, 0, 4, 0.0126262626262626
5.99372058028715, 8, 3, 0, 7, 0.0353535353535354
5.89030480106001, 7, 32, 4, 35, 0.0452335812040479
5.88706579710682, 8, 20, 0, 5, 0.0184343434343434
5.81524204796648, 6, 31, 0, 11, 0.103535353535354
5.80163075991844, 7, 35, 0, 10, 0.0808080808080808
5.77599999999998, 7, 1, 0, 12, 0.132575757575758
5.76292026667039, 9, 2, 0, 4, 0.0126262626262626
5.75467068755651, 8, 2, 1, 11, 0.272522522522523
5.75078426410871, 6, 67, 3, 3, 0.800505050505051
5.7110431871694, 6, 7, 4, 81, 0.26159379994883
5.68083432967105, 5, 59, 0, 10, 0.0808080808080808
5.65000000000002, 10, 1, 0, 10, 0.0808080808080808
5.64219549835574, 10, 6, 4, 72, 0.171932627919944
5.58866666666668, 13, 1, 1, 26, 0.943693693693694
5.57416676877274, 6, 23, 4, 4, 0.00326307504602002
5.57341564931237, 7, 2, 0, 20, 0.898989898989899
5.52442837012049, 9, 13, 1, 17, 0.436936936936937
5.48384606184382, 5, 12, 4, 47, 0.0673431543170252
5.47262936276722, 8, 2, 4, 25, 0.0319165363830463
5.44573236768097, 9, 2, 0, 11, 0.103535353535354
5.4116010139102, 5, 39, 4, 102, 0.786411515216059
5.36515384615387, 8, 4, 0, 12, 0.132575757575758
5.34478445672865, 9, 8, 4, 47, 0.0673431543170252
5.31276811594194, 9, 9, 1, 14, 0.353603603603604
5.29734095888625, 7, 2, 4, 83, 0.284343083536879
5.26495391422713, 8, 8, 0, 7, 0.0353535353535354
5.26333333333334, 12, 1, 0, 6, 0.026010101010101
5.24652081409821, 5, 43, 4, 94, 0.486490559366218
5.21427272727277, 9, 4, 2, 4, 0.590909090909091
5.20429210690832, 7, 10, 3, 2, 0.400252525252525
5.19463289752028, 7, 6, 0, 17, 0.444444444444444
5.19071428571431, 8, 4, 0, 7, 0.0353535353535354
5.1731932111608, 11, 2, 0, 4, 0.0126262626262626
5.12795292215857, 8, 3, 1, 2, 0.0788288288288288
5.10423825985164, 9, 3, 0, 4, 0.0126262626262626
5.1035839295466, 8, 3, 0, 5, 0.0184343434343434
5.09205177464001, 8, 5, 3, 3, 0.800505050505051
5.07799999999986, 9, 16, 1, 17, 0.436936936936937
5.07408408007795, 8, 3, 0, 5, 0.0184343434343434
5.07203030303029, 7, 9, 1, 12, 0.313063063063063
5.060075344739, 6, 22, 3, 3, 0.800505050505051
5.02, 7, 1, 0, 11, 0.103535353535354
5.00666666666666, 11, 1, 0, 7, 0.0353535353535354
5.0040597402863, 8, 3, 1, 3, 0.105855855855856
5.00111111111107, 8, 1, 4, 83, 0.284343083536879
4.98981685257309, 13, 2, 0, 3, 0.00795454545454546
4.97033333333333, 10, 1, 4, 88, 0.375097158937352
4.94904650749354, 10, 3, 0, 8, 0.0467171717171717
4.94479772083752, 8, 2, 3, 3, 0.800505050505051
4.90071802804237, 7, 78, 0, 8, 0.0467171717171717
4.86999999999998, 12, 4, 0, 4, 0.0126262626262626
4.83166666666665, 8, 4, 0, 11, 0.103535353535354
4.82446052631576, 7, 16, 3, 2, 0.400252525252525
4.8065, 11, 1, 1, 24, 0.743243243243243
4.8065, 11, 1, 1, 24, 0.743243243243243
4.78760639251863, 7, 40, 0, 8, 0.0467171717171717
4.75611658814207, 6, 5, 0, 8, 0.0467171717171717
4.75374515623391, 6, 24, 0, 18, 0.558080808080808
4.72108333333334, 8, 1, 2, 1, 0.0454545454545454
4.70540469389545, 9, 3, 0, 4, 0.0126262626262626
4.69674443985762, 11, 3, 0, 9, 0.0618686868686869
4.69674443985757, 11, 3, 0, 9, 0.0618686868686869
4.69195653893613, 8, 2, 0, 10, 0.0808080808080808
4.66971904082048, 9, 8, 4, 9, 0.0079337803296631
4.66301068841498, 9, 3, 4, 80, 0.244079764845808
4.59855110031651, 10, 2, 0, 9, 0.0618686868686869
4.58912300990068, 5, 2, 4, 102, 0.786411515216059
4.58115891596583, 9, 3, 1, 12, 0.313063063063063
4.55918882283048, 6, 8, 4, 62, 0.0856939327900282
4.52488650972881, 10, 3, 0, 15, 0.275252525252525
4.49112526541622, 8, 3, 1, 11, 0.272522522522523
4.48485689106503, 7, 3, 0, 14, 0.217171717171717
4.47875347393364, 7, 3, 0, 4, 0.0126262626262626
4.44983333333329, 10, 4, 2, 1, 0.0454545454545454
4.43679248115495, 9, 3, 3, 1, 0.0997474747474748
4.39842961700354, 7, 14, 3, 2, 0.400252525252525
4.39428571428573, 8, 4, 0, 5, 0.0184343434343434
4.38213777314262, 7, 31, 3, 1, 0.0997474747474748
4.37897322558803, 9, 6, 1, 24, 0.743243243243243
4.37042584023578, 10, 10, 4, 72, 0.171932627919944
4.37033333333333, 7, 1, 0, 14, 0.217171717171717
4.35907760375466, 10, 2, 1, 26, 0.943693693693694
4.33699999999996, 6, 4, 3, 3, 0.800505050505051
4.28489999999999, 8, 16, 0, 5, 0.0184343434343434
4.27152871358961, 12, 5, 0, 5, 0.0184343434343434
4.26833333333335, 10, 1, 4, 71, 0.160308462840372
4.25969101397815, 9, 14, 1, 14, 0.353603603603604
4.22389456939127, 11, 3, 0, 4, 0.0126262626262626
4.22018430652677, 7, 13, 1, 12, 0.313063063063063
4.20816706799251, 7, 6, 4, 79, 0.228732574440079
4.19172899887385, 12, 2, 0, 7, 0.0353535353535354
4.18891009359097, 7, 6, 3, 2, 0.400252525252525
4.17800038894426, 8, 19, 0, 8, 0.0467171717171717
4.15637365981456, 9, 2, 0, 6, 0.026010101010101
4.12450250377994, 9, 13, 0, 4, 0.0126262626262626
4.11939417066802, 11, 3, 0, 5, 0.0184343434343434
4.11939417066797, 11, 3, 0, 5, 0.0184343434343434
4.11450000000002, 8, 4, 0, 18, 0.558080808080808
4.11431376095979, 7, 22, 3, 2, 0.400252525252525
4.09505104938268, 8, 15, 3, 2, 0.400252525252525
4.07166432494141, 8, 24, 0, 15, 0.275252525252525
4.06288698669642, 9, 6, 1, 3, 0.105855855855856
4.03828571428571, 9, 4, 4, 80, 0.244079764845808
4.02924999999999, 10, 1, 3, 3, 0.800505050505051
3.97999999999999, 10, 1, 0, 12, 0.132575757575758
3.972525896706, 10, 2, 1, 8, 0.202702702702703
3.97209525353122, 8, 5, 1, 2, 0.0788288288288288
3.96570333739514, 9, 11, 3, 2, 0.400252525252525
3.96501612903239, 8, 16, 3, 2, 0.400252525252525
3.95178409779121, 13, 2, 1, 26, 0.943693693693694
3.94161968698004, 9, 7, 2, 4, 0.590909090909091
3.93825, 7, 1, 0, 14, 0.217171717171717
3.93688771493424, 8, 2, 4, 72, 0.171932627919944
3.91162824863961, 8, 5, 0, 11, 0.103535353535354
3.88942857142854, 8, 4, 1, 11, 0.272522522522523
3.87964182861864, 8, 5, 3, 3, 0.800505050505051
3.87871428571424, 7, 4, 0, 4, 0.0126262626262626
3.87817716078685, 7, 7, 3, 2, 0.400252525252525
3.87762874544477, 8, 3, 0, 7, 0.0353535353535354
3.8747190992156, 7, 23, 4, 15, 0.0180125300509641
3.87098536292766, 12, 2, 0, 8, 0.0467171717171717
3.80999999999999, 11, 1, 0, 10, 0.0808080808080808
3.80871282573115, 8, 2, 0, 5, 0.0184343434343434
3.80242887288288, 10, 3, 3, 3, 0.800505050505051
3.80242887288288, 10, 3, 3, 3, 0.800505050505051
3.80035685477394, 4, 17, 0, 16, 0.351010101010101
3.77999082171437, 11, 2, 4, 56, 0.078725036164931
3.77974999999999, 7, 1, 4, 76, 0.20691329301129
3.76426341976983, 9, 28, 1, 17, 0.436936936936937
3.72173869164521, 12, 2, 0, 6, 0.026010101010101
3.6802471221656, 9, 3, 0, 9, 0.0618686868686869
3.67457142857143, 7, 1, 0, 14, 0.217171717171717
3.67072919186368, 6, 20, 0, 19, 0.70959595959596
3.65645126887476, 6, 11, 3, 1, 0.0997474747474748
3.64791650295066, 9, 13, 3, 2, 0.400252525252525
3.64333333333333, 6, 1, 0, 15, 0.275252525252525
3.63487357690304, 8, 3, 2, 3, 0.363636363636364
3.63004857822487, 12, 3, 4, 17, 0.0191899869089483
3.61250000000001, 14, 1, 0, 3, 0.00795454545454546
3.60931338119595, 7, 33, 0, 5, 0.0184343434343434
3.60877880493707, 8, 6, 0, 5, 0.0184343434343434
3.60143625793932, 7, 2, 4, 97, 0.601622068566827
3.58779891031163, 8, 3, 1, 16, 0.414414414414414
3.57764716807839, 5, 3, 4, 103, 0.865041948010276
3.57676923076917, 8, 9, 0, 12, 0.132575757575758
3.54311612340684, 11, 3, 0, 4, 0.0126262626262626
3.54114567148355, 6, 6, 3, 3, 0.800505050505051
3.53142857142858, 8, 1, 0, 2, 0.00416666666666667
3.52833333333331, 13, 4, 0, 3, 0.00795454545454546
3.52427962677147, 6, 99, 2, 5, 0.863636363636364
3.51455640475756, 10, 2, 4, 88, 0.375097158937352
3.50749999999999, 7, 1, 0, 3, 0.00795454545454546
3.49649999999997, 8, 4, 3, 3, 0.800505050505051
3.49310749906154, 12, 2, 0, 5, 0.0184343434343434
3.49310749906154, 12, 2, 0, 5, 0.0184343434343434
3.48841251221511, 7, 14, 4, 75, 0.204510284651682
3.47395520984365, 7, 5, 0, 14, 0.217171717171717
3.46868159992621, 11, 6, 0, 4, 0.0126262626262626
3.46250000000001, 9, 1, 2, 4, 0.590909090909091
3.46162725684124, 10, 3, 0, 8, 0.0467171717171717
3.44418356191465, 9, 5, 0, 11, 0.103535353535354
3.43672467801834, 9, 5, 3, 1, 0.0997474747474748
3.42465956264268, 9, 2, 1, 17, 0.436936936936937
3.40471915141322, 12, 2, 0, 8, 0.0467171717171717
3.40471915141322, 12, 2, 0, 8, 0.0467171717171717
3.40068549434202, 7, 14, 0, 17, 0.444444444444444
3.39366488229662, 9, 3, 0, 6, 0.026010101010101
3.39193807523816, 9, 10, 1, 24, 0.743243243243243
3.38766666666668, 11, 1, 4, 10, 0.00844094610403909
3.3837777826939, 9, 5, 0, 12, 0.132575757575758
3.38020000000003, 8, 4, 2, 1, 0.0454545454545454
3.35947518222712, 8, 6, 0, 18, 0.558080808080808
3.32978980896702, 9, 5, 0, 2, 0.00416666666666667
3.32768199438928, 8, 12, 2, 1, 0.0454545454545454
3.32361304963492, 11, 3, 4, 40, 0.0550596271875607
3.31514524568681, 9, 3, 3, 1, 0.0997474747474748
3.2930284212031, 7, 8, 0, 11, 0.103535353535354
3.2925, 9, 1, 0, 10, 0.0808080808080808
3.27266666666668, 10, 4, 4, 20, 0.0246350245742943
3.26202902092137, 10, 3, 0, 10, 0.0808080808080808
3.25166666666667, 10, 4, 0, 9, 0.0618686868686869
3.25142857142858, 11, 1, 0, 7, 0.0353535353535354
3.24764043073539, 10, 2, 0, 9, 0.0618686868686869
3.23991146263512, 10, 7, 0, 8, 0.0467171717171717
3.21749999999997, 14, 1, 0, 2, 0.00416666666666667
3.21445535874012, 8, 3, 4, 72, 0.171932627919944
3.20340083405486, 9, 17, 4, 9, 0.0079337803296631
3.20337499999999, 7, 4, 3, 3, 0.800505050505051
3.19957793512877, 10, 6, 0, 15, 0.275252525252525
3.1957142857143, 12, 1, 2, 4, 0.590909090909091
3.19530095355212, 6, 13, 2, 1, 0.0454545454545454
3.16160000000001, 5, 1, 4, 91, 0.438747575486957
3.16064631365166, 12, 3, 0, 8, 0.0467171717171717
3.15866666666666, 10, 1, 1, 4, 0.128378378378378
3.14800000000002, 9, 1, 4, 1, 0.000100050649348366
3.148, 9, 1, 4, 1, 0.000100050649348366
3.14650732515003, 10, 8, 2, 1, 0.0454545454545454
3.14371428571428, 12, 4, 4, 17, 0.0191899869089483
3.13119779741704, 6, 15, 3, 1, 0.0997474747474748
3.12242424242419, 12, 9, 0, 6, 0.026010101010101
3.10999999999999, 11, 1, 0, 5, 0.0184343434343434
3.0902923360456, 7, 2, 0, 14, 0.217171717171717
3.09, 8, 1, 0, 10, 0.0808080808080808
3.08895668990334, 8, 2, 4, 68, 0.0971476980300399
3.08233333333334, 10, 4, 1, 26, 0.943693693693694
3.06961481956533, 8, 8, 4, 45, 0.0660434784542375
3.06842857142857, 11, 4, 0, 4, 0.0126262626262626
3.06, 7, 1, 0, 11, 0.103535353535354
3.05733333333335, 8, 1, 1, 6, 0.164414414414414
3.03966831687017, 9, 6, 0, 2, 0.00416666666666667
3.03843783875859, 11, 2, 3, 1, 0.0997474747474748
3.03843783875859, 11, 2, 3, 1, 0.0997474747474748
3.02944748111208, 9, 2, 0, 17, 0.444444444444444
3.02075000000001, 9, 1, 4, 83, 0.284343083536879
3.01816744436457, 10, 2, 4, 71, 0.160308462840372
3.00359831077656, 8, 5, 0, 7, 0.0353535353535354
3.00127272727269, 9, 4, 4, 18, 0.0200336255683399
3, 11, 1, 0, 12, 0.132575757575758
3, 11, 1, 0, 12, 0.132575757575758
2.99907250043365, 9, 7, 1, 12, 0.313063063063063
2.99785714285713, 10, 4, 0, 8, 0.0467171717171717
2.9944235374156, 8, 7, 0, 5, 0.0184343434343434
2.9746633018324, 6, 15, 2, 1, 0.0454545454545454
2.97225000000002, 8, 1, 3, 1, 0.0997474747474748
2.97041456141503, 10, 6, 4, 41, 0.0589841673467433
2.96745386911172, 8, 5, 0, 10, 0.0808080808080808
2.96623323300661, 10, 3, 3, 2, 0.400252525252525
2.96415477203751, 7, 27, 0, 2, 0.00416666666666667
2.96275, 9, 1, 3, 1, 0.0997474747474748
2.96180093237861, 7, 8, 4, 15, 0.0180125300509641
2.95699999999999, 8, 1, 3, 2, 0.400252525252525
2.95333333333333, 9, 1, 0, 9, 0.0618686868686869
2.94933333333334, 10, 1, 3, 1, 0.0997474747474748
2.9466666666666, 10, 4, 0, 4, 0.0126262626262626
2.9405603910366, 7, 3, 4, 97, 0.601622068566827
2.90845971606967, 8, 3, 4, 37, 0.0486682110506046
2.90479465711438, 11, 2, 0, 2, 0.00416666666666667
2.90241623479473, 5, 5, 4, 102, 0.786411515216059
2.89171428571436, 8, 9, 3, 3, 0.800505050505051
2.87289493948759, 9, 12, 1, 3, 0.105855855855856
2.84610479427586, 8, 2, 0, 14, 0.217171717171717
2.84610479427586, 8, 2, 0, 14, 0.217171717171717
2.82333333333334, 12, 1, 0, 7, 0.0353535353535354
2.79622282373918, 9, 3, 1, 17, 0.436936936936937
2.78670782465621, 7, 8, 0, 20, 0.898989898989899
2.77999999999997, 11, 1, 0, 6, 0.026010101010101
2.77909708583559, 8, 5, 1, 16, 0.414414414414414
2.76583770385785, 10, 3, 4, 78, 0.219710950157435
2.75006950561514, 10, 7, 4, 41, 0.0589841673467433
2.74968831903756, 9, 6, 0, 7, 0.0353535353535354
2.74556521739137, 8, 9, 1, 8, 0.202702702702703
2.7447056818537, 12, 2, 0, 6, 0.026010101010101
2.73571651552811, 11, 3, 3, 3, 0.800505050505051
2.72830080453015, 8, 2, 0, 2, 0.00416666666666667
2.70333333333333, 12, 1, 0, 6, 0.026010101010101
2.69999999999999, 11, 1, 0, 11, 0.103535353535354
2.6939163560388, 10, 3, 2, 1, 0.0454545454545454
2.69391635603878, 10, 3, 2, 1, 0.0454545454545454
2.69316666666666, 8, 4, 0, 5, 0.0184343434343434
2.69056772447756, 11, 3, 0, 12, 0.132575757575758
2.69, 9, 1, 0, 11, 0.103535353535354
2.69, 9, 1, 0, 11, 0.103535353535354
2.6837469285608, 8, 18, 3, 3, 0.800505050505051
2.66933333333334, 8, 1, 4, 98, 0.624936765886549
2.66735824365611, 12, 3, 0, 6, 0.026010101010101
2.66735824365603, 12, 3, 0, 6, 0.026010101010101
2.66064654677674, 7, 3, 4, 41, 0.0589841673467433
2.65861307283972, 7, 10, 0, 20, 0.898989898989899
2.64676608405498, 9, 3, 1, 9, 0.227477477477477
2.62276006667537, 8, 2, 4, 70, 0.136274845408473
2.619, 10, 1, 1, 26, 0.943693693693694
2.61328496955394, 8, 11, 1, 3, 0.105855855855856
2.60000000000002, 13, 1, 0, 6, 0.026010101010101
2.58310572760774, 7, 5, 0, 12, 0.132575757575758
2.57934876107321, 10, 2, 0, 11, 0.103535353535354
2.57622570612302, 6, 2, 0, 15, 0.275252525252525
2.57356696910042, 8, 10, 1, 11, 0.272522522522523
2.56427634435161, 8, 7, 0, 11, 0.103535353535354
2.54500000000002, 12, 1, 0, 7, 0.0353535353535354
2.54499999999999, 12, 1, 0, 7, 0.0353535353535354
2.52977857324108, 5, 6, 4, 103, 0.865041948010276
2.52211904761907, 9, 9, 0, 12, 0.132575757575758
2.51000000000002, 7, 4, 0, 11, 0.103535353535354
2.50663220277722, 7, 20, 4, 14, 0.0167757737040485
2.4892955036488, 7, 14, 0, 11, 0.103535353535354
2.4854803358707, 9, 2, 0, 19, 0.70959595959596
2.47723075675687, 8, 2, 0, 16, 0.351010101010101
2.45684745319776, 10, 3, 4, 59, 0.0828015312645006
2.45124999999999, 9, 1, 3, 3, 0.800505050505051
2.43735564912288, 9, 15, 1, 2, 0.0788288288288288
2.43733333333334, 7, 1, 2, 1, 0.0454545454545454
2.43477067813417, 6, 2, 0, 15, 0.275252525252525
2.42500000000001, 10, 1, 3, 3, 0.800505050505051
2.425, 10, 1, 3, 3, 0.800505050505051
2.42285714285714, 10, 1, 3, 2, 0.400252525252525
2.41666666666667, 10, 1, 0, 2, 0.00416666666666667
2.41666666666666, 10, 1, 0, 12, 0.132575757575758
2.40999999999998, 13, 1, 0, 5, 0.0184343434343434
2.40782267530528, 8, 7, 4, 42, 0.0614175149797577
2.40782267530528, 8, 7, 4, 42, 0.0614175149797577
2.4075, 12, 1, 0, 5, 0.0184343434343434
2.40552989657856, 11, 3, 0, 14, 0.217171717171717
2.40363501415615, 8, 23, 2, 1, 0.0454545454545454
2.39528571428568, 10, 4, 4, 78, 0.219710950157435
2.39075000000003, 8, 4, 4, 30, 0.0378992342401869
2.39075, 8, 4, 4, 30, 0.0378992342401869
2.39067610622982, 11, 5, 4, 56, 0.078725036164931
2.38294985259867, 6, 2, 3, 3, 0.800505050505051
2.38294985259865, 6, 2, 3, 3, 0.800505050505051
2.38, 13, 1, 0, 6, 0.026010101010101
2.37587878478681, 9, 2, 0, 7, 0.0353535353535354
2.37587878478681, 9, 2, 0, 7, 0.0353535353535354
2.37345441867984, 11, 2, 0, 12, 0.132575757575758
2.37315704219901, 9, 3, 0, 17, 0.444444444444444
2.36, 8, 1, 0, 12, 0.132575757575758
2.36, 8, 1, 0, 12, 0.132575757575758
2.35183715422647, 12, 2, 0, 3, 0.00795454545454546
2.350149325437, 11, 6, 4, 40, 0.0550596271875607
2.34416168384352, 9, 6, 3, 1, 0.0997474747474748
2.33286657282955, 7, 29, 0, 1, 0.00126262626262626
2.32342780762687, 7, 13, 4, 15, 0.0180125300509641
2.32178511602603, 10, 2, 3, 2, 0.400252525252525
2.32178511602599, 10, 2, 3, 2, 0.400252525252525
2.32041069523686, 8, 14, 4, 45, 0.0660434784542375
2.31760000000003, 9, 1, 4, 30, 0.0378992342401869
2.31412479256318, 10, 8, 4, 20, 0.0246350245742943
2.295, 7, 1, 0, 17, 0.444444444444444
2.295, 7, 1, 0, 17, 0.444444444444444
2.29353889582599, 10, 6, 1, 8, 0.202702702702703
2.27374969763603, 7, 3, 0, 14, 0.217171717171717
2.26874892944128, 9, 7, 4, 18, 0.0200336255683399
2.2685, 9, 1, 2, 4, 0.590909090909091
2.26666666666667, 12, 1, 0, 7, 0.0353535353535354
2.2614791666666, 8, 9, 0, 11, 0.103535353535354
2.26049999999998, 12, 1, 0, 7, 0.0353535353535354
2.25488495778375, 13, 2, 0, 4, 0.0126262626262626
2.24104280488646, 12, 3, 0, 6, 0.026010101010101
2.23904940146976, 11, 5, 0, 7, 0.0353535353535354
2.23351461950791, 10, 2, 1, 4, 0.128378378378378
2.22764827864126, 8, 3, 0, 2, 0.00416666666666667
2.22679845933856, 7, 5, 4, 2, 0.000339506812356317
2.22333333333334, 7, 1, 0, 14, 0.217171717171717
2.20134950925459, 8, 14, 1, 8, 0.202702702702703
2.20016892251558, 10, 5, 4, 45, 0.0660434784542375
2.19970452561249, 11, 3, 0, 10, 0.0808080808080808
2.19910208949017, 11, 2, 0, 5, 0.0184343434343434
2.19749999999999, 9, 1, 0, 11, 0.103535353535354
2.18223967996952, 7, 3, 4, 76, 0.20691329301129
2.17900000000003, 10, 4, 4, 98, 0.624936765886549
2.17899999999997, 10, 4, 4, 98, 0.624936765886549
2.166, 11, 1, 0, 15, 0.275252525252525
2.16415384615379, 9, 4, 3, 1, 0.0997474747474748
2.16374675043084, 7, 2, 0, 11, 0.103535353535354
2.16263039046953, 7, 12, 4, 83, 0.284343083536879
2.16186113234767, 8, 2, 1, 6, 0.164414414414414
2.1555565872032, 10, 7, 3, 1, 0.0997474747474748
2.15275, 9, 1, 3, 1, 0.0997474747474748
2.15100000000001, 14, 1, 2, 4, 0.590909090909091
2.151, 14, 1, 2, 4, 0.590909090909091
2.14933781949144, 7, 23, 4, 79, 0.228732574440079
2.14654183933932, 8, 13, 4, 25, 0.0319165363830463
2.14600000000002, 13, 1, 0, 4, 0.0126262626262626
2.14500000000001, 9, 1, 0, 11, 0.103535353535354
2.145, 9, 1, 0, 11, 0.103535353535354
2.13585714285713, 9, 1, 2, 4, 0.590909090909091
2.124, 9, 4, 0, 9, 0.0618686868686869
2.124, 9, 4, 0, 9, 0.0618686868686869
2.12132034355968, 11, 2, 0, 8, 0.0467171717171717
2.1213203435596, 11, 2, 0, 8, 0.0467171717171717
2.11999999999999, 9, 1, 0, 4, 0.0126262626262626
2.11142084862304, 9, 2, 1, 4, 0.128378378378378
2.10716113922663, 8, 15, 2, 5, 0.863636363636364
2.1059424507129, 9, 7, 1, 4, 0.128378378378378
2.10364267402997, 14, 2, 0, 4, 0.0126262626262626
2.10364267402997, 14, 2, 0, 4, 0.0126262626262626
2.10340697176959, 10, 2, 4, 55, 0.0776266165618163
2.10025000000002, 11, 1, 3, 3, 0.800505050505051
2.09940003334286, 10, 2, 4, 6, 0.00648491626136443
2.09940003334286, 10, 2, 4, 6, 0.00648491626136443
2.0974436336398, 10, 6, 3, 2, 0.400252525252525
2.09586449943689, 12, 8, 0, 7, 0.0353535353535354
2.09091475196864, 8, 2, 3, 2, 0.400252525252525
2.08950053840624, 12, 2, 0, 8, 0.0467171717171717
2.08950053840624, 12, 2, 0, 8, 0.0467171717171717
2.08832202710428, 9, 2, 0, 9, 0.0618686868686869
2.08785062258349, 11, 2, 0, 8, 0.0467171717171717
2.0856778474475, 14, 3, 0, 3, 0.00795454545454546
2.08549359997954, 10, 2, 3, 1, 0.0997474747474748
2.08360798189647, 10, 8, 0, 4, 0.0126262626262626
2.08333333333333, 9, 1, 0, 14, 0.217171717171717
2.08333333333333, 9, 1, 0, 6, 0.026010101010101
2.06092795316214, 7, 5, 4, 41, 0.0589841673467433
2.0552142857143, 9, 4, 0, 17, 0.444444444444444
2.05398815647477, 10, 5, 0, 9, 0.0618686868686869
2.04815007995021, 12, 3, 4, 71, 0.160308462840372
2.03862380050856, 9, 3, 3, 1, 0.0997474747474748
2.03277957866242, 7, 6, 4, 2, 0.000339506812356317
2.02638121454645, 7, 6, 4, 103, 0.865041948010276
2.02505606918262, 7, 3, 0, 3, 0.00795454545454546
2.02499999999999, 11, 1, 0, 9, 0.0618686868686869
2.01633855677941, 10, 8, 3, 1, 0.0997474747474748
2.01258018930793, 9, 22, 1, 2, 0.0788288288288288
2.01207234586631, 9, 2, 2, 1, 0.0454545454545454
2.00847024863936, 10, 6, 4, 45, 0.0660434784542375
2.00333333333333, 11, 1, 0, 11, 0.103535353535354
1.99907530706906, 9, 3, 2, 4, 0.590909090909091
1.99639814555001, 12, 2, 0, 7, 0.0353535353535354
1.99545533650844, 9, 2, 0, 6, 0.026010101010101
1.99000000000001, 10, 4, 0, 12, 0.132575757575758
1.98233333333332, 9, 1, 1, 5, 0.141891891891892
1.97707056019754, 8, 2, 3, 3, 0.800505050505051
1.9699287817075, 9, 8, 1, 4, 0.128378378378378
1.96635004408364, 9, 3, 0, 14, 0.217171717171717
1.96575685169862, 11, 2, 0, 6, 0.026010101010101
1.96222131779267, 10, 2, 0, 15, 0.275252525252525
1.96222131779267, 10, 2, 0, 15, 0.275252525252525
1.94900715487844, 10, 7, 4, 49, 0.0692091058226616
1.949, 10, 1, 3, 2, 0.400252525252525
1.949, 10, 1, 3, 2, 0.400252525252525
1.94432325654102, 9, 12, 0, 7, 0.0353535353535354
1.93833333333332, 9, 1, 3, 1, 0.0997474747474748
1.92863857422797, 9, 3, 0, 11, 0.103535353535354
1.92356614708777, 8, 18, 2, 5, 0.863636363636364
1.92026699532464, 12, 3, 0, 3, 0.00795454545454546
1.92, 8, 1, 2, 5, 0.863636363636364
1.91599081843481, 9, 5, 0, 17, 0.444444444444444
1.91154533180762, 12, 2, 0, 6, 0.026010101010101
1.90918830920369, 11, 2, 0, 11, 0.103535353535354
1.90415384615383, 9, 4, 3, 3, 0.800505050505051
1.90403382923125, 8, 7, 4, 37, 0.0486682110506046
1.90092576130684, 9, 3, 0, 10, 0.0808080808080808
1.89825081588779, 8, 11, 2, 3, 0.363636363636364
1.89575328036116, 9, 2, 0, 9, 0.0618686868686869
1.88750370124727, 8, 2, 4, 98, 0.624936765886549
1.88640000000001, 8, 1, 4, 61, 0.084023548930301
1.88500000000002, 11, 1, 0, 15, 0.275252525252525
1.88499999999999, 11, 1, 0, 15, 0.275252525252525
1.88000000000001, 13, 1, 0, 7, 0.0353535353535354
1.88, 13, 1, 0, 7, 0.0353535353535354
1.87154624624977, 9, 6, 1, 9, 0.227477477477477
1.87116666666668, 9, 4, 0, 12, 0.132575757575758
1.86333333333334, 10, 1, 0, 2, 0.00416666666666667
1.86331544565059, 11, 5, 0, 14, 0.217171717171717
1.86199999999999, 13, 1, 0, 7, 0.0353535353535354
1.85762449111765, 14, 3, 0, 2, 0.00416666666666667
1.85666666666668, 12, 1, 0, 11, 0.103535353535354
1.85271701382955, 10, 3, 4, 28, 0.0358931359772792
1.85271701382948, 10, 3, 4, 28, 0.0358931359772792
1.84946941856541, 7, 12, 3, 3, 0.800505050505051
1.838477631085, 13, 2, 0, 6, 0.026010101010101
1.83494209717911, 12, 2, 0, 6, 0.026010101010101
1.83494209717907, 12, 2, 0, 6, 0.026010101010101
1.81666666666666, 11, 1, 0, 3, 0.00795454545454546
1.80500000000006, 11, 4, 4, 76, 0.20691329301129
1.80499999999995, 11, 4, 4, 76, 0.20691329301129
1.80133283987167, 14, 3, 3, 1, 0.0997474747474748
1.7955, 9, 1, 3, 3, 0.800505050505051
1.79549999999999, 9, 1, 3, 3, 0.800505050505051
1.79094685890697, 11, 7, 3, 3, 0.800505050505051
1.785, 10, 1, 0, 15, 0.275252525252525
1.785, 10, 1, 0, 15, 0.275252525252525
1.78401233179592, 8, 3, 0, 10, 0.0808080808080808
1.77314096450338, 9, 2, 0, 14, 0.217171717171717
1.77, 11, 1, 2, 4, 0.590909090909091
1.76815979006709, 8, 8, 4, 83, 0.284343083536879
1.76793353165663, 9, 13, 0, 9, 0.0618686868686869
1.76139003711757, 11, 7, 0, 12, 0.132575757575758
1.76000000000001, 11, 1, 0, 19, 0.70959595959596
1.75999999999999, 11, 1, 0, 19, 0.70959595959596
1.75749999999999, 9, 4, 0, 19, 0.70959595959596
1.75500000000001, 13, 1, 0, 9, 0.0618686868686869
1.755, 13, 1, 0, 9, 0.0618686868686869
1.75166666666667, 8, 4, 0, 16, 0.351010101010101
1.75000000000003, 12, 1, 0, 4, 0.0126262626262626
1.74403082565454, 9, 3, 4, 83, 0.284343083536879
1.74277302685386, 9, 3, 0, 18, 0.558080808080808
1.74089689528129, 9, 2, 0, 15, 0.275252525252525
1.74089689528127, 9, 2, 0, 15, 0.275252525252525
1.74054334189065, 9, 2, 4, 16, 0.0186420699741554
1.72396790380023, 9, 3, 1, 4, 0.128378378378378
1.71600000000001, 10, 1, 3, 2, 0.400252525252525
1.71599999999999, 10, 1, 3, 2, 0.400252525252525
1.71054451004156, 9, 3, 3, 1, 0.0997474747474748
1.7088413878675, 10, 2, 0, 12, 0.132575757575758
1.70884138786748, 10, 2, 0, 2, 0.00416666666666667
1.70814285714295, 10, 4, 4, 63, 0.0888584396739231
1.70483444944079, 11, 2, 2, 5, 0.863636363636364
1.7, 9, 1, 0, 12, 0.132575757575758
1.69999999999999, 9, 1, 0, 12, 0.132575757575758
1.68291413922402, 13, 2, 0, 6, 0.026010101010101
1.67362234555932, 9, 5, 0, 12, 0.132575757575758
1.66249999999999, 11, 1, 0, 12, 0.132575757575758
1.65877911336584, 8, 5, 4, 70, 0.136274845408473
1.65745829510126, 9, 2, 0, 17, 0.444444444444444
1.65453333333329, 7, 9, 4, 103, 0.865041948010276
1.65111680231455, 8, 7, 4, 68, 0.0971476980300399
1.65000000000001, 9, 1, 0, 5, 0.0184343434343434
1.64999999999998, 9, 1, 0, 5, 0.0184343434343434
1.64755880016466, 8, 2, 0, 8, 0.0467171717171717
1.64755880016466, 8, 2, 0, 8, 0.0467171717171717
1.64675067812898, 11, 2, 3, 1, 0.0997474747474748
1.63800000000001, 12, 1, 0, 5, 0.0184343434343434
1.63500000000001, 13, 1, 0, 3, 0.00795454545454546
1.63499999999999, 13, 1, 0, 3, 0.00795454545454546
1.63396059283413, 10, 2, 4, 65, 0.0928774452980315
1.63266666666667, 9, 1, 0, 5, 0.0184343434343434
1.63065637791584, 10, 10, 4, 49, 0.0692091058226616
1.62928245965316, 9, 3, 0, 6, 0.026010101010101
1.6285, 11, 1, 4, 91, 0.438747575486957
1.62849999999999, 11, 1, 4, 91, 0.438747575486957
1.61427135265422, 8, 3, 3, 3, 0.800505050505051
1.61133333333332, 13, 1, 2, 4, 0.590909090909091
1.61, 9, 1, 0, 17, 0.444444444444444
1.60503374834718, 12, 3, 2, 4, 0.590909090909091
1.60503374834708, 12, 3, 2, 4, 0.590909090909091
1.60333333333332, 12, 1, 0, 4, 0.0126262626262626
1.6027753706895, 12, 2, 0, 7, 0.0353535353535354
1.59735421870042, 9, 2, 4, 1, 0.000100050649348366
1.59735421870038, 9, 2, 4, 1, 0.000100050649348366
1.59599999999999, 10, 1, 0, 9, 0.0618686868686869
1.59240447123209, 11, 2, 2, 5, 0.863636363636364
1.59099025766975, 11, 2, 0, 9, 0.0618686868686869
1.59099025766969, 11, 2, 0, 9, 0.0618686868686869
1.58816183054497, 10, 2, 4, 89, 0.391602757964068
1.58649023003608, 12, 5, 4, 71, 0.160308462840372
1.58080000000001, 5, 4, 4, 91, 0.438747575486957
1.58, 12, 1, 0, 18, 0.558080808080808
1.58, 12, 1, 0, 18, 0.558080808080808
1.57466666666667, 12, 1, 0, 3, 0.00795454545454546
1.57213407683809, 7, 2, 0, 14, 0.217171717171717
1.56333333333333, 8, 1, 0, 12, 0.132575757575758
1.56051515151516, 10, 9, 1, 3, 0.105855855855856
1.55999999999995, 14, 4, 3, 1, 0.0997474747474748
1.55799194121435, 12, 2, 0, 7, 0.0353535353535354
1.55433333333333, 10, 1, 0, 4, 0.0126262626262626
1.54787607169733, 9, 3, 0, 9, 0.0618686868686869
1.54149278298668, 11, 2, 0, 10, 0.0808080808080808
1.54149278298668, 11, 2, 0, 10, 0.0808080808080808
1.54000000000001, 10, 1, 4, 32, 0.0409687585124503
1.53988418461941, 6, 5, 0, 15, 0.275252525252525
1.529, 12, 1, 4, 84, 0.293759463138283
1.529, 12, 1, 4, 84, 0.293759463138283
1.52500000000001, 7, 1, 0, 14, 0.217171717171717
1.52499999999998, 7, 1, 0, 14, 0.217171717171717
1.52291335287241, 10, 7, 3, 3, 0.800505050505051
1.52, 13, 1, 0, 4, 0.0126262626262626
1.52, 13, 1, 0, 4, 0.0126262626262626
1.51501059035535, 11, 5, 4, 10, 0.00844094610403909
1.51250000000002, 11, 1, 4, 59, 0.0828015312645006
1.51249999999999, 11, 1, 4, 59, 0.0828015312645006
1.51240000000001, 11, 4, 4, 80, 0.244079764845808
1.51137003410814, 10, 2, 4, 45, 0.0660434784542375
1.51000000000002, 13, 1, 0, 6, 0.026010101010101
1.50999999999999, 13, 1, 0, 6, 0.026010101010101
1.50966666666667, 8, 1, 0, 15, 0.275252525252525
1.50928571428565, 9, 4, 0, 18, 0.558080808080808
1.50260191002143, 9, 2, 4, 92, 0.455244555401909
1.50260191002141, 9, 2, 4, 92, 0.455244555401909
1.50110437712393, 11, 5, 0, 12, 0.132575757575758
1.50013750390166, 7, 6, 0, 14, 0.217171717171717
1.4990663761155, 9, 2, 0, 4, 0.0126262626262626
1.49766666666666, 10, 1, 4, 26, 0.0338774705003143
1.49391701576757, 9, 5, 0, 11, 0.103535353535354
1.48918770153962, 10, 6, 0, 11, 0.103535353535354
1.48733333333331, 10, 4, 4, 55, 0.0776266165618163
1.48066666666665, 11, 1, 0, 9, 0.0618686868686869
1.47799999999999, 10, 1, 1, 17, 0.436936936936937
1.47633333333334, 11, 4, 0, 8, 0.0467171717171717
1.47499999999999, 14, 1, 0, 7, 0.0353535353535354
1.47499999999999, 14, 1, 0, 7, 0.0353535353535354
1.47333333333333, 7, 1, 0, 15, 0.275252525252525
1.47313912747198, 9, 2, 0, 14, 0.217171717171717
1.47313912747198, 9, 2, 0, 6, 0.026010101010101
1.46842508226405, 12, 2, 0, 4, 0.0126262626262626
1.465, 10, 1, 0, 12, 0.132575757575758
1.46499999999999, 10, 1, 0, 12, 0.132575757575758
1.45866666666666, 11, 1, 4, 36, 0.0468471651172549
1.45239732855715, 11, 8, 0, 2, 0.00416666666666667
1.44972652593516, 6, 3, 1, 23, 0.698198198198198
1.44972652593513, 6, 3, 1, 23, 0.698198198198198
1.4477635350199, 9, 3, 0, 14, 0.217171717171717
1.44276923076919, 9, 9, 3, 1, 0.0997474747474748
1.44169967718099, 8, 6, 0, 2, 0.00416666666666667
1.43522222222225, 9, 4, 4, 52, 0.0736969911266934
1.42346018369701, 8, 11, 2, 1, 0.0454545454545454
1.41774909627902, 11, 2, 0, 9, 0.0618686868686869
1.41774909627902, 11, 2, 0, 9, 0.0618686868686869
1.41657058497705, 11, 2, 0, 11, 0.103535353535354
1.41522984735106, 9, 3, 3, 3, 0.800505050505051
1.41492066915429, 11, 2, 4, 41, 0.0589841673467433
1.41492066915426, 11, 2, 4, 41, 0.0589841673467433
1.41, 11, 1, 0, 8, 0.0467171717171717
1.40949951716517, 11, 2, 4, 39, 0.051987603372886
1.40172134257214, 9, 2, 1, 5, 0.141891891891892
1.40025, 8, 1, 1, 11, 0.272522522522523
1.398, 13, 1, 3, 1, 0.0997474747474748
1.39141414874696, 13, 3, 0, 5, 0.0184343434343434
1.38997077307399, 12, 3, 0, 5, 0.0184343434343434
1.38666666666667, 9, 1, 0, 3, 0.00795454545454546
1.38641119441528, 10, 6, 2, 4, 0.590909090909091
1.38641119441522, 10, 6, 2, 4, 0.590909090909091
1.38170063721755, 7, 6, 4, 97, 0.601622068566827
1.3785, 13, 1, 4, 70, 0.136274845408473
1.37849999999999, 13, 1, 4, 70, 0.136274845408473
1.37060864419994, 9, 2, 3, 1, 0.0997474747474748
1.36666666666667, 12, 1, 0, 14, 0.217171717171717
1.36333333333332, 13, 1, 0, 6, 0.026010101010101
1.35970410154709, 11, 10, 4, 75, 0.204510284651682
1.35764501987816, 8, 2, 2, 5, 0.863636363636364
1.35231928766184, 11, 3, 2, 5, 0.863636363636364
1.35000000000001, 11, 1, 0, 3, 0.00795454545454546
1.34999999999999, 11, 1, 0, 3, 0.00795454545454546
1.34580000000001, 10, 1, 4, 48, 0.067745494454136
1.34567077046547, 10, 10, 4, 59, 0.0828015312645006
1.34333333333335, 11, 1, 0, 9, 0.0618686868686869
1.34283333333335, 11, 1, 4, 3, 0.000573791508306289
1.34133333333334, 11, 1, 4, 88, 0.375097158937352
1.33501760288019, 10, 2, 2, 1, 0.0454545454545454
1.33501760288019, 10, 2, 2, 1, 0.0454545454545454
1.33459255419559, 9, 7, 3, 1, 0.0997474747474748
1.32739015585107, 11, 6, 0, 7, 0.0353535353535354
1.32500000000002, 7, 1, 0, 3, 0.00795454545454546
1.31999999999999, 12, 1, 0, 4, 0.0126262626262626
1.31999999999999, 12, 1, 0, 4, 0.0126262626262626
1.31799999999998, 13, 1, 0, 5, 0.0184343434343434
1.31757563561092, 10, 2, 0, 2, 0.00416666666666667
1.31286159040302, 12, 2, 0, 11, 0.103535353535354
1.31270445556275, 10, 2, 4, 46, 0.0667300768973018
1.30971908565668, 9, 3, 2, 4, 0.590909090909091
1.30510028350315, 12, 3, 0, 7, 0.0353535353535354
1.30464489395381, 12, 6, 2, 4, 0.590909090909091
1.29842709113684, 10, 13, 1, 3, 0.105855855855856
1.296426993269, 11, 11, 4, 75, 0.204510284651682
1.29433333333334, 11, 1, 4, 89, 0.391602757964068
1.28999999999999, 10, 1, 0, 14, 0.217171717171717
1.28999999999999, 10, 1, 0, 14, 0.217171717171717
1.28457731915556, 11, 2, 0, 3, 0.00795454545454546
1.28388266111049, 10, 3, 4, 86, 0.339097714835584
1.28370178068283, 9, 5, 4, 52, 0.0736969911266934
1.28, 9, 1, 0, 2, 0.00416666666666667
1.28, 9, 1, 0, 2, 0.00416666666666667
1.27920622180465, 7, 7, 4, 97, 0.601622068566827
1.27500000000001, 11, 1, 0, 12, 0.132575757575758
1.27499999999998, 11, 1, 0, 12, 0.132575757575758
1.274, 11, 1, 4, 31, 0.0395255744388036
1.26943589743595, 9, 9, 3, 3, 0.800505050505051
1.26872721654421, 9, 3, 0, 11, 0.103535353535354
1.265, 10, 1, 0, 12, 0.132575757575758
1.265, 10, 1, 0, 12, 0.132575757575758
1.26114949426105, 11, 3, 4, 92, 0.455244555401909
1.25800000000001, 9, 1, 3, 3, 0.800505050505051
1.25800000000001, 9, 1, 3, 3, 0.800505050505051
1.255, 12, 1, 0, 3, 0.00795454545454546
1.255, 12, 1, 0, 3, 0.00795454545454546
1.2515790027002, 11, 2, 2, 4, 0.590909090909091
1.25054068306474, 11, 3, 0, 15, 0.275252525252525
1.25, 10, 1, 0, 8, 0.0467171717171717
1.24666666666661, 9, 4, 4, 14, 0.0167757737040485
1.24289079199795, 9, 3, 3, 1, 0.0997474747474748
1.24113812153792, 10, 3, 0, 11, 0.103535353535354
1.24014837821933, 10, 3, 2, 4, 0.590909090909091
1.24014837821933, 10, 3, 2, 4, 0.590909090909091
1.23743686707642, 12, 2, 0, 4, 0.0126262626262626
1.235, 11, 1, 0, 9, 0.0618686868686869
1.235, 11, 1, 0, 6, 0.026010101010101
1.23486942899508, 11, 6, 4, 80, 0.244079764845808
1.23402846536589, 10, 3, 4, 45, 0.0660434784542375
1.23333333333333, 10, 1, 3, 3, 0.800505050505051
1.22499999999999, 11, 1, 0, 15, 0.275252525252525
1.22499999999999, 11, 1, 0, 15, 0.275252525252525
1.22, 9, 1, 0, 2, 0.00416666666666667
1.22, 9, 1, 0, 2, 0.00416666666666667
1.22, 15, 1, 0, 3, 0.00795454545454546
1.215, 11, 1, 0, 15, 0.275252525252525
1.215, 11, 1, 0, 15, 0.275252525252525
1.21257990286547, 11, 3, 3, 3, 0.800505050505051
1.212, 10, 1, 4, 38, 0.0506681897441603
1.20666666666668, 11, 1, 3, 2, 0.400252525252525
1.20549999999994, 11, 4, 2, 5, 0.863636363636364
1.20528670837385, 13, 7, 0, 4, 0.0126262626262626
1.20500000000001, 10, 1, 0, 6, 0.026010101010101
1.20499999999998, 10, 1, 0, 6, 0.026010101010101
1.20413856592608, 9, 8, 0, 14, 0.217171717171717
1.19999999999999, 11, 1, 0, 3, 0.00795454545454546
1.19725, 10, 1, 4, 37, 0.0486682110506046
1.19666666666669, 9, 1, 0, 4, 0.0126262626262626
1.19500000000001, 11, 1, 0, 7, 0.0353535353535354
1.19499999999999, 11, 1, 0, 7, 0.0353535353535354
1.1945390556845, 10, 2, 4, 55, 0.0776266165618163
1.18723228561221, 7, 2, 4, 23, 0.0296164402178925
1.18723228561221, 7, 2, 4, 23, 0.0296164402178925
1.1845, 11, 1, 3, 2, 0.400252525252525
1.1845, 11, 1, 3, 2, 0.400252525252525
1.184, 11, 1, 0, 14, 0.217171717171717
1.18333333333334, 10, 1, 0, 9, 0.0618686868686869
1.17749999999998, 14, 1, 0, 3, 0.00795454545454546
1.17500000000001, 12, 1, 0, 3, 0.00795454545454546
1.175, 12, 1, 0, 3, 0.00795454545454546
1.17125240661435, 10, 5, 1, 26, 0.943693693693694
1.17114285714285, 11, 4, 2, 5, 0.863636363636364
1.16913429510901, 11, 3, 0, 9, 0.0618686868686869
1.16167051051492, 9, 6, 2, 1, 0.0454545454545454
1.16, 15, 1, 0, 11, 0.103535353535354
1.16, 15, 1, 0, 11, 0.103535353535354
1.15965512114595, 9, 2, 0, 5, 0.0184343434343434
1.15879999999999, 9, 4, 4, 30, 0.0378992342401869
1.15710953673363, 9, 2, 3, 3, 0.800505050505051
1.15446967141724, 9, 2, 0, 5, 0.0184343434343434
1.15220000000001, 10, 1, 1, 3, 0.105855855855856
1.14157142857142, 11, 1, 1, 6, 0.164414414414414
1.14000000000001, 12, 1, 0, 7, 0.0353535353535354
1.14000000000001, 15, 1, 0, 1, 0.00126262626262626
1.14, 12, 1, 0, 14, 0.217171717171717
1.13999999999999, 12, 1, 0, 10, 0.0808080808080808
1.13999999999999, 12, 1, 0, 7, 0.0353535353535354
1.13938472675192, 13, 2, 2, 4, 0.590909090909091
1.13844191771033, 9, 2, 0, 17, 0.444444444444444
1.13702770414797, 12, 2, 0, 9, 0.0618686868686869
1.13702770414797, 12, 2, 0, 9, 0.0618686868686869
1.13500000000001, 15, 1, 3, 1, 0.0997474747474748
1.13499999999999, 15, 1, 3, 1, 0.0997474747474748
1.13372787250245, 12, 2, 0, 4, 0.0126262626262626
1.13137084989845, 12, 2, 0, 9, 0.0618686868686869
1.13000000000001, 13, 1, 0, 14, 0.217171717171717
1.13, 13, 1, 0, 14, 0.217171717171717
1.12666666666667, 8, 1, 0, 2, 0.00416666666666667
1.126, 11, 4, 2, 5, 0.863636363636364
1.125, 11, 1, 0, 11, 0.103535353535354
1.125, 11, 1, 0, 11, 0.103535353535354
1.125, 11, 1, 0, 9, 0.0618686868686869
1.125, 11, 1, 0, 9, 0.0618686868686869
1.12340490490167, 8, 7, 3, 1, 0.0997474747474748
1.11722871427473, 11, 2, 0, 2, 0.00416666666666667
1.11722871427473, 11, 2, 0, 2, 0.00416666666666667
1.11505256477992, 9, 5, 4, 14, 0.0167757737040485
1.11345747810842, 12, 2, 0, 3, 0.00795454545454546
1.11000000000001, 12, 1, 0, 9, 0.0618686868686869
1.10709351707771, 10, 2, 1, 12, 0.313063063063063
1.10679999999999, 9, 1, 4, 48, 0.067745494454136
1.10544360125495, 8, 2, 0, 12, 0.132575757575758
1.10249999999999, 13, 1, 0, 1, 0.00126262626262626
1.10166666666663, 12, 4, 0, 7, 0.0353535353535354
1.09912678067636, 12, 2, 3, 1, 0.0997474747474748
1.0990796402243, 10, 2, 0, 4, 0.0126262626262626
1.09601551083916, 12, 2, 4, 31, 0.0395255744388036
1.09601551083914, 12, 2, 4, 31, 0.0395255744388036
1.09533333333333, 9, 1, 1, 3, 0.105855855855856
1.0951669827017, 12, 2, 4, 62, 0.0856939327900282
1.09000860343189, 7, 5, 2, 1, 0.0454545454545454
1.0889444430273, 10, 2, 4, 32, 0.0409687585124503
1.08500000000001, 12, 1, 0, 4, 0.0126262626262626
1.08500000000001, 10, 1, 0, 12, 0.132575757575758
1.08499999999999, 12, 1, 0, 4, 0.0126262626262626
1.08499999999999, 10, 1, 0, 12, 0.132575757575758
1.08032439950372, 10, 10, 4, 63, 0.0888584396739231
1.08000000000001, 11, 1, 0, 4, 0.0126262626262626
1.08000000000001, 12, 1, 0, 7, 0.0353535353535354
1.08, 11, 1, 0, 4, 0.0126262626262626
1.07999999999998, 12, 1, 0, 7, 0.0353535353535354
1.07933333333334, 9, 1, 4, 85, 0.311682906050061
1.077, 9, 1, 4, 73, 0.179360578437554
1.077, 9, 1, 4, 73, 0.179360578437554
1.075, 12, 1, 0, 3, 0.00795454545454546
1.075, 12, 1, 0, 3, 0.00795454545454546
1.07485714285718, 10, 4, 0, 11, 0.103535353535354
1.07299999999998, 13, 4, 0, 4, 0.0126262626262626
1.06749553733128, 8, 2, 0, 15, 0.275252525252525
1.06430398194612, 11, 3, 4, 31, 0.0395255744388036
1.06, 10, 1, 0, 3, 0.00795454545454546
1.05999999999999, 10, 1, 0, 3, 0.00795454545454546
1.05901025595708, 10, 2, 4, 26, 0.0338774705003143
1.05500000000001, 11, 1, 0, 11, 0.103535353535354
1.05500000000001, 11, 1, 0, 11, 0.103535353535354
1.05466666666668, 11, 1, 1, 3, 0.105855855855856
1.05000000000001, 13, 1, 0, 8, 0.0467171717171717
1.04999999999998, 13, 1, 0, 8, 0.0467171717171717
1.04826866785194, 9, 5, 0, 17, 0.444444444444444
1.04698944067691, 11, 2, 0, 9, 0.0618686868686869
1.04510382259372, 10, 2, 1, 17, 0.436936936936937
1.0442213478062, 10, 7, 4, 68, 0.0971476980300399
1.04400000000001, 10, 1, 1, 3, 0.105855855855856
1.0418039909482, 7, 2, 0, 15, 0.275252525252525
1.04149657626297, 11, 5, 3, 1, 0.0997474747474748
1.0383333333333, 12, 4, 0, 4, 0.0126262626262626
1.03750000000001, 12, 1, 4, 50, 0.0708643200456854
1.03749999999999, 12, 1, 4, 50, 0.0708643200456854
1.03449722087591, 10, 2, 2, 5, 0.863636363636364
1.03143309149079, 11, 2, 4, 36, 0.0468471651172549
1.02890909090911, 11, 4, 1, 1, 0.0337837837837838
1.02445630458307, 11, 2, 3, 3, 0.800505050505051
1.02199999999999, 11, 1, 4, 27, 0.0352394625411507
1.02000000000001, 14, 1, 4, 57, 0.0798737051896258
1.02, 14, 1, 4, 57, 0.0798737051896258
1.01483965235894, 9, 2, 4, 60, 0.0833233322906506
1.00500000000001, 13, 1, 0, 3, 0.00795454545454546
1.005, 13, 1, 0, 3, 0.00795454545454546
1.00490316697685, 9, 6, 4, 16, 0.0186420699741554
0.99702056147303, 11, 2, 0, 8, 0.0467171717171717
0.996666666666698, 11, 4, 4, 39, 0.051987603372886
0.995000000000005, 11, 1, 0, 3, 0.00795454545454546
0.995000000000005, 8, 1, 0, 2, 0.00416666666666667
0.995000000000005, 8, 1, 0, 2, 0.00416666666666667
0.99499999999999, 11, 1, 0, 3, 0.00795454545454546
0.994491232992966, 10, 5, 4, 86, 0.339097714835584
0.989127286609598, 10, 6, 3, 2, 0.400252525252525
0.988535280098791, 13, 2, 3, 1, 0.0997474747474748
0.980521403245359, 9, 2, 0, 3, 0.00795454545454546
0.97999999999999, 9, 1, 0, 15, 0.275252525252525
0.97799999999998, 12, 1, 0, 4, 0.0126262626262626
0.976882197670254, 11, 5, 4, 92, 0.455244555401909
0.9663792676216, 12, 2, 0, 14, 0.217171717171717
0.965333333333334, 10, 1, 4, 84, 0.293759463138283
0.964022245017667, 13, 2, 0, 6, 0.026010101010101
0.963999999999999, 11, 1, 3, 1, 0.0997474747474748
0.963999999999999, 11, 1, 3, 1, 0.0997474747474748
0.962000000000003, 9, 1, 4, 73, 0.179360578437554
0.961999999999989, 9, 1, 4, 73, 0.179360578437554
0.959844822527766, 11, 3, 0, 12, 0.132575757575758
0.954999999999998, 10, 1, 0, 12, 0.132575757575758
0.954999999999998, 10, 1, 0, 12, 0.132575757575758
0.954999999999998, 9, 1, 0, 14, 0.217171717171717
0.954999999999998, 9, 1, 0, 14, 0.217171717171717
0.953800000000015, 8, 1, 1, 1, 0.0337837837837838
0.951999999999998, 8, 1, 1, 22, 0.632882882882883
0.950000000000003, 15, 1, 3, 1, 0.0997474747474748
0.949999999999989, 15, 1, 3, 1, 0.0997474747474748
0.949880109393909, 11, 2, 0, 9, 0.0618686868686869
0.948465895831549, 11, 2, 4, 88, 0.375097158937352
0.945699740932594, 12, 3, 0, 5, 0.0184343434343434
0.945000000000007, 10, 1, 0, 2, 0.00416666666666667
0.945000000000007, 8, 1, 0, 15, 0.275252525252525
0.944999999999993, 10, 1, 0, 2, 0.00416666666666667
0.944999999999993, 8, 1, 0, 15, 0.275252525252525
0.944775980501909, 9, 3, 3, 3, 0.800505050505051
0.943987552884047, 12, 2, 0, 18, 0.558080808080808
0.943987552884047, 12, 2, 0, 18, 0.558080808080808
0.943199999999962, 8, 4, 4, 61, 0.084023548930301
0.942000000000007, 7, 1, 0, 7, 0.0353535353535354
0.941666666666691, 13, 1, 0, 11, 0.103535353535354
0.935000000000002, 13, 1, 0, 5, 0.0184343434343434
0.935000000000002, 13, 1, 0, 5, 0.0184343434343434
0.935000000000002, 13, 1, 0, 7, 0.0353535353535354
0.935000000000002, 13, 1, 0, 7, 0.0353535353535354
0.931966737603858, 13, 2, 0, 5, 0.0184343434343434
0.930999999999983, 13, 4, 0, 7, 0.0353535353535354
0.930000000000007, 14, 1, 0, 7, 0.0353535353535354
0.930000000000007, 14, 1, 0, 7, 0.0353535353535354
0.923760430703398, 12, 3, 0, 9, 0.0618686868686869
0.921714285714302, 11, 4, 4, 31, 0.0395255744388036
0.919574641251806, 10, 3, 1, 10, 0.240990990990991
0.916925660381887, 10, 6, 4, 89, 0.391602757964068
0.915666666666667, 14, 1, 3, 3, 0.800505050505051
0.915231877115784, 11, 2, 4, 89, 0.391602757964068
0.909409152583557, 9, 3, 1, 8, 0.202702702702703
0.905520943987528, 10, 2, 1, 6, 0.164414414414414
0.903333333333336, 10, 1, 0, 11, 0.103535353535354
0.897500000000008, 9, 1, 0, 9, 0.0618686868686869
0.897433258428363, 12, 3, 3, 1, 0.0997474747474748
0.894666666666694, 11, 1, 0, 6, 0.026010101010101
0.894200096920892, 12, 3, 4, 62, 0.0856939327900282
0.89284016237823, 11, 2, 4, 7, 0.00691788872168195
0.890000000000015, 10, 1, 0, 12, 0.132575757575758
0.890000000000015, 13, 1, 0, 2, 0.00416666666666667
0.890000000000015, 9, 1, 0, 14, 0.217171717171717
0.890000000000001, 13, 1, 0, 2, 0.00416666666666667
0.889999999999986, 10, 1, 0, 12, 0.132575757575758
0.880294203294417, 12, 3, 0, 5, 0.0184343434343434
0.88000000000001, 9, 1, 0, 11, 0.103535353535354
0.879999999999995, 13, 1, 0, 9, 0.0618686868686869
0.879999999999995, 13, 1, 0, 9, 0.0618686868686869
0.879999999999995, 14, 1, 0, 7, 0.0353535353535354
0.879999999999995, 14, 1, 0, 7, 0.0353535353535354
0.879999999999995, 9, 1, 0, 11, 0.103535353535354
0.879000000000005, 10, 1, 4, 58, 0.081739484313027
0.879000000000005, 10, 1, 4, 58, 0.081739484313027
0.87700000000001, 11, 1, 3, 3, 0.800505050505051
0.876999999999981, 11, 1, 3, 3, 0.800505050505051
0.875, 12, 1, 0, 12, 0.132575757575758
0.875, 12, 1, 0, 12, 0.132575757575758
0.875, 10, 1, 0, 6, 0.026010101010101
0.875, 10, 1, 0, 6, 0.026010101010101
0.873276874765396, 11, 2, 0, 9, 0.0618686868686869
0.873250000000013, 11, 1, 4, 69, 0.110861739138859
0.872098363463419, 10, 2, 3, 3, 0.800505050505051
0.871960027246479, 9, 6, 2, 4, 0.590909090909091
0.86931707679074, 7, 2, 4, 94, 0.486490559366218
0.865000000000009, 11, 1, 4, 68, 0.0971476980300399
0.864999999999995, 11, 1, 4, 68, 0.0971476980300399
0.862670273047567, 15, 2, 0, 3, 0.00795454545454546
0.860251901092548, 8, 3, 3, 3, 0.800505050505051
0.860251901092548, 8, 3, 3, 3, 0.800505050505051
0.857013418798108, 10, 2, 4, 38, 0.0506681897441603
0.856666666666655, 9, 1, 0, 6, 0.026010101010101
0.855666666666664, 11, 1, 0, 15, 0.275252525252525
0.853242182631755, 11, 2, 3, 2, 0.400252525252525
0.848528137423849, 11, 2, 0, 3, 0.00795454545454546
0.846666666666664, 11, 1, 4, 29, 0.0366148142052202
0.846171114819896, 9, 2, 0, 4, 0.0126262626262626
0.844666666666683, 10, 4, 4, 55, 0.0776266165618163
0.844663443824403, 10, 3, 2, 5, 0.863636363636364
0.84074996283082, 6, 2, 1, 23, 0.698198198198198
0.840000000000003, 13, 1, 4, 57, 0.0798737051896258
0.840000000000003, 13, 1, 4, 57, 0.0798737051896258
0.837780114349818, 12, 2, 0, 15, 0.275252525252525
0.837214428924891, 11, 2, 0, 14, 0.217171717171717
0.836743024404064, 10, 2, 0, 9, 0.0618686868686869
0.836465070001933, 11, 3, 3, 3, 0.800505050505051
0.833333333333314, 14, 1, 0, 6, 0.026010101010101
0.832499999999982, 13, 1, 0, 1, 0.00126262626262626
0.832333333333338, 12, 1, 2, 5, 0.863636363636364
0.830143361112991, 13, 2, 3, 1, 0.0997474747474748
0.830143361112991, 13, 2, 3, 1, 0.0997474747474748
0.82861310634094, 9, 3, 4, 60, 0.0833233322906506
0.826999999999998, 9, 1, 1, 26, 0.943693693693694
0.826999999999998, 9, 1, 1, 26, 0.943693693693694
0.824999999999989, 13, 1, 0, 12, 0.132575757575758
0.824999999999989, 13, 1, 0, 12, 0.132575757575758
0.824203664151008, 11, 2, 4, 84, 0.293759463138283
0.823499999999996, 12, 1, 4, 17, 0.0191899869089483
0.823499999999996, 12, 1, 4, 17, 0.0191899869089483
0.819999999999965, 9, 4, 0, 5, 0.0184343434343434
0.815000000000012, 11, 1, 0, 9, 0.0618686868686869
0.814999999999998, 11, 1, 0, 9, 0.0618686868686869
0.814940565317519, 12, 2, 0, 14, 0.217171717171717
0.814940565317478, 12, 2, 0, 14, 0.217171717171717
0.810000000000002, 13, 1, 0, 6, 0.026010101010101
0.810000000000002, 11, 1, 0, 9, 0.0618686868686869
0.810000000000002, 11, 1, 0, 9, 0.0618686868686869
0.808434714432757, 8, 3, 1, 11, 0.272522522522523
0.806101730552695, 12, 2, 0, 10, 0.0808080808080808
0.806101730552675, 12, 2, 0, 14, 0.217171717171717
0.799500000000009, 12, 1, 4, 55, 0.0776266165618163
0.799499999999995, 12, 1, 4, 55, 0.0776266165618163
0.798677109350211, 10, 2, 4, 33, 0.042748691282689
0.798677109350211, 10, 2, 4, 33, 0.042748691282689
0.798666666666662, 10, 1, 4, 56, 0.078725036164931
0.798000000000002, 10, 4, 0, 9, 0.0618686868686869
0.796673640136843, 8, 2, 0, 2, 0.00416666666666667
0.79525000000001, 9, 1, 4, 35, 0.0452335812040479
0.793333333333337, 12, 1, 0, 7, 0.0353535353535354
0.793333333333337, 11, 1, 0, 8, 0.0467171717171717
0.791666666666657, 6, 1, 4, 100, 0.705914182813912
0.788083117443861, 10, 3, 0, 9, 0.0618686868686869
0.788083117443812, 10, 3, 0, 9, 0.0618686868686869
0.788000000000011, 8, 1, 3, 3, 0.800505050505051
0.787999999999997, 8, 1, 3, 3, 0.800505050505051
0.787571428571425, 9, 4, 1, 8, 0.202702702702703
0.787499999999994, 10, 1, 4, 34, 0.0437591097547004
0.785666666666671, 11, 1, 4, 29, 0.0366148142052202
0.784888527117077, 12, 2, 0, 9, 0.0618686868686869
0.783002909033911, 12, 2, 0, 11, 0.103535353535354
0.782833333333372, 10, 4, 1, 12, 0.313063063063063
0.780000000000001, 10, 1, 0, 8, 0.0467171717171717
0.779938779648768, 10, 2, 0, 18, 0.558080808080808
0.779938779648768, 10, 2, 0, 18, 0.558080808080808
0.778500000000008, 11, 1, 4, 57, 0.0798737051896258
0.778499999999994, 11, 1, 4, 57, 0.0798737051896258
0.777782164639708, 11, 7, 1, 1, 0.0337837837837838
0.776666666666671, 12, 1, 0, 7, 0.0353535353535354
0.775000000000006, 11, 1, 2, 4, 0.590909090909091
0.775000000000006, 10, 1, 0, 3, 0.00795454545454546
0.774999999999991, 11, 1, 2, 4, 0.590909090909091
0.774999999999991, 10, 1, 0, 3, 0.00795454545454546
0.774517627659672, 9, 2, 1, 3, 0.105855855855856
0.771500000000003, 12, 1, 2, 4, 0.590909090909091
0.771500000000003, 12, 1, 2, 4, 0.590909090909091
0.770500000000013, 11, 1, 2, 4, 0.590909090909091
0.770499999999998, 11, 1, 2, 4, 0.590909090909091
0.768000000000001, 13, 1, 4, 22, 0.0286232599694077
0.768000000000001, 13, 1, 4, 22, 0.0286232599694077
0.76600000000002, 12, 1, 4, 62, 0.0856939327900282
0.76600000000002, 11, 1, 4, 27, 0.0352394625411507
0.765999999999991, 12, 1, 4, 62, 0.0856939327900282
0.765000000000001, 13, 1, 0, 14, 0.217171717171717
0.765000000000001, 13, 1, 0, 14, 0.217171717171717
0.764989106676248, 7, 3, 0, 3, 0.00795454545454546
0.763203919160674, 9, 2, 4, 85, 0.311682906050061
0.762357142857127, 12, 4, 0, 5, 0.0184343434343434
0.760000000000005, 9, 1, 0, 14, 0.217171717171717
0.759999999999991, 9, 1, 0, 14, 0.217171717171717
0.756666666666661, 12, 1, 0, 8, 0.0467171717171717
0.756038570444673, 8, 2, 4, 3, 0.000573791508306289
0.754129382135466, 11, 2, 3, 1, 0.0997474747474748
0.754129382135446, 11, 2, 3, 1, 0.0997474747474748
0.753499999999988, 8, 1, 1, 10, 0.240990990990991
0.75, 13, 1, 0, 11, 0.103535353535354
0.75, 13, 1, 0, 11, 0.103535353535354
0.75, 11, 1, 0, 11, 0.103535353535354
0.75, 11, 1, 0, 11, 0.103535353535354
0.75, 12, 1, 0, 14, 0.217171717171717
0.75, 12, 1, 0, 14, 0.217171717171717
0.748000000000005, 12, 1, 0, 14, 0.217171717171717
0.745761951891409, 11, 2, 1, 3, 0.105855855855856
0.745000000000005, 10, 1, 0, 8, 0.0467171717171717
0.745000000000005, 10, 1, 0, 12, 0.132575757575758
0.745000000000005, 10, 1, 0, 12, 0.132575757575758
0.744999999999976, 10, 1, 0, 8, 0.0467171717171717
0.744666666666674, 11, 1, 0, 6, 0.026010101010101
0.739999999999995, 10, 1, 0, 9, 0.0618686868686869
0.73935475472419, 10, 3, 1, 6, 0.164414414414414
0.736666666666665, 11, 1, 4, 10, 0.00844094610403909
0.73533333333333, 12, 1, 4, 24, 0.0306244453386102
0.734999999999999, 12, 1, 0, 9, 0.0618686868686869
0.734999999999999, 12, 1, 0, 9, 0.0618686868686869
0.734999999999985, 10, 1, 4, 49, 0.0692091058226616
0.734000000000009, 12, 1, 0, 15, 0.275252525252525
0.733999999999995, 12, 1, 0, 15, 0.275252525252525
0.733666666666679, 10, 1, 4, 34, 0.0437591097547004
0.731000000000023, 11, 1, 3, 2, 0.400252525252525
0.730999999999995, 11, 1, 3, 2, 0.400252525252525
0.724999999999994, 11, 1, 0, 7, 0.0353535353535354
0.724999999999994, 11, 1, 0, 7, 0.0353535353535354
0.722499999999997, 14, 1, 0, 1, 0.00126262626262626
0.72168783648704, 10, 3, 0, 8, 0.0467171717171717
0.716999999999985, 13, 1, 4, 10, 0.00844094610403909
0.713027582449179, 11, 3, 0, 6, 0.026010101010101
0.712500000000006, 8, 1, 0, 6, 0.026010101010101
0.712299454232594, 10, 5, 1, 10, 0.240990990990991
0.710000000000008, 9, 1, 0, 4, 0.0126262626262626
0.709794420941733, 7, 3, 4, 94, 0.486490559366218
0.705000000000013, 13, 1, 0, 3, 0.00795454545454546
0.704999999999984, 13, 1, 0, 3, 0.00795454545454546
0.702015612362036, 12, 2, 3, 2, 0.400252525252525
0.701670046115397, 10, 7, 4, 46, 0.0667300768973018
0.700000000000003, 13, 1, 0, 14, 0.217171717171717
0.700000000000003, 13, 1, 0, 14, 0.217171717171717
0.700000000000003, 9, 1, 0, 8, 0.0467171717171717
0.699333333333342, 10, 1, 4, 89, 0.391602757964068
0.696723137778218, 10, 11, 4, 65, 0.0928774452980315
0.695999999999998, 10, 1, 4, 28, 0.0358931359772792
0.694999999999993, 13, 1, 0, 5, 0.0184343434343434
0.694999999999993, 13, 1, 0, 5, 0.0184343434343434
0.692964645562829, 9, 2, 0, 15, 0.275252525252525
0.691232609787286, 10, 3, 4, 37, 0.0486682110506046
0.689999999999998, 8, 1, 0, 9, 0.0618686868686869
0.689999999999998, 8, 1, 0, 9, 0.0618686868686869
0.686500000000009, 10, 1, 3, 3, 0.800505050505051
0.686499999999995, 10, 1, 3, 3, 0.800505050505051
0.686469470066486, 6, 3, 1, 23, 0.698198198198198
0.685500000000005, 11, 1, 1, 6, 0.164414414414414
0.685500000000005, 11, 1, 1, 6, 0.164414414414414
0.685000000000002, 10, 1, 0, 5, 0.0184343434343434
0.685000000000002, 10, 1, 0, 5, 0.0184343434343434
0.684044598935858, 12, 3, 0, 15, 0.275252525252525
0.682593746105404, 10, 2, 4, 84, 0.293759463138283
0.681666666666672, 10, 1, 0, 8, 0.0467171717171717
0.680999999999997, 11, 1, 4, 40, 0.0550596271875607
0.680999999999997, 11, 1, 4, 40, 0.0550596271875607
0.680000000000007, 13, 1, 0, 7, 0.0353535353535354
0.680000000000007, 13, 1, 0, 7, 0.0353535353535354
0.680000000000007, 11, 1, 0, 12, 0.132575757575758
0.679999999999993, 11, 1, 0, 12, 0.132575757575758
0.679999999999978, 13, 1, 0, 7, 0.0353535353535354
0.679999999999978, 13, 1, 0, 7, 0.0353535353535354
0.679829941970806, 14, 3, 0, 3, 0.00795454545454546
0.679671038076523, 11, 2, 4, 42, 0.0614175149797577
0.675000000000011, 12, 1, 0, 8, 0.0467171717171717
0.674999999999983, 12, 1, 0, 8, 0.0467171717171717
0.673165655689592, 8, 2, 1, 22, 0.632882882882883
0.672959473767443, 11, 3, 4, 84, 0.293759463138283
0.672899999999999, 10, 4, 4, 48, 0.067745494454136
0.66585888561733, 13, 2, 0, 11, 0.103535353535354
0.662500000000009, 11, 1, 4, 50, 0.0708643200456854
0.662499999999994, 11, 1, 4, 50, 0.0708643200456854
0.659999999999997, 11, 1, 0, 9, 0.0618686868686869
0.659999999999997, 11, 1, 0, 9, 0.0618686868686869
0.659999999999997, 12, 1, 0, 1, 0.00126262626262626
0.659999999999997, 12, 1, 0, 1, 0.00126262626262626
0.658179306876165, 15, 3, 0, 1, 0.00126262626262626
0.658000000000001, 11, 1, 4, 90, 0.412079181780135
0.658000000000001, 11, 1, 4, 90, 0.412079181780135
0.657666666666671, 10, 1, 3, 2, 0.400252525252525
0.655000000000001, 14, 1, 0, 9, 0.0618686868686869
0.654999999999987, 14, 1, 0, 9, 0.0618686868686869
0.652417075676958, 7, 7, 2, 2, 0.181818181818182
0.650000000000006, 15, 1, 0, 1, 0.00126262626262626
0.650000000000006, 12, 1, 0, 8, 0.0467171717171717
0.647474109306472, 14, 2, 3, 3, 0.800505050505051
0.647000000000006, 9, 1, 3, 3, 0.800505050505051
0.646999999999991, 9, 1, 3, 3, 0.800505050505051
0.64500000000001, 13, 1, 0, 14, 0.217171717171717
0.64500000000001, 9, 1, 0, 1, 0.00126262626262626
0.644999999999996, 13, 1, 0, 14, 0.217171717171717
0.644999999999996, 9, 1, 0, 1, 0.00126262626262626
0.640000000000015, 14, 1, 0, 7, 0.0353535353535354
0.639999999999986, 14, 1, 0, 7, 0.0353535353535354
0.63875312567185, 10, 2, 0, 11, 0.103535353535354
0.638000000000005, 12, 1, 4, 19, 0.0217556379075293
0.637999999999991, 12, 1, 4, 19, 0.0217556379075293
0.637, 11, 4, 4, 31, 0.0395255744388036
0.636528671781574, 13, 3, 0, 1, 0.00126262626262626
0.632624866901544, 11, 2, 0, 6, 0.026010101010101
0.631333333333316, 11, 4, 4, 7, 0.00691788872168195
0.63000000000001, 9, 1, 0, 7, 0.0353535353535354
0.629999999999995, 13, 1, 0, 6, 0.026010101010101
0.629999999999995, 13, 1, 0, 6, 0.026010101010101
0.629999999999995, 9, 1, 0, 2, 0.00416666666666667
0.629999999999995, 9, 1, 0, 2, 0.00416666666666667
0.629999999999995, 9, 1, 0, 7, 0.0353535353535354
0.629325035255977, 9, 2, 0, 14, 0.217171717171717
0.628500000000003, 7, 1, 4, 95, 0.534067194388448
0.628500000000003, 7, 1, 4, 95, 0.534067194388448
0.625, 12, 1, 0, 7, 0.0353535353535354
0.625, 12, 1, 0, 7, 0.0353535353535354
0.625, 11, 1, 0, 11, 0.103535353535354
0.625, 11, 1, 0, 11, 0.103535353535354
0.625, 12, 1, 0, 11, 0.103535353535354
0.625, 12, 1, 0, 11, 0.103535353535354
0.624666666666656, 11, 1, 3, 3, 0.800505050505051
0.62433333333334, 11, 1, 4, 41, 0.0589841673467433
0.623333333333335, 7, 1, 0, 15, 0.275252525252525
0.622500000000002, 11, 1, 1, 2, 0.0788288288288288
0.622500000000002, 11, 1, 1, 2, 0.0788288288288288
0.620000000000005, 13, 1, 0, 15, 0.275252525252525
0.619999999999976, 13, 1, 0, 15, 0.275252525252525
0.61933333333333, 13, 1, 1, 4, 0.128378378378378
0.617533847925245, 9, 3, 4, 64, 0.0917218809839261
0.617302907817512, 8, 3, 4, 3, 0.000573791508306289
0.615999999999985, 12, 1, 3, 1, 0.0997474747474748
0.610475740884426, 10, 3, 4, 32, 0.0409687585124503
0.610280292616111, 7, 8, 2, 2, 0.181818181818182
0.606666666666655, 15, 1, 0, 4, 0.0126262626262626
0.606000000000023, 9, 1, 1, 5, 0.141891891891892
0.605754809216488, 9, 2, 0, 6, 0.026010101010101
0.605047702435298, 11, 2, 0, 15, 0.275252525252525
0.604340595654108, 11, 2, 4, 19, 0.0217556379075293
0.603499999999983, 10, 1, 1, 8, 0.202702702702703
0.602881476249639, 10, 21, 4, 68, 0.0971476980300399
0.602753681033943, 10, 3, 1, 3, 0.105855855855856
0.600533323157174, 11, 5, 4, 3, 0.000573791508306289
0.599999999999994, 10, 1, 0, 11, 0.103535353535354
0.598683741404608, 11, 2, 4, 29, 0.0366148142052202
0.597740932362975, 11, 2, 1, 2, 0.0788288288288288
0.590051975111842, 11, 3, 4, 27, 0.0352394625411507
0.589255650988816, 14, 2, 0, 6, 0.026010101010101
0.588548544207586, 12, 2, 2, 5, 0.863636363636364
0.586666666666659, 10, 1, 0, 8, 0.0467171717171717
0.585000000000008, 13, 1, 0, 6, 0.026010101010101
0.58499999999998, 13, 1, 0, 6, 0.026010101010101
0.582999999999998, 13, 1, 2, 4, 0.590909090909091
0.576099999999997, 10, 4, 1, 3, 0.105855855855856
0.573193347251437, 12, 3, 3, 2, 0.400252525252525
0.572756492761105, 13, 2, 0, 6, 0.026010101010101
0.570000000000007, 10, 1, 0, 2, 0.00416666666666667
0.569999999999993, 10, 1, 0, 2, 0.00416666666666667
0.568160298683421, 13, 2, 3, 1, 0.0997474747474748
0.568160298683381, 13, 2, 3, 1, 0.0997474747474748
0.565000000000026, 10, 1, 0, 1, 0.00126262626262626
0.565000000000012, 13, 1, 0, 7, 0.0353535353535354
0.564999999999998, 13, 1, 0, 7, 0.0353535353535354
0.564999999999998, 10, 1, 0, 1, 0.00126262626262626
0.564742615907633, 10, 2, 4, 56, 0.078725036164931
0.56097137974132, 12, 2, 0, 7, 0.0353535353535354
0.56097137974132, 11, 2, 0, 8, 0.0467171717171717
0.559792868439343, 6, 2, 4, 100, 0.705914182813912
0.5595, 13, 1, 4, 23, 0.0296164402178925
0.5595, 13, 1, 4, 23, 0.0296164402178925
0.555550227752224, 11, 2, 4, 29, 0.0366148142052202
0.554949078745055, 11, 3, 4, 42, 0.0614175149797577
0.553666666666658, 12, 4, 0, 11, 0.103535353535354
0.553400000000011, 9, 4, 4, 48, 0.067745494454136
0.552250396106698, 12, 2, 4, 61, 0.084023548930301
0.552250396106698, 12, 2, 4, 61, 0.084023548930301
0.551543289325528, 10, 2, 0, 8, 0.0467171717171717
0.550000000000011, 12, 1, 0, 9, 0.0618686868686869
0.549999999999997, 12, 1, 0, 9, 0.0618686868686869
0.549186266721535, 12, 2, 0, 7, 0.0353535353535354
0.545999999999992, 10, 1, 3, 3, 0.800505050505051
0.541643794388869, 11, 2, 4, 27, 0.0352394625411507
0.536340493530015, 10, 2, 3, 1, 0.0997474747474748
0.536340493529975, 10, 2, 3, 1, 0.0997474747474748
0.535044131097837, 12, 2, 0, 8, 0.0467171717171717
0.534999999999997, 13, 1, 0, 7, 0.0353535353535354
0.534999999999997, 13, 1, 0, 7, 0.0353535353535354
0.529999999999987, 11, 1, 0, 12, 0.132575757575758
0.528915872327531, 12, 2, 0, 14, 0.217171717171717
0.526558849723598, 11, 2, 0, 6, 0.026010101010101
0.524000000000001, 7, 1, 4, 81, 0.26159379994883
0.523999999999987, 7, 1, 4, 81, 0.26159379994883
0.523259018078052, 10, 2, 0, 9, 0.0618686868686869
0.522000000000006, 13, 1, 3, 3, 0.800505050505051
0.522000000000006, 13, 1, 3, 3, 0.800505050505051
0.520901995474078, 11, 2, 4, 10, 0.00844094610403909
0.519959186432525, 12, 2, 4, 24, 0.0306244453386102
0.519326567136079, 10, 3, 2, 4, 0.590909090909091
0.519326567136054, 10, 3, 2, 4, 0.590909090909091
0.518780675130529, 10, 2, 4, 34, 0.0437591097547004
0.518171866597661, 9, 3, 0, 9, 0.0618686868686869
0.515000000000015, 12, 1, 0, 1, 0.00126262626262626
0.515000000000001, 10, 1, 0, 15, 0.275252525252525
0.514999999999986, 12, 1, 0, 1, 0.00126262626262626
0.514999999999986, 10, 1, 0, 15, 0.275252525252525
0.509333333333331, 9, 1, 4, 87, 0.357350407816721
0.507666666666665, 10, 1, 4, 2, 0.000339506812356317
0.506666666666661, 8, 1, 0, 1, 0.00126262626262626
0.50533333333334, 13, 1, 4, 51, 0.0718603446010522
0.504999999999995, 10, 1, 0, 8, 0.0467171717171717
0.504999999999995, 10, 1, 0, 8, 0.0467171717171717
0.50417112256984, 11, 3, 4, 69, 0.110861739138859
0.502045814642434, 9, 2, 0, 4, 0.0126262626262626
0.501500000000007, 8, 1, 3, 2, 0.400252525252525
0.501499999999993, 8, 1, 3, 2, 0.400252525252525
0.500500000000002, 12, 1, 4, 75, 0.204510284651682
0.500499999999988, 12, 1, 4, 75, 0.204510284651682
0.5, 11, 1, 0, 14, 0.217171717171717
0.5, 11, 1, 0, 14, 0.217171717171717
0.496793021410769, 9, 2, 4, 65, 0.0928774452980315
0.494503342309789, 10, 2, 4, 89, 0.391602757964068
0.492146319705816, 10, 2, 4, 28, 0.0358931359772792
0.490000000000009, 13, 1, 0, 11, 0.103535353535354
0.490000000000009, 12, 1, 0, 6, 0.026010101010101
0.489999999999995, 12, 1, 0, 6, 0.026010101010101
0.489999999999981, 13, 1, 0, 11, 0.103535353535354
0.489000000000033, 12, 4, 0, 4, 0.0126262626262626
0.487500000000011, 11, 1, 4, 13, 0.0149040473935306
0.487500000000011, 11, 1, 4, 13, 0.0149040473935306
0.484999999999999, 9, 1, 0, 14, 0.217171717171717
0.484999999999999, 9, 1, 0, 14, 0.217171717171717
0.482011122508834, 10, 2, 0, 8, 0.0467171717171717
0.481666666666655, 13, 1, 0, 4, 0.0126262626262626
0.480644099100369, 13, 3, 0, 1, 0.00126262626262626
0.480125504425687, 11, 2, 2, 5, 0.863636363636364
0.480125504425647, 11, 2, 2, 5, 0.863636363636364
0.480000000000018, 10, 1, 0, 8, 0.0467171717171717
0.47999999999999, 10, 1, 0, 8, 0.0467171717171717
0.476900000000001, 8, 4, 1, 1, 0.0337837837837838
0.475333333333353, 11, 1, 4, 48, 0.067745494454136
0.472872475541752, 10, 5, 4, 32, 0.0409687585124503
0.470999999999975, 7, 4, 0, 7, 0.0353535353535354
0.469000000000008, 9, 1, 4, 61, 0.084023548930301
0.468999999999994, 9, 1, 4, 61, 0.084023548930301
0.466044584156691, 11, 6, 1, 6, 0.164414414414414
0.465040559760356, 10, 2, 3, 2, 0.400252525252525
0.465000000000003, 14, 1, 4, 78, 0.219710950157435
0.465000000000003, 14, 1, 4, 78, 0.219710950157435
0.460000000000008, 12, 1, 0, 1, 0.00126262626262626
0.460000000000008, 12, 1, 0, 1, 0.00126262626262626
0.45961940777124, 15, 2, 0, 1, 0.00126262626262626
0.45961940777124, 12, 2, 0, 8, 0.0467171717171717
0.459137801573031, 9, 3, 4, 35, 0.0452335812040479
0.45466333698686, 10, 3, 4, 34, 0.0437591097547004
0.445000000000022, 11, 1, 0, 4, 0.0126262626262626
0.445000000000007, 10, 1, 0, 9, 0.0618686868686869
0.445000000000007, 9, 1, 0, 11, 0.103535353535354
0.444999999999993, 12, 1, 0, 8, 0.0467171717171717
0.444999999999993, 12, 1, 0, 8, 0.0467171717171717
0.444999999999993, 11, 1, 0, 4, 0.0126262626262626
0.444999999999993, 10, 1, 0, 9, 0.0618686868686869
0.444999999999993, 9, 1, 0, 11, 0.103535353535354
0.443000000000012, 14, 1, 4, 60, 0.0833233322906506
0.442999999999998, 11, 1, 4, 9, 0.0079337803296631
0.442999999999998, 11, 1, 4, 9, 0.0079337803296631
0.442999999999984, 14, 1, 4, 60, 0.0833233322906506
0.441470333720806, 11, 2, 4, 41, 0.0589841673467433
0.440763226939616, 7, 2, 0, 15, 0.275252525252525
0.439333333333337, 8, 1, 3, 1, 0.0997474747474748
0.437934799814876, 13, 2, 1, 4, 0.128378378378378
0.435577777210943, 12, 2, 3, 1, 0.0997474747474748
0.435000000000002, 13, 1, 0, 12, 0.132575757575758
0.435000000000002, 13, 1, 0, 12, 0.132575757575758
0.435000000000002, 12, 1, 0, 6, 0.026010101010101
0.435000000000002, 12, 1, 0, 6, 0.026010101010101
0.435000000000002, 13, 1, 0, 6, 0.026010101010101
0.435000000000002, 13, 1, 0, 6, 0.026010101010101
0.430000000000007, 12, 1, 0, 12, 0.132575757575758
0.430000000000007, 10, 1, 0, 3, 0.00795454545454546
0.429999999999993, 12, 1, 0, 12, 0.132575757575758
0.429999999999993, 10, 1, 0, 3, 0.00795454545454546
0.429999999999978, 11, 1, 0, 7, 0.0353535353535354
0.428978113919851, 15, 2, 0, 4, 0.0126262626262626
0.428506709399044, 9, 2, 1, 5, 0.141891891891892
0.427999999999997, 11, 1, 2, 1, 0.0454545454545454
0.427333333333337, 11, 4, 4, 19, 0.0217556379075293
0.4255, 11, 1, 4, 3, 0.000573791508306289
0.4255, 11, 1, 4, 3, 0.000573791508306289
0.425000000000011, 11, 1, 0, 1, 0.00126262626262626
0.424999999999997, 11, 1, 0, 1, 0.00126262626262626
0.424352447854383, 10, 3, 4, 49, 0.0692091058226616
0.424264068711924, 10, 2, 0, 11, 0.103535353535354
0.423000000000002, 13, 1, 4, 56, 0.078725036164931
0.423000000000002, 13, 1, 4, 56, 0.078725036164931
0.422666666666714, 11, 4, 1, 2, 0.0788288288288288
0.422499999999999, 11, 1, 4, 32, 0.0409687585124503
0.422499999999999, 11, 1, 4, 32, 0.0409687585124503
0.421999999999997, 12, 1, 0, 9, 0.0618686868686869
0.421999999999997, 12, 1, 0, 9, 0.0618686868686869
0.420587113449753, 10, 2, 3, 1, 0.0997474747474748
0.420000000000002, 13, 1, 1, 2, 0.0788288288288288
0.419999999999987, 13, 1, 1, 2, 0.0788288288288288
0.417500000000018, 14, 1, 4, 58, 0.081739484313027
0.41749999999999, 14, 1, 4, 58, 0.081739484313027
0.41713556948947, 14, 3, 0, 1, 0.00126262626262626
0.415333333333336, 13, 1, 4, 19, 0.0217556379075293
0.414835978296112, 10, 2, 0, 8, 0.0467171717171717
0.413960143008969, 13, 3, 4, 10, 0.00844094610403909
0.413333333333327, 10, 1, 0, 6, 0.026010101010101
0.411362066797579, 8, 3, 0, 6, 0.026010101010101
0.410000000000011, 11, 1, 4, 88, 0.375097158937352
0.409999999999997, 11, 1, 4, 88, 0.375097158937352
0.405000000000001, 11, 1, 0, 1, 0.00126262626262626
0.405000000000001, 11, 1, 0, 1, 0.00126262626262626
0.40414518843274, 9, 3, 0, 8, 0.0467171717171717
0.403000000000006, 11, 1, 4, 90, 0.412079181780135
0.402999999999992, 11, 1, 4, 90, 0.412079181780135
0.396666666666661, 10, 1, 3, 3, 0.800505050505051
0.396666666666661, 11, 1, 0, 7, 0.0353535353535354
0.393250000000009, 9, 1, 4, 87, 0.357350407816721
0.390000000000015, 12, 1, 0, 9, 0.0618686868686869
0.390000000000015, 13, 1, 0, 10, 0.0808080808080808
0.389999999999986, 12, 1, 0, 9, 0.0618686868686869
0.389999999999986, 13, 1, 0, 10, 0.0808080808080808
0.389333333333326, 12, 1, 3, 1, 0.0997474747474748
0.388201622871439, 8, 2, 3, 3, 0.800505050505051
0.388201622871399, 8, 2, 3, 3, 0.800505050505051
0.38608030252787, 10, 2, 3, 3, 0.800505050505051
0.385000000000019, 14, 1, 0, 9, 0.0618686868686869
0.384999999999991, 14, 1, 0, 9, 0.0618686868686869
0.381199999999993, 10, 1, 4, 41, 0.0589841673467433
0.381, 12, 1, 4, 31, 0.0395255744388036
0.381, 12, 1, 4, 31, 0.0395255744388036
0.38066666666667, 13, 1, 4, 86, 0.339097714835584
0.380499999999998, 12, 1, 4, 75, 0.204510284651682
0.380499999999998, 12, 1, 4, 75, 0.204510284651682
0.379999999999995, 14, 1, 4, 78, 0.219710950157435
0.379999999999995, 14, 1, 4, 78, 0.219710950157435
0.379333333333335, 10, 1, 2, 1, 0.0454545454545454
0.375, 11, 1, 0, 8, 0.0467171717171717
0.375, 11, 1, 0, 8, 0.0467171717171717
0.375, 12, 1, 0, 8, 0.0467171717171717
0.375, 12, 1, 0, 8, 0.0467171717171717
0.375, 12, 1, 0, 3, 0.00795454545454546
0.375, 12, 1, 0, 3, 0.00795454545454546
0.375, 10, 1, 0, 3, 0.00795454545454546
0.375, 10, 1, 0, 3, 0.00795454545454546
0.374766594028891, 11, 2, 0, 12, 0.132575757575758
0.36699999999999, 11, 1, 3, 3, 0.800505050505051
0.36699999999999, 11, 1, 3, 3, 0.800505050505051
0.365499999999997, 13, 1, 4, 58, 0.081739484313027
0.365499999999997, 13, 1, 4, 58, 0.081739484313027
0.365000000000009, 12, 1, 0, 4, 0.0126262626262626
0.364999999999981, 12, 1, 0, 4, 0.0126262626262626
0.363, 10, 1, 3, 1, 0.0997474747474748
0.363, 10, 1, 3, 1, 0.0997474747474748
0.362000000000009, 9, 1, 3, 1, 0.0997474747474748
0.361999999999995, 9, 1, 3, 1, 0.0997474747474748
0.361500000000007, 12, 1, 4, 86, 0.339097714835584
0.361499999999992, 12, 1, 4, 86, 0.339097714835584
0.360153053884366, 9, 2, 4, 87, 0.357350407816721
0.359000000000009, 11, 1, 4, 40, 0.0550596271875607
0.359000000000009, 11, 1, 4, 40, 0.0550596271875607
0.35897454258235, 10, 2, 4, 2, 0.000339506812356317
0.358503138061583, 10, 2, 2, 4, 0.590909090909091
0.358503138061563, 10, 2, 2, 4, 0.590909090909091
0.35826743580118, 8, 2, 0, 1, 0.00126262626262626
0.357324626759607, 13, 2, 4, 51, 0.0718603446010522
0.356666666666655, 10, 1, 0, 7, 0.0353535353535354
0.350999999999999, 11, 1, 4, 21, 0.0272340315353993
0.350000000000009, 12, 1, 0, 12, 0.132575757575758
0.349999999999994, 10, 1, 2, 3, 0.363636363636364
0.349999999999994, 10, 1, 2, 3, 0.363636363636364
0.349999999999994, 12, 1, 0, 12, 0.132575757575758
0.349500000000006, 7, 1, 4, 99, 0.6623678444522
0.349499999999992, 7, 1, 4, 99, 0.6623678444522
0.348430887455962, 10, 3, 1, 8, 0.202702702702703
0.344999999999999, 13, 1, 0, 3, 0.00795454545454546
0.344999999999999, 13, 1, 0, 3, 0.00795454545454546
0.343407940113993, 10, 3, 3, 1, 0.0997474747474748
0.340589766271572, 13, 2, 0, 4, 0.0126262626262626
0.340000000000003, 15, 1, 0, 6, 0.026010101010101
0.340000000000003, 11, 1, 0, 6, 0.026010101010101
0.339999999999989, 11, 1, 0, 6, 0.026010101010101
0.337500000000006, 11, 1, 4, 32, 0.0409687585124503
0.337499999999991, 11, 1, 4, 32, 0.0409687585124503
0.336975444209283, 8, 5, 1, 10, 0.240990990990991
0.336666666666673, 12, 1, 0, 10, 0.0808080808080808
0.336595206937551, 13, 3, 2, 4, 0.590909090909091
0.336500000000001, 12, 1, 3, 2, 0.400252525252525
0.336500000000001, 12, 1, 3, 2, 0.400252525252525
0.3363333333333, 12, 1, 0, 9, 0.0618686868686869
0.336111423323969, 11, 2, 4, 48, 0.067745494454136
0.331633080376487, 12, 2, 1, 3, 0.105855855855856
0.331633080376487, 12, 2, 1, 3, 0.105855855855856
0.330000000000013, 12, 1, 0, 15, 0.275252525252525
0.329999999999984, 12, 1, 0, 15, 0.275252525252525
0.327500000000001, 8, 1, 4, 92, 0.455244555401909
0.327500000000001, 8, 1, 4, 92, 0.455244555401909
0.325999999999993, 11, 1, 3, 1, 0.0997474747474748
0.325999999999993, 11, 1, 3, 1, 0.0997474747474748
0.325000000000017, 12, 1, 0, 9, 0.0618686868686869
0.325000000000003, 12, 1, 3, 3, 0.800505050505051
0.325000000000003, 12, 1, 3, 3, 0.800505050505051
0.325000000000003, 12, 1, 4, 31, 0.0395255744388036
0.325000000000003, 12, 1, 4, 31, 0.0395255744388036
0.324999999999989, 12, 1, 0, 9, 0.0618686868686869
0.3245, 11, 1, 1, 26, 0.943693693693694
0.3245, 11, 1, 1, 26, 0.943693693693694
0.323147799002248, 12, 2, 4, 52, 0.0736969911266934
0.323147799002248, 12, 2, 4, 52, 0.0736969911266934
0.318999999999988, 11, 1, 0, 12, 0.132575757575758
0.315000000000012, 9, 1, 0, 15, 0.275252525252525
0.314999999999998, 9, 1, 0, 15, 0.275252525252525
0.314199494666978, 9, 5, 4, 65, 0.0928774452980315
0.311999999999998, 11, 1, 4, 38, 0.0506681897441603
0.311999999999998, 11, 1, 4, 38, 0.0506681897441603
0.310655579201293, 8, 2, 3, 1, 0.0997474747474748
0.310000000000002, 10, 1, 0, 11, 0.103535353535354
0.310000000000002, 10, 1, 0, 11, 0.103535353535354
0.310000000000002, 12, 1, 0, 14, 0.217171717171717
0.310000000000002, 12, 1, 0, 8, 0.0467171717171717
0.309999999999988, 12, 1, 0, 14, 0.217171717171717
0.308999999999998, 10, 1, 4, 51, 0.0718603446010522
0.308999999999998, 10, 1, 4, 51, 0.0718603446010522
0.308766923962622, 9, 12, 4, 64, 0.0917218809839261
0.305000000000007, 12, 1, 0, 14, 0.217171717171717
0.305000000000007, 13, 1, 0, 7, 0.0353535353535354
0.304999999999993, 12, 1, 0, 14, 0.217171717171717
0.304999999999993, 13, 1, 0, 7, 0.0353535353535354
0.30405591591022, 11, 2, 0, 7, 0.0353535353535354
0.30264170234784, 11, 2, 2, 1, 0.0454545454545454
0.295000000000002, 12, 1, 4, 38, 0.0506681897441603
0.295000000000002, 12, 1, 4, 38, 0.0506681897441603
0.295000000000002, 13, 1, 0, 12, 0.132575757575758
0.295000000000002, 13, 1, 0, 12, 0.132575757575758
0.293685016452795, 13, 2, 4, 19, 0.0217556379075293
0.293333333333322, 13, 1, 0, 7, 0.0353535353535354
0.292270802890455, 10, 2, 0, 6, 0.026010101010101
0.285499999999999, 12, 1, 1, 4, 0.128378378378378
0.285499999999999, 12, 1, 1, 4, 0.128378378378378
0.284000000000006, 13, 1, 3, 2, 0.400252525252525
0.283999999999992, 13, 1, 3, 2, 0.400252525252525
0.283333333333331, 15, 1, 0, 3, 0.00795454545454546
0.28048568987067, 10, 2, 3, 3, 0.800505050505051
0.28048568987067, 11, 2, 0, 7, 0.0353535353535354
0.280333333333346, 13, 1, 3, 1, 0.0997474747474748
0.279359425989001, 11, 5, 3, 3, 0.800505050505051
0.275500000000008, 13, 1, 1, 4, 0.128378378378378
0.275499999999994, 13, 1, 1, 4, 0.128378378378378
0.275300240141957, 12, 2, 3, 1, 0.0997474747474748
0.27000000000001, 16, 1, 0, 4, 0.0126262626262626
0.27000000000001, 9, 1, 0, 1, 0.00126262626262626
0.269999999999996, 9, 1, 0, 1, 0.00126262626262626
0.269999999999982, 16, 1, 0, 4, 0.0126262626262626
0.269171981371671, 13, 2, 4, 86, 0.339097714835584
0.268229172330098, 10, 2, 2, 1, 0.0454545454545454
0.267499999999998, 12, 1, 3, 2, 0.400252525252525
0.267499999999998, 12, 1, 3, 2, 0.400252525252525
0.267499999999998, 11, 1, 3, 3, 0.800505050505051
0.267499999999998, 11, 1, 3, 3, 0.800505050505051
0.265500000000003, 13, 1, 4, 23, 0.0296164402178925
0.265499999999989, 13, 1, 4, 23, 0.0296164402178925
0.261333333333312, 10, 1, 1, 5, 0.141891891891892
0.260000000000005, 9, 1, 0, 12, 0.132575757575758
0.259999999999991, 9, 1, 0, 12, 0.132575757575758
0.259500000000003, 14, 1, 1, 4, 0.128378378378378
0.259499999999974, 14, 1, 1, 4, 0.128378378378378
0.25800000000001, 13, 1, 3, 3, 0.800505050505051
0.257999999999981, 13, 1, 3, 3, 0.800505050505051
0.257000000000005, 12, 1, 3, 3, 0.800505050505051
0.256999999999991, 12, 1, 3, 3, 0.800505050505051
0.256343519520236, 10, 3, 3, 2, 0.400252525252525
0.255406969364579, 10, 2, 4, 42, 0.0614175149797577
0.254999999999995, 8, 1, 0, 20, 0.898989898989899
0.254999999999995, 8, 1, 0, 20, 0.898989898989899
0.254000000000019, 13, 1, 0, 14, 0.217171717171717
0.252201418623214, 10, 2, 0, 7, 0.0353535353535354
0.25, 13, 1, 0, 9, 0.0618686868686869
0.25, 13, 1, 0, 9, 0.0618686868686869
0.248194480196478, 11, 2, 4, 21, 0.0272340315353993
0.247, 8, 1, 3, 3, 0.800505050505051
0.247, 8, 1, 3, 3, 0.800505050505051
0.245333333333335, 9, 1, 4, 20, 0.0246350245742943
0.245000000000005, 13, 1, 0, 6, 0.026010101010101
0.245000000000005, 11, 1, 0, 11, 0.103535353535354
0.245000000000005, 11, 1, 0, 14, 0.217171717171717
0.24499999999999, 13, 1, 0, 6, 0.026010101010101
0.24499999999999, 11, 1, 0, 11, 0.103535353535354
0.24499999999999, 11, 1, 0, 14, 0.217171717171717
0.241500000000002, 11, 1, 1, 4, 0.128378378378378
0.241499999999988, 11, 1, 1, 4, 0.128378378378378
0.240416305603408, 15, 2, 0, 6, 0.026010101010101
0.239333333333335, 13, 1, 0, 5, 0.0184343434343434
0.238059282999455, 12, 2, 0, 10, 0.0808080808080808
0.237823580739092, 12, 2, 0, 9, 0.0618686868686869
0.236880771697519, 11, 2, 3, 3, 0.800505050505051
0.236880771697479, 11, 2, 3, 3, 0.800505050505051
0.236173664916309, 10, 2, 4, 66, 0.0931101613156405
0.236173664916309, 10, 2, 4, 66, 0.0931101613156405
0.234052344572759, 10, 2, 4, 69, 0.110861739138859
0.234052344572739, 10, 2, 4, 69, 0.110861739138859
0.232500000000016, 12, 1, 3, 3, 0.800505050505051
0.232499999999987, 12, 1, 3, 3, 0.800505050505051
0.228000000000009, 11, 1, 4, 5, 0.00604237658698964
0.227500000000006, 11, 1, 4, 50, 0.0708643200456854
0.227499999999992, 11, 1, 4, 50, 0.0708643200456854
0.227042993358801, 9, 3, 4, 87, 0.357350407816721
0.227000000000004, 12, 1, 3, 3, 0.800505050505051
0.22699999999999, 12, 1, 3, 3, 0.800505050505051
0.225819625810846, 9, 6, 4, 61, 0.084023548930301
0.225708484554763, 12, 2, 4, 9, 0.0079337803296631
0.225567063198521, 11, 2, 0, 12, 0.132575757575758
0.225000000000009, 10, 1, 4, 35, 0.0452335812040479
0.224999999999994, 10, 1, 4, 35, 0.0452335812040479
0.22399999999999, 11, 1, 0, 9, 0.0618686868686869
0.220500000000015, 11, 1, 3, 3, 0.800505050505051
0.220499999999987, 11, 1, 3, 3, 0.800505050505051
0.219203102167831, 12, 2, 0, 8, 0.0467171717171717
0.212000000000003, 10, 1, 0, 4, 0.0126262626262626
0.212000000000003, 10, 1, 0, 4, 0.0126262626262626
0.212000000000003, 11, 1, 4, 42, 0.0614175149797577
0.211999999999989, 11, 1, 4, 42, 0.0614175149797577
0.210000000000008, 14, 1, 0, 2, 0.00416666666666667
0.208538917231324, 10, 3, 4, 42, 0.0614175149797577
0.207606550956389, 11, 2, 3, 3, 0.800505050505051
0.207417989148066, 13, 2, 0, 7, 0.0353535353535354
0.200346921336207, 15, 2, 0, 3, 0.00795454545454546
0.200000000000017, 16, 1, 0, 4, 0.0126262626262626
0.200000000000003, 11, 1, 0, 8, 0.0467171717171717
0.200000000000003, 11, 1, 0, 8, 0.0467171717171717
0.199999999999989, 16, 1, 0, 4, 0.0126262626262626
0.199000000000012, 12, 1, 4, 24, 0.0306244453386102
0.198999999999984, 12, 1, 4, 24, 0.0306244453386102
0.198225600992617, 13, 2, 3, 1, 0.0997474747474748
0.195565532625369, 9, 8, 4, 61, 0.084023548930301
0.195000000000007, 14, 1, 0, 15, 0.275252525252525
0.194999999999993, 14, 1, 0, 15, 0.275252525252525
0.193464415332651, 10, 2, 1, 10, 0.240990990990991
0.190600000000018, 10, 4, 4, 41, 0.0589841673467433
0.190000000000026, 12, 1, 0, 6, 0.026010101010101
0.190000000000012, 9, 1, 0, 9, 0.0618686868686869
0.189999999999998, 12, 1, 0, 6, 0.026010101010101
0.189999999999998, 12, 1, 0, 3, 0.00795454545454546
0.189999999999998, 12, 1, 0, 3, 0.00795454545454546
0.189999999999998, 9, 1, 0, 9, 0.0618686868686869
0.189999999999998, 8, 1, 0, 14, 0.217171717171717
0.189999999999998, 8, 1, 0, 14, 0.217171717171717
0.185000000000002, 8, 1, 0, 14, 0.217171717171717
0.185000000000002, 8, 1, 0, 14, 0.217171717171717
0.184790572150109, 10, 2, 1, 5, 0.141891891891892
0.184290205925391, 12, 3, 4, 9, 0.0079337803296631
0.181262240965846, 10, 6, 3, 2, 0.400252525252525
0.179605122421356, 13, 2, 0, 14, 0.217171717171717
0.177999999999997, 12, 1, 4, 37, 0.0486682110506046
0.177999999999997, 12, 1, 4, 37, 0.0486682110506046
0.175000000000011, 14, 1, 0, 7, 0.0353535353535354
0.175000000000011, 14, 1, 0, 7, 0.0353535353535354
0.174500000000009, 13, 1, 4, 56, 0.078725036164931
0.174499999999995, 13, 1, 4, 56, 0.078725036164931
0.173476863651111, 9, 2, 4, 20, 0.0246350245742943
0.16951003903404, 11, 3, 3, 3, 0.800505050505051
0.169234222963991, 13, 2, 0, 5, 0.0184343434343434
0.166250000000005, 10, 1, 1, 3, 0.105855855855856
0.165000000000006, 10, 1, 0, 11, 0.103535353535354
0.164999999999992, 10, 1, 0, 11, 0.103535353535354
0.164833501853646, 9, 3, 1, 16, 0.414414414414414
0.164833501853621, 9, 3, 1, 16, 0.414414414414414
0.162500000000023, 10, 1, 4, 13, 0.0149040473935306
0.162499999999994, 10, 1, 4, 13, 0.0149040473935306
0.162000000000006, 10, 1, 4, 63, 0.0888584396739231
0.160000000000011, 9, 1, 3, 3, 0.800505050505051
0.158391918985779, 11, 2, 0, 9, 0.0618686868686869
0.157963033650307, 10, 3, 1, 10, 0.240990990990991
0.156666666666666, 8, 1, 0, 12, 0.132575757575758
0.154000000000011, 13, 1, 3, 1, 0.0997474747474748
0.153999999999996, 13, 1, 3, 1, 0.0997474747474748
0.152500000000003, 14, 1, 4, 47, 0.0673431543170252
0.152499999999975, 14, 1, 4, 47, 0.0673431543170252
0.150000000000006, 12, 1, 0, 12, 0.132575757575758
0.150000000000006, 12, 1, 0, 3, 0.00795454545454546
0.150000000000006, 12, 1, 0, 10, 0.0808080808080808
0.149999999999991, 12, 1, 0, 3, 0.00795454545454546
0.149999999999977, 12, 1, 0, 10, 0.0808080808080808
0.14849242404916, 14, 2, 0, 2, 0.00416666666666667
0.145499999999998, 8, 1, 0, 15, 0.275252525252525
0.145499999999998, 8, 1, 0, 15, 0.275252525252525
0.14500000000001, 10, 1, 0, 15, 0.275252525252525
0.144999999999982, 10, 1, 0, 15, 0.275252525252525
0.144000000000005, 11, 1, 1, 1, 0.0337837837837838
0.143999999999991, 11, 1, 1, 1, 0.0337837837837838
0.141999999999996, 13, 1, 4, 86, 0.339097714835584
0.141999999999996, 13, 1, 4, 86, 0.339097714835584
0.137, 12, 1, 3, 1, 0.0997474747474748
0.137, 12, 1, 3, 1, 0.0997474747474748
0.135000000000005, 10, 1, 0, 7, 0.0353535353535354
0.135000000000005, 10, 1, 0, 7, 0.0353535353535354
0.134999999999991, 12, 1, 0, 7, 0.0353535353535354
0.134999999999991, 12, 1, 0, 7, 0.0353535353535354
0.131500000000017, 14, 1, 4, 7, 0.00691788872168195
0.131499999999988, 14, 1, 4, 7, 0.00691788872168195
0.13000000000001, 11, 1, 0, 7, 0.0353535353535354
0.13000000000001, 11, 1, 0, 7, 0.0353535353535354
0.129999999999995, 11, 1, 0, 7, 0.0353535353535354
0.129999999999995, 11, 1, 0, 12, 0.132575757575758
0.129999999999995, 11, 1, 0, 12, 0.132575757575758
0.129999999999995, 11, 1, 0, 7, 0.0353535353535354
0.127499999999998, 13, 1, 3, 1, 0.0997474747474748
0.127499999999998, 13, 1, 3, 1, 0.0997474747474748
0.126500000000007, 7, 1, 4, 101, 0.73090184972689
0.126499999999993, 7, 1, 4, 101, 0.73090184972689
0.125, 12, 1, 0, 11, 0.103535353535354
0.125, 12, 1, 0, 11, 0.103535353535354
0.125, 13, 1, 0, 11, 0.103535353535354
0.125, 13, 1, 0, 11, 0.103535353535354
0.125, 15, 1, 0, 3, 0.00795454545454546
0.125, 15, 1, 0, 3, 0.00795454545454546
0.125, 13, 1, 0, 7, 0.0353535353535354
0.125, 13, 1, 0, 7, 0.0353535353535354
0.122500000000002, 11, 1, 2, 5, 0.863636363636364
0.122500000000002, 11, 1, 2, 5, 0.863636363636364
0.120000000000005, 16, 1, 0, 5, 0.0184343434343434
0.120000000000005, 16, 1, 0, 5, 0.0184343434343434
0.120000000000005, 13, 1, 0, 8, 0.0467171717171717
0.120000000000005, 13, 1, 0, 8, 0.0467171717171717
0.120000000000005, 12, 1, 4, 40, 0.0550596271875607
0.120000000000005, 12, 1, 4, 40, 0.0550596271875607
0.119, 10, 1, 4, 11, 0.00893715698736393
0.119, 10, 1, 4, 11, 0.00893715698736393
0.118000000000009, 12, 1, 4, 37, 0.0486682110506046
0.117999999999995, 12, 1, 4, 37, 0.0486682110506046
0.116666666666674, 10, 1, 0, 7, 0.0353535353535354
0.115000000000009, 14, 1, 0, 7, 0.0353535353535354
0.114999999999995, 11, 1, 0, 12, 0.132575757575758
0.114999999999995, 11, 1, 0, 12, 0.132575757575758
0.114999999999981, 14, 1, 0, 7, 0.0353535353535354
0.114551298552205, 10, 2, 4, 63, 0.0888584396739231
0.113137084989825, 9, 2, 3, 3, 0.800505050505051
0.110780062385872, 8, 2, 0, 12, 0.132575757575758
0.110000000000014, 14, 1, 0, 9, 0.0618686868686869
0.110000000000014, 16, 1, 0, 2, 0.00416666666666667
0.109999999999985, 14, 1, 0, 9, 0.0618686868686869
0.106066017177966, 12, 2, 0, 12, 0.132575757575758
0.106000000000009, 13, 1, 3, 1, 0.0997474747474748
0.105999999999995, 13, 1, 3, 1, 0.0997474747474748
0.101964699773943, 11, 5, 4, 5, 0.00604237658698964
0.0966666666666782, 10, 1, 3, 3, 0.800505050505051
0.096500000000006, 12, 1, 4, 34, 0.0437591097547004
0.0964999999999918, 12, 1, 4, 34, 0.0437591097547004
0.0959844822527864, 10, 3, 1, 3, 0.105855855855856
0.0949999999999989, 11, 1, 4, 57, 0.0798737051896258
0.0949999999999989, 11, 1, 4, 57, 0.0798737051896258
0.0945000000000107, 13, 1, 4, 66, 0.0931101613156405
0.0944999999999823, 13, 1, 4, 66, 0.0931101613156405
0.0940000000000083, 12, 1, 1, 10, 0.240990990990991
0.0939999999999941, 12, 1, 1, 10, 0.240990990990991
0.0930000000000035, 10, 1, 4, 24, 0.0306244453386102
0.0930000000000035, 10, 1, 4, 24, 0.0306244453386102
0.092000000000013, 13, 1, 3, 2, 0.400252525252525
0.0919999999999845, 13, 1, 3, 2, 0.400252525252525
0.0919238815542681, 12, 2, 4, 40, 0.0550596271875607
0.091923881554248, 12, 2, 4, 40, 0.0550596271875607
0.0913220022052587, 10, 6, 3, 1, 0.0997474747474748
0.0900000000000034, 10, 1, 3, 1, 0.0997474747474748
0.0899999999999892, 9, 1, 0, 11, 0.103535353535354
0.089999999999975, 14, 1, 0, 2, 0.00416666666666667
0.0876666666666779, 11, 1, 3, 1, 0.0997474747474748
0.0862670273047688, 10, 2, 4, 44, 0.0639293827209357
0.0860000000000127, 11, 1, 4, 22, 0.0286232599694077
0.0860000000000127, 11, 1, 3, 3, 0.800505050505051
0.0859999999999843, 11, 1, 3, 3, 0.800505050505051
0.085000000000008, 12, 1, 0, 8, 0.0467171717171717
0.085000000000008, 12, 1, 0, 8, 0.0467171717171717
0.084547745193177, 10, 7, 3, 1, 0.0997474747474748
0.0824957911384359, 10, 2, 0, 7, 0.0353535353535354
0.0819999999999936, 13, 4, 2, 4, 0.590909090909091
0.0819999999999368, 13, 4, 2, 4, 0.590909090909091
0.0800000000000125, 12, 1, 0, 3, 0.00795454545454546
0.0800000000000125, 9, 1, 0, 16, 0.351010101010101
0.0799999999999841, 12, 1, 0, 3, 0.00795454545454546
0.0799999999999841, 9, 1, 0, 16, 0.351010101010101
0.0777817459305299, 16, 2, 0, 2, 0.00416666666666667
0.07650000000001, 11, 1, 4, 21, 0.0272340315353993
0.0764999999999816, 11, 1, 4, 21, 0.0272340315353993
0.076333333333352, 10, 1, 0, 12, 0.132575757575758
0.0750000000000028, 9, 1, 0, 11, 0.103535353535354
0.0749999999999886, 9, 1, 0, 11, 0.103535353535354
0.0749999999999886, 16, 1, 0, 3, 0.00795454545454546
0.0749999999999886, 16, 1, 0, 3, 0.00795454545454546
0.0740000000000123, 12, 1, 4, 51, 0.0718603446010522
0.0739999999999839, 12, 1, 4, 51, 0.0718603446010522
0.0720000000000027, 13, 1, 4, 60, 0.0833233322906506
0.0720000000000027, 13, 1, 4, 60, 0.0833233322906506
0.0704999999999956, 13, 1, 4, 56, 0.078725036164931
0.0704999999999956, 13, 1, 4, 56, 0.078725036164931
0.0704999999999956, 9, 1, 4, 79, 0.228732574440079
0.0704999999999956, 9, 1, 4, 79, 0.228732574440079
0.0700000000000216, 11, 1, 0, 9, 0.0618686868686869
0.0700000000000216, 10, 1, 0, 14, 0.217171717171717
0.0700000000000074, 13, 1, 0, 15, 0.275252525252525
0.0699999999999932, 11, 1, 0, 9, 0.0618686868686869
0.0699999999999932, 12, 1, 0, 6, 0.026010101010101
0.0699999999999932, 12, 1, 0, 6, 0.026010101010101
0.0699999999999932, 10, 1, 0, 14, 0.217171717171717
0.0699999999999932, 13, 1, 0, 15, 0.275252525252525
0.069500000000005, 11, 1, 4, 3, 0.000573791508306289
0.069500000000005, 11, 1, 4, 3, 0.000573791508306289
0.0689999999999884, 11, 1, 3, 2, 0.400252525252525
0.0683536555146977, 10, 2, 3, 3, 0.800505050505051
0.0680000000000121, 14, 1, 3, 1, 0.0997474747474748
0.0680000000000121, 14, 1, 3, 1, 0.0997474747474748
0.0649999999999977, 15, 1, 0, 3, 0.00795454545454546
0.0649999999999977, 15, 1, 0, 3, 0.00795454545454546
0.0636396103068118, 14, 2, 0, 2, 0.00416666666666667
0.0636396103068118, 9, 2, 0, 11, 0.103535353535354
0.0636396103067917, 10, 2, 3, 1, 0.0997474747474748
0.0619896944840085, 11, 2, 3, 1, 0.0997474747474748
0.0608111831820119, 11, 2, 4, 22, 0.0286232599694077
0.0600000000000023, 14, 1, 4, 57, 0.0798737051896258
0.0600000000000023, 14, 1, 4, 57, 0.0798737051896258
0.0600000000000023, 13, 1, 0, 8, 0.0467171717171717
0.0600000000000023, 13, 1, 0, 8, 0.0467171717171717
0.0584999999999951, 11, 1, 1, 2, 0.0788288288288288
0.0550000000000068, 14, 1, 0, 7, 0.0353535353535354
0.0550000000000068, 14, 1, 0, 7, 0.0353535353535354
0.0550000000000068, 16, 1, 0, 2, 0.00416666666666667
0.0550000000000068, 16, 1, 0, 2, 0.00416666666666667
0.0550000000000068, 11, 1, 0, 6, 0.026010101010101
0.0550000000000068, 10, 1, 0, 3, 0.00795454545454546
0.0549999999999926, 11, 1, 0, 6, 0.026010101010101
0.0549999999999926, 10, 1, 0, 3, 0.00795454545454546
0.0539758176305562, 10, 2, 0, 12, 0.132575757575758
0.0534999999999997, 10, 1, 4, 63, 0.0888584396739231
0.0534999999999997, 10, 1, 4, 63, 0.0888584396739231
0.0519999999999925, 12, 1, 4, 48, 0.067745494454136
0.0519999999999925, 12, 1, 4, 48, 0.067745494454136
0.0499999999999972, 10, 1, 0, 14, 0.217171717171717
0.0499999999999972, 10, 1, 0, 14, 0.217171717171717
0.0498062914365738, 10, 6, 4, 44, 0.0639293827209357
0.0487903679018837, 11, 2, 3, 2, 0.400252525252525
0.0480000000000018, 14, 1, 4, 11, 0.00893715698736393
0.0480000000000018, 13, 1, 0, 6, 0.026010101010101
0.0463333333333367, 12, 1, 0, 7, 0.0353535353535354
0.0450000000000017, 13, 1, 3, 1, 0.0997474747474748
0.0450000000000017, 13, 1, 3, 1, 0.0997474747474748
0.0420000000000016, 14, 1, 4, 61, 0.084023548930301
0.0420000000000016, 14, 1, 4, 61, 0.084023548930301
0.0339411254969556, 14, 2, 4, 11, 0.00893715698736393
0.0339411254969556, 13, 2, 0, 6, 0.026010101010101
0.0337749907475821, 11, 3, 1, 2, 0.0788288288288288
0.0327626141949791, 12, 2, 0, 7, 0.0353535353535354
0.0319999999999965, 11, 1, 4, 90, 0.412079181780135
0.0319999999999965, 11, 1, 4, 90, 0.412079181780135
0.022500000000008, 13, 1, 1, 9, 0.227477477477477
0.022500000000008, 13, 1, 1, 9, 0.227477477477477
0.0200000000000102, 14, 1, 0, 11, 0.103535353535354
0.0199999999999818, 14, 1, 0, 11, 0.103535353535354
0.0175000000000125, 15, 1, 2, 5, 0.863636363636364
0.0174999999999983, 15, 1, 2, 5, 0.863636363636364
0.0150000000000148, 17, 1, 0, 3, 0.00795454545454546
0.0150000000000006, 10, 1, 0, 15, 0.275252525252525
0.0150000000000006, 10, 1, 0, 15, 0.275252525252525
0.0149999999999864, 17, 1, 0, 3, 0.00795454545454546
0.0135000000000076, 13, 1, 3, 3, 0.800505050505051
0.0134999999999934, 13, 1, 3, 3, 0.800505050505051
0.00900000000001455, 14, 1, 4, 8, 0.00740754908006669
0.00899999999998613, 14, 1, 4, 8, 0.00740754908006669
0.00800000000000978, 10, 1, 2, 3, 0.363636363636364
0.00799999999999557, 10, 1, 2, 3, 0.363636363636364
0.00749999999999318, 12, 1, 4, 24, 0.0306244453386102
0.00749999999999318, 12, 1, 4, 24, 0.0306244453386102
0.00500000000000966, 11, 1, 3, 3, 0.800505050505051
0.00499999999999545, 12, 1, 0, 6, 0.026010101010101
0.00499999999999545, 12, 1, 0, 6, 0.026010101010101
0.00499999999999545, 13, 1, 3, 1, 0.0997474747474748
0.00499999999999545, 13, 1, 3, 1, 0.0997474747474748
0.00499999999999545, 11, 1, 3, 3, 0.800505050505051
0.00499999999999545, 10, 1, 0, 12, 0.132575757575758
0.00499999999999545, 10, 1, 0, 12, 0.132575757575758
0.000666666666688798, 8, 1, 4, 80, 0.244079764845808
0.000500000000002387, 9, 1, 4, 87, 0.357350407816721
0.000499999999988177, 9, 1, 4, 87, 0.357350407816721
0.000471404520766486, 8, 2, 4, 80, 0.244079764845808
