norm, level, Npoints, dimSplit, MainGridIndexSplit
3874.0967359883, 0, 962, -1, -1, -1
69.7095025678345, 2, 113, 2, 2, 0.181818181818182
65.9023620935703, 1, 328, 0, 12, 0.132575757575758
50.5372930019647, 2, 215, 2, 2, 0.181818181818182
47.4016297700621, 1, 634, 0, 12, 0.132575757575758
43.0105758501746, 2, 159, 1, 19, 0.529279279279279
35.0023105870693, 3, 52, 1, 12, 0.313063063063063
29.4251575594381, 4, 24, 4, 49, 0.0692091058226616
28.884801287353, 3, 12, 4, 103, 0.865041948010276
27.5055608768246, 5, 30, 0, 10, 0.0808080808080808
27.4204038461539, 4, 16, 4, 62, 0.0856939327900282
25.6896707566469, 4, 81, 0, 15, 0.275252525252525
25.5325459141509, 4, 82, 0, 15, 0.275252525252525
25.0819052230304, 3, 218, 3, 2, 0.400252525252525
24.8843908783772, 2, 475, 1, 19, 0.529279279279279
23.1005440143877, 3, 257, 3, 2, 0.400252525252525
22.8701977647564, 4, 23, 4, 62, 0.0856939327900282
21.6943764707346, 5, 29, 4, 31, 0.0395255744388036
21.4377319995944, 7, 26, 0, 4, 0.0126262626262626
21.069925925926, 5, 16, 2, 3, 0.363636363636364
20.3863471654661, 4, 50, 4, 49, 0.0692091058226616
19.7699050605103, 3, 163, 1, 12, 0.313063063063063
19.7222927895132, 6, 14, 0, 8, 0.0467171717171717
19.6595094566331, 8, 3, 4, 97, 0.601622068566827
19.4686583551709, 5, 27, 0, 10, 0.0808080808080808
19.3237104885479, 7, 32, 0, 4, 0.0126262626262626
18.3713433006409, 5, 3, 0, 20, 0.898989898989899
17.3934273350179, 6, 18, 0, 8, 0.0467171717171717
17.3157205846858, 4, 96, 2, 3, 0.363636363636364
16.8334261588698, 4, 89, 2, 3, 0.363636363636364
16.2119069741113, 6, 58, 1, 24, 0.743243243243243
16.0739307885763, 6, 59, 1, 24, 0.743243243243243
16.0475314878073, 5, 53, 4, 31, 0.0395255744388036
15.4265351951494, 3, 39, 2, 1, 0.0454545454545454
15.3378839369101, 7, 26, 3, 2, 0.400252525252525
14.9245492771138, 5, 32, 2, 1, 0.0454545454545454
14.8651512812271, 4, 11, 4, 81, 0.26159379994883
13.9827590896202, 5, 19, 0, 10, 0.0808080808080808
13.9821084529464, 4, 129, 2, 3, 0.363636363636364
13.7797995951797, 6, 17, 4, 26, 0.0338774705003143
13.6142948216706, 7, 33, 3, 2, 0.400252525252525
13.370980261855, 4, 161, 2, 3, 0.363636363636364
13.344818271499, 7, 11, 0, 3, 0.00795454545454546
13.2634123565098, 7, 10, 0, 9, 0.0618686868686869
13.1634187675071, 6, 49, 1, 9, 0.227477477477477
13.1627152047275, 5, 131, 0, 10, 0.0808080808080808
12.9061738240431, 6, 7, 2, 2, 0.181818181818182
12.870326923077, 4, 16, 3, 3, 0.800505050505051
12.8075868345204, 9, 11, 4, 60, 0.0833233322906506
12.6569423777823, 6, 53, 1, 9, 0.227477477477477
12.3478235294118, 9, 4, 4, 95, 0.534067194388448
12.1247643257156, 5, 7, 4, 100, 0.705914182813912
12.108767195714, 7, 3, 2, 2, 0.181818181818182
11.3527123435062, 9, 14, 4, 60, 0.0833233322906506
11.2943569059951, 6, 3, 0, 17, 0.444444444444444
11.1991442342949, 3, 74, 2, 1, 0.0454545454545454
11.1841739130434, 7, 4, 0, 5, 0.0184343434343434
10.8256359325651, 9, 10, 3, 2, 0.400252525252525
10.7194772727273, 8, 16, 0, 5, 0.0184343434343434
10.6454258825766, 6, 8, 4, 60, 0.0833233322906506
10.5532500000002, 5, 64, 2, 1, 0.0454545454545454
10.4536106801459, 5, 65, 2, 3, 0.363636363636364
10.3994204816146, 8, 17, 0, 5, 0.0184343434343434
10.3218388664937, 9, 11, 3, 2, 0.400252525252525
10.2055925925926, 7, 4, 0, 17, 0.444444444444444
10.0761144124633, 8, 12, 4, 73, 0.179360578437554
10.0165420876042, 5, 102, 0, 10, 0.0808080808080808
9.9956248304225, 5, 7, 0, 13, 0.170454545454545
9.92667185331186, 4, 3, 0, 9, 0.0618686868686869
9.85725308015576, 6, 12, 2, 2, 0.181818181818182
9.68985807209852, 8, 14, 0, 17, 0.444444444444444
9.65935867652026, 5, 6, 4, 77, 0.212750155497395
9.62540602702998, 10, 6, 0, 7, 0.0353535353535354
9.40784177358089, 8, 11, 2, 1, 0.0454545454545454
9.39725509953374, 6, 7, 0, 7, 0.0353535353535354
9.37941073842057, 7, 5, 2, 2, 0.181818181818182
9.37333935532046, 10, 3, 0, 7, 0.0353535353535354
9.23670894567472, 5, 5, 0, 6, 0.026010101010101
8.85623821104024, 10, 3, 0, 5, 0.0184343434343434
8.81531249999998, 5, 9, 0, 13, 0.170454545454545
8.79340291623668, 8, 17, 0, 17, 0.444444444444444
8.72442448979591, 8, 25, 0, 3, 0.00795454545454546
8.62590169682765, 7, 12, 0, 9, 0.0618686868686869
8.5802179487178, 4, 36, 3, 3, 0.800505050505051
8.50937037037039, 6, 4, 1, 13, 0.326576576576577
8.43192307775964, 5, 6, 0, 6, 0.026010101010101
8.39074830672602, 7, 7, 4, 61, 0.084023548930301
8.38940756616696, 5, 35, 1, 11, 0.272522522522523
8.38787741513018, 9, 8, 4, 98, 0.624936765886549
8.38787741513014, 9, 8, 4, 98, 0.624936765886549
8.34301704581494, 8, 3, 0, 18, 0.558080808080808
8.32869002610977, 6, 3, 3, 2, 0.400252525252525
8.25280036781497, 3, 147, 4, 103, 0.865041948010276
8.24159261407201, 7, 3, 3, 3, 0.800505050505051
8.23198001173358, 6, 8, 0, 4, 0.0126262626262626
8.2006210473865, 6, 48, 4, 26, 0.0338774705003143
8.16721117487477, 9, 6, 0, 7, 0.0353535353535354
8.16721117487477, 9, 6, 0, 7, 0.0353535353535354
8.15006249999999, 5, 1, 4, 102, 0.786411515216059
8.04763333333327, 9, 4, 0, 5, 0.0184343434343434
7.9882307692308, 8, 4, 0, 5, 0.0184343434343434
7.62600000000003, 10, 4, 0, 5, 0.0184343434343434
7.55462827234627, 12, 3, 0, 6, 0.026010101010101
7.55462827234625, 12, 3, 0, 6, 0.026010101010101
7.5066455890764, 9, 2, 1, 16, 0.414414414414414
7.47466666666668, 11, 1, 4, 84, 0.293759463138283
7.45896843230172, 6, 6, 0, 15, 0.275252525252525
7.44916666666668, 8, 4, 4, 64, 0.0917218809839261
7.43147530852164, 6, 14, 4, 22, 0.0286232599694077
7.40500000000002, 8, 1, 0, 19, 0.70959595959596
7.30805264759356, 6, 6, 0, 17, 0.444444444444444
7.29636899966006, 10, 12, 0, 8, 0.0467171717171717
7.22978561819332, 7, 6, 1, 7, 0.184684684684685
7.21285714285713, 6, 4, 3, 2, 0.400252525252525
7.17988037155218, 7, 38, 0, 3, 0.00795454545454546
7.17948723171968, 6, 15, 4, 22, 0.0286232599694077
7.13742857142859, 7, 4, 3, 3, 0.800505050505051
7.1215080955901, 8, 2, 0, 10, 0.0808080808080808
7.10018045155347, 8, 23, 4, 97, 0.601622068566827
7.07664813677535, 6, 23, 4, 35, 0.0452335812040479
6.98548837209297, 11, 9, 0, 4, 0.0126262626262626
6.95479062884882, 9, 5, 0, 9, 0.0618686868686869
6.94782920143011, 11, 2, 0, 10, 0.0808080808080808
6.88158219603845, 9, 3, 0, 17, 0.444444444444444
6.86284218498535, 10, 6, 4, 101, 0.73090184972689
6.85528389127688, 7, 3, 4, 15, 0.0180125300509641
6.84934013471914, 9, 13, 4, 95, 0.534067194388448
6.84537176558689, 8, 26, 4, 73, 0.179360578437554
6.80889598492511, 8, 21, 2, 1, 0.0454545454545454
6.80618987338679, 10, 12, 0, 7, 0.0353535353535354
6.75411476214744, 5, 54, 1, 11, 0.272522522522523
6.72945454545447, 9, 4, 0, 6, 0.026010101010101
6.69350159773561, 7, 11, 4, 61, 0.084023548930301
6.38417431947907, 11, 3, 0, 2, 0.00416666666666667
6.35375723642655, 10, 7, 4, 101, 0.73090184972689
6.34502925402272, 5, 3, 3, 1, 0.0997474747474748
6.28159439146397, 9, 18, 4, 75, 0.204510284651682
6.19378399867336, 6, 2, 0, 14, 0.217171717171717
6.18731128963702, 7, 7, 4, 36, 0.0468471651172549
6.17278459167418, 6, 20, 4, 8, 0.00740754908006669
6.14467229609191, 6, 13, 0, 14, 0.217171717171717
6.1362910157521, 10, 7, 0, 7, 0.0353535353535354
6.09682229166951, 8, 5, 2, 4, 0.590909090909091
6.06368781950273, 8, 12, 3, 1, 0.0997474747474748
6.01882584027103, 7, 13, 0, 8, 0.0467171717171717
5.97619999999992, 7, 25, 0, 9, 0.0618686868686869
5.9569413861971, 5, 29, 4, 100, 0.705914182813912
5.87566666666666, 8, 1, 4, 97, 0.601622068566827
5.79988570356402, 7, 14, 0, 8, 0.0467171717171717
5.7864904927099, 10, 2, 0, 5, 0.0184343434343434
5.73116666666667, 4, 9, 0, 9, 0.0618686868686869
5.69900000000001, 8, 1, 4, 31, 0.0395255744388036
5.6831756110595, 7, 17, 0, 13, 0.170454545454545
5.67100000000001, 7, 1, 2, 3, 0.363636363636364
5.66079323946749, 6, 10, 0, 17, 0.444444444444444
5.65402582236762, 8, 2, 4, 78, 0.219710950157435
5.64978318168048, 9, 2, 0, 3, 0.00795454545454546
5.63477715028797, 5, 117, 0, 10, 0.0808080808080808
5.61388406204165, 8, 14, 3, 1, 0.0997474747474748
5.60085139242244, 8, 2, 4, 79, 0.228732574440079
5.59320570350016, 7, 6, 1, 9, 0.227477477477477
5.59320570350016, 7, 6, 1, 9, 0.227477477477477
5.58784062764861, 12, 2, 0, 7, 0.0353535353535354
5.57683333208804, 5, 18, 4, 77, 0.212750155497395
5.56561183041294, 8, 6, 2, 4, 0.590909090909091
5.53873275862088, 6, 16, 0, 14, 0.217171717171717
5.52929218616633, 10, 2, 1, 18, 0.475225225225225
5.52885714285713, 11, 4, 0, 2, 0.00416666666666667
5.49824475918933, 9, 8, 0, 9, 0.0618686868686869
5.45481329551147, 9, 5, 0, 7, 0.0353535353535354
5.42331616439688, 10, 8, 0, 5, 0.0184343434343434
5.39239631332851, 10, 8, 0, 5, 0.0184343434343434
5.38810935908146, 6, 27, 1, 7, 0.184684684684685
5.37401153701776, 8, 2, 0, 16, 0.351010101010101
5.34665257670624, 8, 10, 1, 15, 0.38963963963964
5.33045064816289, 9, 5, 0, 17, 0.444444444444444
5.31268709406241, 6, 27, 4, 8, 0.00740754908006669
5.28538748710904, 11, 2, 4, 84, 0.293759463138283
5.27428715913696, 6, 12, 0, 15, 0.275252525252525
5.26735626418878, 8, 8, 4, 64, 0.0917218809839261
5.25951661475025, 11, 3, 3, 1, 0.0997474747474748
5.2315, 8, 1, 4, 88, 0.375097158937352
5.21557142857148, 7, 4, 0, 13, 0.170454545454545
5.20183103579882, 8, 8, 0, 16, 0.351010101010101
5.20183103579882, 8, 8, 0, 16, 0.351010101010101
5.1316509319936, 7, 19, 0, 5, 0.0184343434343434
5.10558325455866, 8, 73, 0, 3, 0.00795454545454546
5.08804656962874, 7, 7, 0, 15, 0.275252525252525
5.08698948182463, 9, 7, 0, 6, 0.026010101010101
5.08651360658753, 8, 3, 4, 17, 0.0191899869089483
5.07511111111108, 11, 4, 4, 83, 0.284343083536879
5.03741600514868, 8, 7, 4, 35, 0.0452335812040479
5.03566666666669, 8, 4, 0, 10, 0.0808080808080808
5.01938132753857, 7, 6, 4, 78, 0.219710950157435
5.01762971929974, 10, 2, 2, 1, 0.0454545454545454
4.93566666666666, 7, 4, 1, 25, 0.835585585585586
4.91680387310984, 8, 5, 0, 5, 0.0184343434343434
4.89365033033171, 12, 2, 4, 60, 0.0833233322906506
4.88499999999999, 11, 1, 0, 6, 0.026010101010101
4.87883475967826, 11, 2, 4, 84, 0.293759463138283
4.85290549400445, 9, 11, 0, 5, 0.0184343434343434
4.81190648418067, 10, 5, 1, 25, 0.835585585585586
4.77978571428574, 7, 1, 1, 8, 0.202702702702703
4.77421432485585, 8, 10, 0, 15, 0.275252525252525
4.76978879249387, 10, 2, 4, 67, 0.0942557274601005
4.76978879249383, 10, 2, 4, 67, 0.0942557274601005
4.74457891121074, 6, 17, 0, 17, 0.444444444444444
4.72770132430487, 8, 5, 4, 27, 0.0352394625411507
4.72114994747368, 13, 2, 0, 7, 0.0353535353535354
4.69862754976708, 6, 28, 0, 7, 0.0353535353535354
4.66536575871917, 9, 8, 1, 4, 0.128378378378378
4.65133333333333, 7, 4, 4, 83, 0.284343083536879
4.64704412145826, 7, 7, 4, 78, 0.219710950157435
4.64143861596198, 5, 47, 0, 20, 0.898989898989899
4.62225000000001, 8, 1, 4, 94, 0.486490559366218
4.61479397471892, 7, 26, 1, 3, 0.105855855855856
4.61371348554002, 9, 11, 0, 2, 0.00416666666666667
4.61015866545123, 9, 7, 0, 7, 0.0353535353535354
4.60892199977394, 11, 2, 0, 9, 0.0618686868686869
4.60275037214502, 6, 37, 1, 7, 0.184684684684685
4.57730510291897, 9, 3, 3, 1, 0.0997474747474748
4.57307601219715, 8, 3, 4, 79, 0.228732574440079
4.56245276724408, 12, 3, 0, 7, 0.0353535353535354
4.53931737512354, 11, 5, 4, 83, 0.284343083536879
4.52852853689859, 7, 27, 1, 3, 0.105855855855856
4.51464816495517, 10, 3, 1, 18, 0.475225225225225
4.4986114070802, 7, 17, 3, 2, 0.400252525252525
4.49833049919635, 10, 2, 4, 99, 0.6623678444522
4.49799999999999, 12, 1, 0, 5, 0.0184343434343434
4.48850566019346, 6, 45, 4, 60, 0.0833233322906506
4.48783676316964, 7, 7, 4, 15, 0.0180125300509641
4.47548084863858, 9, 2, 4, 34, 0.0437591097547004
4.45532954872648, 11, 3, 3, 1, 0.0997474747474748
4.42829475985501, 7, 28, 0, 13, 0.170454545454545
4.4262449598922, 9, 5, 1, 16, 0.414414414414414
4.41729435847701, 9, 12, 0, 2, 0.00416666666666667
4.40799999999993, 10, 4, 1, 12, 0.313063063063063
4.39854901960787, 9, 9, 1, 4, 0.128378378378378
4.39419301406954, 11, 5, 0, 10, 0.0808080808080808
4.38786204584115, 8, 3, 0, 16, 0.351010101010101
4.37966666666668, 6, 4, 0, 14, 0.217171717171717
4.3655235482892, 8, 15, 1, 15, 0.38963963963964
4.3485454545455, 10, 4, 4, 64, 0.0917218809839261
4.33559999999999, 9, 1, 4, 49, 0.0692091058226616
4.31540111657333, 8, 13, 1, 15, 0.38963963963964
4.27527874334913, 8, 3, 0, 19, 0.70959595959596
4.26974644706478, 7, 2, 0, 16, 0.351010101010101
4.25696517795225, 7, 10, 0, 15, 0.275252525252525
4.25602631909932, 7, 23, 0, 17, 0.444444444444444
4.23684166325268, 7, 98, 0, 9, 0.0618686868686869
4.23399999999998, 11, 4, 0, 4, 0.0126262626262626
4.22800000000001, 9, 1, 0, 8, 0.0467171717171717
4.22762270558952, 4, 136, 4, 81, 0.26159379994883
4.18726295950552, 8, 13, 0, 15, 0.275252525252525
4.18342857142856, 8, 1, 4, 17, 0.0191899869089483
4.15472374399175, 8, 2, 4, 97, 0.601622068566827
4.11433333333338, 8, 4, 0, 9, 0.0618686868686869
4.10273752511662, 7, 5, 4, 23, 0.0296164402178925
4.0984, 10, 1, 0, 19, 0.70959595959596
4.095, 11, 1, 0, 8, 0.0467171717171717
4.0925217391304, 7, 16, 4, 36, 0.0468471651172549
4.09166666666667, 10, 4, 0, 5, 0.0184343434343434
4.08429411764708, 8, 1, 4, 34, 0.0437591097547004
4.07400405160571, 11, 5, 3, 1, 0.0997474747474748
4.06680323846098, 10, 7, 1, 25, 0.835585585585586
4.05616666666667, 8, 1, 2, 4, 0.590909090909091
4.04182236126231, 8, 2, 4, 68, 0.0971476980300399
4.03308030542416, 6, 12, 0, 11, 0.103535353535354
4.02449824512323, 9, 2, 4, 51, 0.0718603446010522
4.02050000000001, 11, 1, 4, 97, 0.601622068566827
4.0205, 11, 1, 4, 97, 0.601622068566827
4.00999999999999, 6, 1, 0, 17, 0.444444444444444
3.99838375680311, 8, 6, 0, 10, 0.0808080808080808
3.99838375680308, 8, 6, 0, 10, 0.0808080808080808
3.9976786950654, 6, 2, 0, 13, 0.170454545454545
3.94707005258332, 7, 2, 1, 5, 0.141891891891892
3.94141319833382, 10, 2, 0, 7, 0.0353535353535354
3.9175, 11, 1, 0, 9, 0.0618686868686869
3.88707476184104, 8, 8, 0, 5, 0.0184343434343434
3.88159999999999, 10, 4, 0, 9, 0.0618686868686869
3.88056521739134, 7, 16, 4, 59, 0.0828015312645006
3.87211505037405, 8, 3, 3, 3, 0.800505050505051
3.86206643688025, 8, 14, 0, 18, 0.558080808080808
3.85842857142853, 11, 4, 3, 1, 0.0997474747474748
3.85445681918205, 10, 43, 0, 8, 0.0467171717171717
3.82566666666666, 9, 1, 4, 87, 0.357350407816721
3.80833333333334, 11, 1, 0, 11, 0.103535353535354
3.77563240043194, 7, 22, 1, 7, 0.184684684684685
3.7737088041905, 8, 17, 1, 15, 0.38963963963964
3.76316905457796, 11, 3, 0, 9, 0.0618686868686869
3.75332279453819, 9, 8, 1, 16, 0.414414414414414
3.75152578145056, 7, 5, 0, 14, 0.217171717171717
3.73757607044947, 8, 8, 4, 27, 0.0352394625411507
3.72499999999999, 11, 1, 0, 5, 0.0184343434343434
3.70999999999998, 10, 4, 0, 16, 0.351010101010101
3.70999999999998, 10, 4, 0, 16, 0.351010101010101
3.68133932421338, 6, 2, 0, 4, 0.0126262626262626
3.67287147247671, 10, 3, 4, 99, 0.6623678444522
3.66444215854656, 11, 3, 0, 5, 0.0184343434343434
3.59400411703011, 11, 34, 0, 4, 0.0126262626262626
3.59355915184557, 9, 55, 4, 75, 0.204510284651682
3.54865275354483, 6, 23, 1, 13, 0.326576576576577
3.54556528682312, 9, 5, 3, 1, 0.0997474747474748
3.50600000000001, 11, 1, 3, 1, 0.0997474747474748
3.49925388877488, 9, 8, 1, 16, 0.414414414414414
3.49004336967642, 7, 8, 1, 25, 0.835585585585586
3.47209281508431, 12, 7, 4, 65, 0.0928774452980315
3.46266666666668, 10, 1, 4, 85, 0.311682906050061
3.44007449047256, 9, 2, 0, 8, 0.0467171717171717
3.44007449047254, 9, 2, 0, 8, 0.0467171717171717
3.43297297735199, 6, 46, 0, 4, 0.0126262626262626
3.42413121188606, 9, 12, 4, 58, 0.081739484313027
3.41404437038575, 7, 6, 4, 49, 0.0692091058226616
3.40619304482775, 8, 22, 0, 5, 0.0184343434343434
3.38500462825873, 6, 3, 0, 15, 0.275252525252525
3.36, 11, 1, 0, 5, 0.0184343434343434
3.35130688127775, 8, 5, 3, 3, 0.800505050505051
3.34388888888887, 5, 4, 4, 104, 0.952055328905477
3.33816489993729, 10, 5, 4, 41, 0.0589841673467433
3.33258911624091, 9, 6, 4, 100, 0.705914182813912
3.33136404331817, 7, 31, 3, 2, 0.400252525252525
3.3299048036586, 8, 7, 4, 17, 0.0191899869089483
3.29861700271677, 7, 10, 0, 13, 0.170454545454545
3.29441049354814, 8, 2, 4, 88, 0.375097158937352
3.29436063599603, 11, 3, 4, 102, 0.786411515216059
3.29436063599598, 11, 3, 4, 102, 0.786411515216059
3.2929962799857, 6, 18, 0, 11, 0.103535353535354
3.288989341559, 7, 8, 4, 83, 0.284343083536879
3.2871913821678, 10, 7, 4, 64, 0.0917218809839261
3.27285714285713, 10, 1, 0, 6, 0.026010101010101
3.26572523791239, 6, 108, 4, 35, 0.0452335812040479
3.24708333333335, 11, 1, 1, 12, 0.313063063063063
3.21815040046293, 10, 3, 0, 7, 0.0353535353535354
3.21199999999999, 9, 1, 0, 3, 0.00795454545454546
3.18796322924536, 10, 3, 3, 3, 0.800505050505051
3.1876333774072, 8, 10, 4, 13, 0.0149040473935306
3.17915208821474, 10, 2, 0, 9, 0.0618686868686869
3.17350000000002, 11, 4, 0, 5, 0.0184343434343434
3.17347244762548, 9, 11, 0, 6, 0.026010101010101
3.17278812718404, 10, 2, 4, 80, 0.244079764845808
3.17012950022289, 9, 14, 4, 58, 0.081739484313027
3.16931312852915, 10, 6, 0, 9, 0.0618686868686869
3.16199999999998, 11, 1, 4, 82, 0.274718983341981
3.16189868275378, 11, 2, 3, 3, 0.800505050505051
3.14132187542123, 10, 2, 0, 2, 0.00416666666666667
3.1273918718319, 9, 2, 4, 73, 0.179360578437554
3.11656744940117, 10, 6, 3, 3, 0.800505050505051
3.10989722498993, 6, 3, 3, 3, 0.800505050505051
3.10989722498988, 6, 3, 3, 3, 0.800505050505051
3.10240740740744, 13, 4, 2, 4, 0.590909090909091
3.09359216769115, 9, 2, 0, 14, 0.217171717171717
3.09359216769115, 9, 2, 0, 14, 0.217171717171717
3.08800000000001, 9, 1, 0, 14, 0.217171717171717
3.08564603363673, 11, 5, 4, 84, 0.293759463138283
3.04731369394606, 10, 6, 4, 41, 0.0589841673467433
3.03836854707443, 9, 12, 0, 6, 0.026010101010101
3.02040793326552, 8, 3, 4, 88, 0.375097158937352
3.01916666666665, 7, 4, 0, 16, 0.351010101010101
3.01272829599135, 10, 6, 1, 2, 0.0788288288288288
3.01000000000001, 9, 1, 0, 13, 0.170454545454545
3.005800971455, 6, 3, 0, 4, 0.0126262626262626
3.00139661368719, 8, 3, 4, 95, 0.534067194388448
2.99475000000001, 11, 1, 1, 3, 0.105855855855856
2.99466666666666, 9, 1, 0, 11, 0.103535353535354
2.99389011154387, 11, 8, 0, 4, 0.0126262626262626
2.99086514590471, 5, 5, 4, 104, 0.952055328905477
2.9859174018402, 13, 5, 0, 7, 0.0353535353535354
2.97133333333333, 11, 1, 4, 29, 0.0366148142052202
2.97110312943094, 6, 7, 1, 15, 0.38963963963964
2.93866666666665, 9, 1, 2, 3, 0.363636363636364
2.92333656826548, 11, 2, 0, 6, 0.026010101010101
2.914, 7, 1, 4, 14, 0.0167757737040485
2.90989784310395, 8, 12, 4, 13, 0.0149040473935306
2.90835348659291, 8, 21, 4, 35, 0.0452335812040479
2.90675, 8, 1, 4, 81, 0.26159379994883
2.90000000000001, 13, 1, 0, 5, 0.0184343434343434
2.89533333333333, 12, 1, 4, 96, 0.578309095069458
2.88711218986638, 10, 3, 4, 95, 0.534067194388448
2.88610683504003, 9, 8, 4, 100, 0.705914182813912
2.85980000000002, 10, 1, 0, 7, 0.0353535353535354
2.85799999999998, 8, 4, 4, 68, 0.0971476980300399
2.85200000000003, 10, 4, 2, 2, 0.181818181818182
2.85199999999998, 10, 4, 2, 2, 0.181818181818182
2.83549819255807, 6, 2, 0, 17, 0.444444444444444
2.83396414058, 7, 30, 4, 59, 0.0828015312645006
2.82701291118381, 8, 8, 4, 78, 0.219710950157435
2.82489159084026, 9, 8, 0, 3, 0.00795454545454546
2.82305311320917, 8, 2, 0, 19, 0.70959595959596
2.82178625419419, 9, 5, 4, 62, 0.0856939327900282
2.82035606499132, 11, 3, 0, 6, 0.026010101010101
2.81333333333333, 12, 1, 0, 8, 0.0467171717171717
2.80425000000002, 9, 4, 4, 1, 0.000100050649348366
2.80425000000002, 9, 4, 4, 1, 0.000100050649348366
2.80333333333333, 13, 1, 0, 8, 0.0467171717171717
2.79100000000003, 7, 4, 1, 5, 0.141891891891892
2.78786398520455, 10, 10, 1, 12, 0.313063063063063
2.78018898197764, 10, 3, 0, 18, 0.558080808080808
2.77921249277562, 6, 8, 1, 15, 0.38963963963964
2.76333333333332, 10, 1, 2, 2, 0.181818181818182
2.76139999999999, 11, 1, 1, 10, 0.240990990990991
2.76085714285713, 10, 4, 3, 3, 0.800505050505051
2.73593755776693, 10, 2, 0, 14, 0.217171717171717
2.71138566346457, 14, 7, 0, 5, 0.0184343434343434
2.70779999999996, 11, 4, 2, 4, 0.590909090909091
2.70515484255934, 9, 2, 4, 87, 0.357350407816721
2.70079999999999, 8, 1, 0, 13, 0.170454545454545
2.69330322311715, 9, 5, 4, 25, 0.0319165363830463
2.69, 12, 1, 0, 11, 0.103535353535354
2.69, 12, 1, 0, 11, 0.103535353535354
2.6815625, 9, 1, 1, 11, 0.272522522522523
2.67663486905146, 9, 2, 3, 1, 0.0997474747474748
2.66296413794855, 7, 2, 2, 3, 0.363636363636364
2.65272931986003, 7, 10, 0, 14, 0.217171717171717
2.64830568477286, 7, 12, 4, 23, 0.0296164402178925
2.64316514807531, 13, 2, 4, 60, 0.0833233322906506
2.63397275991989, 11, 2, 0, 2, 0.00416666666666667
2.63397275991989, 11, 2, 0, 2, 0.00416666666666667
2.61666666666667, 11, 1, 0, 9, 0.0618686868686869
2.61576612953917, 12, 7, 4, 60, 0.0833233322906506
2.6131203782281, 9, 7, 4, 50, 0.0708643200456854
2.61187567300787, 7, 8, 4, 78, 0.219710950157435
2.61187567300775, 7, 8, 4, 78, 0.219710950157435
2.60666666666665, 11, 1, 0, 18, 0.558080808080808
2.59928571428574, 8, 4, 4, 95, 0.534067194388448
2.59057065785385, 10, 3, 4, 80, 0.244079764845808
2.58499999999999, 13, 1, 2, 4, 0.590909090909091
2.5816794637083, 11, 3, 3, 3, 0.800505050505051
2.57000000000001, 10, 1, 0, 17, 0.444444444444444
2.56999999999999, 9, 1, 0, 4, 0.0126262626262626
2.56999999999999, 9, 1, 0, 4, 0.0126262626262626
2.56999999999999, 10, 1, 0, 17, 0.444444444444444
2.56074089394573, 11, 3, 2, 5, 0.863636363636364
2.55350477057187, 9, 3, 4, 73, 0.179360578437554
2.54466666666657, 10, 9, 3, 3, 0.800505050505051
2.53629973255007, 10, 3, 0, 9, 0.0618686868686869
2.53489433113095, 8, 7, 3, 3, 0.800505050505051
2.52835400598721, 6, 5, 0, 13, 0.170454545454545
2.5275, 10, 1, 3, 3, 0.800505050505051
2.52749999999999, 10, 1, 3, 3, 0.800505050505051
2.52000000000001, 10, 1, 0, 13, 0.170454545454545
2.52, 10, 1, 0, 13, 0.170454545454545
2.48333333333332, 11, 1, 0, 6, 0.026010101010101
2.47950206944796, 10, 2, 4, 42, 0.0614175149797577
2.47333333333333, 11, 1, 0, 11, 0.103535353535354
2.45741926320298, 5, 20, 3, 1, 0.0997474747474748
2.44847508098859, 10, 2, 4, 85, 0.311682906050061
2.44739758494109, 9, 2, 3, 3, 0.800505050505051
2.43000000000001, 10, 1, 0, 9, 0.0618686868686869
2.43000000000001, 11, 1, 0, 7, 0.0353535353535354
2.42519948277459, 9, 2, 0, 6, 0.026010101010101
2.41409392557162, 7, 12, 4, 49, 0.0692091058226616
2.41297822231964, 10, 5, 3, 1, 0.0997474747474748
2.40854036583936, 8, 3, 1, 13, 0.326576576576577
2.40800000000002, 12, 1, 0, 5, 0.0184343434343434
2.40771428571432, 10, 4, 0, 18, 0.558080808080808
2.39742857142856, 9, 1, 3, 3, 0.800505050505051
2.39355972698965, 6, 6, 0, 15, 0.275252525252525
2.3864853865046, 10, 2, 0, 5, 0.0184343434343434
2.38648538650458, 10, 2, 0, 5, 0.0184343434343434
2.3842857142857, 8, 1, 1, 3, 0.105855855855856
2.37587878478679, 11, 2, 0, 5, 0.0184343434343434
2.36533333333335, 10, 9, 2, 1, 0.0454545454545454
2.36424935233153, 11, 3, 0, 8, 0.0467171717171717
2.36, 7, 1, 0, 15, 0.275252525252525
2.36, 7, 1, 0, 15, 0.275252525252525
2.34950000000001, 8, 1, 4, 99, 0.6623678444522
2.34618029997695, 8, 2, 4, 100, 0.705914182813912
2.34618029997695, 8, 2, 4, 100, 0.705914182813912
2.3347136519785, 10, 6, 2, 5, 0.863636363636364
2.32845363564175, 8, 3, 1, 10, 0.240990990990991
2.3239064363696, 10, 2, 2, 5, 0.863636363636364
2.3239064363696, 10, 2, 2, 5, 0.863636363636364
2.32354514517511, 9, 6, 4, 51, 0.0718603446010522
2.3114218027007, 11, 3, 0, 14, 0.217171717171717
2.31142180270065, 11, 3, 0, 14, 0.217171717171717
2.30501321471266, 8, 3, 0, 19, 0.70959595959596
2.28749043713849, 7, 2, 3, 1, 0.0997474747474748
2.28749043713845, 7, 2, 3, 1, 0.0997474747474748
2.265, 11, 1, 0, 10, 0.0808080808080808
2.265, 11, 1, 0, 10, 0.0808080808080808
2.26176967955034, 11, 3, 0, 9, 0.0618686868686869
2.25975, 10, 1, 4, 2, 0.000339506812356317
2.25945063842963, 8, 11, 3, 3, 0.800505050505051
2.25339810064711, 11, 3, 3, 1, 0.0997474747474748
2.25339810064709, 11, 3, 3, 1, 0.0997474747474748
2.24900000000002, 12, 4, 0, 5, 0.0184343434343434
2.24799999999996, 10, 4, 0, 9, 0.0618686868686869
2.24662499999999, 11, 1, 4, 56, 0.078725036164931
2.24333333333334, 13, 1, 0, 17, 0.444444444444444
2.24300000000001, 12, 1, 1, 6, 0.164414414414414
2.243, 12, 1, 1, 6, 0.164414414414414
2.23634748599697, 10, 5, 4, 95, 0.534067194388448
2.23587164211189, 11, 2, 4, 82, 0.274718983341981
2.23388366154857, 10, 3, 0, 14, 0.217171717171717
2.22933333333333, 9, 1, 4, 28, 0.0358931359772792
2.22504730721526, 10, 11, 1, 2, 0.0788288288288288
2.22199999999998, 11, 1, 0, 8, 0.0467171717171717
2.21090944183608, 11, 6, 2, 4, 0.590909090909091
2.20666666666666, 11, 1, 0, 11, 0.103535353535354
2.1885, 11, 1, 4, 102, 0.786411515216059
2.17430111376812, 7, 3, 2, 3, 0.363636363636364
2.1678, 9, 4, 4, 49, 0.0692091058226616
2.16266666666665, 10, 1, 4, 33, 0.042748691282689
2.15813530623084, 13, 3, 4, 60, 0.0833233322906506
2.15384725549426, 10, 2, 2, 4, 0.590909090909091
2.15062975273132, 11, 3, 0, 5, 0.0184343434343434
2.14750000000001, 9, 1, 4, 80, 0.244079764845808
2.14749999999999, 9, 1, 4, 80, 0.244079764845808
2.14500000000001, 12, 1, 0, 5, 0.0184343434343434
2.14499999999998, 12, 1, 0, 5, 0.0184343434343434
2.14343652643535, 7, 7, 2, 3, 0.363636363636364
2.13678655929887, 8, 5, 4, 27, 0.0352394625411507
2.13678655929874, 8, 5, 4, 27, 0.0352394625411507
2.13433333333333, 9, 1, 4, 96, 0.578309095069458
2.13192694527747, 9, 2, 3, 2, 0.400252525252525
2.13192694527743, 9, 2, 3, 2, 0.400252525252525
2.13000000000001, 11, 1, 0, 7, 0.0353535353535354
2.13, 11, 1, 0, 7, 0.0353535353535354
2.12839141137152, 9, 2, 0, 13, 0.170454545454545
2.11754910739331, 9, 2, 0, 11, 0.103535353535354
2.11400000000003, 9, 4, 0, 8, 0.0467171717171717
2.1099265587535, 10, 3, 4, 15, 0.0180125300509641
2.10992655875348, 10, 3, 4, 15, 0.0180125300509641
2.10433708887, 5, 15, 4, 102, 0.786411515216059
2.10104994916564, 11, 2, 4, 29, 0.0366148142052202
2.10033333333332, 10, 1, 3, 3, 0.800505050505051
2.08585714285709, 8, 4, 1, 13, 0.326576576576577
2.08242947059438, 10, 2, 4, 92, 0.455244555401909
2.08242947059438, 10, 2, 4, 92, 0.455244555401909
2.07795112764692, 9, 2, 2, 3, 0.363636363636364
2.07666666666667, 11, 1, 0, 9, 0.0618686868686869
2.07182286887659, 12, 2, 4, 82, 0.274718983341981
2.07182286887659, 12, 2, 4, 82, 0.274718983341981
2.06999999999999, 7, 4, 3, 1, 0.0997474747474748
2.06460456262211, 9, 3, 2, 3, 0.363636363636364
2.06050916037761, 7, 2, 4, 14, 0.0167757737040485
2.05060966544097, 13, 2, 0, 5, 0.0184343434343434
2.04920000000001, 10, 4, 0, 19, 0.70959595959596
2.04730983379547, 12, 2, 4, 96, 0.578309095069458
2.03933881116069, 10, 7, 3, 1, 0.0997474747474748
2.03717463659846, 11, 2, 3, 3, 0.800505050505051
2.03717463659842, 11, 2, 3, 3, 0.800505050505051
2.03266666666667, 10, 1, 4, 14, 0.0167757737040485
2.02784082708677, 9, 2, 0, 7, 0.0353535353535354
2.02419004377883, 11, 3, 3, 1, 0.0997474747474748
2.0224579929713, 11, 3, 0, 2, 0.00416666666666667
2.0224579929712, 11, 3, 0, 2, 0.00416666666666667
2.02232539419354, 13, 2, 0, 8, 0.0467171717171717
2.0223253941935, 13, 2, 0, 8, 0.0467171717171717
2.0219213331757, 10, 8, 2, 5, 0.863636363636364
2.01666666666665, 9, 1, 0, 11, 0.103535353535354
2.01533333333333, 9, 1, 4, 41, 0.0589841673467433
2.01000000000001, 9, 1, 0, 2, 0.00416666666666667
2.0089, 9, 1, 1, 10, 0.240990990990991
2.00192031279357, 7, 2, 1, 5, 0.141891891891892
2.00068792668927, 9, 2, 0, 8, 0.0467171717171717
1.99851946589356, 9, 2, 0, 11, 0.103535353535354
1.99474518005016, 11, 3, 3, 3, 0.800505050505051
1.99466666666666, 12, 1, 2, 5, 0.863636363636364
1.99356971842525, 10, 2, 0, 4, 0.0126262626262626
1.98932707773813, 12, 2, 0, 8, 0.0467171717171717
1.98868300222367, 11, 3, 0, 16, 0.351010101010101
1.98868300222367, 11, 3, 0, 16, 0.351010101010101
1.98225600992627, 13, 2, 0, 8, 0.0467171717171717
1.97, 11, 1, 0, 4, 0.0126262626262626
1.96999999999998, 11, 1, 0, 4, 0.0126262626262626
1.9662900596401, 12, 3, 4, 52, 0.0736969911266934
1.965, 9, 1, 0, 16, 0.351010101010101
1.965, 9, 1, 0, 16, 0.351010101010101
1.9643426381362, 8, 2, 4, 76, 0.20691329301129
1.95999999999998, 14, 1, 0, 9, 0.0618686868686869
1.95397173867882, 10, 2, 2, 2, 0.181818181818182
1.9425, 13, 1, 0, 6, 0.026010101010101
1.92666666666666, 9, 1, 0, 2, 0.00416666666666667
1.92333333333333, 8, 1, 0, 13, 0.170454545454545
1.91333333333333, 10, 1, 0, 10, 0.0808080808080808
1.91266666666664, 10, 1, 3, 3, 0.800505050505051
1.91200000000001, 12, 1, 1, 1, 0.0337837837837838
1.90229401808706, 15, 2, 1, 6, 0.164414414414414
1.90202878527113, 8, 6, 4, 88, 0.375097158937352
1.8929248532364, 9, 2, 4, 63, 0.0888584396739231
1.89292485323636, 9, 2, 4, 63, 0.0888584396739231
1.89266666666666, 9, 4, 3, 1, 0.0997474747474748
1.89099999999999, 12, 1, 0, 4, 0.0126262626262626
1.88090403795621, 11, 2, 0, 18, 0.558080808080808
1.88090403795621, 11, 2, 0, 18, 0.558080808080808
1.88, 8, 1, 0, 2, 0.00416666666666667
1.875, 7, 1, 0, 16, 0.351010101010101
1.875, 7, 1, 0, 16, 0.351010101010101
1.86016666666666, 10, 4, 0, 4, 0.0126262626262626
1.86000000000001, 10, 1, 0, 15, 0.275252525252525
1.85444906463706, 9, 3, 0, 3, 0.00795454545454546
1.8502627441048, 11, 2, 0, 9, 0.0618686868686869
1.85000000000001, 8, 1, 4, 101, 0.73090184972689
1.8477551395019, 9, 14, 4, 50, 0.0708643200456854
1.8475, 13, 1, 0, 10, 0.0808080808080808
1.84319167629295, 11, 2, 0, 18, 0.558080808080808
1.83266666666667, 12, 1, 0, 2, 0.00416666666666667
1.82813838808397, 8, 3, 0, 16, 0.351010101010101
1.82710740546041, 9, 12, 4, 34, 0.0437591097547004
1.82145519484213, 9, 12, 4, 62, 0.0856939327900282
1.81900000000005, 8, 4, 3, 2, 0.400252525252525
1.81700000000001, 10, 1, 3, 3, 0.800505050505051
1.81699999999998, 10, 1, 3, 3, 0.800505050505051
1.815, 12, 1, 0, 11, 0.103535353535354
1.815, 12, 1, 0, 11, 0.103535353535354
1.81399999999999, 6, 1, 4, 8, 0.00740754908006669
1.81397287894705, 8, 5, 2, 4, 0.590909090909091
1.81364303038573, 10, 6, 0, 2, 0.00416666666666667
1.81071725097066, 11, 6, 2, 5, 0.863636363636364
1.80218203852993, 8, 10, 4, 31, 0.0395255744388036
1.79850000000002, 9, 1, 2, 5, 0.863636363636364
1.79341304347827, 14, 16, 0, 5, 0.0184343434343434
1.78799999999998, 9, 4, 2, 3, 0.363636363636364
1.77625223434061, 12, 2, 2, 4, 0.590909090909091
1.77625223434061, 12, 2, 2, 4, 0.590909090909091
1.76790312722604, 12, 27, 4, 65, 0.0928774452980315
1.7559818399466, 11, 2, 0, 6, 0.026010101010101
1.751, 10, 4, 0, 16, 0.351010101010101
1.751, 10, 4, 0, 16, 0.351010101010101
1.75, 10, 1, 0, 6, 0.026010101010101
1.75, 10, 1, 0, 6, 0.026010101010101
1.74891077213474, 11, 2, 0, 11, 0.103535353535354
1.74866666666668, 12, 1, 1, 2, 0.0788288288288288
1.74726085631196, 14, 2, 4, 60, 0.0833233322906506
1.74726085631196, 14, 2, 4, 60, 0.0833233322906506
1.74704628536692, 8, 7, 4, 94, 0.486490559366218
1.73950000000001, 11, 1, 2, 4, 0.590909090909091
1.73949999999999, 11, 1, 2, 4, 0.590909090909091
1.73400000000001, 12, 1, 2, 4, 0.590909090909091
1.73399999999999, 12, 1, 2, 4, 0.590909090909091
1.72901971865563, 11, 3, 1, 3, 0.105855855855856
1.72, 13, 1, 3, 1, 0.0997474747474748
1.72, 13, 1, 3, 1, 0.0997474747474748
1.71579560847088, 8, 23, 0, 9, 0.0618686868686869
1.71350343017115, 8, 3, 0, 15, 0.275252525252525
1.70787756256342, 8, 6, 4, 17, 0.0191899869089483
1.70625, 12, 1, 0, 2, 0.00416666666666667
1.705, 9, 1, 0, 14, 0.217171717171717
1.705, 9, 1, 0, 14, 0.217171717171717
1.70313844286238, 11, 5, 0, 11, 0.103535353535354
1.70285714285717, 12, 4, 4, 52, 0.0736969911266934
1.69200000000001, 6, 1, 2, 3, 0.363636363636364
1.69199999999999, 6, 1, 2, 3, 0.363636363636364
1.68762148629119, 12, 5, 2, 5, 0.863636363636364
1.68197133018237, 14, 2, 4, 55, 0.0776266165618163
1.67821289496695, 8, 3, 4, 81, 0.26159379994883
1.66666666666666, 12, 1, 0, 6, 0.026010101010101
1.65572510198203, 9, 3, 0, 7, 0.0353535353535354
1.65151859813932, 8, 2, 4, 13, 0.0149040473935306
1.648, 12, 1, 0, 11, 0.103535353535354
1.64091199642151, 11, 2, 1, 4, 0.128378378378378
1.63927777777783, 10, 4, 4, 41, 0.0589841673467433
1.63483087810331, 8, 2, 2, 4, 0.590909090909091
1.63483087810329, 8, 2, 2, 4, 0.590909090909091
1.63000000000001, 13, 1, 0, 16, 0.351010101010101
1.63, 13, 1, 0, 16, 0.351010101010101
1.62433333333334, 12, 1, 4, 38, 0.0506681897441603
1.62299999999999, 11, 1, 3, 3, 0.800505050505051
1.61720000000001, 11, 1, 1, 9, 0.227477477477477
1.6165, 14, 1, 3, 2, 0.400252525252525
1.6165, 14, 1, 3, 2, 0.400252525252525
1.61078924754297, 11, 2, 1, 14, 0.353603603603604
1.61078924754293, 11, 2, 1, 14, 0.353603603603604
1.6059809214309, 10, 2, 3, 3, 0.800505050505051
1.5975, 11, 1, 4, 76, 0.20691329301129
1.5975, 11, 1, 4, 76, 0.20691329301129
1.59399999999999, 11, 1, 0, 19, 0.70959595959596
1.5865, 9, 4, 3, 1, 0.0997474747474748
1.58649999999997, 9, 4, 3, 1, 0.0997474747474748
1.58627621246181, 13, 2, 0, 17, 0.444444444444444
1.58321428571432, 8, 4, 0, 16, 0.351010101010101
1.57905298623367, 12, 3, 0, 7, 0.0353535353535354
1.57905298623357, 12, 3, 0, 7, 0.0353535353535354
1.57637671752521, 9, 2, 4, 28, 0.0358931359772792
1.57481908425955, 10, 3, 2, 4, 0.590909090909091
1.57399999999998, 9, 1, 4, 61, 0.084023548930301
1.57179735932325, 12, 2, 1, 6, 0.164414414414414
1.565, 9, 1, 0, 13, 0.170454545454545
1.565, 9, 1, 0, 13, 0.170454545454545
1.56333333333333, 12, 1, 4, 90, 0.412079181780135
1.56333333333333, 12, 1, 0, 4, 0.0126262626262626
1.56258912352522, 11, 7, 0, 6, 0.026010101010101
1.56034896381832, 11, 2, 0, 11, 0.103535353535354
1.55484924440911, 11, 2, 2, 5, 0.863636363636364
1.55257735246079, 11, 3, 1, 3, 0.105855855855856
1.55200000000002, 11, 1, 3, 3, 0.800505050505051
1.55199999999999, 11, 1, 3, 3, 0.800505050505051
1.55000000000001, 12, 1, 0, 7, 0.0353535353535354
1.54787014168186, 9, 5, 3, 3, 0.800505050505051
1.54566666666666, 13, 1, 3, 3, 0.800505050505051
1.5451229724523, 11, 5, 3, 3, 0.800505050505051
1.54499999999999, 12, 1, 0, 1, 0.00126262626262626
1.54058059428681, 12, 6, 2, 5, 0.863636363636364
1.53900000000002, 11, 1, 0, 11, 0.103535353535354
1.52923626544613, 10, 2, 4, 33, 0.042748691282689
1.52600000000001, 12, 1, 2, 5, 0.863636363636364
1.52299999999997, 10, 4, 2, 4, 0.590909090909091
1.52250000000001, 12, 1, 3, 3, 0.800505050505051
1.52249999999999, 12, 1, 3, 3, 0.800505050505051
1.52220000000001, 9, 1, 4, 76, 0.20691329301129
1.51522846364542, 9, 5, 0, 11, 0.103535353535354
1.512, 10, 1, 4, 47, 0.0673431543170252
1.512, 10, 1, 4, 47, 0.0673431543170252
1.51000000000001, 9, 1, 0, 17, 0.444444444444444
1.50999999999999, 9, 1, 0, 17, 0.444444444444444
1.50920157331249, 9, 2, 4, 96, 0.578309095069458
1.495, 10, 1, 0, 15, 0.275252525252525
1.49499999999999, 10, 1, 0, 15, 0.275252525252525
1.4905, 12, 1, 4, 61, 0.084023548930301
1.4905, 12, 1, 4, 61, 0.084023548930301
1.48809407564217, 9, 3, 2, 2, 0.181818181818182
1.48633845405415, 11, 2, 2, 3, 0.363636363636364
1.48633845405411, 11, 2, 2, 3, 0.363636363636364
1.48515994275217, 10, 2, 3, 3, 0.800505050505051
1.47733333333332, 12, 1, 3, 3, 0.800505050505051
1.47400000000002, 13, 1, 0, 8, 0.0467171717171717
1.47399999999999, 13, 1, 0, 8, 0.0467171717171717
1.47337482973236, 9, 2, 2, 1, 0.0454545454545454
1.47200000000001, 5, 1, 0, 11, 0.103535353535354
1.46653946418091, 7, 2, 3, 3, 0.800505050505051
1.46653946418089, 7, 2, 3, 3, 0.800505050505051
1.46621461804634, 10, 5, 4, 41, 0.0589841673467433
1.46531498320328, 9, 3, 0, 2, 0.00416666666666667
1.46531498320323, 9, 3, 0, 2, 0.00416666666666667
1.46433333333329, 10, 9, 0, 9, 0.0618686868686869
1.46064875308808, 9, 17, 4, 25, 0.0319165363830463
1.45, 11, 1, 0, 16, 0.351010101010101
1.45, 11, 1, 0, 16, 0.351010101010101
1.43731238389186, 10, 2, 4, 14, 0.0167757737040485
1.434, 8, 1, 2, 3, 0.363636363636364
1.42989999999998, 10, 4, 0, 7, 0.0353535353535354
1.4286385407093, 14, 2, 4, 68, 0.0971476980300399
1.42699999999999, 10, 1, 3, 3, 0.800505050505051
1.42599867539286, 9, 2, 0, 11, 0.103535353535354
1.42505586635129, 9, 2, 4, 41, 0.0589841673467433
1.422, 9, 1, 3, 3, 0.800505050505051
1.422, 9, 1, 3, 3, 0.800505050505051
1.42128463018495, 9, 2, 0, 2, 0.00416666666666667
1.41999999999999, 11, 1, 0, 9, 0.0618686868686869
1.41845620306023, 12, 2, 0, 8, 0.0467171717171717
1.41749999999999, 12, 1, 0, 7, 0.0353535353535354
1.41542574542658, 10, 2, 0, 19, 0.70959595959596
1.4145, 11, 1, 4, 66, 0.0931101613156405
1.4145, 11, 1, 4, 66, 0.0931101613156405
1.41316666666665, 9, 4, 0, 11, 0.103535353535354
1.41044232620676, 12, 2, 2, 5, 0.863636363636364
1.40966666666668, 10, 4, 0, 4, 0.0126262626262626
1.40666666666669, 14, 1, 0, 7, 0.0353535353535354
1.40296115413079, 11, 3, 0, 7, 0.0353535353535354
1.40296115413075, 10, 3, 0, 9, 0.0618686868686869
1.40018957421839, 9, 6, 0, 6, 0.026010101010101
1.39, 12, 1, 0, 8, 0.0467171717171717
1.39, 10, 1, 0, 13, 0.170454545454545
1.39, 10, 1, 0, 13, 0.170454545454545
1.38999999999999, 12, 1, 0, 8, 0.0467171717171717
1.38900000000001, 8, 4, 4, 76, 0.20691329301129
1.38805061146921, 8, 2, 4, 9, 0.0079337803296631
1.38805061146919, 8, 2, 4, 9, 0.0079337803296631
1.387, 11, 1, 3, 3, 0.800505050505051
1.387, 11, 1, 3, 3, 0.800505050505051
1.38637368699796, 9, 7, 2, 5, 0.863636363636364
1.38637368699774, 9, 7, 2, 5, 0.863636363636364
1.3859292911257, 14, 2, 0, 9, 0.0618686868686869
1.38500000000002, 10, 1, 4, 93, 0.471038215796977
1.38250000000002, 10, 4, 0, 8, 0.0467171717171717
1.38249999999996, 10, 4, 0, 8, 0.0467171717171717
1.38099558290386, 9, 5, 0, 14, 0.217171717171717
1.38070000000002, 11, 4, 1, 10, 0.240990990990991
1.3785, 14, 1, 4, 70, 0.136274845408473
1.37849999999999, 14, 1, 4, 70, 0.136274845408473
1.37333333333333, 9, 1, 0, 13, 0.170454545454545
1.371, 7, 1, 4, 91, 0.438747575486957
1.37, 9, 1, 0, 14, 0.217171717171717
1.36999999999999, 9, 1, 0, 14, 0.217171717171717
1.36933333333334, 11, 1, 0, 7, 0.0353535353535354
1.36500000000001, 11, 1, 0, 19, 0.70959595959596
1.36499999999998, 11, 1, 0, 19, 0.70959595959596
1.36425000000003, 9, 4, 3, 3, 0.800505050505051
1.36424999999997, 9, 4, 3, 3, 0.800505050505051
1.36235906508611, 9, 2, 0, 2, 0.00416666666666667
1.36000204248212, 8, 2, 0, 13, 0.170454545454545
1.35566666666668, 13, 1, 4, 56, 0.078725036164931
1.35293097467028, 10, 2, 0, 10, 0.0808080808080808
1.35245957014951, 10, 2, 3, 3, 0.800505050505051
1.35198816562868, 12, 2, 1, 1, 0.0337837837837838
1.35040000000004, 8, 4, 0, 13, 0.170454545454545
1.35000000000001, 12, 1, 0, 3, 0.00795454545454546
1.34999999999999, 12, 1, 0, 3, 0.00795454545454546
1.34845928871928, 8, 3, 4, 13, 0.0149040473935306
1.34457142857141, 11, 4, 1, 3, 0.105855855855856
1.33979903468144, 11, 3, 1, 4, 0.128378378378378
1.33866666666667, 8, 1, 4, 93, 0.471038215796977
1.33666666666667, 10, 1, 4, 6, 0.00648491626136443
1.33613833350388, 10, 6, 0, 6, 0.026010101010101
1.32936074863075, 8, 2, 0, 2, 0.00416666666666667
1.32866666666666, 8, 1, 4, 103, 0.865041948010276
1.32727404974447, 8, 5, 0, 15, 0.275252525252525
1.32599999999999, 11, 1, 4, 11, 0.00893715698736393
1.3256740368144, 7, 13, 1, 8, 0.202702702702703
1.325, 10, 1, 0, 6, 0.026010101010101
1.325, 10, 1, 0, 6, 0.026010101010101
1.325, 11, 1, 0, 3, 0.00795454545454546
1.325, 11, 1, 0, 3, 0.00795454545454546
1.31999999999999, 14, 1, 0, 4, 0.0126262626262626
1.31999999999999, 14, 1, 0, 4, 0.0126262626262626
1.31599999999997, 9, 1, 3, 2, 0.400252525252525
1.31533646413721, 10, 8, 0, 4, 0.0126262626262626
1.31500000000001, 10, 1, 0, 2, 0.00416666666666667
1.315, 10, 1, 0, 2, 0.00416666666666667
1.315, 13, 1, 0, 6, 0.026010101010101
1.315, 13, 1, 0, 6, 0.026010101010101
1.31396673406576, 8, 3, 4, 7, 0.00691788872168195
1.31127793138347, 10, 3, 3, 3, 0.800505050505051
1.30814754519509, 8, 2, 4, 101, 0.73090184972689
1.307, 9, 1, 3, 3, 0.800505050505051
1.30573684210515, 8, 4, 4, 22, 0.0286232599694077
1.3055, 9, 1, 3, 3, 0.800505050505051
1.30466727080127, 10, 3, 4, 2, 0.000339506812356317
1.30333333333334, 12, 1, 0, 3, 0.00795454545454546
1.29589102765454, 12, 2, 0, 2, 0.00416666666666667
1.29379332544369, 13, 23, 2, 4, 0.590909090909091
1.29297592785016, 7, 3, 0, 14, 0.217171717171717
1.29297592785016, 7, 3, 0, 14, 0.217171717171717
1.28693434175953, 10, 2, 4, 20, 0.0246350245742943
1.28693434175951, 10, 2, 4, 20, 0.0246350245742943
1.28691375002367, 9, 3, 0, 16, 0.351010101010101
1.28691375002367, 9, 3, 0, 16, 0.351010101010101
1.2862272349783, 8, 8, 3, 2, 0.400252525252525
1.285, 11, 1, 0, 6, 0.026010101010101
1.285, 11, 1, 0, 6, 0.026010101010101
1.28434161689514, 9, 2, 4, 25, 0.0319165363830463
1.28269170107239, 6, 2, 4, 8, 0.00740754908006669
1.28, 10, 1, 0, 2, 0.00416666666666667
1.28, 10, 1, 0, 2, 0.00416666666666667
1.28, 12, 1, 0, 4, 0.0126262626262626
1.27999999999999, 12, 1, 0, 4, 0.0126262626262626
1.27999999999997, 11, 1, 0, 8, 0.0467171717171717
1.27333333333331, 9, 1, 0, 17, 0.444444444444444
1.26612557651694, 7, 5, 1, 5, 0.141891891891892
1.2635310641215, 11, 3, 4, 102, 0.786411515216059
1.26077139085563, 12, 2, 4, 78, 0.219710950157435
1.26077139085563, 9, 2, 3, 1, 0.0997474747474748
1.26077139085558, 9, 2, 3, 1, 0.0997474747474748
1.26000000000001, 8, 1, 0, 6, 0.026010101010101
1.25999999999999, 8, 1, 0, 6, 0.026010101010101
1.25800000000001, 12, 1, 3, 3, 0.800505050505051
1.25800000000001, 12, 1, 3, 3, 0.800505050505051
1.25675, 9, 1, 4, 16, 0.0186420699741554
1.25, 10, 1, 0, 11, 0.103535353535354
1.25, 10, 1, 0, 11, 0.103535353535354
1.248, 12, 1, 0, 9, 0.0618686868686869
1.247, 13, 1, 3, 3, 0.800505050505051
1.2463548936131, 10, 3, 4, 80, 0.244079764845808
1.24333333333334, 18, 1, 0, 7, 0.0353535353535354
1.23649405803486, 12, 2, 1, 2, 0.0788288288288288
1.2355, 9, 1, 4, 94, 0.486490559366218
1.23549999999999, 9, 1, 4, 94, 0.486490559366218
1.22649999999999, 11, 1, 4, 68, 0.0971476980300399
1.22466666666668, 13, 1, 3, 1, 0.0997474747474748
1.22425000000001, 10, 1, 4, 75, 0.204510284651682
1.22266666666667, 13, 1, 4, 98, 0.624936765886549
1.21266666666665, 11, 1, 3, 3, 0.800505050505051
1.20500000000001, 11, 1, 0, 6, 0.026010101010101
1.205, 11, 1, 0, 6, 0.026010101010101
1.20400000000001, 12, 4, 0, 5, 0.0184343434343434
1.20366666666668, 12, 1, 1, 9, 0.227477477477477
1.202, 11, 1, 4, 42, 0.0614175149797577
1.202, 11, 1, 4, 42, 0.0614175149797577
1.20000000000002, 12, 1, 0, 6, 0.026010101010101
1.19999999999999, 12, 1, 0, 6, 0.026010101010101
1.19789328015941, 9, 8, 0, 11, 0.103535353535354
1.19500000000001, 12, 1, 0, 7, 0.0353535353535354
1.19499999999999, 10, 1, 0, 10, 0.0808080808080808
1.19499999999999, 10, 1, 0, 10, 0.0808080808080808
1.19499999999999, 12, 1, 0, 7, 0.0353535353535354
1.19364543835551, 11, 3, 0, 7, 0.0353535353535354
1.19000000000001, 13, 1, 0, 8, 0.0467171717171717
1.18939999999992, 17, 4, 3, 1, 0.0997474747474748
1.18933333333337, 14, 4, 4, 55, 0.0776266165618163
1.18800000000002, 13, 1, 4, 45, 0.0660434784542375
1.1845, 9, 1, 3, 2, 0.400252525252525
1.1845, 9, 1, 3, 2, 0.400252525252525
1.18000000000001, 14, 1, 0, 3, 0.00795454545454546
1.18000000000001, 12, 1, 0, 16, 0.351010101010101
1.17999999999999, 12, 1, 0, 16, 0.351010101010101
1.17999999999998, 14, 1, 0, 3, 0.00795454545454546
1.17851130197759, 12, 2, 0, 6, 0.026010101010101
1.17733279067562, 11, 2, 0, 9, 0.0618686868686869
1.17500000000001, 12, 1, 0, 3, 0.00795454545454546
1.175, 12, 1, 0, 3, 0.00795454545454546
1.16884848484844, 10, 9, 4, 42, 0.0614175149797577
1.1664784838707, 14, 3, 4, 68, 0.0971476980300399
1.16500000000001, 12, 1, 4, 45, 0.0660434784542375
1.16433333333333, 12, 1, 1, 26, 0.943693693693694
1.16389776183307, 8, 2, 4, 81, 0.26159379994883
1.16389776183305, 8, 2, 4, 81, 0.26159379994883
1.15816463999439, 12, 3, 0, 8, 0.0467171717171717
1.15682669402121, 9, 2, 4, 78, 0.219710950157435
1.15682669402117, 9, 2, 4, 78, 0.219710950157435
1.15133333333333, 13, 1, 1, 26, 0.943693693693694
1.15000000000001, 13, 1, 3, 1, 0.0997474747474748
1.14966666666666, 10, 1, 0, 6, 0.026010101010101
1.14857711490735, 12, 2, 4, 38, 0.0506681897441603
1.1425, 8, 1, 4, 92, 0.455244555401909
1.1425, 8, 1, 4, 92, 0.455244555401909
1.14000000000001, 12, 1, 0, 11, 0.103535353535354
1.13999999999999, 12, 1, 0, 11, 0.103535353535354
1.13999999999999, 11, 1, 0, 10, 0.0808080808080808
1.13999755262895, 9, 2, 4, 61, 0.084023548930301
1.12700000000002, 7, 1, 0, 2, 0.00416666666666667
1.12150289790081, 13, 3, 0, 6, 0.026010101010101
1.12, 11, 1, 0, 5, 0.0184343434343434
1.12, 11, 1, 0, 5, 0.0184343434343434
1.11855294568813, 8, 13, 1, 10, 0.240990990990991
1.11370866926681, 11, 3, 2, 5, 0.863636363636364
1.11370866926676, 11, 3, 2, 5, 0.863636363636364
1.11356525362195, 10, 6, 2, 4, 0.590909090909091
1.11298607358763, 9, 2, 4, 61, 0.084023548930301
1.11100000000005, 11, 4, 0, 8, 0.0467171717171717
1.11015764646289, 11, 2, 0, 8, 0.0467171717171717
1.11015764646285, 11, 2, 0, 8, 0.0467171717171717
1.10544360125497, 12, 2, 4, 90, 0.412079181780135
1.10544360125497, 12, 2, 0, 4, 0.0126262626262626
1.09295138145401, 13, 2, 3, 3, 0.800505050505051
1.09176935903759, 12, 3, 0, 4, 0.0126262626262626
1.0885, 10, 1, 4, 68, 0.0971476980300399
1.0885, 10, 1, 4, 68, 0.0971476980300399
1.08500000000001, 12, 1, 0, 4, 0.0126262626262626
1.08499999999999, 12, 1, 0, 4, 0.0126262626262626
1.08227743623323, 9, 2, 4, 14, 0.0167757737040485
1.07866666666665, 10, 1, 2, 4, 0.590909090909091
1.075, 9, 1, 0, 13, 0.170454545454545
1.075, 9, 1, 0, 13, 0.170454545454545
1.075, 10, 1, 0, 15, 0.275252525252525
1.075, 10, 1, 0, 15, 0.275252525252525
1.07387150069271, 10, 3, 0, 15, 0.275252525252525
1.07126677349761, 10, 2, 0, 18, 0.558080808080808
1.07126677349761, 10, 2, 0, 18, 0.558080808080808
1.06665462232785, 13, 3, 0, 10, 0.0808080808080808
1.065, 11, 1, 0, 11, 0.103535353535354
1.065, 11, 1, 0, 11, 0.103535353535354
1.06333485828, 12, 3, 0, 9, 0.0618686868686869
1.06, 14, 1, 4, 67, 0.0942557274601005
1.06, 14, 1, 4, 67, 0.0942557274601005
1.06, 12, 1, 0, 10, 0.0808080808080808
1.06, 12, 1, 0, 10, 0.0808080808080808
1.05877455369668, 11, 2, 4, 5, 0.00604237658698964
1.05532183084907, 13, 6, 2, 4, 0.590909090909091
1.05335340170758, 13, 2, 3, 1, 0.0997474747474748
1.05000000000001, 12, 1, 1, 26, 0.943693693693694
1.05, 12, 1, 1, 26, 0.943693693693694
1.04463241807296, 12, 2, 3, 3, 0.800505050505051
1.04086118190658, 5, 2, 0, 11, 0.103535353535354
1.03944696834424, 10, 2, 0, 10, 0.0808080808080808
1.03944696834416, 10, 2, 0, 10, 0.0808080808080808
1.03836445913755, 9, 3, 2, 5, 0.863636363636364
1.03700000000001, 12, 1, 3, 3, 0.800505050505051
1.03699999999999, 12, 1, 3, 3, 0.800505050505051
1.03500000000001, 13, 1, 0, 3, 0.00795454545454546
1.035, 13, 1, 0, 3, 0.00795454545454546
1.03499999999997, 7, 16, 3, 1, 0.0997474747474748
1.02107352941169, 8, 16, 4, 34, 0.0437591097547004
1.02, 9, 1, 0, 14, 0.217171717171717
1.02, 9, 1, 0, 14, 0.217171717171717
1.015, 11, 1, 0, 14, 0.217171717171717
1.015, 11, 1, 0, 14, 0.217171717171717
1.01333220103767, 15, 3, 1, 4, 0.128378378378378
1.00904137675322, 10, 2, 3, 3, 0.800505050505051
1.00500000000002, 10, 1, 0, 10, 0.0808080808080808
1.005, 10, 1, 0, 10, 0.0808080808080808
1.00409162928491, 11, 2, 0, 9, 0.0618686868686869
1.00399999999999, 13, 1, 4, 39, 0.051987603372886
1.0019913921786, 11, 3, 3, 3, 0.800505050505051
1.00034396334448, 9, 8, 0, 8, 0.0467171717171717
0.994663538869056, 14, 2, 0, 7, 0.0353535353535354
0.994500000000002, 8, 1, 4, 86, 0.339097714835584
0.994500000000002, 8, 1, 4, 86, 0.339097714835584
0.994091935139923, 12, 5, 1, 6, 0.164414414414414
0.993333333333339, 10, 1, 0, 7, 0.0353535353535354
0.99277792078591, 12, 2, 0, 6, 0.026010101010101
0.99199999999999, 11, 1, 0, 6, 0.026010101010101
0.985428571428542, 16, 4, 4, 55, 0.0776266165618163
0.985103896804814, 12, 3, 0, 2, 0.00416666666666667
0.980010842644466, 11, 3, 4, 46, 0.0667300768973018
0.979032461789338, 11, 11, 1, 12, 0.313063063063063
0.978999999999999, 10, 1, 4, 65, 0.0928774452980315
0.978999999999999, 10, 1, 4, 65, 0.0928774452980315
0.978746115794915, 9, 6, 3, 3, 0.800505050505051
0.977645835668518, 12, 2, 0, 3, 0.00795454545454546
0.974666666666664, 11, 1, 2, 5, 0.863636363636364
0.973380566834563, 8, 6, 1, 3, 0.105855855855856
0.971141033355512, 17, 6, 3, 1, 0.0997474747474748
0.971093312829526, 9, 2, 0, 13, 0.170454545454545
0.969443397006763, 7, 2, 4, 91, 0.438747575486957
0.968264885704767, 11, 2, 0, 7, 0.0353535353535354
0.966000000000008, 10, 1, 3, 2, 0.400252525252525
0.96542234928552, 10, 5, 4, 80, 0.244079764845808
0.964022245017667, 11, 2, 0, 9, 0.0618686868686869
0.961288198200739, 11, 3, 0, 9, 0.0618686868686869
0.960000000000008, 9, 1, 4, 90, 0.412079181780135
0.959999999999994, 9, 1, 4, 90, 0.412079181780135
0.958601093028551, 13, 2, 4, 56, 0.078725036164931
0.951765727477096, 12, 2, 3, 3, 0.800505050505051
0.951765727477096, 12, 2, 3, 3, 0.800505050505051
0.951473243624534, 12, 3, 0, 11, 0.103535353535354
0.9506343566272, 10, 2, 2, 5, 0.863636363636364
0.950000000000003, 11, 1, 0, 9, 0.0618686868686869
0.949999999999989, 11, 1, 0, 9, 0.0618686868686869
0.946580277748383, 8, 2, 4, 93, 0.471038215796977
0.945166064186003, 10, 2, 4, 6, 0.00648491626136443
0.945000000000007, 11, 1, 0, 14, 0.217171717171717
0.945000000000007, 10, 1, 0, 15, 0.275252525252525
0.944999999999993, 11, 1, 0, 14, 0.217171717171717
0.944999999999993, 10, 1, 0, 15, 0.275252525252525
0.942431917965445, 9, 2, 0, 13, 0.170454545454545
0.942000000000007, 6, 1, 0, 7, 0.0353535353535354
0.939999999999998, 12, 1, 0, 10, 0.0808080808080808
0.939999999999998, 12, 1, 0, 10, 0.0808080808080808
0.939509209936524, 8, 2, 4, 103, 0.865041948010276
0.937286922724418, 10, 3, 1, 22, 0.632882882882883
0.937039486894757, 11, 3, 3, 3, 0.800505050505051
0.937000000000012, 8, 1, 3, 3, 0.800505050505051
0.936999999999983, 8, 1, 3, 3, 0.800505050505051
0.935333333333332, 12, 1, 4, 32, 0.0409687585124503
0.935000000000002, 13, 1, 0, 6, 0.026010101010101
0.934999999999974, 13, 1, 0, 6, 0.026010101010101
0.934088057947448, 12, 2, 0, 1, 0.00126262626262626
0.932500000000005, 12, 1, 4, 92, 0.455244555401909
0.932500000000005, 12, 1, 4, 92, 0.455244555401909
0.931666666666686, 7, 1, 0, 16, 0.351010101010101
0.930804103987499, 9, 3, 4, 61, 0.084023548930301
0.930552524041518, 9, 2, 3, 2, 0.400252525252525
0.930000000000007, 12, 1, 0, 3, 0.00795454545454546
0.929999999999993, 12, 1, 0, 3, 0.00795454545454546
0.92871356665492, 11, 5, 0, 9, 0.0618686868686869
0.926309883354379, 9, 2, 0, 14, 0.217171717171717
0.926309883354359, 9, 2, 0, 14, 0.217171717171717
0.925000000000011, 15, 1, 0, 7, 0.0353535353535354
0.924999999999983, 15, 1, 0, 7, 0.0353535353535354
0.924188563010809, 9, 2, 3, 3, 0.800505050505051
0.921595838146473, 12, 2, 0, 3, 0.00795454545454546
0.920296329088268, 11, 3, 0, 19, 0.70959595959596
0.911267793645539, 9, 8, 2, 2, 0.181818181818182
0.909999999999997, 10, 1, 0, 13, 0.170454545454545
0.909999999999997, 10, 1, 0, 13, 0.170454545454545
0.909750000000003, 12, 1, 1, 24, 0.743243243243243
0.909333333333336, 11, 1, 4, 50, 0.0708643200456854
0.908166666666716, 9, 4, 4, 25, 0.0319165363830463
0.907999999999987, 12, 1, 4, 43, 0.0622011646212767
0.905096679918802, 11, 2, 0, 8, 0.0467171717171717
0.900382634710896, 9, 2, 0, 17, 0.444444444444444
0.900000000000006, 8, 1, 0, 13, 0.170454545454545
0.899999999999991, 8, 1, 0, 13, 0.170454545454545
0.899722668381786, 9, 2, 1, 3, 0.105855855855856
0.898666666666657, 12, 1, 4, 55, 0.0776266165618163
0.89519384287789, 10, 5, 0, 19, 0.70959595959596
0.892006165897997, 12, 3, 0, 1, 0.00126262626262626
0.890000000000015, 13, 1, 0, 2, 0.00416666666666667
0.890000000000015, 11, 1, 0, 14, 0.217171717171717
0.890000000000001, 13, 1, 0, 2, 0.00416666666666667
0.890000000000001, 11, 1, 0, 14, 0.217171717171717
0.890000000000001, 11, 1, 0, 14, 0.217171717171717
0.890000000000001, 10, 1, 0, 16, 0.351010101010101
0.890000000000001, 10, 1, 0, 16, 0.351010101010101
0.888027529335182, 8, 7, 4, 99, 0.6623678444522
0.884999999999991, 13, 1, 4, 78, 0.219710950157435
0.884999999999991, 13, 1, 4, 78, 0.219710950157435
0.884666666666675, 12, 1, 0, 14, 0.217171717171717
0.882469262920805, 12, 2, 0, 9, 0.0618686868686869
0.881762156139635, 13, 2, 3, 3, 0.800505050505051
0.88103651078335, 12, 3, 2, 5, 0.863636363636364
0.879999999999995, 12, 1, 0, 7, 0.0353535353535354
0.879999999999995, 12, 1, 0, 7, 0.0353535353535354
0.879999999999995, 13, 1, 0, 8, 0.0467171717171717
0.879169431275278, 18, 2, 0, 7, 0.0353535353535354
0.877750000000006, 10, 1, 1, 2, 0.0788288288288288
0.8775714285714, 15, 4, 1, 4, 0.128378378378378
0.875, 12, 1, 0, 4, 0.0126262626262626
0.875, 12, 1, 0, 4, 0.0126262626262626
0.875, 9, 1, 0, 6, 0.026010101010101
0.875, 9, 1, 0, 6, 0.026010101010101
0.870000000000005, 11, 1, 0, 9, 0.0618686868686869
0.869999999999976, 11, 1, 0, 9, 0.0618686868686869
0.867500000000007, 12, 1, 0, 5, 0.0184343434343434
0.865970104693113, 13, 2, 3, 1, 0.0997474747474748
0.865000000000009, 14, 1, 4, 68, 0.0971476980300399
0.864999999999995, 14, 1, 4, 68, 0.0971476980300399
0.864555891130754, 13, 2, 4, 98, 0.624936765886549
0.863276364574298, 8, 2, 2, 3, 0.363636363636364
0.857484823318895, 11, 2, 3, 3, 0.800505050505051
0.853999999999999, 14, 1, 3, 1, 0.0997474747474748
0.851120862288185, 12, 2, 1, 9, 0.227477477477477
0.849144434174364, 11, 7, 4, 56, 0.078725036164931
0.848714285714266, 11, 4, 4, 46, 0.0667300768973018
0.84145706961199, 13, 2, 0, 8, 0.0467171717171717
0.835000000000008, 12, 1, 0, 13, 0.170454545454545
0.835000000000008, 12, 1, 0, 13, 0.170454545454545
0.831101880094664, 11, 7, 2, 5, 0.863636363636364
0.830500000000001, 10, 1, 4, 10, 0.00844094610403909
0.830500000000001, 10, 1, 4, 10, 0.00844094610403909
0.828333333333333, 8, 1, 3, 1, 0.0997474747474748
0.827920286017889, 8, 3, 2, 3, 0.363636363636364
0.825000000000017, 13, 1, 0, 2, 0.00416666666666667
0.824999999999989, 13, 1, 0, 2, 0.00416666666666667
0.823779400082322, 12, 2, 4, 45, 0.0660434784542375
0.823655639512062, 12, 5, 0, 9, 0.0618686868686869
0.823307995561536, 12, 2, 1, 26, 0.943693693693694
0.822500000000005, 13, 1, 3, 2, 0.400252525252525
0.822499999999991, 13, 1, 3, 2, 0.400252525252525
0.820000000000007, 15, 1, 0, 6, 0.026010101010101
0.819999999999993, 15, 1, 0, 6, 0.026010101010101
0.819000000000003, 9, 1, 4, 70, 0.136274845408473
0.818394006576289, 12, 3, 0, 7, 0.0353535353535354
0.817499999999995, 19, 1, 0, 7, 0.0353535353535354
0.815000000000012, 14, 1, 0, 9, 0.0618686868686869
0.814999999999998, 14, 1, 0, 9, 0.0618686868686869
0.814115607406087, 13, 2, 1, 26, 0.943693693693694
0.813172798364554, 13, 2, 3, 1, 0.0997474747474748
0.81293709610415, 10, 2, 0, 6, 0.026010101010101
0.81171428571426, 10, 4, 1, 22, 0.632882882882883
0.810599777942241, 12, 3, 0, 6, 0.026010101010101
0.810000000000002, 12, 1, 0, 6, 0.026010101010101
0.810000000000002, 14, 1, 0, 9, 0.0618686868686869
0.810000000000002, 14, 1, 0, 9, 0.0618686868686869
0.809750000000008, 13, 1, 4, 89, 0.391602757964068
0.809637264458584, 14, 2, 0, 5, 0.0184343434343434
0.809637264458584, 14, 2, 0, 5, 0.0184343434343434
0.808750000000003, 11, 1, 0, 9, 0.0618686868686869
0.808599999999984, 11, 4, 1, 9, 0.227477477477477
0.807999999999936, 9, 4, 4, 53, 0.0751545691169847
0.806101730552695, 11, 2, 0, 10, 0.0808080808080808
0.805000000000007, 11, 1, 0, 10, 0.0808080808080808
0.804999999999978, 11, 1, 0, 10, 0.0808080808080808
0.803744707948702, 18, 2, 0, 6, 0.026010101010101
0.800000000000011, 12, 1, 0, 17, 0.444444444444444
0.800000000000011, 12, 1, 0, 17, 0.444444444444444
0.798244482181566, 12, 3, 0, 3, 0.00795454545454546
0.798000000000002, 12, 1, 4, 37, 0.0486682110506046
0.796909342397226, 7, 2, 0, 2, 0.00416666666666667
0.791333333333327, 13, 1, 2, 4, 0.590909090909091
0.789999999999992, 12, 1, 0, 8, 0.0467171717171717
0.789999999999992, 12, 1, 0, 8, 0.0467171717171717
0.788000000000011, 7, 1, 3, 3, 0.800505050505051
0.787999999999997, 7, 1, 3, 3, 0.800505050505051
0.787858375598079, 8, 2, 4, 28, 0.0358931359772792
0.782499999999999, 15, 1, 1, 1, 0.0337837837837838
0.779938779648788, 8, 2, 0, 18, 0.558080808080808
0.779938779648748, 8, 2, 0, 18, 0.558080808080808
0.776189701898529, 10, 3, 2, 5, 0.863636363636364
0.776139194990171, 11, 5, 3, 3, 0.800505050505051
0.775000000000006, 10, 1, 4, 90, 0.412079181780135
0.775000000000006, 12, 1, 0, 13, 0.170454545454545
0.774999999999991, 10, 1, 4, 90, 0.412079181780135
0.774999999999977, 12, 4, 0, 7, 0.0353535353535354
0.774999999999977, 12, 1, 0, 13, 0.170454545454545
0.774000000000001, 13, 1, 4, 41, 0.0589841673467433
0.774000000000001, 13, 1, 4, 41, 0.0589841673467433
0.77000000000001, 9, 1, 0, 3, 0.00795454545454546
0.769999999999982, 9, 1, 0, 3, 0.00795454545454546
0.769499999999994, 11, 4, 0, 11, 0.103535353535354
0.769492438775879, 9, 3, 0, 13, 0.170454545454545
0.765566456945456, 11, 3, 4, 11, 0.00893715698736393
0.765000000000001, 12, 1, 0, 14, 0.217171717171717
0.765000000000001, 12, 1, 0, 14, 0.217171717171717
0.762732514639907, 10, 2, 2, 4, 0.590909090909091
0.762666666666661, 9, 1, 4, 12, 0.0115508595340253
0.761099999999999, 9, 4, 4, 76, 0.20691329301129
0.755000000000024, 13, 1, 0, 8, 0.0467171717171717
0.754999999999995, 13, 1, 0, 8, 0.0467171717171717
0.75373077642707, 9, 3, 3, 3, 0.800505050505051
0.75066666666666, 12, 1, 4, 56, 0.078725036164931
0.750399999999999, 12, 1, 0, 9, 0.0618686868686869
0.75, 11, 1, 0, 14, 0.217171717171717
0.75, 11, 1, 0, 14, 0.217171717171717
0.749000000000009, 13, 1, 1, 4, 0.128378378378378
0.748999999999995, 13, 1, 1, 4, 0.128378378378378
0.748666666666622, 11, 4, 4, 5, 0.00604237658698964
0.746000000000009, 12, 1, 3, 3, 0.800505050505051
0.744833333333332, 13, 4, 3, 1, 0.0997474747474748
0.740410480930743, 10, 3, 3, 2, 0.400252525252525
0.739999999999995, 12, 1, 0, 9, 0.0618686868686869
0.736666666666679, 10, 1, 0, 1, 0.00126262626262626
0.734999999999999, 12, 1, 3, 1, 0.0997474747474748
0.734999999999999, 12, 1, 3, 1, 0.0997474747474748
0.73462048251685, 9, 3, 1, 3, 0.105855855855856
0.733333333333334, 12, 1, 4, 52, 0.0736969911266934
0.730955564442892, 11, 8, 0, 7, 0.0353535353535354
0.730000000000004, 13, 1, 0, 9, 0.0618686868686869
0.730000000000004, 13, 1, 0, 9, 0.0618686868686869
0.72999999999999, 7, 1, 0, 10, 0.0808080808080808
0.727906701897039, 12, 6, 4, 78, 0.219710950157435
0.725584950804077, 9, 3, 4, 16, 0.0186420699741554
0.725000000000009, 14, 1, 0, 16, 0.351010101010101
0.724999999999994, 14, 1, 0, 16, 0.351010101010101
0.724499999999992, 11, 1, 4, 97, 0.601622068566827
0.724499999999992, 11, 1, 4, 97, 0.601622068566827
0.719999999999999, 15, 1, 0, 7, 0.0353535353535354
0.719999999999999, 15, 1, 0, 7, 0.0353535353535354
0.719172238885611, 10, 3, 4, 69, 0.110861739138859
0.718999556054974, 15, 14, 1, 6, 0.164414414414414
0.714001072303074, 10, 2, 1, 5, 0.141891891891892
0.712499999999991, 7, 1, 0, 6, 0.026010101010101
0.710000000000008, 8, 1, 0, 4, 0.0126262626262626
0.7099098909956, 9, 3, 4, 34, 0.0437591097547004
0.709500000000006, 12, 1, 4, 38, 0.0506681897441603
0.709499999999991, 12, 1, 4, 38, 0.0506681897441603
0.708120105161077, 11, 3, 4, 68, 0.0971476980300399
0.706821067055382, 10, 3, 4, 75, 0.204510284651682
0.705333333333328, 11, 1, 0, 14, 0.217171717171717
0.704999999999998, 13, 1, 0, 8, 0.0467171717171717
0.704999999999998, 13, 1, 0, 8, 0.0467171717171717
0.702392735978641, 10, 2, 0, 7, 0.0353535353535354
0.69550000000001, 17, 1, 1, 6, 0.164414414414414
0.695499999999981, 17, 1, 1, 6, 0.164414414414414
0.694999999999993, 13, 1, 0, 1, 0.00126262626262626
0.694999999999993, 13, 1, 0, 1, 0.00126262626262626
0.692376460287669, 9, 15, 1, 11, 0.272522522522523
0.689999999999998, 11, 1, 0, 7, 0.0353535353535354
0.689999999999998, 11, 1, 0, 7, 0.0353535353535354
0.689193409396476, 11, 2, 2, 5, 0.863636363636364
0.686666666666667, 13, 1, 0, 7, 0.0353535353535354
0.686500000000009, 8, 1, 3, 3, 0.800505050505051
0.686499999999995, 8, 1, 3, 3, 0.800505050505051
0.686196747209749, 8, 11, 4, 7, 0.00691788872168195
0.68549999999999, 11, 1, 4, 28, 0.0358931359772792
0.68549999999999, 11, 1, 4, 28, 0.0358931359772792
0.684492351740907, 9, 5, 4, 14, 0.0167757737040485
0.683065150626211, 10, 2, 3, 2, 0.400252525252525
0.681666666666672, 11, 4, 0, 9, 0.0618686868686869
0.680000000000007, 12, 1, 0, 13, 0.170454545454545
0.679999999999978, 12, 1, 4, 12, 0.0115508595340253
0.674279605867298, 8, 15, 4, 22, 0.0286232599694077
0.673000000000002, 9, 1, 4, 60, 0.0833233322906506
0.673000000000002, 9, 1, 4, 60, 0.0833233322906506
0.672812102299007, 10, 2, 3, 1, 0.0997474747474748
0.672812102299007, 10, 2, 3, 1, 0.0997474747474748
0.669999999999987, 12, 1, 0, 11, 0.103535353535354
0.669933167546998, 12, 2, 3, 1, 0.0997474747474748
0.669633333333294, 9, 9, 1, 10, 0.240990990990991
0.668074486865081, 12, 2, 1, 26, 0.943693693693694
0.661380542669847, 12, 2, 4, 32, 0.0409687585124503
0.660499999999985, 12, 4, 0, 1, 0.00126262626262626
0.659999999999997, 11, 1, 0, 9, 0.0618686868686869
0.659999999999997, 11, 1, 0, 9, 0.0618686868686869
0.659999999999997, 13, 1, 0, 1, 0.00126262626262626
0.659999999999997, 13, 1, 0, 1, 0.00126262626262626
0.658913255123785, 9, 10, 2, 1, 0.0454545454545454
0.65878781780545, 7, 2, 0, 16, 0.351010101010101
0.655000000000001, 11, 1, 0, 9, 0.0618686868686869
0.654999999999987, 11, 1, 0, 9, 0.0618686868686869
0.654499999999999, 8, 1, 4, 85, 0.311682906050061
0.654499999999999, 8, 1, 4, 85, 0.311682906050061
0.653932351241302, 10, 2, 3, 3, 0.800505050505051
0.650000000000006, 11, 1, 0, 8, 0.0467171717171717
0.649000000000001, 9, 1, 4, 92, 0.455244555401909
0.649000000000001, 9, 1, 4, 92, 0.455244555401909
0.64877047173865, 11, 2, 1, 2, 0.0788288288288288
0.64877047173865, 11, 2, 1, 2, 0.0788288288288288
0.647333333333336, 12, 1, 4, 89, 0.391602757964068
0.64500000000001, 13, 1, 0, 1, 0.00126262626262626
0.644999999999996, 13, 1, 0, 1, 0.00126262626262626
0.643283669931046, 8, 3, 4, 28, 0.0358931359772792
0.642995766358949, 11, 2, 4, 50, 0.0708643200456854
0.642052957317396, 12, 2, 4, 43, 0.0622011646212767
0.642052957317376, 16, 2, 3, 1, 0.0997474747474748
0.642052957317376, 16, 2, 3, 1, 0.0997474747474748
0.641214285714284, 10, 4, 3, 2, 0.400252525252525
0.640000000000015, 15, 1, 0, 7, 0.0353535353535354
0.639999999999986, 15, 1, 0, 7, 0.0353535353535354
0.635453294026324, 12, 2, 4, 55, 0.0776266165618163
0.635000000000005, 12, 1, 0, 8, 0.0467171717171717
0.635000000000005, 10, 1, 0, 14, 0.217171717171717
0.634999999999991, 12, 1, 0, 8, 0.0467171717171717
0.634999999999991, 10, 1, 0, 14, 0.217171717171717
0.630499999999998, 8, 1, 4, 79, 0.228732574440079
0.630499999999984, 8, 1, 4, 79, 0.228732574440079
0.630000000000024, 11, 1, 0, 14, 0.217171717171717
0.63000000000001, 12, 1, 0, 7, 0.0353535353535354
0.63000000000001, 12, 1, 0, 13, 0.170454545454545
0.629999999999995, 12, 1, 0, 7, 0.0353535353535354
0.629999999999995, 12, 1, 0, 13, 0.170454545454545
0.629325035255977, 11, 2, 0, 14, 0.217171717171717
0.629249999999999, 14, 1, 4, 65, 0.0928774452980315
0.626000000000005, 7, 1, 3, 1, 0.0997474747474748
0.625553799089685, 12, 2, 0, 14, 0.217171717171717
0.625, 19, 1, 0, 7, 0.0353535353535354
0.625, 19, 1, 0, 7, 0.0353535353535354
0.625, 11, 1, 0, 1, 0.00126262626262626
0.625, 11, 1, 0, 1, 0.00126262626262626
0.62323975142415, 16, 10, 4, 55, 0.0776266165618163
0.622253967444159, 13, 2, 0, 8, 0.0467171717171717
0.620000000000005, 7, 1, 0, 10, 0.0808080808080808
0.61939082976738, 10, 5, 4, 93, 0.471038215796977
0.615000000000009, 11, 1, 0, 1, 0.00126262626262626
0.614999999999995, 11, 1, 0, 1, 0.00126262626262626
0.613, 13, 1, 1, 4, 0.128378378378378
0.61094025894518, 9, 2, 4, 22, 0.0286232599694077
0.61094025894516, 9, 2, 4, 22, 0.0286232599694077
0.610790588382959, 9, 7, 4, 53, 0.0751545691169847
0.6095260453828, 11, 2, 0, 15, 0.275252525252525
0.6095260453828, 11, 2, 0, 15, 0.275252525252525
0.605000000000004, 12, 1, 4, 57, 0.0798737051896258
0.60499999999999, 12, 1, 4, 57, 0.0798737051896258
0.603869191133301, 14, 2, 3, 1, 0.0997474747474748
0.595000000000013, 12, 1, 4, 43, 0.0622011646212767
0.594999999999999, 13, 1, 0, 1, 0.00126262626262626
0.594999999999999, 13, 1, 0, 1, 0.00126262626262626
0.593999999999994, 13, 4, 4, 45, 0.0660434784542375
0.586666666666659, 7, 1, 0, 8, 0.0467171717171717
0.585720117082867, 8, 2, 3, 1, 0.0997474747474748
0.58250000000001, 13, 1, 3, 3, 0.800505050505051
0.582499999999996, 13, 1, 3, 3, 0.800505050505051
0.579659670266404, 13, 3, 4, 39, 0.051987603372886
0.579120453791774, 9, 2, 4, 70, 0.136274845408473
0.577500000000001, 12, 1, 4, 85, 0.311682906050061
0.577500000000001, 12, 1, 4, 85, 0.311682906050061
0.575000000000003, 13, 1, 0, 18, 0.558080808080808
0.574999999999989, 10, 1, 0, 1, 0.00126262626262626
0.574999999999989, 10, 1, 0, 1, 0.00126262626262626
0.574999999999989, 13, 1, 0, 18, 0.558080808080808
0.572756492761105, 12, 2, 0, 6, 0.026010101010101
0.57050000000001, 13, 1, 4, 56, 0.078725036164931
0.570499999999996, 13, 1, 4, 56, 0.078725036164931
0.569000000000003, 13, 1, 1, 10, 0.240990990990991
0.568666666666672, 10, 1, 3, 3, 0.800505050505051
0.568333333333328, 18, 4, 0, 6, 0.026010101010101
0.565000000000026, 13, 1, 0, 1, 0.00126262626262626
0.564999999999998, 13, 1, 0, 1, 0.00126262626262626
0.564271211386866, 12, 2, 4, 37, 0.0486682110506046
0.564069180877929, 9, 2, 2, 3, 0.363636363636364
0.563333333333333, 12, 1, 0, 3, 0.00795454545454546
0.561599999999999, 10, 1, 4, 90, 0.412079181780135
0.560000000000002, 13, 1, 0, 16, 0.351010101010101
0.560000000000002, 8, 1, 0, 15, 0.275252525252525
0.560000000000002, 8, 1, 0, 15, 0.275252525252525
0.559999999999988, 13, 1, 0, 16, 0.351010101010101
0.55955716617896, 13, 2, 2, 4, 0.590909090909091
0.557058722218765, 12, 2, 0, 14, 0.217171717171717
0.555000000000007, 11, 1, 4, 10, 0.00844094610403909
0.555000000000007, 11, 1, 4, 10, 0.00844094610403909
0.555000000000007, 11, 1, 0, 1, 0.00126262626262626
0.554999999999993, 11, 1, 0, 1, 0.00126262626262626
0.551000000000002, 13, 1, 3, 1, 0.0997474747474748
0.551000000000002, 13, 1, 3, 1, 0.0997474747474748
0.545983912448961, 8, 5, 2, 3, 0.363636363636364
0.545480534330301, 12, 3, 1, 26, 0.943693693693694
0.545000000000002, 12, 1, 2, 5, 0.863636363636364
0.541499999999999, 14, 1, 4, 55, 0.0776266165618163
0.541499999999999, 14, 1, 4, 55, 0.0776266165618163
0.539286771784956, 9, 2, 4, 12, 0.0115508595340253
0.539000000000001, 12, 1, 4, 50, 0.0708643200456854
0.538999999999987, 12, 1, 4, 50, 0.0708643200456854
0.537499999999994, 6, 1, 0, 6, 0.026010101010101
0.53666666666669, 13, 1, 0, 6, 0.026010101010101
0.533933528946569, 10, 3, 3, 3, 0.800505050505051
0.530801490410697, 12, 2, 4, 56, 0.078725036164931
0.527501658765151, 12, 2, 3, 3, 0.800505050505051
0.527333333333331, 12, 1, 2, 4, 0.590909090909091
0.527333333333331, 11, 1, 0, 13, 0.170454545454545
0.526999999999987, 10, 1, 4, 90, 0.412079181780135
0.526499999999999, 7, 1, 3, 1, 0.0997474747474748
0.526499999999999, 7, 1, 3, 1, 0.0997474747474748
0.525244407395272, 12, 3, 1, 24, 0.743243243243243
0.523259018078052, 12, 2, 0, 9, 0.0618686868686869
0.520901995474058, 10, 2, 0, 1, 0.00126262626262626
0.520499999999998, 10, 1, 3, 1, 0.0997474747474748
0.520499999999998, 10, 1, 3, 1, 0.0997474747474748
0.52000000000001, 13, 1, 0, 8, 0.0467171717171717
0.519999999999982, 13, 1, 0, 8, 0.0467171717171717
0.518544972870125, 12, 2, 4, 52, 0.0736969911266934
0.518000000000001, 13, 1, 1, 23, 0.698198198198198
0.518000000000001, 13, 1, 1, 23, 0.698198198198198
0.517999999999972, 13, 1, 0, 7, 0.0353535353535354
0.516187950266193, 7, 2, 0, 10, 0.0808080808080808
0.515000000000001, 14, 1, 0, 7, 0.0353535353535354
0.515000000000001, 14, 1, 0, 7, 0.0353535353535354
0.514707764982531, 7, 3, 4, 68, 0.0971476980300399
0.51400000000001, 13, 1, 3, 2, 0.400252525252525
0.512750000000011, 10, 1, 4, 2, 0.000339506812356317
0.506, 10, 1, 4, 16, 0.0186420699741554
0.506, 10, 1, 4, 16, 0.0186420699741554
0.505000000000024, 11, 1, 0, 1, 0.00126262626262626
0.504999999999995, 11, 1, 0, 1, 0.00126262626262626
0.502045814642434, 8, 2, 0, 4, 0.0126262626262626
0.50200000000001, 12, 1, 4, 9, 0.0079337803296631
0.501999999999981, 12, 1, 4, 9, 0.0079337803296631
0.500851358521988, 12, 3, 0, 5, 0.0184343434343434
0.5, 11, 1, 0, 14, 0.217171717171717
0.5, 11, 1, 0, 14, 0.217171717171717
0.5, 10, 1, 0, 14, 0.217171717171717
0.5, 10, 1, 0, 14, 0.217171717171717
0.498745982996948, 11, 2, 0, 14, 0.217171717171717
0.497, 12, 1, 4, 19, 0.0217556379075293
0.497, 12, 1, 4, 19, 0.0217556379075293
0.496666666666641, 9, 1, 0, 10, 0.0808080808080808
0.495000000000005, 11, 1, 0, 11, 0.103535353535354
0.494999999999976, 11, 1, 0, 11, 0.103535353535354
0.493750000000006, 11, 1, 3, 1, 0.0997474747474748
0.490749999999991, 11, 1, 4, 50, 0.0708643200456854
0.490000000000009, 12, 1, 0, 11, 0.103535353535354
0.490000000000009, 12, 1, 0, 6, 0.026010101010101
0.490000000000009, 13, 1, 0, 1, 0.00126262626262626
0.490000000000009, 13, 1, 0, 1, 0.00126262626262626
0.489999999999995, 12, 1, 0, 6, 0.026010101010101
0.489999999999981, 12, 1, 0, 11, 0.103535353535354
0.486000000000004, 9, 1, 4, 10, 0.00844094610403909
0.486000000000004, 9, 1, 4, 10, 0.00844094610403909
0.485546656414723, 13, 2, 0, 7, 0.0353535353535354
0.485000000000014, 14, 1, 0, 7, 0.0353535353535354
0.484999999999999, 10, 1, 1, 3, 0.105855855855856
0.484999999999999, 10, 1, 1, 3, 0.105855855855856
0.484999999999985, 14, 1, 0, 7, 0.0353535353535354
0.482000000000014, 13, 1, 4, 38, 0.0506681897441603
0.481999999999999, 13, 1, 4, 38, 0.0506681897441603
0.480832611206857, 12, 2, 4, 12, 0.0115508595340253
0.480832611206857, 12, 2, 0, 13, 0.170454545454545
0.476500000000001, 11, 1, 2, 4, 0.590909090909091
0.476500000000001, 11, 1, 2, 4, 0.590909090909091
0.471983845062533, 19, 3, 0, 7, 0.0353535353535354
0.471000000000004, 6, 4, 0, 7, 0.0353535353535354
0.469999999999999, 10, 1, 0, 9, 0.0618686868686869
0.469999999999999, 10, 1, 0, 9, 0.0618686868686869
0.467509380476288, 13, 3, 4, 89, 0.391602757964068
0.467333333333329, 11, 1, 0, 7, 0.0353535353535354
0.466932030207079, 11, 3, 0, 9, 0.0618686868686869
0.464749999999995, 11, 1, 4, 58, 0.081739484313027
0.462000000000003, 11, 1, 0, 17, 0.444444444444444
0.460000000000008, 11, 1, 0, 17, 0.444444444444444
0.460000000000008, 11, 1, 0, 17, 0.444444444444444
0.45961940777124, 11, 2, 0, 8, 0.0467171717171717
0.457733789688073, 12, 2, 4, 89, 0.391602757964068
0.454836542067598, 12, 3, 0, 14, 0.217171717171717
0.451776585640865, 15, 3, 1, 1, 0.0337837837837838
0.450000000000017, 15, 1, 0, 5, 0.0184343434343434
0.450000000000017, 10, 1, 0, 3, 0.00795454545454546
0.449999999999989, 15, 1, 0, 5, 0.0184343434343434
0.449999999999989, 10, 1, 0, 3, 0.00795454545454546
0.449999999999989, 15, 1, 0, 8, 0.0467171717171717
0.449999999999989, 15, 1, 0, 8, 0.0467171717171717
0.449333333333342, 10, 1, 4, 19, 0.0217556379075293
0.447000000000003, 19, 1, 4, 41, 0.0589841673467433
0.447000000000003, 19, 1, 4, 41, 0.0589841673467433
0.445477272147482, 11, 2, 0, 14, 0.217171717171717
0.445000000000007, 9, 1, 0, 11, 0.103535353535354
0.444999999999993, 9, 1, 0, 11, 0.103535353535354
0.443635886736005, 11, 5, 0, 6, 0.026010101010101
0.440527524679212, 12, 2, 1, 6, 0.164414414414414
0.440527524679212, 12, 2, 1, 6, 0.164414414414414
0.440000000000026, 12, 1, 0, 6, 0.026010101010101
0.438999999999993, 11, 1, 4, 6, 0.00648491626136443
0.438999999999993, 11, 1, 4, 6, 0.00648491626136443
0.438406204335663, 7, 2, 0, 10, 0.0808080808080808
0.437699097554493, 11, 2, 3, 3, 0.800505050505051
0.437699097554493, 11, 2, 3, 3, 0.800505050505051
0.435000000000002, 13, 1, 0, 8, 0.0467171717171717
0.435000000000002, 13, 1, 0, 9, 0.0618686868686869
0.434999999999974, 13, 1, 0, 8, 0.0467171717171717
0.434999999999974, 13, 1, 0, 9, 0.0618686868686869
0.433456456867353, 13, 2, 1, 4, 0.128378378378378
0.430000000000007, 11, 1, 0, 9, 0.0618686868686869
0.430000000000007, 11, 1, 0, 9, 0.0618686868686869
0.430000000000007, 13, 1, 0, 3, 0.00795454545454546
0.429999999999993, 13, 1, 0, 3, 0.00795454545454546
0.429000000000002, 12, 1, 4, 7, 0.00691788872168195
0.429000000000002, 12, 1, 4, 7, 0.00691788872168195
0.425000000000011, 12, 1, 0, 1, 0.00126262626262626
0.424999999999997, 12, 1, 0, 1, 0.00126262626262626
0.42461762210253, 10, 2, 3, 3, 0.800505050505051
0.424617622102509, 10, 2, 3, 3, 0.800505050505051
0.423702937907917, 12, 5, 3, 1, 0.0997474747474748
0.423000000000002, 13, 1, 4, 56, 0.078725036164931
0.423000000000002, 13, 1, 4, 56, 0.078725036164931
0.420728534805975, 12, 2, 4, 43, 0.0622011646212767
0.418000000000006, 10, 4, 4, 27, 0.0352394625411507
0.418000000000006, 10, 4, 4, 27, 0.0352394625411507
0.414835978296112, 7, 2, 0, 8, 0.0467171717171717
0.413333333333327, 12, 1, 0, 6, 0.026010101010101
0.412666666666667, 11, 1, 2, 4, 0.590909090909091
0.412228711295908, 10, 6, 1, 5, 0.141891891891892
0.411362066797603, 7, 3, 0, 6, 0.026010101010101
0.405000000000001, 14, 1, 0, 1, 0.00126262626262626
0.405000000000001, 14, 1, 0, 1, 0.00126262626262626
0.402343758495137, 13, 2, 1, 10, 0.240990990990991
0.402108056234734, 10, 2, 3, 3, 0.800505050505051
0.398690920388229, 7, 5, 4, 68, 0.0971476980300399
0.398336820068461, 12, 2, 0, 3, 0.00795454545454546
0.396000000000015, 12, 1, 4, 16, 0.0186420699741554
0.395999999999987, 12, 1, 4, 16, 0.0186420699741554
0.395500000000013, 14, 1, 1, 1, 0.0337837837837838
0.395499999999998, 14, 1, 1, 1, 0.0337837837837838
0.394400000000005, 9, 1, 1, 17, 0.436936936936937
0.393249999999995, 12, 1, 4, 87, 0.357350407816721
0.390000000000015, 12, 1, 0, 9, 0.0618686868686869
0.389999999999986, 12, 1, 0, 9, 0.0618686868686869
0.38966666666667, 11, 1, 2, 5, 0.863636363636364
0.38900000000001, 8, 1, 0, 18, 0.558080808080808
0.388999999999996, 8, 1, 0, 18, 0.558080808080808
0.388333333333321, 13, 1, 0, 6, 0.026010101010101
0.386824680357042, 12, 3, 0, 11, 0.103535353535354
0.38537319574668, 12, 2, 2, 5, 0.863636363636364
0.385000000000005, 9, 1, 0, 11, 0.103535353535354
0.384999999999991, 9, 1, 0, 11, 0.103535353535354
0.384666666666647, 11, 1, 0, 13, 0.170454545454545
0.38466608896551, 10, 2, 4, 11, 0.00893715698736393
0.38466608896547, 10, 2, 4, 11, 0.00893715698736393
0.3797163414972, 10, 2, 3, 1, 0.0997474747474748
0.37971634149716, 10, 2, 3, 1, 0.0997474747474748
0.379480639236797, 13, 2, 0, 6, 0.026010101010101
0.375575452720898, 10, 11, 4, 69, 0.110861739138859
0.37519999999995, 12, 4, 0, 9, 0.0618686868686869
0.375, 10, 1, 0, 3, 0.00795454545454546
0.375, 10, 1, 0, 3, 0.00795454545454546
0.372880975945745, 12, 2, 2, 4, 0.590909090909091
0.372880975945684, 11, 2, 0, 13, 0.170454545454545
0.368249999999989, 10, 1, 4, 75, 0.204510284651682
0.36699999999999, 11, 1, 4, 5, 0.00604237658698964
0.36699999999999, 11, 1, 4, 5, 0.00604237658698964
0.365574205873442, 18, 2, 1, 2, 0.0788288288288288
0.365574205873402, 18, 2, 1, 2, 0.0788288288288288
0.363452885529872, 13, 2, 3, 2, 0.400252525252525
0.363297656887571, 14, 3, 4, 65, 0.0928774452980315
0.361421268512692, 7, 3, 3, 1, 0.0997474747474748
0.356748673895988, 9, 5, 2, 3, 0.363636363636364
0.354954945497652, 9, 12, 4, 34, 0.0437591097547004
0.353999999999999, 9, 1, 3, 3, 0.800505050505051
0.353333333333353, 14, 1, 0, 9, 0.0618686868686869
0.351333333333343, 15, 1, 4, 70, 0.136274845408473
0.351196367989321, 9, 2, 0, 10, 0.0808080808080808
0.348666666666674, 16, 1, 3, 1, 0.0997474747474748
0.347000000000008, 11, 1, 1, 6, 0.164414414414414
0.346999999999994, 11, 1, 1, 6, 0.164414414414414
0.33850000000001, 15, 1, 4, 57, 0.0798737051896258
0.338499999999996, 15, 1, 4, 57, 0.0798737051896258
0.338000000000008, 12, 1, 3, 3, 0.800505050505051
0.337999999999994, 12, 1, 3, 3, 0.800505050505051
0.337500000000006, 13, 1, 4, 32, 0.0409687585124503
0.337499999999991, 13, 1, 4, 32, 0.0409687585124503
0.336666666666673, 12, 1, 0, 10, 0.0808080808080808
0.336666666666673, 12, 1, 3, 2, 0.400252525252525
0.335000000000008, 12, 1, 4, 89, 0.391602757964068
0.334999999999994, 12, 1, 4, 89, 0.391602757964068
0.332999999999998, 13, 1, 4, 9, 0.0079337803296631
0.332999999999998, 13, 1, 4, 9, 0.0079337803296631
0.332999999999998, 13, 1, 4, 9, 0.0079337803296631
0.332999999999998, 13, 1, 4, 9, 0.0079337803296631
0.331758316183884, 10, 7, 1, 2, 0.0788288288288288
0.330500000000001, 10, 1, 3, 3, 0.800505050505051
0.330500000000001, 10, 1, 3, 3, 0.800505050505051
0.33045456907453, 11, 2, 0, 7, 0.0353535353535354
0.330000000000013, 14, 1, 0, 6, 0.026010101010101
0.329999999999984, 14, 1, 0, 6, 0.026010101010101
0.329999999999984, 12, 1, 4, 10, 0.00844094610403909
0.326683332908197, 11, 2, 0, 17, 0.444444444444444
0.325999999999993, 12, 1, 4, 16, 0.0186420699741554
0.325999999999993, 12, 1, 4, 16, 0.0186420699741554
0.325000000000003, 13, 1, 0, 8, 0.0467171717171717
0.325000000000003, 10, 1, 4, 31, 0.0395255744388036
0.325000000000003, 10, 1, 4, 31, 0.0395255744388036
0.324999999999989, 13, 1, 0, 8, 0.0467171717171717
0.317726647013152, 10, 2, 4, 19, 0.0217556379075293
0.31750000000001, 10, 1, 1, 6, 0.164414414414414
0.317499999999995, 10, 1, 1, 6, 0.164414414414414
0.316666666666663, 12, 1, 0, 8, 0.0467171717171717
0.316642416615337, 13, 2, 0, 8, 0.0467171717171717
0.314999999999998, 9, 1, 4, 62, 0.0856939327900282
0.314999999999998, 9, 1, 4, 62, 0.0856939327900282
0.311126983722079, 12, 2, 0, 6, 0.026010101010101
0.310325769689412, 6, 3, 0, 6, 0.026010101010101
0.305000000000007, 11, 1, 0, 3, 0.00795454545454546
0.305000000000007, 11, 1, 0, 3, 0.00795454545454546
0.305000000000007, 12, 1, 0, 7, 0.0353535353535354
0.305000000000007, 13, 1, 0, 14, 0.217171717171717
0.304999999999993, 12, 1, 0, 7, 0.0353535353535354
0.304999999999993, 13, 1, 0, 14, 0.217171717171717
0.304263591862966, 10, 3, 4, 90, 0.412079181780135
0.304000000000002, 12, 1, 4, 16, 0.0186420699741554
0.304000000000002, 12, 1, 4, 16, 0.0186420699741554
0.304000000000002, 9, 1, 3, 1, 0.0997474747474748
0.304000000000002, 9, 1, 3, 1, 0.0997474747474748
0.302666666666653, 13, 1, 4, 12, 0.0115508595340253
0.300000000000011, 16, 1, 3, 1, 0.0997474747474748
0.299999999999983, 16, 1, 3, 1, 0.0997474747474748
0.299500000000009, 8, 1, 3, 3, 0.800505050505051
0.299499999999995, 8, 1, 3, 3, 0.800505050505051
0.299067439440259, 13, 3, 0, 7, 0.0353535353535354
0.298000000000002, 15, 1, 1, 4, 0.128378378378378
0.297191051065306, 10, 3, 4, 10, 0.00844094610403909
0.296999999999997, 13, 1, 4, 90, 0.412079181780135
0.296999999999997, 13, 1, 4, 90, 0.412079181780135
0.296500000000009, 17, 1, 4, 55, 0.0776266165618163
0.296499999999995, 17, 1, 4, 55, 0.0776266165618163
0.296036350526938, 10, 3, 4, 2, 0.000339506812356317
0.292270802890455, 12, 2, 0, 6, 0.026010101010101
0.291799398369649, 11, 2, 2, 4, 0.590909090909091
0.29000000000002, 14, 1, 0, 7, 0.0353535353535354
0.289999999999992, 14, 1, 0, 7, 0.0353535353535354
0.287999999999997, 10, 1, 3, 3, 0.800505050505051
0.287999999999997, 10, 1, 3, 3, 0.800505050505051
0.286666666666662, 14, 1, 0, 5, 0.0184343434343434
0.285499999999999, 12, 1, 1, 4, 0.128378378378378
0.285499999999999, 12, 1, 1, 4, 0.128378378378378
0.285066695412389, 11, 3, 3, 1, 0.0997474747474748
0.284000000000006, 11, 1, 1, 6, 0.164414414414414
0.283999999999992, 11, 1, 1, 6, 0.164414414414414
0.283334644604812, 11, 3, 4, 50, 0.0708643200456854
0.282499999999999, 11, 1, 4, 33, 0.042748691282689
0.282499999999999, 11, 1, 4, 33, 0.042748691282689
0.280799999999999, 10, 4, 4, 90, 0.412079181780135
0.280000000000001, 8, 1, 0, 8, 0.0467171717171717
0.279999999999973, 8, 1, 0, 8, 0.0467171717171717
0.278999999999996, 15, 1, 4, 57, 0.0798737051896258
0.278999999999996, 15, 1, 4, 57, 0.0798737051896258
0.278000000000006, 10, 1, 4, 41, 0.0589841673467433
0.278000000000006, 13, 1, 3, 3, 0.800505050505051
0.277999999999992, 13, 1, 3, 3, 0.800505050505051
0.275535942402361, 11, 2, 2, 5, 0.863636363636364
0.275500000000008, 8, 1, 4, 81, 0.26159379994883
0.275499999999994, 8, 1, 4, 81, 0.26159379994883
0.274593133360788, 13, 2, 0, 6, 0.026010101010101
0.274500000000018, 11, 1, 1, 8, 0.202702702702703
0.274499999999989, 11, 1, 1, 8, 0.202702702702703
0.274019966697163, 11, 5, 4, 72, 0.171932627919944
0.272000408496451, 11, 2, 0, 13, 0.170454545454545
0.27000000000001, 11, 1, 0, 9, 0.0618686868686869
0.27000000000001, 13, 1, 0, 1, 0.00126262626262626
0.269999999999996, 13, 1, 0, 1, 0.00126262626262626
0.269999999999996, 11, 1, 0, 8, 0.0467171717171717
0.269999999999982, 11, 1, 0, 9, 0.0618686868686869
0.2683235376059, 11, 3, 4, 58, 0.081739484313027
0.267499999999998, 9, 1, 4, 13, 0.0149040473935306
0.267499999999998, 9, 1, 4, 13, 0.0149040473935306
0.263333333333335, 12, 1, 1, 6, 0.164414414414414
0.260000000000005, 10, 1, 0, 13, 0.170454545454545
0.260000000000005, 8, 1, 0, 15, 0.275252525252525
0.259999999999991, 10, 1, 0, 13, 0.170454545454545
0.259999999999991, 8, 1, 0, 15, 0.275252525252525
0.258537450543131, 13, 3, 0, 8, 0.0467171717171717
0.25800000000001, 13, 1, 4, 19, 0.0217556379075293
0.257999999999981, 13, 1, 4, 19, 0.0217556379075293
0.25500000000001, 10, 1, 0, 18, 0.558080808080808
0.254999999999995, 10, 1, 0, 18, 0.558080808080808
0.254999999999995, 9, 1, 0, 20, 0.898989898989899
0.254999999999995, 9, 1, 0, 20, 0.898989898989899
0.254558441227167, 11, 2, 0, 11, 0.103535353535354
0.254558441227127, 11, 2, 0, 11, 0.103535353535354
0.250315800540047, 9, 2, 3, 3, 0.800505050505051
0.250144861611615, 11, 6, 4, 72, 0.171932627919944
0.249844396019221, 14, 2, 0, 9, 0.0618686868686869
0.248430182456841, 15, 2, 4, 70, 0.136274845408473
0.246544564373694, 16, 2, 3, 1, 0.0997474747474748
0.245000000000005, 9, 1, 0, 14, 0.217171717171717
0.24499999999999, 9, 1, 0, 14, 0.217171717171717
0.241500000000002, 14, 1, 4, 61, 0.084023548930301
0.241499999999988, 14, 1, 4, 61, 0.084023548930301
0.24133333333333, 14, 1, 0, 2, 0.00416666666666667
0.240000000000009, 15, 1, 0, 8, 0.0467171717171717
0.240000000000009, 15, 1, 0, 8, 0.0467171717171717
0.238059282999455, 12, 2, 0, 10, 0.0808080808080808
0.238059282999455, 12, 2, 3, 2, 0.400252525252525
0.233345237791549, 12, 2, 4, 10, 0.00844094610403909
0.232500000000016, 12, 1, 4, 24, 0.0306244453386102
0.232499999999987, 12, 1, 4, 24, 0.0306244453386102
0.230203198283651, 10, 5, 4, 10, 0.00844094610403909
0.22750000000002, 14, 1, 4, 50, 0.0708643200456854
0.227500000000006, 13, 1, 3, 3, 0.800505050505051
0.227499999999992, 14, 1, 4, 50, 0.0708643200456854
0.227499999999992, 13, 1, 3, 3, 0.800505050505051
0.227042993358826, 12, 3, 4, 87, 0.357350407816721
0.223917147375737, 12, 2, 0, 8, 0.0467171717171717
0.223162900142487, 11, 2, 3, 1, 0.0997474747474748
0.221000000000004, 13, 1, 4, 52, 0.0736969911266934
0.220999999999989, 13, 1, 4, 52, 0.0736969911266934
0.217223203180524, 11, 2, 1, 2, 0.0788288288288288
0.215000000000003, 12, 1, 0, 14, 0.217171717171717
0.214999999999975, 12, 1, 0, 14, 0.217171717171717
0.214017652439159, 13, 2, 4, 12, 0.0115508595340253
0.213042249331005, 13, 3, 3, 1, 0.0997474747474748
0.213042249330955, 13, 3, 3, 1, 0.0997474747474748
0.212609236629098, 10, 3, 4, 75, 0.204510284651682
0.212000000000003, 11, 1, 4, 36, 0.0468471651172549
0.212000000000003, 11, 1, 4, 36, 0.0468471651172549
0.210717820793613, 15, 2, 1, 4, 0.128378378378378
0.207000000000008, 10, 1, 4, 24, 0.0306244453386102
0.206999999999994, 10, 1, 4, 24, 0.0306244453386102
0.206114046100745, 8, 3, 4, 51, 0.0718603446010522
0.206114046100696, 8, 3, 4, 51, 0.0718603446010522
0.205000000000013, 10, 1, 0, 9, 0.0618686868686869
0.204999999999984, 10, 1, 0, 9, 0.0618686868686869
0.204000000000008, 10, 1, 4, 75, 0.204510284651682
0.203999999999994, 10, 1, 4, 75, 0.204510284651682
0.20270394394014, 14, 2, 0, 5, 0.0184343434343434
0.202666666666673, 11, 1, 4, 48, 0.067745494454136
0.201999999999998, 11, 1, 4, 30, 0.0378992342401869
0.201999999999998, 11, 1, 4, 30, 0.0378992342401869
0.200000000000003, 13, 1, 0, 8, 0.0467171717171717
0.200000000000003, 13, 1, 0, 8, 0.0467171717171717
0.199999999999989, 8, 1, 4, 13, 0.0149040473935306
0.197200000000009, 9, 4, 1, 17, 0.436936936936937
0.196575685169854, 10, 2, 4, 41, 0.0589841673467433
0.19550000000001, 14, 1, 4, 56, 0.078725036164931
0.19550000000001, 14, 1, 4, 56, 0.078725036164931
0.195161471607495, 11, 2, 4, 28, 0.0358931359772792
0.195161471607495, 11, 2, 4, 28, 0.0358931359772792
0.193333333333328, 16, 1, 4, 40, 0.0550596271875607
0.190918830920375, 11, 2, 0, 8, 0.0467171717171717
0.189999999999998, 9, 1, 0, 14, 0.217171717171717
0.189999999999998, 9, 1, 0, 14, 0.217171717171717
0.188000000000002, 11, 1, 4, 24, 0.0306244453386102
0.188000000000002, 11, 1, 4, 24, 0.0306244453386102
0.186204785712449, 12, 2, 1, 6, 0.164414414414414
0.185000000000002, 14, 1, 0, 10, 0.0808080808080808
0.185000000000002, 14, 1, 0, 10, 0.0808080808080808
0.185000000000002, 14, 1, 0, 10, 0.0808080808080808
0.185000000000002, 14, 1, 0, 10, 0.0808080808080808
0.18221174495624, 11, 3, 3, 1, 0.0997474747474748
0.179000000000002, 12, 1, 4, 46, 0.0667300768973018
0.178999999999988, 12, 1, 4, 46, 0.0667300768973018
0.177362002695033, 11, 3, 1, 2, 0.0788288288288288
0.174972319239352, 10, 5, 2, 2, 0.181818181818182
0.173000000000002, 17, 1, 3, 1, 0.0997474747474748
0.172333333333341, 12, 1, 4, 56, 0.078725036164931
0.170666666666662, 13, 1, 4, 38, 0.0506681897441603
0.170648436526351, 14, 2, 0, 2, 0.00416666666666667
0.167000000000002, 10, 1, 4, 21, 0.0272340315353993
0.167000000000002, 10, 1, 4, 21, 0.0272340315353993
0.159000000000006, 10, 1, 4, 65, 0.0928774452980315
0.158999999999992, 10, 1, 4, 65, 0.0928774452980315
0.158000000000015, 20, 1, 4, 41, 0.0589841673467433
0.152500000000003, 10, 1, 4, 24, 0.0306244453386102
0.152500000000003, 10, 1, 4, 24, 0.0306244453386102
0.147878600064919, 10, 7, 2, 2, 0.181818181818182
0.14500000000001, 12, 1, 0, 15, 0.275252525252525
0.14500000000001, 9, 1, 0, 18, 0.558080808080808
0.144999999999996, 9, 1, 0, 18, 0.558080808080808
0.144999999999982, 12, 1, 0, 15, 0.275252525252525
0.144666666666666, 14, 1, 0, 8, 0.0467171717171717
0.144000000000005, 16, 1, 4, 41, 0.0589841673467433
0.143999999999991, 16, 1, 4, 41, 0.0589841673467433
0.143306974320468, 11, 2, 4, 48, 0.067745494454136
0.141421356237322, 8, 2, 4, 13, 0.0149040473935306
0.138500000000008, 11, 1, 4, 61, 0.084023548930301
0.138499999999993, 11, 1, 4, 61, 0.084023548930301
0.138000000000005, 10, 1, 3, 3, 0.800505050505051
0.137999999999991, 10, 1, 3, 3, 0.800505050505051
0.137500000000017, 15, 1, 4, 50, 0.0708643200456854
0.137499999999989, 15, 1, 4, 50, 0.0708643200456854
0.136707311029395, 16, 2, 4, 40, 0.0550596271875607
0.135000000000005, 12, 1, 0, 7, 0.0353535353535354
0.135000000000005, 12, 1, 0, 7, 0.0353535353535354
0.133333333333326, 13, 1, 4, 24, 0.0306244453386102
0.130500000000012, 13, 1, 4, 56, 0.078725036164931
0.130499999999998, 13, 1, 4, 56, 0.078725036164931
0.13000000000001, 13, 1, 0, 7, 0.0353535353535354
0.13000000000001, 8, 1, 0, 7, 0.0353535353535354
0.129999999999995, 13, 1, 0, 7, 0.0353535353535354
0.129999999999995, 8, 1, 0, 7, 0.0353535353535354
0.125, 12, 1, 0, 11, 0.103535353535354
0.125, 12, 1, 0, 11, 0.103535353535354
0.125, 13, 1, 0, 11, 0.103535353535354
0.125, 13, 1, 0, 11, 0.103535353535354
0.121858068624487, 12, 2, 4, 56, 0.078725036164931
0.120679557322511, 13, 2, 4, 38, 0.0506681897441603
0.120000000000005, 16, 1, 0, 5, 0.0184343434343434
0.120000000000005, 16, 1, 0, 5, 0.0184343434343434
0.120000000000005, 12, 1, 3, 1, 0.0997474747474748
0.120000000000005, 12, 1, 3, 1, 0.0997474747474748
0.120000000000005, 12, 1, 4, 92, 0.455244555401909
0.119, 11, 1, 3, 1, 0.0997474747474748
0.119, 11, 1, 3, 1, 0.0997474747474748
0.117333333333335, 9, 1, 4, 73, 0.179360578437554
0.117000000000004, 13, 1, 3, 1, 0.0997474747474748
0.11699999999999, 13, 1, 3, 1, 0.0997474747474748
0.11633333333333, 14, 1, 3, 3, 0.800505050505051
0.115682669402141, 13, 2, 4, 31, 0.0395255744388036
0.115000000000009, 10, 1, 0, 13, 0.170454545454545
0.114999999999995, 10, 1, 0, 13, 0.170454545454545
0.114500000000007, 7, 1, 4, 77, 0.212750155497395
0.114499999999993, 7, 1, 4, 77, 0.212750155497395
0.113500000000016, 10, 1, 4, 23, 0.0296164402178925
0.113499999999988, 10, 1, 4, 23, 0.0296164402178925
0.11333333333333, 14, 1, 2, 4, 0.590909090909091
0.111999999999995, 15, 1, 4, 90, 0.412079181780135
0.111999999999995, 15, 1, 4, 90, 0.412079181780135
0.111722871427445, 20, 2, 4, 41, 0.0589841673467433
0.107499999999987, 15, 1, 3, 3, 0.800505050505051
0.107499999999987, 15, 1, 3, 3, 0.800505050505051
0.105000000000004, 11, 1, 0, 13, 0.170454545454545
0.10499999999999, 13, 1, 0, 9, 0.0618686868686869
0.10499999999999, 13, 1, 0, 9, 0.0618686868686869
0.10499999999999, 11, 1, 0, 13, 0.170454545454545
0.104086118190658, 10, 2, 4, 6, 0.00648491626136443
0.102294781011633, 14, 2, 0, 8, 0.0467171717171717
0.0998815965698227, 17, 3, 3, 1, 0.0997474747474748
0.097999999999999, 14, 1, 4, 32, 0.0409687585124503
0.097999999999999, 14, 1, 4, 32, 0.0409687585124503
0.0974999999999966, 14, 1, 4, 82, 0.274718983341981
0.0974999999999966, 14, 1, 4, 82, 0.274718983341981
0.0955000000000013, 13, 1, 1, 10, 0.240990990990991
0.0955000000000013, 13, 1, 1, 10, 0.240990990990991
0.0949999999999989, 14, 1, 4, 57, 0.0798737051896258
0.0949999999999989, 14, 1, 4, 57, 0.0798737051896258
0.0944545040393585, 13, 3, 4, 31, 0.0395255744388036
0.094280904158201, 13, 2, 4, 24, 0.0306244453386102
0.0925000000000011, 13, 1, 4, 82, 0.274718983341981
0.0925000000000011, 13, 1, 4, 82, 0.274718983341981
0.0859999999999985, 12, 1, 3, 1, 0.0997474747474748
0.085000000000008, 8, 1, 0, 11, 0.103535353535354
0.085000000000008, 8, 1, 0, 11, 0.103535353535354
0.0849859596246789, 10, 3, 4, 6, 0.00648491626136443
0.0848528137423487, 12, 2, 4, 92, 0.455244555401909
0.0829671956592225, 9, 2, 4, 73, 0.179360578437554
0.0822600888780527, 14, 2, 3, 3, 0.800505050505051
0.0810000000000031, 13, 1, 3, 3, 0.800505050505051
0.0810000000000031, 13, 1, 3, 3, 0.800505050505051
0.080138768534503, 14, 2, 2, 4, 0.590909090909091
0.0800000000000125, 13, 1, 0, 8, 0.0467171717171717
0.0799999999999841, 13, 1, 0, 8, 0.0467171717171717
0.0750000000000171, 14, 1, 0, 2, 0.00416666666666667
0.0750000000000028, 10, 1, 0, 13, 0.170454545454545
0.0750000000000028, 10, 1, 0, 13, 0.170454545454545
0.0749999999999886, 14, 1, 0, 2, 0.00416666666666667
0.0700000000000216, 19, 1, 0, 6, 0.026010101010101
0.0700000000000216, 10, 1, 0, 14, 0.217171717171717
0.0699999999999932, 19, 1, 0, 6, 0.026010101010101
0.0699999999999932, 10, 1, 0, 14, 0.217171717171717
0.0656599153959029, 7, 2, 4, 72, 0.171932627919944
0.0655000000000001, 11, 1, 4, 56, 0.078725036164931
0.0655000000000001, 11, 1, 4, 56, 0.078725036164931
0.0650000000000119, 9, 1, 0, 11, 0.103535353535354
0.0649999999999977, 14, 1, 0, 7, 0.0353535353535354
0.0649999999999977, 14, 1, 0, 7, 0.0353535353535354
0.0649999999999977, 9, 1, 0, 11, 0.103535353535354
0.0649999999999977, 10, 1, 0, 13, 0.170454545454545
0.0649999999999977, 10, 1, 0, 13, 0.170454545454545
0.0635000000000048, 14, 1, 3, 2, 0.400252525252525
0.0634999999999906, 14, 1, 3, 2, 0.400252525252525
0.0630000000000166, 12, 1, 4, 5, 0.00604237658698964
0.0629999999999882, 12, 1, 4, 5, 0.00604237658698964
0.061000000000007, 17, 1, 2, 5, 0.863636363636364
0.0609999999999928, 17, 1, 2, 5, 0.863636363636364
0.0608111831820521, 12, 2, 3, 1, 0.0997474747474748
0.0600000000000023, 15, 1, 0, 6, 0.026010101010101
0.0600000000000023, 15, 1, 0, 6, 0.026010101010101
0.0580000000000069, 10, 1, 4, 89, 0.391602757964068
0.0579999999999927, 10, 1, 4, 89, 0.391602757964068
0.056666666666672, 10, 1, 4, 14, 0.0167757737040485
0.0550000000000068, 13, 1, 0, 7, 0.0353535353535354
0.0550000000000068, 13, 1, 0, 7, 0.0353535353535354
0.0550000000000068, 11, 1, 0, 2, 0.00416666666666667
0.0550000000000068, 11, 1, 0, 2, 0.00416666666666667
0.0550000000000068, 9, 1, 0, 3, 0.00795454545454546
0.0549999999999926, 9, 1, 0, 3, 0.00795454545454546
0.0533333333333275, 14, 1, 3, 1, 0.0997474747474748
0.0530000000000115, 12, 1, 4, 89, 0.391602757964068
0.0529999999999973, 12, 1, 4, 89, 0.391602757964068
0.0500000000000114, 11, 1, 0, 11, 0.103535353535354
0.0500000000000114, 13, 1, 0, 5, 0.0184343434343434
0.0499999999999829, 11, 1, 0, 11, 0.103535353535354
0.0499999999999829, 13, 1, 0, 5, 0.0184343434343434
0.0490000000000066, 12, 1, 4, 84, 0.293759463138283
0.0489999999999924, 12, 1, 4, 84, 0.293759463138283
0.0479999999999876, 11, 1, 3, 3, 0.800505050505051
0.0466666666666811, 9, 1, 0, 10, 0.0808080808080808
0.0465000000000089, 9, 1, 1, 5, 0.141891891891892
0.0464999999999947, 9, 1, 1, 5, 0.141891891891892
0.0415269767250083, 7, 5, 4, 72, 0.171932627919944
0.0400693842672414, 10, 2, 4, 14, 0.0167757737040485
0.0400000000000205, 13, 1, 0, 14, 0.217171717171717
0.039999999999992, 13, 1, 0, 14, 0.217171717171717
0.0395000000000039, 15, 1, 4, 38, 0.0506681897441603
0.0394999999999897, 15, 1, 4, 38, 0.0506681897441603
0.0379999999999967, 11, 1, 2, 5, 0.863636363636364
0.0379999999999967, 11, 1, 2, 5, 0.863636363636364
0.0377123616632884, 14, 2, 3, 1, 0.0997474747474748
0.0339411254969757, 11, 2, 3, 3, 0.800505050505051
0.0333333333333172, 11, 1, 4, 89, 0.391602757964068
0.0329983164553824, 9, 2, 0, 10, 0.0808080808080808
0.0320000000000107, 10, 1, 4, 76, 0.20691329301129
0.0319999999999965, 10, 1, 4, 76, 0.20691329301129
0.0310000000000059, 21, 1, 2, 5, 0.863636363636364
0.0309999999999775, 21, 1, 2, 5, 0.863636363636364
0.0275000000000034, 13, 1, 2, 5, 0.863636363636364
0.0274999999999892, 13, 1, 2, 5, 0.863636363636364
0.027000000000001, 12, 1, 4, 73, 0.179360578437554
0.0269999999999868, 12, 1, 4, 73, 0.179360578437554
0.0259999999999962, 13, 1, 4, 33, 0.042748691282689
0.0259999999999962, 13, 1, 4, 33, 0.042748691282689
0.0250000000000057, 14, 1, 0, 6, 0.026010101010101
0.0249999999999773, 14, 1, 0, 6, 0.026010101010101
0.0235702260395502, 11, 2, 4, 89, 0.391602757964068
0.0230000000000246, 15, 1, 3, 3, 0.800505050505051
0.0229999999999961, 15, 1, 3, 3, 0.800505050505051
0.0200000000000102, 10, 1, 0, 11, 0.103535353535354
0.019999999999996, 15, 1, 4, 48, 0.067745494454136
0.019999999999996, 15, 1, 4, 48, 0.067745494454136
0.0199999999999818, 10, 1, 0, 11, 0.103535353535354
0.0175000000000125, 13, 1, 4, 58, 0.081739484313027
0.0174999999999983, 13, 1, 4, 58, 0.081739484313027
0.0126666666666608, 12, 1, 3, 3, 0.800505050505051
0.0100000000000051, 10, 1, 4, 90, 0.412079181780135
0.00999999999999091, 10, 1, 4, 90, 0.412079181780135
0.00895668589500538, 12, 2, 3, 3, 0.800505050505051
0.00849999999999795, 13, 1, 4, 83, 0.284343083536879
0.00849999999999795, 13, 1, 4, 83, 0.284343083536879
0.00800000000000978, 17, 1, 4, 41, 0.0589841673467433
0.00799999999999557, 13, 1, 4, 90, 0.412079181780135
0.00799999999999557, 13, 1, 4, 90, 0.412079181780135
0.00799999999999557, 17, 1, 4, 41, 0.0589841673467433
0.00650000000000261, 10, 1, 4, 25, 0.0319165363830463
0.0064999999999884, 10, 1, 4, 25, 0.0319165363830463
0.00600000000000023, 14, 1, 4, 84, 0.293759463138283
0.00600000000000023, 14, 1, 4, 84, 0.293759463138283
0.00500000000000966, 13, 1, 4, 40, 0.0550596271875607
0.00499999999999545, 10, 1, 0, 9, 0.0618686868686869
0.00499999999999545, 10, 1, 0, 9, 0.0618686868686869
0.00499999999999545, 13, 1, 4, 40, 0.0550596271875607
0.00499999999999545, 19, 1, 0, 6, 0.026010101010101
0.00499999999999545, 19, 1, 0, 6, 0.026010101010101
0.00300000000000011, 12, 1, 4, 19, 0.0217556379075293
0.00300000000000011, 12, 1, 4, 19, 0.0217556379075293
0.00100000000000477, 11, 1, 2, 5, 0.863636363636364
0.000999999999990564, 11, 1, 2, 5, 0.863636363636364
