norm, level, Npoints, dimSplit, MainGridIndexSplit
3867.78598630507, 0, 962, -1, -1, -1
71.7500513756542, 1, 346, 0, 12, 0.132575757575758
62.5793747111099, 3, 82, 4, 18, 0.0200336255683399
53.7736987298356, 1, 616, 0, 12, 0.132575757575758
50.2847488202397, 3, 127, 4, 18, 0.0200336255683399
43.9923482047126, 2, 137, 1, 9, 0.227477477477477
41.9528252335645, 3, 31, 2, 1, 0.0454545454545454
38.7190982186193, 2, 178, 4, 81, 0.26159379994883
35.6175698523694, 2, 209, 1, 9, 0.227477477477477
26.0933177612763, 4, 21, 4, 97, 0.601622068566827
25.9414499414629, 4, 62, 0, 15, 0.275252525252525
25.3357294543788, 4, 65, 0, 15, 0.275252525252525
24.6830134453488, 2, 438, 4, 81, 0.26159379994883
23.4260515746386, 4, 63, 3, 3, 0.800505050505051
23.0072023474733, 4, 31, 1, 24, 0.743243243243243
22.6876298057343, 3, 106, 2, 1, 0.0454545454545454
22.5184477947145, 4, 24, 0, 9, 0.0618686868686869
20.5711653250712, 6, 23, 2, 2, 0.181818181818182
20.5355930219815, 4, 47, 0, 5, 0.0184343434343434
20.1633352185569, 5, 10, 0, 4, 0.0126262626262626
19.1957228529626, 6, 5, 2, 3, 0.363636363636364
18.8906561947107, 5, 26, 0, 16, 0.351010101010101
18.6442018803269, 6, 28, 2, 2, 0.181818181818182
17.6186658536585, 4, 25, 4, 12, 0.0115508595340253
17.5861808900909, 3, 200, 1, 9, 0.227477477477477
17.3002696027251, 5, 31, 0, 16, 0.351010101010101
17.0181119542951, 6, 86, 2, 4, 0.590909090909091
16.8600391609951, 8, 12, 4, 94, 0.486490559366218
16.5374686472795, 4, 60, 1, 24, 0.743243243243243
16.2778362453472, 6, 94, 2, 4, 0.590909090909091
16.1212255904131, 3, 238, 1, 9, 0.227477477477477
15.9043935494976, 5, 39, 0, 14, 0.217171717171717
15.8857998426515, 4, 137, 3, 3, 0.800505050505051
15.6715546533369, 6, 11, 0, 8, 0.0467171717171717
15.3655493296473, 5, 51, 0, 8, 0.0467171717171717
15.3378756198297, 3, 87, 3, 2, 0.400252525252525
15.0800774669173, 8, 15, 4, 94, 0.486490559366218
14.9969913766811, 3, 91, 3, 2, 0.400252525252525
14.8157840217519, 5, 7, 0, 16, 0.351010101010101
14.7777028885528, 7, 44, 0, 9, 0.0618686868686869
14.644363534283, 5, 46, 0, 14, 0.217171717171717
14.3893438760484, 8, 8, 4, 97, 0.601622068566827
14.3154474030353, 4, 11, 1, 21, 0.56981981981982
14.3011842287823, 5, 28, 4, 34, 0.0437591097547004
13.9140231958011, 5, 21, 0, 4, 0.0126262626262626
13.8986877226839, 4, 63, 0, 9, 0.0618686868686869
13.8627141044916, 7, 50, 0, 9, 0.0618686868686869
13.8285493100627, 5, 12, 1, 22, 0.632882882882883
13.8285493100626, 5, 12, 1, 22, 0.632882882882883
13.3331792012598, 5, 31, 4, 35, 0.0452335812040479
13.3331792012594, 5, 31, 4, 35, 0.0452335812040479
12.9947111837855, 7, 3, 0, 5, 0.0184343434343434
12.9696867700447, 4, 85, 4, 97, 0.601622068566827
12.44085289689, 5, 37, 4, 34, 0.0437591097547004
12.2712736890429, 8, 11, 4, 97, 0.601622068566827
12.1138190105694, 6, 3, 4, 97, 0.601622068566827
12.0298405797101, 7, 9, 0, 4, 0.0126262626262626
11.8327027207575, 5, 86, 0, 8, 0.0467171717171717
11.6682465057438, 4, 57, 4, 12, 0.0115508595340253
11.3646170817319, 7, 19, 0, 4, 0.0126262626262626
11.32960657189, 6, 22, 3, 2, 0.400252525252525
11.1490980522778, 5, 18, 4, 45, 0.0660434784542375
11.144867174867, 5, 12, 1, 19, 0.529279279279279
11.1043701774138, 8, 3, 0, 5, 0.0184343434343434
10.8472724521414, 6, 24, 3, 2, 0.400252525252525
10.7000485985735, 8, 2, 1, 25, 0.835585585585586
10.6166199372488, 4, 20, 1, 21, 0.56981981981982
10.5851398353226, 11, 3, 0, 6, 0.026010101010101
10.5446915282009, 8, 5, 0, 5, 0.0184343434343434
10.3953333333334, 6, 25, 0, 8, 0.0467171717171717
10.2475764216969, 9, 6, 0, 7, 0.0353535353535354
10.1889247506335, 8, 24, 0, 8, 0.0467171717171717
10.1868402162423, 4, 191, 0, 5, 0.0184343434343434
10.1727309017785, 7, 6, 2, 3, 0.363636363636364
10.1505188005376, 7, 12, 1, 12, 0.313063063063063
10.0656600007153, 7, 5, 0, 5, 0.0184343434343434
9.98362311994459, 5, 11, 1, 8, 0.202702702702703
9.84300583480706, 7, 10, 2, 2, 0.181818181818182
9.80414893289474, 6, 23, 1, 16, 0.414414414414414
9.64533040002557, 7, 14, 0, 4, 0.0126262626262626
9.53344193192474, 7, 27, 0, 4, 0.0126262626262626
9.2481621621622, 6, 16, 0, 17, 0.444444444444444
9.23926462097256, 5, 18, 0, 16, 0.351010101010101
9.09299999999999, 6, 1, 0, 17, 0.444444444444444
8.90879419450228, 5, 24, 4, 98, 0.624936765886549
8.81792978928205, 8, 6, 0, 5, 0.0184343434343434
8.79060714285708, 7, 16, 1, 12, 0.313063063063063
8.78368976908737, 5, 29, 4, 45, 0.0660434784542375
8.73875061655839, 8, 6, 4, 57, 0.0798737051896258
8.66903160537726, 6, 2, 1, 8, 0.202702702702703
8.58993317785418, 7, 2, 0, 7, 0.0353535353535354
8.48981480611777, 5, 6, 2, 3, 0.363636363636364
8.28002764627811, 11, 3, 0, 5, 0.0184343434343434
8.2676363636364, 7, 4, 1, 22, 0.632882882882883
8.21966666666661, 6, 9, 4, 68, 0.0971476980300399
8.19921405989628, 11, 5, 0, 6, 0.026010101010101
8.07245774234946, 6, 21, 0, 17, 0.444444444444444
7.99285017323229, 8, 39, 0, 8, 0.0467171717171717
7.99215789105036, 7, 3, 0, 19, 0.70959595959596
7.97332268756256, 8, 3, 0, 5, 0.0184343434343434
7.86239101069134, 7, 8, 1, 22, 0.632882882882883
7.85197545325495, 8, 6, 0, 5, 0.0184343434343434
7.69312019869949, 8, 17, 2, 3, 0.363636363636364
7.65712584072705, 7, 14, 1, 16, 0.414414414414414
7.63655120630584, 8, 8, 0, 5, 0.0184343434343434
7.58725279004189, 7, 10, 0, 3, 0.00795454545454546
7.48231617359442, 7, 7, 3, 2, 0.400252525252525
7.42043226791402, 7, 6, 2, 2, 0.181818181818182
7.37372518800013, 7, 3, 0, 19, 0.70959595959596
7.277693178569, 8, 5, 4, 60, 0.0833233322906506
7.27400000000017, 5, 36, 4, 98, 0.624936765886549
7.27172727272722, 6, 4, 0, 8, 0.0467171717171717
7.19320700383358, 7, 12, 2, 3, 0.363636363636364
7.17071428571427, 11, 4, 0, 5, 0.0184343434343434
7.09148552017226, 7, 2, 0, 18, 0.558080808080808
7.05211118743885, 6, 5, 4, 100, 0.705914182813912
7.01365107011558, 7, 3, 0, 7, 0.0353535353535354
6.99391666666668, 6, 9, 4, 97, 0.601622068566827
6.82824946492207, 8, 3, 0, 5, 0.0184343434343434
6.80656911326954, 8, 12, 0, 5, 0.0184343434343434
6.74709001336865, 7, 23, 2, 3, 0.363636363636364
6.62417632615557, 11, 2, 0, 2, 0.00416666666666667
6.61835294117645, 9, 4, 3, 1, 0.0997474747474748
6.60964978259905, 9, 19, 3, 2, 0.400252525252525
6.59117800970019, 10, 2, 4, 75, 0.204510284651682
6.56914705882355, 10, 4, 0, 6, 0.026010101010101
6.44314814814815, 8, 1, 2, 2, 0.181818181818182
6.43970002368605, 8, 2, 2, 1, 0.0454545454545454
6.37005116921657, 8, 6, 1, 12, 0.313063063063063
6.32864241098058, 6, 46, 2, 3, 0.363636363636364
6.31059151624315, 6, 13, 4, 25, 0.0319165363830463
6.24974564242746, 7, 7, 1, 22, 0.632882882882883
6.19086666666669, 9, 4, 1, 26, 0.943693693693694
6.18640909090911, 8, 4, 4, 69, 0.110861739138859
6.16657142857139, 8, 4, 4, 80, 0.244079764845808
6.15077335447619, 8, 7, 4, 60, 0.0833233322906506
6.13133968115574, 8, 7, 4, 6, 0.00648491626136443
6.13133968115559, 8, 7, 4, 6, 0.00648491626136443
6.04901491980305, 7, 6, 0, 17, 0.444444444444444
6.04901491980301, 7, 6, 0, 17, 0.444444444444444
6.03812622590818, 9, 2, 0, 11, 0.103535353535354
6.02822937889746, 7, 11, 2, 3, 0.363636363636364
5.98919443665008, 6, 2, 0, 8, 0.0467171717171717
5.98919443665004, 6, 2, 0, 8, 0.0467171717171717
5.96012177488252, 6, 7, 4, 100, 0.705914182813912
5.94610559234178, 9, 7, 2, 2, 0.181818181818182
5.92384304538753, 6, 63, 1, 16, 0.414414414414414
5.88501403755526, 6, 2, 4, 103, 0.865041948010276
5.88466666666673, 6, 9, 0, 14, 0.217171717171717
5.88466666666673, 6, 9, 0, 14, 0.217171717171717
5.8191572514967, 7, 17, 0, 3, 0.00795454545454546
5.7784514084893, 8, 3, 0, 5, 0.0184343434343434
5.76215909090934, 9, 25, 3, 2, 0.400252525252525
5.7344224323591, 6, 15, 3, 2, 0.400252525252525
5.69599341825753, 8, 3, 4, 80, 0.244079764845808
5.60473015873015, 5, 4, 4, 44, 0.0639293827209357
5.56300387829846, 8, 21, 2, 5, 0.863636363636364
5.55545454545455, 9, 4, 4, 92, 0.455244555401909
5.55233064516136, 6, 16, 3, 2, 0.400252525252525
5.54516451785228, 7, 13, 2, 3, 0.363636363636364
5.51376078542591, 7, 27, 1, 16, 0.414414414414414
5.51183307691449, 9, 2, 2, 1, 0.0454545454545454
5.50828070175436, 10, 9, 0, 10, 0.0808080808080808
5.4969091330064, 6, 7, 0, 8, 0.0467171717171717
5.43600000000001, 8, 1, 0, 11, 0.103535353535354
5.41849999999997, 8, 4, 4, 26, 0.0338774705003143
5.40861732176843, 11, 3, 0, 2, 0.00416666666666667
5.40605465240638, 5, 51, 1, 19, 0.529279279279279
5.40600000000001, 7, 4, 0, 19, 0.70959595959596
5.39433333333332, 9, 4, 0, 6, 0.026010101010101
5.39355573668282, 7, 17, 1, 22, 0.632882882882883
5.36943034007069, 5, 15, 2, 3, 0.363636363636364
5.36297154727281, 6, 18, 4, 25, 0.0319165363830463
5.35562676070692, 9, 2, 0, 8, 0.0467171717171717
5.33399999999999, 7, 1, 4, 10, 0.00844094610403909
5.31563426273726, 8, 23, 2, 5, 0.863636363636364
5.2891392922785, 8, 5, 0, 5, 0.0184343434343434
5.28659119496882, 8, 36, 2, 3, 0.363636363636364
5.28357974918387, 13, 3, 0, 5, 0.0184343434343434
5.24509396091033, 9, 12, 1, 13, 0.326576576576577
5.22874999999999, 9, 4, 4, 100, 0.705914182813912
5.22874999999999, 9, 4, 4, 100, 0.705914182813912
5.22561390272838, 10, 10, 0, 10, 0.0808080808080808
5.21976496515202, 8, 7, 0, 5, 0.0184343434343434
5.21401108304097, 7, 6, 0, 19, 0.70959595959596
5.21231370862988, 9, 19, 2, 2, 0.181818181818182
5.13428359398247, 8, 6, 4, 76, 0.20691329301129
5.1328888888889, 7, 1, 0, 17, 0.444444444444444
5.10909804298715, 8, 3, 0, 6, 0.026010101010101
5.08033497786432, 9, 20, 2, 2, 0.181818181818182
5.03677044786075, 7, 10, 3, 3, 0.800505050505051
5.00428571428574, 8, 4, 0, 5, 0.0184343434343434
4.98174649501451, 6, 5, 1, 26, 0.943693693693694
4.94908695652168, 7, 16, 3, 2, 0.400252525252525
4.93422041857299, 8, 10, 1, 12, 0.313063063063063
4.93010941866408, 9, 3, 0, 11, 0.103535353535354
4.87701134872917, 6, 18, 0, 9, 0.0618686868686869
4.85601341420627, 9, 14, 1, 13, 0.326576576576577
4.85433333333333, 8, 1, 4, 96, 0.578309095069458
4.84999999999999, 11, 1, 0, 5, 0.0184343434343434
4.83333333333334, 11, 1, 0, 6, 0.026010101010101
4.82953931550413, 14, 2, 0, 2, 0.00416666666666667
4.81737707886774, 9, 2, 0, 5, 0.0184343434343434
4.72897301773536, 6, 2, 0, 2, 0.00416666666666667
4.70533333333333, 10, 4, 2, 3, 0.363636363636364
4.67648570372986, 8, 7, 4, 69, 0.110861739138859
4.67098527336964, 7, 10, 4, 28, 0.0358931359772792
4.66066666666669, 10, 4, 4, 75, 0.204510284651682
4.6575, 10, 1, 0, 7, 0.0353535353535354
4.62333333333335, 8, 1, 0, 11, 0.103535353535354
4.61296190195936, 11, 7, 3, 1, 0.0997474747474748
4.59154198499809, 6, 5, 0, 14, 0.217171717171717
4.59154198499803, 6, 5, 0, 14, 0.217171717171717
4.58285549670792, 9, 30, 0, 7, 0.0353535353535354
4.5757142857143, 13, 4, 0, 5, 0.0184343434343434
4.57513268614781, 7, 5, 3, 2, 0.400252525252525
4.5625160525115, 8, 11, 1, 25, 0.835585585585586
4.5440681818182, 7, 16, 2, 2, 0.181818181818182
4.50748902161723, 6, 3, 4, 87, 0.357350407816721
4.50333333333333, 9, 1, 0, 10, 0.0808080808080808
4.50209684850664, 6, 30, 4, 68, 0.0971476980300399
4.49366666666668, 7, 4, 0, 15, 0.275252525252525
4.46000000000001, 7, 1, 2, 2, 0.181818181818182
4.45999999999999, 11, 1, 0, 3, 0.00795454545454546
4.45360971307505, 7, 11, 4, 28, 0.0358931359772792
4.44133333333333, 12, 1, 3, 1, 0.0997474747474748
4.37285093884224, 9, 3, 0, 8, 0.0467171717171717
4.32679153646207, 11, 5, 1, 2, 0.0788288288288288
4.31335136523796, 7, 2, 0, 14, 0.217171717171717
4.31335136523792, 7, 2, 0, 14, 0.217171717171717
4.27625641025655, 6, 9, 3, 3, 0.800505050505051
4.27552851999542, 7, 53, 2, 2, 0.181818181818182
4.27250000000004, 7, 4, 3, 2, 0.400252525252525
4.21394953235943, 7, 7, 4, 41, 0.0589841673467433
4.20400000000001, 9, 4, 4, 79, 0.228732574440079
4.20399999999995, 9, 4, 4, 79, 0.228732574440079
4.19952889919886, 9, 7, 4, 92, 0.455244555401909
4.19619999999999, 7, 1, 3, 3, 0.800505050505051
4.18861772903669, 12, 2, 4, 84, 0.293759463138283
4.16869988365673, 8, 3, 0, 16, 0.351010101010101
4.16324392361293, 8, 3, 3, 1, 0.0997474747474748
4.11936840493244, 8, 2, 4, 72, 0.171932627919944
4.11000000000001, 10, 1, 0, 17, 0.444444444444444
4.07671308604932, 7, 63, 2, 3, 0.363636363636364
4.0687492918586, 11, 5, 0, 10, 0.0808080808080808
4.05101474941772, 8, 2, 0, 9, 0.0618686868686869
4.04947760054032, 7, 6, 3, 3, 0.800505050505051
4.01925765395665, 7, 5, 0, 15, 0.275252525252525
4.01438859045908, 9, 3, 0, 7, 0.0353535353535354
3.99522159585674, 5, 10, 4, 82, 0.274718983341981
3.99522159585674, 5, 10, 4, 82, 0.274718983341981
3.97699897083992, 8, 10, 4, 76, 0.20691329301129
3.94689999999997, 9, 4, 0, 10, 0.0808080808080808
3.93604422089529, 9, 3, 0, 18, 0.558080808080808
3.93519999999998, 9, 1, 0, 10, 0.0808080808080808
3.92612616805676, 9, 3, 3, 3, 0.800505050505051
3.90008221368076, 8, 10, 4, 80, 0.244079764845808
3.88268056030025, 14, 3, 0, 5, 0.0184343434343434
3.88268056030022, 14, 3, 0, 5, 0.0184343434343434
3.87659617669419, 9, 3, 0, 11, 0.103535353535354
3.85733333333333, 8, 1, 4, 88, 0.375097158937352
3.8314580938593, 8, 8, 4, 26, 0.0338774705003143
3.82648513409906, 7, 3, 1, 7, 0.184684684684685
3.82144017354708, 7, 5, 3, 2, 0.400252525252525
3.81555024176948, 9, 17, 2, 2, 0.181818181818182
3.81436967998064, 9, 8, 0, 6, 0.026010101010101
3.81135801056007, 8, 6, 2, 5, 0.863636363636364
3.79284204099281, 10, 5, 4, 41, 0.0589841673467433
3.78563636363646, 5, 4, 3, 2, 0.400252525252525
3.74908775615903, 7, 7, 3, 3, 0.800505050505051
3.73718829246446, 8, 3, 3, 3, 0.800505050505051
3.73323306553658, 9, 11, 1, 26, 0.943693693693694
3.7163541666667, 7, 9, 4, 41, 0.0589841673467433
3.69965020804516, 7, 14, 0, 19, 0.70959595959596
3.69331299904147, 10, 2, 0, 1, 0.00126262626262626
3.68618901868605, 7, 3, 2, 1, 0.0454545454545454
3.68237641415916, 6, 2, 0, 6, 0.026010101010101
3.67120167515839, 9, 13, 3, 1, 0.0997474747474748
3.6695, 10, 1, 4, 5, 0.00604237658698964
3.65662594221094, 9, 2, 0, 16, 0.351010101010101
3.6486709909226, 10, 2, 0, 4, 0.0126262626262626
3.64390716256174, 10, 13, 0, 6, 0.026010101010101
3.64333333333333, 7, 1, 0, 15, 0.275252525252525
3.63333333333337, 9, 9, 0, 7, 0.0353535353535354
3.63189999999997, 9, 4, 0, 11, 0.103535353535354
3.62333333333333, 13, 1, 0, 8, 0.0467171717171717
3.61695997142781, 7, 8, 3, 2, 0.400252525252525
3.61000000000001, 10, 1, 0, 11, 0.103535353535354
3.5615345389625, 7, 20, 3, 3, 0.800505050505051
3.55422172800697, 7, 2, 0, 3, 0.00795454545454546
3.5, 13, 1, 0, 5, 0.0184343434343434
3.5, 13, 1, 0, 5, 0.0184343434343434
3.49305190342196, 10, 10, 0, 10, 0.0808080808080808
3.45515268596531, 8, 3, 0, 17, 0.444444444444444
3.45515268596529, 8, 3, 0, 17, 0.444444444444444
3.44216445174758, 8, 7, 2, 1, 0.0454545454545454
3.43253201813991, 8, 2, 4, 96, 0.578309095069458
3.42946788875473, 11, 2, 0, 5, 0.0184343434343434
3.42593235484884, 11, 2, 2, 4, 0.590909090909091
3.42593235484882, 11, 2, 2, 4, 0.590909090909091
3.41999205457163, 12, 3, 4, 84, 0.293759463138283
3.41768277573501, 11, 2, 0, 6, 0.026010101010101
3.41156274064153, 11, 3, 2, 2, 0.181818181818182
3.41156274064148, 11, 3, 2, 2, 0.181818181818182
3.40871428571432, 9, 4, 0, 18, 0.558080808080808
3.38624999999999, 10, 1, 4, 97, 0.601622068566827
3.38125185150907, 8, 3, 2, 4, 0.590909090909091
3.38125185150905, 8, 3, 2, 4, 0.590909090909091
3.36936381235391, 10, 2, 0, 10, 0.0808080808080808
3.36936381235389, 10, 2, 0, 10, 0.0808080808080808
3.35687159255293, 9, 2, 4, 79, 0.228732574440079
3.3271731077431, 10, 8, 2, 3, 0.363636363636364
3.32104484897281, 12, 2, 0, 5, 0.0184343434343434
3.27844226428834, 9, 3, 0, 10, 0.0808080808080808
3.26919035168581, 8, 2, 0, 11, 0.103535353535354
3.26824754264423, 6, 2, 4, 104, 0.952055328905477
3.26666666666665, 12, 1, 0, 8, 0.0467171717171717
3.25548571787054, 10, 3, 1, 26, 0.943693693693694
3.23874256006408, 11, 3, 3, 2, 0.400252525252525
3.23799999999999, 10, 1, 3, 3, 0.800505050505051
3.23145483554698, 6, 41, 0, 9, 0.0618686868686869
3.23008619611296, 8, 5, 1, 25, 0.835585585585586
3.22699752806626, 8, 44, 4, 57, 0.0798737051896258
3.22263035526372, 9, 6, 0, 10, 0.0808080808080808
3.21359234791017, 9, 8, 0, 15, 0.275252525252525
3.21309321371162, 6, 8, 4, 101, 0.73090184972689
3.18581909500877, 9, 2, 4, 72, 0.171932627919944
3.18433753794344, 9, 2, 0, 10, 0.0808080808080808
3.15369624409201, 11, 2, 0, 3, 0.00795454545454546
3.15369624409201, 7, 2, 2, 2, 0.181818181818182
3.14049691750986, 12, 2, 3, 1, 0.0997474747474748
3.124, 9, 1, 4, 93, 0.471038215796977
3.12350000000001, 8, 1, 4, 77, 0.212750155497395
3.1211555552391, 7, 12, 0, 19, 0.70959595959596
3.1195, 11, 1, 2, 2, 0.181818181818182
3.11949999999999, 11, 1, 2, 2, 0.181818181818182
3.11143356383137, 6, 17, 3, 3, 0.800505050505051
3.10953203121071, 9, 5, 0, 7, 0.0353535353535354
3.10300000000001, 7, 1, 4, 57, 0.0798737051896258
3.10299999999999, 7, 1, 4, 57, 0.0798737051896258
3.10080465685927, 8, 2, 0, 14, 0.217171717171717
3.09241365638919, 8, 2, 4, 56, 0.078725036164931
3.08439977953574, 9, 2, 1, 17, 0.436936936936937
3.07987501099208, 8, 3, 0, 13, 0.170454545454545
3.07987501099205, 8, 3, 0, 13, 0.170454545454545
3.06675000000001, 8, 1, 4, 8, 0.00740754908006669
3.06133333333334, 10, 1, 4, 68, 0.0971476980300399
3.059503636213, 11, 10, 1, 2, 0.0788288288288288
3.045, 7, 1, 0, 18, 0.558080808080808
3.045, 7, 1, 0, 18, 0.558080808080808
3.03820213649821, 12, 2, 0, 2, 0.00416666666666667
3.03266666666674, 11, 9, 0, 10, 0.0808080808080808
3.03100000000001, 6, 9, 0, 17, 0.444444444444444
3.02980392156866, 9, 9, 0, 15, 0.275252525252525
3.02074999999999, 8, 1, 0, 15, 0.275252525252525
3.00749999999999, 13, 1, 0, 5, 0.0184343434343434
3.0016682861369, 11, 2, 0, 7, 0.0353535353535354
3.00166828613686, 11, 2, 0, 7, 0.0353535353535354
2.99875729817093, 7, 3, 3, 1, 0.0997474747474748
2.96489873351518, 10, 2, 4, 92, 0.455244555401909
2.96277741317163, 14, 2, 3, 2, 0.400252525252525
2.96277741317163, 14, 2, 3, 2, 0.400252525252525
2.95084423367769, 6, 7, 4, 87, 0.357350407816721
2.94246416382118, 9, 2, 2, 4, 0.590909090909091
2.91314753684541, 9, 14, 0, 7, 0.0353535353535354
2.91283333333331, 8, 4, 4, 72, 0.171932627919944
2.90679877375639, 9, 7, 1, 6, 0.164414414414414
2.90620887067668, 10, 2, 0, 17, 0.444444444444444
2.90336763063496, 11, 6, 1, 5, 0.141891891891892
2.89673363980883, 7, 2, 0, 10, 0.0808080808080808
2.89142857142855, 11, 1, 0, 8, 0.0467171717171717
2.88289999999999, 9, 1, 2, 3, 0.363636363636364
2.86167269363022, 10, 3, 4, 19, 0.0217556379075293
2.86167210637266, 5, 7, 3, 2, 0.400252525252525
2.85206493614721, 10, 15, 0, 10, 0.0808080808080808
2.83921428571429, 9, 4, 0, 10, 0.0808080808080808
2.81523208135227, 8, 3, 0, 13, 0.170454545454545
2.814874441055, 8, 11, 2, 5, 0.863636363636364
2.80439645397873, 6, 12, 3, 2, 0.400252525252525
2.80105199078884, 11, 2, 3, 3, 0.800505050505051
2.78833582386815, 14, 6, 0, 2, 0.00416666666666667
2.78488095238106, 6, 16, 1, 26, 0.943693693693694
2.78333333333335, 9, 1, 0, 10, 0.0808080808080808
2.78203444087383, 7, 3, 0, 5, 0.0184343434343434
2.75915693645725, 9, 3, 0, 2, 0.00416666666666667
2.755, 11, 1, 0, 4, 0.0126262626262626
2.73626673045456, 8, 13, 4, 80, 0.244079764845808
2.72905468091585, 8, 7, 0, 16, 0.351010101010101
2.71799999999996, 8, 4, 0, 11, 0.103535353535354
2.70573358643103, 7, 6, 1, 7, 0.184684684684685
2.69336972953956, 10, 2, 4, 37, 0.0486682110506046
2.69219121823756, 10, 2, 3, 2, 0.400252525252525
2.6890088787507, 10, 3, 0, 7, 0.0353535353535354
2.68799610947095, 11, 7, 1, 5, 0.141891891891892
2.68032958748442, 7, 14, 0, 18, 0.558080808080808
2.66500000000002, 8, 1, 0, 11, 0.103535353535354
2.66333333333333, 10, 1, 0, 15, 0.275252525252525
2.66329479585777, 11, 21, 3, 1, 0.0997474747474748
2.65400745205353, 9, 2, 0, 9, 0.0618686868686869
2.64259118417256, 8, 6, 3, 3, 0.800505050505051
2.6395, 10, 1, 2, 4, 0.590909090909091
2.63134141553107, 7, 7, 0, 4, 0.0126262626262626
2.63000000000001, 8, 1, 0, 6, 0.026010101010101
2.63, 8, 1, 0, 6, 0.026010101010101
2.61566666666666, 8, 1, 4, 56, 0.078725036164931
2.60652925184826, 7, 6, 2, 1, 0.0454545454545454
2.59830303030297, 9, 9, 2, 1, 0.0454545454545454
2.5950818869546, 8, 2, 0, 10, 0.0808080808080808
2.57622570612302, 7, 2, 0, 15, 0.275252525252525
2.57386868351902, 10, 2, 0, 4, 0.0126262626262626
2.57386868351902, 10, 2, 0, 4, 0.0126262626262626
2.572, 7, 1, 0, 8, 0.0467171717171717
2.56208668861928, 8, 5, 0, 9, 0.0618686868686869
2.56208357049926, 13, 2, 0, 8, 0.0467171717171717
2.55360735459654, 8, 8, 1, 25, 0.835585585585586
2.55265548008343, 10, 2, 0, 11, 0.103535353535354
2.5502386176205, 8, 3, 0, 13, 0.170454545454545
2.53749999999999, 10, 1, 0, 2, 0.00416666666666667
2.53179640045036, 8, 3, 0, 14, 0.217171717171717
2.49184429690139, 9, 2, 3, 1, 0.0997474747474748
2.46860000000001, 9, 1, 0, 13, 0.170454545454545
2.46801768926222, 5, 180, 1, 8, 0.202702702702703
2.46796627025148, 6, 6, 3, 3, 0.800505050505051
2.45002398155693, 9, 2, 4, 51, 0.0718603446010522
2.4490909090909, 8, 1, 4, 20, 0.0246350245742943
2.43923555238112, 9, 2, 0, 11, 0.103535353535354
2.4392, 12, 1, 3, 3, 0.800505050505051
2.42867857142852, 6, 16, 3, 2, 0.400252525252525
2.41476965775207, 7, 2, 0, 6, 0.026010101010101
2.41476965775203, 7, 2, 0, 6, 0.026010101010101
2.41392112961462, 10, 2, 0, 2, 0.00416666666666667
2.40868853943375, 9, 8, 0, 5, 0.0184343434343434
2.4075, 12, 1, 0, 5, 0.0184343434343434
2.38567726446895, 9, 2, 4, 60, 0.0833233322906506
2.38333333333333, 10, 1, 0, 14, 0.217171717171717
2.37866666666667, 9, 1, 3, 3, 0.800505050505051
2.37511111111112, 10, 1, 4, 32, 0.0409687585124503
2.37366666666665, 9, 4, 4, 79, 0.228732574440079
2.37049999999999, 8, 1, 1, 3, 0.105855855855856
2.36517311276219, 7, 3, 0, 10, 0.0808080808080808
2.35941155524814, 6, 27, 1, 8, 0.202702702702703
2.3483333333333, 12, 4, 0, 5, 0.0184343434343434
2.33466666666668, 8, 1, 4, 104, 0.952055328905477
2.33333333333331, 12, 1, 0, 9, 0.0618686868686869
2.32906831587225, 10, 2, 3, 3, 0.800505050505051
2.32483333333333, 11, 1, 4, 70, 0.136274845408473
2.32062500000006, 7, 9, 0, 4, 0.0126262626262626
2.31919000638453, 12, 7, 4, 73, 0.179360578437554
2.31100000000001, 6, 4, 4, 104, 0.952055328905477
2.30988215187604, 12, 2, 0, 8, 0.0467171717171717
2.30829241655852, 6, 13, 4, 103, 0.865041948010276
2.30197602716227, 10, 6, 1, 26, 0.943693693693694
2.29851390025378, 9, 3, 0, 7, 0.0353535353535354
2.29013682673881, 11, 6, 3, 2, 0.400252525252525
2.28010055059713, 8, 3, 3, 1, 0.0997474747474748
2.27958880831308, 10, 3, 1, 24, 0.743243243243243
2.27199999999999, 6, 16, 4, 101, 0.73090184972689
2.26793589589542, 8, 6, 2, 5, 0.863636363636364
2.26766666666667, 8, 1, 0, 20, 0.898989898989899
2.26675, 9, 9, 3, 3, 0.800505050505051
2.26665665904043, 10, 14, 4, 41, 0.0589841673467433
2.26627723370287, 10, 2, 0, 6, 0.026010101010101
2.25399999999991, 10, 4, 3, 2, 0.400252525252525
2.24788719395227, 7, 5, 0, 3, 0.00795454545454546
2.22666666666667, 10, 1, 1, 5, 0.141891891891892
2.22233333333332, 9, 1, 0, 13, 0.170454545454545
2.21333333333331, 14, 1, 4, 75, 0.204510284651682
2.20900158442679, 9, 2, 4, 93, 0.471038215796977
2.20857142857142, 8, 4, 0, 13, 0.170454545454545
2.19749999999999, 8, 1, 0, 16, 0.351010101010101
2.1925, 12, 1, 0, 4, 0.0126262626262626
2.18666666666664, 8, 4, 4, 56, 0.078725036164931
2.18066939335716, 8, 5, 0, 13, 0.170454545454545
2.18050000000001, 11, 1, 4, 97, 0.601622068566827
2.1805, 11, 1, 4, 97, 0.601622068566827
2.17759638133427, 7, 6, 4, 10, 0.00844094610403909
2.16910055891698, 9, 2, 0, 11, 0.103535353535354
2.16500000000001, 9, 1, 3, 1, 0.0997474747474748
2.16468955947241, 10, 2, 4, 68, 0.0971476980300399
2.16000000000001, 10, 1, 0, 13, 0.170454545454545
2.16, 10, 1, 0, 13, 0.170454545454545
2.15833333333333, 11, 1, 0, 17, 0.444444444444444
2.14833333333337, 12, 4, 0, 2, 0.00416666666666667
2.13864973464568, 9, 3, 0, 16, 0.351010101010101
2.13500000000001, 10, 1, 0, 18, 0.558080808080808
2.13500000000001, 10, 1, 0, 18, 0.558080808080808
2.12457142857144, 8, 1, 4, 65, 0.0928774452980315
2.12329917231365, 9, 10, 0, 11, 0.103535353535354
2.1225, 11, 1, 3, 2, 0.400252525252525
2.1225, 11, 1, 3, 2, 0.400252525252525
2.11858681279131, 10, 3, 4, 5, 0.00604237658698964
2.11344444444444, 8, 4, 2, 5, 0.863636363636364
2.11115397206125, 9, 6, 0, 16, 0.351010101010101
2.10616805539136, 8, 2, 1, 2, 0.0788288288288288
2.1040669380987, 8, 2, 1, 24, 0.743243243243243
2.09810000000002, 7, 4, 3, 3, 0.800505050505051
2.09500000000001, 8, 1, 0, 15, 0.275252525252525
2.095, 8, 1, 0, 15, 0.275252525252525
2.09460742071485, 10, 2, 2, 3, 0.363636363636364
2.08250000000001, 10, 1, 0, 6, 0.026010101010101
2.07000000000001, 11, 1, 0, 9, 0.0618686868686869
2.05541712446778, 9, 14, 1, 6, 0.164414414414414
2.03371632322048, 8, 3, 0, 13, 0.170454545454545
2.03371632322048, 8, 3, 0, 13, 0.170454545454545
2.02499999999999, 9, 1, 0, 9, 0.0618686868686869
2.02250000000001, 10, 1, 3, 2, 0.400252525252525
2.02249999999999, 10, 1, 3, 2, 0.400252525252525
2.02232539419358, 12, 2, 0, 4, 0.0126262626262626
2.0223253941935, 12, 2, 0, 4, 0.0126262626262626
2.01525432638168, 12, 2, 0, 7, 0.0353535353535354
2.01525432638164, 12, 2, 0, 7, 0.0353535353535354
2.01488891069681, 9, 5, 4, 72, 0.171932627919944
2.01000000000001, 11, 1, 0, 2, 0.00416666666666667
2.00099999999999, 6, 1, 0, 14, 0.217171717171717
2, 11, 1, 0, 10, 0.0808080808080808
2, 11, 1, 0, 10, 0.0808080808080808
1.99404112294606, 10, 2, 0, 5, 0.0184343434343434
1.99404112294606, 10, 2, 0, 5, 0.0184343434343434
1.99333333333334, 13, 1, 0, 3, 0.00795454545454546
1.99162748859656, 9, 3, 0, 11, 0.103535353535354
1.9905714285714, 9, 4, 0, 7, 0.0353535353535354
1.985, 9, 1, 0, 8, 0.0467171717171717
1.9845, 9, 1, 4, 95, 0.534067194388448
1.9845, 9, 1, 4, 95, 0.534067194388448
1.98, 10, 1, 0, 4, 0.0126262626262626
1.97999999999999, 10, 1, 0, 4, 0.0126262626262626
1.97874516346276, 8, 20, 0, 6, 0.026010101010101
1.97339360493539, 11, 2, 2, 5, 0.863636363636364
1.97095834895955, 10, 3, 0, 2, 0.00416666666666667
1.96811387430256, 9, 2, 0, 10, 0.0808080808080808
1.9676, 9, 4, 0, 10, 0.0808080808080808
1.9675, 9, 1, 3, 3, 0.800505050505051
1.9675, 9, 1, 3, 3, 0.800505050505051
1.96717106526098, 10, 2, 3, 3, 0.800505050505051
1.96717106526096, 10, 2, 3, 3, 0.800505050505051
1.96490832356121, 9, 2, 4, 50, 0.0708643200456854
1.96409010000008, 8, 8, 2, 5, 0.863636363636364
1.95797867710555, 9, 2, 0, 13, 0.170454545454545
1.95200000000001, 10, 1, 4, 86, 0.339097714835584
1.952, 10, 1, 4, 86, 0.339097714835584
1.95101858012675, 9, 6, 0, 2, 0.00416666666666667
1.95074570357085, 9, 5, 1, 17, 0.436936936936937
1.95029668072757, 10, 7, 0, 4, 0.0126262626262626
1.94855715851501, 9, 3, 0, 13, 0.170454545454545
1.94855715851499, 9, 3, 0, 13, 0.170454545454545
1.94836470842531, 12, 3, 4, 35, 0.0452335812040479
1.93828571428571, 7, 1, 4, 90, 0.412079181780135
1.92666666666665, 10, 1, 0, 15, 0.275252525252525
1.92000000000002, 10, 4, 1, 19, 0.529279279279279
1.90820000000001, 9, 1, 4, 38, 0.0506681897441603
1.905, 10, 1, 0, 6, 0.026010101010101
1.905, 10, 1, 0, 6, 0.026010101010101
1.90450000000001, 10, 4, 4, 37, 0.0486682110506046
1.90366666666668, 10, 4, 3, 2, 0.400252525252525
1.90167631665681, 10, 3, 3, 3, 0.800505050505051
1.89450000000002, 12, 1, 4, 70, 0.136274845408473
1.89449999999999, 12, 1, 4, 70, 0.136274845408473
1.89176258267419, 7, 7, 2, 5, 0.863636363636364
1.89032217777884, 8, 5, 2, 5, 0.863636363636364
1.88819999999998, 12, 1, 0, 11, 0.103535353535354
1.88326106056019, 10, 2, 0, 15, 0.275252525252525
1.88188888888888, 11, 1, 0, 9, 0.0618686868686869
1.88090403795621, 11, 2, 0, 18, 0.558080808080808
1.88090403795621, 11, 2, 0, 18, 0.558080808080808
1.87966666666667, 11, 1, 2, 4, 0.590909090909091
1.87666666666664, 9, 4, 0, 9, 0.0618686868686869
1.87333333333333, 10, 1, 0, 13, 0.170454545454545
1.87275000000002, 9, 1, 2, 4, 0.590909090909091
1.87241875658198, 6, 2, 4, 13, 0.0149040473935306
1.8682, 10, 4, 4, 66, 0.0931101613156405
1.86500000000001, 10, 1, 0, 3, 0.00795454545454546
1.86499999999999, 10, 1, 0, 3, 0.00795454545454546
1.85559999999998, 11, 4, 0, 6, 0.026010101010101
1.8485, 8, 1, 4, 104, 0.952055328905477
1.8485, 8, 1, 4, 104, 0.952055328905477
1.84666666666668, 9, 1, 0, 13, 0.170454545454545
1.83500000000004, 8, 4, 0, 10, 0.0808080808080808
1.83069945649199, 9, 2, 4, 57, 0.0798737051896258
1.83033333333331, 8, 1, 0, 20, 0.898989898989899
1.82481175081869, 9, 3, 0, 13, 0.170454545454545
1.81666666666666, 12, 1, 0, 3, 0.00795454545454546
1.81595000000004, 9, 16, 0, 11, 0.103535353535354
1.81514310730587, 9, 2, 4, 11, 0.00893715698736393
1.81514310730585, 9, 2, 4, 11, 0.00893715698736393
1.81475027020519, 7, 8, 0, 17, 0.444444444444444
1.81466666666668, 11, 1, 3, 2, 0.400252525252525
1.8075, 13, 1, 0, 7, 0.0353535353535354
1.80559716575986, 9, 2, 3, 3, 0.800505050505051
1.80559716575984, 9, 2, 3, 3, 0.800505050505051
1.80335356581375, 8, 3, 4, 77, 0.212750155497395
1.80333333333333, 12, 1, 1, 15, 0.38963963963964
1.79440463664136, 11, 3, 3, 1, 0.0997474747474748
1.79440463664136, 11, 3, 3, 1, 0.0997474747474748
1.79400000000001, 9, 1, 0, 17, 0.444444444444444
1.78784878555207, 10, 2, 0, 15, 0.275252525252525
1.77333333333334, 9, 1, 4, 82, 0.274718983341981
1.77199999999999, 10, 1, 3, 2, 0.400252525252525
1.77154082708836, 11, 5, 3, 3, 0.800505050505051
1.77058893803731, 8, 3, 4, 8, 0.00740754908006669
1.76958186037149, 7, 8, 2, 5, 0.863636363636364
1.76953471991933, 10, 2, 3, 3, 0.800505050505051
1.76953471991933, 10, 2, 3, 3, 0.800505050505051
1.76615829202821, 8, 5, 3, 1, 0.0997474747474748
1.76333333333332, 10, 1, 0, 11, 0.103535353535354
1.7585, 10, 1, 2, 1, 0.0454545454545454
1.7585, 10, 1, 2, 1, 0.0454545454545454
1.75620778952836, 11, 5, 2, 5, 0.863636363636364
1.75620778952833, 11, 5, 2, 5, 0.863636363636364
1.75450000000001, 9, 1, 1, 8, 0.202702702702703
1.75449999999999, 9, 1, 1, 8, 0.202702702702703
1.75399999999999, 12, 1, 3, 3, 0.800505050505051
1.75, 9, 1, 0, 18, 0.558080808080808
1.75, 9, 1, 0, 18, 0.558080808080808
1.74891226535573, 8, 17, 3, 1, 0.0997474747474748
1.74674999999999, 8, 1, 4, 13, 0.0149040473935306
1.745, 13, 1, 0, 8, 0.0467171717171717
1.74499999999998, 13, 1, 0, 8, 0.0467171717171717
1.74403082565457, 8, 3, 0, 15, 0.275252525252525
1.74249999999999, 11, 1, 4, 82, 0.274718983341981
1.74249999999999, 11, 1, 4, 82, 0.274718983341981
1.7363809345878, 13, 3, 0, 5, 0.0184343434343434
1.72505190904184, 8, 5, 4, 88, 0.375097158937352
1.72, 11, 1, 3, 1, 0.0997474747474748
1.72, 11, 1, 3, 1, 0.0997474747474748
1.72, 9, 1, 0, 14, 0.217171717171717
1.71796346100065, 8, 3, 1, 24, 0.743243243243243
1.71730020671984, 10, 5, 1, 19, 0.529279279279279
1.71178508191496, 10, 6, 4, 92, 0.455244555401909
1.71010025813024, 7, 7, 4, 102, 0.786411515216059
1.70653192567066, 7, 3, 0, 4, 0.0126262626262626
1.705, 9, 1, 0, 14, 0.217171717171717
1.705, 9, 1, 0, 14, 0.217171717171717
1.69250000000001, 7, 1, 0, 13, 0.170454545454545
1.6918, 12, 1, 4, 5, 0.00604237658698964
1.69174999999998, 9, 1, 3, 2, 0.400252525252525
1.68666666666667, 9, 1, 0, 13, 0.170454545454545
1.68527116182795, 10, 2, 0, 14, 0.217171717171717
1.68197133018239, 9, 2, 3, 3, 0.800505050505051
1.67925, 11, 1, 4, 13, 0.0149040473935306
1.6732487220119, 10, 7, 1, 4, 0.128378378378378
1.67324872201182, 10, 7, 1, 4, 0.128378378378378
1.67270037460686, 10, 2, 4, 90, 0.412079181780135
1.67194444444448, 6, 16, 0, 2, 0.00416666666666667
1.67099999999999, 10, 1, 4, 77, 0.212750155497395
1.66733333333333, 9, 1, 4, 77, 0.212750155497395
1.66547217195468, 9, 2, 0, 16, 0.351010101010101
1.66166666666666, 11, 1, 0, 13, 0.170454545454545
1.66000387951354, 13, 2, 0, 7, 0.0353535353535354
1.65916243930489, 11, 5, 2, 1, 0.0454545454545454
1.65916243930482, 11, 5, 2, 1, 0.0454545454545454
1.65659096113071, 9, 5, 0, 16, 0.351010101010101
1.65085863181019, 8, 2, 4, 104, 0.952055328905477
1.64991582276864, 12, 2, 0, 9, 0.0618686868686869
1.64966666666666, 9, 1, 4, 94, 0.486490559366218
1.64680879616033, 6, 10, 0, 6, 0.026010101010101
1.64400000000001, 11, 1, 4, 23, 0.0296164402178925
1.63991498037473, 12, 14, 4, 73, 0.179360578437554
1.63833992328475, 7, 7, 4, 5, 0.00604237658698964
1.63500000000001, 9, 1, 0, 16, 0.351010101010101
1.63499999999999, 9, 1, 0, 16, 0.351010101010101
1.63159999999999, 12, 1, 2, 5, 0.863636363636364
1.62869999999992, 12, 4, 4, 46, 0.0667300768973018
1.62846691707264, 10, 2, 4, 52, 0.0736969911266934
1.62846691707262, 10, 2, 4, 52, 0.0736969911266934
1.62598331525778, 11, 3, 0, 16, 0.351010101010101
1.62493138316669, 9, 2, 4, 78, 0.219710950157435
1.6228100628231, 10, 2, 0, 10, 0.0808080808080808
1.61126913125443, 11, 3, 2, 5, 0.863636363636364
1.61125, 11, 1, 0, 17, 0.444444444444444
1.61022990076988, 10, 3, 4, 6, 0.00648491626136443
1.6100370464456, 11, 6, 4, 26, 0.0338774705003143
1.60621207400105, 8, 6, 3, 3, 0.800505050505051
1.6043409280241, 9, 3, 4, 50, 0.0708643200456854
1.60433333333333, 10, 1, 4, 2, 0.000339506812356317
1.60348247747069, 8, 2, 0, 20, 0.898989898989899
1.59782562322115, 7, 2, 2, 1, 0.0454545454545454
1.59099025766973, 11, 2, 0, 9, 0.0618686868686869
1.59099025766971, 11, 2, 0, 9, 0.0618686868686869
1.5905999916174, 11, 3, 0, 4, 0.0126262626262626
1.59, 9, 1, 0, 13, 0.170454545454545
1.58999999999999, 9, 1, 0, 13, 0.170454545454545
1.58500000000001, 10, 1, 0, 13, 0.170454545454545
1.58499999999999, 10, 1, 0, 13, 0.170454545454545
1.5714269700569, 9, 2, 0, 13, 0.170454545454545
1.56506300902625, 14, 2, 4, 75, 0.204510284651682
1.56333333333333, 9, 1, 0, 4, 0.0126262626262626
1.56270598642228, 10, 2, 0, 4, 0.0126262626262626
1.56270598642228, 10, 2, 0, 4, 0.0126262626262626
1.54953122075085, 9, 5, 4, 51, 0.0718603446010522
1.54866666666668, 9, 1, 4, 8, 0.00740754908006669
1.53863846739033, 8, 3, 0, 11, 0.103535353535354
1.53725, 10, 1, 4, 75, 0.204510284651682
1.536, 9, 1, 0, 15, 0.275252525252525
1.53359999999999, 12, 1, 4, 100, 0.705914182813912
1.53149999999999, 14, 1, 0, 7, 0.0353535353535354
1.53088618126887, 9, 2, 3, 1, 0.0997474747474748
1.53049999999999, 10, 1, 4, 29, 0.0366148142052202
1.53033333333333, 11, 1, 0, 6, 0.026010101010101
1.52617213606098, 11, 2, 0, 17, 0.444444444444444
1.5253789124892, 10, 6, 4, 66, 0.0931101613156405
1.52533333333334, 8, 1, 1, 26, 0.943693693693694
1.52500000000001, 8, 1, 0, 14, 0.217171717171717
1.52499999999998, 8, 1, 0, 14, 0.217171717171717
1.5245222202382, 9, 2, 4, 42, 0.0614175149797577
1.5245222202382, 9, 2, 4, 42, 0.0614175149797577
1.52200000000001, 8, 1, 3, 1, 0.0997474747474748
1.51509105556952, 11, 6, 0, 6, 0.026010101010101
1.51500000000001, 12, 1, 0, 6, 0.026010101010101
1.51499999999999, 12, 1, 0, 6, 0.026010101010101
1.51000000000002, 13, 1, 0, 6, 0.026010101010101
1.51000000000001, 9, 1, 0, 10, 0.0808080808080808
1.51000000000001, 13, 1, 0, 13, 0.170454545454545
1.51000000000001, 13, 1, 0, 13, 0.170454545454545
1.50999999999999, 13, 1, 0, 6, 0.026010101010101
1.50999999999999, 9, 1, 0, 10, 0.0808080808080808
1.5088347835604, 9, 5, 4, 60, 0.0833233322906506
1.50816666666665, 7, 9, 4, 102, 0.786411515216059
1.50671924536516, 6, 3, 4, 47, 0.0673431543170252
1.50666666666666, 9, 1, 0, 11, 0.103535353535354
1.50401612358375, 9, 2, 0, 6, 0.026010101010101
1.49736931984064, 10, 2, 0, 15, 0.275252525252525
1.4906046589776, 11, 7, 4, 26, 0.0338774705003143
1.48775266761647, 12, 2, 4, 42, 0.0614175149797577
1.48581091775955, 12, 3, 0, 7, 0.0353535353535354
1.48581091775945, 12, 3, 0, 7, 0.0353535353535354
1.48500000000001, 10, 1, 0, 15, 0.275252525252525
1.482, 7, 1, 2, 1, 0.0454545454545454
1.48057514350188, 8, 5, 1, 16, 0.414414414414414
1.477, 11, 1, 1, 4, 0.128378378378378
1.47499999999999, 14, 1, 0, 7, 0.0353535353535354
1.47499999999999, 14, 1, 0, 7, 0.0353535353535354
1.47366666666666, 12, 1, 1, 5, 0.141891891891892
1.47300444046606, 12, 2, 3, 1, 0.0997474747474748
1.46502630806867, 10, 3, 0, 2, 0.00416666666666667
1.46371103705615, 11, 2, 0, 9, 0.0618686868686869
1.46088260993139, 8, 2, 2, 4, 0.590909090909091
1.45977242061904, 10, 3, 0, 15, 0.275252525252525
1.45934743141278, 5, 59, 4, 44, 0.0639293827209357
1.45885714285716, 11, 1, 4, 29, 0.0366148142052202
1.44716968902876, 12, 3, 4, 78, 0.219710950157435
1.43644746974377, 10, 3, 3, 2, 0.400252525252525
1.42999999999999, 15, 1, 0, 4, 0.0126262626262626
1.42555476920395, 10, 10, 3, 2, 0.400252525252525
1.42128463018495, 11, 2, 0, 2, 0.00416666666666667
1.41929999999999, 8, 1, 4, 41, 0.0589841673467433
1.41700000000003, 11, 4, 4, 69, 0.110861739138859
1.41699999999997, 11, 4, 4, 69, 0.110861739138859
1.41663333333341, 10, 9, 1, 5, 0.141891891891892
1.41100000000002, 11, 1, 3, 1, 0.0997474747474748
1.40949951716517, 13, 2, 0, 3, 0.00795454545454546
1.40814285714285, 11, 4, 0, 16, 0.351010101010101
1.39595735093155, 10, 8, 1, 24, 0.743243243243243
1.39449999999999, 10, 4, 4, 6, 0.00648491626136443
1.39319999999998, 13, 1, 0, 10, 0.0808080808080808
1.39215183080007, 7, 2, 3, 3, 0.800505050505051
1.39, 11, 1, 0, 13, 0.170454545454545
1.39, 11, 1, 0, 13, 0.170454545454545
1.38997077307399, 12, 3, 0, 5, 0.0184343434343434
1.3870909090909, 9, 9, 2, 4, 0.590909090909091
1.38619999999999, 12, 1, 4, 89, 0.391602757964068
1.3845, 9, 4, 0, 13, 0.170454545454545
1.38400000000001, 11, 1, 1, 14, 0.353603603603604
1.38399999999999, 11, 1, 1, 14, 0.353603603603604
1.37770189755196, 12, 6, 4, 35, 0.0452335812040479
1.37470309567637, 10, 13, 4, 19, 0.0217556379075293
1.37185964802434, 9, 5, 0, 11, 0.103535353535354
1.37, 10, 1, 0, 14, 0.217171717171717
1.36999999999999, 10, 1, 0, 14, 0.217171717171717
1.36966583515835, 8, 2, 0, 2, 0.00416666666666667
1.36860881311403, 8, 3, 1, 3, 0.105855855855856
1.36235906508609, 10, 2, 0, 15, 0.275252525252525
1.35538749194957, 13, 3, 0, 7, 0.0353535353535354
1.34902014326649, 10, 3, 4, 20, 0.0246350245742943
1.34108503334675, 7, 15, 3, 1, 0.0997474747474748
1.33644611651793, 7, 13, 0, 5, 0.0184343434343434
1.33205763802486, 8, 5, 1, 2, 0.0788288288288288
1.33, 10, 1, 0, 4, 0.0126262626262626
1.33, 10, 1, 0, 4, 0.0126262626262626
1.32982798135699, 12, 6, 4, 46, 0.0667300768973018
1.3291250463703, 11, 2, 2, 4, 0.590909090909091
1.32850000000001, 11, 1, 3, 2, 0.400252525252525
1.32849999999999, 11, 1, 3, 2, 0.400252525252525
1.32501886779022, 10, 3, 0, 10, 0.0808080808080808
1.325, 11, 1, 0, 3, 0.00795454545454546
1.325, 11, 1, 0, 3, 0.00795454545454546
1.3246467034228, 10, 2, 0, 13, 0.170454545454545
1.32190796452201, 10, 6, 3, 3, 0.800505050505051
1.32000000000001, 11, 1, 0, 17, 0.444444444444444
1.31999999999999, 9, 1, 0, 4, 0.0126262626262626
1.31999999999999, 9, 1, 0, 4, 0.0126262626262626
1.31999999999999, 11, 1, 0, 17, 0.444444444444444
1.31733333333335, 9, 1, 4, 81, 0.26159379994883
1.31566666666666, 10, 1, 2, 4, 0.590909090909091
1.315, 15, 1, 0, 6, 0.026010101010101
1.315, 15, 1, 0, 6, 0.026010101010101
1.31146666666669, 8, 9, 3, 3, 0.800505050505051
1.31077394181095, 8, 2, 0, 1, 0.00126262626262626
1.31, 12, 1, 0, 11, 0.103535353535354
1.30999999999999, 12, 1, 0, 11, 0.103535353535354
1.30843577093674, 10, 6, 0, 6, 0.026010101010101
1.30579052259116, 9, 2, 0, 13, 0.170454545454545
1.30485714285714, 6, 4, 4, 47, 0.0673431543170252
1.30333333333334, 9, 1, 4, 92, 0.455244555401909
1.30066666666667, 13, 1, 1, 13, 0.326576576576577
1.3, 10, 1, 0, 2, 0.00416666666666667
1.3, 10, 1, 0, 2, 0.00416666666666667
1.29548518094321, 10, 3, 3, 2, 0.400252525252525
1.2945, 9, 4, 4, 57, 0.0798737051896258
1.29424111183179, 8, 2, 0, 20, 0.898989898989899
1.29033676339276, 9, 6, 0, 13, 0.170454545454545
1.28999999999999, 10, 1, 0, 14, 0.217171717171717
1.28999999999999, 10, 1, 0, 14, 0.217171717171717
1.286, 7, 4, 0, 8, 0.0467171717171717
1.28500000000001, 10, 1, 0, 16, 0.351010101010101
1.285, 10, 1, 0, 16, 0.351010101010101
1.28457731915556, 12, 2, 0, 3, 0.00795454545454546
1.28139306332092, 10, 11, 1, 5, 0.141891891891892
1.28133333333332, 13, 1, 4, 15, 0.0180125300509641
1.28025, 10, 1, 4, 50, 0.0708643200456854
1.28, 9, 1, 0, 2, 0.00416666666666667
1.28, 9, 1, 0, 2, 0.00416666666666667
1.2798821967275, 10, 7, 4, 97, 0.601622068566827
1.27514922873975, 12, 2, 1, 15, 0.38963963963964
1.27, 11, 1, 0, 13, 0.170454545454545
1.27, 11, 1, 0, 13, 0.170454545454545
1.26900000000001, 8, 1, 1, 3, 0.105855855855856
1.26899999999999, 8, 1, 1, 3, 0.105855855855856
1.26854956544863, 9, 2, 0, 17, 0.444444444444444
1.26584046519824, 12, 3, 0, 4, 0.0126262626262626
1.265, 11, 1, 0, 7, 0.0353535353535354
1.26499999999999, 11, 1, 0, 7, 0.0353535353535354
1.26360531293767, 8, 26, 2, 2, 0.181818181818182
1.25999999999999, 14, 1, 0, 4, 0.0126262626262626
1.25631418575664, 11, 3, 4, 41, 0.0589841673467433
1.25500000000001, 13, 1, 0, 8, 0.0467171717171717
1.255, 13, 1, 0, 8, 0.0467171717171717
1.25481149084273, 8, 2, 3, 1, 0.0997474747474748
1.25393602530415, 9, 2, 4, 82, 0.274718983341981
1.25328571428565, 12, 4, 4, 78, 0.219710950157435
1.25299321626258, 10, 2, 3, 2, 0.400252525252525
1.25131438197591, 8, 7, 1, 16, 0.414414414414414
1.24945768235667, 10, 2, 4, 74, 0.194361280550399
1.24945768235659, 10, 2, 4, 74, 0.194361280550399
1.24686495749229, 10, 2, 0, 11, 0.103535353535354
1.24600000000001, 11, 1, 3, 1, 0.0997474747474748
1.246, 11, 1, 3, 1, 0.0997474747474748
1.2459221484507, 9, 8, 3, 1, 0.0997474747474748
1.24400000000003, 10, 4, 3, 2, 0.400252525252525
1.24333333333333, 12, 1, 0, 2, 0.00416666666666667
1.23733333333334, 8, 1, 4, 17, 0.0191899869089483
1.235, 10, 1, 0, 6, 0.026010101010101
1.23466666666667, 10, 1, 4, 11, 0.00893715698736393
1.23429999999996, 9, 4, 0, 13, 0.170454545454545
1.23400000000001, 10, 1, 3, 1, 0.0997474747474748
1.23399999999999, 10, 1, 3, 1, 0.0997474747474748
1.23140000000002, 12, 1, 4, 25, 0.0319165363830463
1.22802402256634, 9, 3, 0, 6, 0.026010101010101
1.227, 10, 1, 4, 37, 0.0486682110506046
1.22699999999999, 10, 1, 4, 37, 0.0486682110506046
1.22259693003595, 10, 3, 0, 15, 0.275252525252525
1.22, 16, 1, 0, 3, 0.00795454545454546
1.21965244366313, 9, 3, 0, 11, 0.103535353535354
1.21965244366303, 9, 3, 0, 11, 0.103535353535354
1.21959999999996, 12, 4, 3, 3, 0.800505050505051
1.21858068624479, 12, 2, 0, 7, 0.0353535353535354
1.21516300346909, 10, 2, 1, 6, 0.164414414414414
1.21516300346909, 10, 2, 1, 6, 0.164414414414414
1.215, 9, 1, 0, 9, 0.0618686868686869
1.215, 9, 1, 0, 9, 0.0618686868686869
1.21474496637498, 12, 3, 4, 42, 0.0614175149797577
1.20905161290324, 6, 25, 3, 3, 0.800505050505051
1.20233193558739, 10, 3, 0, 6, 0.026010101010101
1.19999999999999, 8, 1, 0, 3, 0.00795454545454546
1.19404283529402, 11, 3, 4, 75, 0.204510284651682
1.19265343760131, 9, 2, 0, 13, 0.170454545454545
1.1922283058766, 13, 3, 0, 11, 0.103535353535354
1.19222830587655, 13, 3, 0, 11, 0.103535353535354
1.18864649917461, 11, 2, 3, 1, 0.0997474747474748
1.18864649917457, 11, 2, 3, 1, 0.0997474747474748
1.1879393923934, 10, 2, 0, 11, 0.103535353535354
1.1879393923934, 10, 2, 0, 11, 0.103535353535354
1.185, 11, 1, 0, 9, 0.0618686868686869
1.185, 11, 1, 0, 9, 0.0618686868686869
1.18422160088389, 6, 5, 4, 13, 0.0149040473935306
1.18157543136272, 10, 2, 4, 77, 0.212750155497395
1.18042077128407, 11, 6, 0, 8, 0.0467171717171717
1.17898270649838, 9, 2, 4, 77, 0.212750155497395
1.17800000000001, 11, 1, 3, 2, 0.400252525252525
1.17766666666671, 9, 4, 0, 16, 0.351010101010101
1.17497576807164, 11, 2, 0, 13, 0.170454545454545
1.16999999999999, 13, 1, 0, 9, 0.0618686868686869
1.16999999999999, 13, 1, 0, 7, 0.0353535353535354
1.16999999999999, 13, 1, 0, 7, 0.0353535353535354
1.16976169462939, 8, 5, 4, 56, 0.078725036164931
1.16913429510901, 9, 3, 0, 9, 0.0618686868686869
1.16900000000003, 11, 1, 0, 7, 0.0353535353535354
1.16828571428573, 10, 4, 4, 20, 0.0246350245742943
1.1664904866974, 9, 2, 4, 94, 0.486490559366218
1.16500000000001, 9, 1, 4, 45, 0.0660434784542375
1.16248354827067, 11, 2, 4, 23, 0.0296164402178925
1.16040000000001, 13, 1, 4, 16, 0.0186420699741554
1.15672126432142, 12, 3, 0, 9, 0.0618686868686869
1.15672126432142, 12, 3, 0, 9, 0.0618686868686869
1.15527788864844, 6, 3, 0, 14, 0.217171717171717
1.14900000000003, 9, 4, 4, 78, 0.219710950157435
1.1460402843414, 9, 3, 0, 8, 0.0467171717171717
1.146, 11, 1, 4, 7, 0.00691788872168195
1.145, 14, 1, 0, 11, 0.103535353535354
1.145, 14, 1, 0, 11, 0.103535353535354
1.13668720998054, 7, 3, 3, 3, 0.800505050505051
1.13443497928362, 10, 2, 4, 2, 0.000339506812356317
1.12983333333341, 7, 4, 2, 1, 0.0454545454545454
1.12712820921135, 10, 2, 3, 3, 0.800505050505051
1.12712820921135, 10, 2, 3, 3, 0.800505050505051
1.125, 10, 1, 0, 11, 0.103535353535354
1.125, 10, 1, 0, 11, 0.103535353535354
1.125, 11, 1, 0, 10, 0.0808080808080808
1.125, 11, 1, 0, 10, 0.0808080808080808
1.11961476115844, 10, 7, 2, 3, 0.363636363636364
1.11832747142029, 8, 3, 0, 2, 0.00416666666666667
1.11718738932069, 7, 7, 0, 4, 0.0126262626262626
1.116, 8, 1, 0, 18, 0.558080808080808
1.10544360125497, 9, 2, 0, 4, 0.0126262626262626
1.105, 11, 1, 4, 48, 0.067745494454136
1.09999999999999, 11, 1, 4, 82, 0.274718983341981
1.09507270179756, 9, 2, 4, 8, 0.00740754908006669
1.08733333333333, 12, 1, 3, 2, 0.400252525252525
1.08611601590254, 9, 2, 0, 15, 0.275252525252525
1.08500000000001, 7, 1, 0, 4, 0.0126262626262626
1.08499999999999, 7, 1, 0, 4, 0.0126262626262626
1.08210907747584, 11, 2, 0, 6, 0.026010101010101
1.08123271662483, 9, 3, 2, 4, 0.590909090909091
1.08, 12, 1, 0, 3, 0.00795454545454546
1.08, 12, 1, 0, 3, 0.00795454545454546
1.07857354356989, 8, 2, 1, 26, 0.943693693693694
1.07717064508809, 8, 3, 4, 62, 0.0856939327900282
1.07621652096592, 8, 2, 3, 1, 0.0997474747474748
1.075, 11, 1, 0, 13, 0.170454545454545
1.075, 11, 1, 0, 13, 0.170454545454545
1.07126677349763, 14, 2, 0, 11, 0.103535353535354
1.07126677349761, 14, 2, 0, 11, 0.103535353535354
1.06537421698775, 9, 2, 0, 11, 0.103535353535354
1.065, 11, 1, 0, 14, 0.217171717171717
1.065, 11, 1, 0, 14, 0.217171717171717
1.05000000000001, 11, 1, 0, 8, 0.0467171717171717
1.05, 13, 1, 3, 1, 0.0997474747474748
1.04999999999998, 11, 1, 0, 8, 0.0467171717171717
1.04849793514343, 10, 2, 4, 73, 0.179360578437554
1.04793224971846, 7, 2, 2, 1, 0.0454545454545454
1.04533333333333, 9, 1, 3, 2, 0.400252525252525
1.04439671581253, 11, 2, 1, 4, 0.128378378378378
1.04356061156023, 13, 3, 0, 7, 0.0353535353535354
1.04203969320858, 12, 2, 1, 5, 0.141891891891892
1.03969707393819, 11, 5, 4, 70, 0.136274845408473
1.0394469683442, 9, 2, 0, 10, 0.0808080808080808
1.0394469683442, 9, 2, 0, 10, 0.0808080808080808
1.03750000000001, 14, 1, 4, 50, 0.0708643200456854
1.03749999999999, 14, 1, 4, 50, 0.0708643200456854
1.03500000000001, 8, 1, 0, 3, 0.00795454545454546
1.035, 8, 1, 0, 3, 0.00795454545454546
1.03407142857142, 11, 4, 4, 75, 0.204510284651682
1.02175000000001, 13, 1, 2, 5, 0.863636363636364
1.02168444600083, 7, 18, 4, 5, 0.00604237658698964
1.02066666666667, 9, 1, 4, 46, 0.0667300768973018
1.01795100319117, 9, 3, 3, 2, 0.400252525252525
1.015, 11, 1, 0, 3, 0.00795454545454546
1.01499999999999, 11, 1, 0, 3, 0.00795454545454546
1.01116269709675, 15, 2, 0, 4, 0.0126262626262626
1.00848658270696, 8, 3, 4, 13, 0.0149040473935306
1.00621294962844, 11, 2, 4, 32, 0.0409687585124503
1, 9, 1, 4, 22, 0.0286232599694077
1, 11, 1, 0, 10, 0.0808080808080808
1, 11, 1, 0, 10, 0.0808080808080808
0.999124999999992, 9, 1, 1, 5, 0.141891891891892
0.997637226507849, 10, 7, 2, 4, 0.590909090909091
0.996249999999989, 11, 1, 4, 17, 0.0191899869089483
0.995795605979916, 10, 5, 1, 5, 0.141891891891892
0.995000000000005, 12, 1, 0, 3, 0.00795454545454546
0.99499999999999, 12, 1, 0, 3, 0.00795454545454546
0.990733061929452, 8, 3, 4, 99, 0.6623678444522
0.990733061929353, 8, 3, 4, 99, 0.6623678444522
0.987500000000011, 14, 1, 4, 34, 0.0437591097547004
0.987499999999983, 14, 1, 4, 34, 0.0437591097547004
0.987079418895188, 10, 28, 0, 1, 0.00126262626262626
0.986666666666679, 11, 1, 0, 4, 0.0126262626262626
0.983333333333348, 9, 1, 4, 92, 0.455244555401909
0.979499999999987, 10, 1, 0, 17, 0.444444444444444
0.979000000000013, 13, 1, 4, 15, 0.0180125300509641
0.977165330603439, 7, 3, 0, 13, 0.170454545454545
0.976732317901557, 9, 3, 3, 2, 0.400252525252525
0.9749588299, 7, 2, 3, 2, 0.400252525252525
0.973136783807865, 11, 5, 4, 41, 0.0589841673467433
0.969515439536693, 11, 3, 4, 13, 0.0149040473935306
0.967500000000001, 8, 1, 3, 3, 0.800505050505051
0.967500000000001, 8, 1, 3, 3, 0.800505050505051
0.96096666666665, 9, 9, 2, 3, 0.363636363636364
0.960000000000008, 13, 1, 0, 5, 0.0184343434343434
0.960000000000008, 13, 1, 0, 5, 0.0184343434343434
0.959500000000006, 12, 1, 2, 3, 0.363636363636364
0.959499999999991, 12, 1, 2, 3, 0.363636363636364
0.954750000000004, 10, 1, 0, 16, 0.351010101010101
0.954099999999983, 9, 4, 4, 38, 0.0506681897441603
0.950000000000017, 14, 1, 0, 4, 0.0126262626262626
0.949999999999989, 14, 1, 0, 4, 0.0126262626262626
0.949333333333328, 9, 1, 4, 23, 0.0296164402178925
0.945000000000007, 11, 1, 0, 2, 0.00416666666666667
0.945000000000007, 9, 1, 0, 15, 0.275252525252525
0.944999999999993, 11, 1, 0, 2, 0.00416666666666667
0.944999999999993, 9, 1, 0, 15, 0.275252525252525
0.944500000000005, 11, 1, 4, 66, 0.0931101613156405
0.944500000000005, 11, 1, 4, 66, 0.0931101613156405
0.944100000000049, 12, 4, 0, 11, 0.103535353535354
0.940500000000014, 9, 1, 0, 13, 0.170454545454545
0.932857142857074, 8, 4, 4, 62, 0.0856939327900282
0.932666666666677, 14, 1, 4, 17, 0.0191899869089483
0.931666666666672, 9, 1, 3, 1, 0.0997474747474748
0.931609807082888, 12, 5, 3, 1, 0.0997474747474748
0.931495333083051, 9, 2, 4, 81, 0.26159379994883
0.930316821781115, 10, 2, 2, 4, 0.590909090909091
0.9302556212318, 11, 3, 0, 17, 0.444444444444444
0.929333333333332, 9, 1, 4, 17, 0.0191899869089483
0.925000000000011, 11, 1, 0, 18, 0.558080808080808
0.925000000000011, 10, 1, 0, 13, 0.170454545454545
0.924999999999997, 11, 1, 0, 18, 0.558080808080808
0.924999999999997, 10, 1, 0, 13, 0.170454545454545
0.921595838146453, 9, 2, 4, 92, 0.455244555401909
0.920666666666662, 10, 1, 0, 14, 0.217171717171717
0.919710220063306, 13, 2, 1, 13, 0.326576576576577
0.909999999999997, 9, 1, 0, 13, 0.170454545454545
0.909999999999997, 9, 1, 0, 13, 0.170454545454545
0.90825000000001, 12, 1, 4, 70, 0.136274845408473
0.907499999999999, 14, 1, 4, 34, 0.0437591097547004
0.907499999999999, 14, 1, 4, 34, 0.0437591097547004
0.906039488960375, 13, 2, 4, 15, 0.0180125300509641
0.905000000000001, 15, 1, 0, 11, 0.103535353535354
0.905000000000001, 15, 1, 0, 11, 0.103535353535354
0.900000000000006, 8, 1, 0, 13, 0.170454545454545
0.899999999999991, 8, 1, 0, 13, 0.170454545454545
0.894095958929596, 10, 7, 4, 90, 0.412079181780135
0.89266666666667, 9, 1, 3, 1, 0.0997474747474748
0.891520229720052, 12, 2, 4, 61, 0.084023548930301
0.891333333333336, 9, 1, 4, 4, 0.00326307504602002
0.890954544295084, 14, 2, 0, 4, 0.0126262626262626
0.890813122938801, 12, 2, 0, 13, 0.170454545454545
0.890000000000001, 9, 1, 0, 14, 0.217171717171717
0.890000000000001, 10, 1, 0, 16, 0.351010101010101
0.890000000000001, 10, 1, 0, 16, 0.351010101010101
0.887531701311777, 10, 3, 4, 75, 0.204510284651682
0.886052100029662, 11, 5, 4, 27, 0.0352394625411507
0.884211937263925, 14, 3, 0, 7, 0.0353535353535354
0.88333333333334, 9, 1, 0, 3, 0.00795454545454546
0.881571428571448, 9, 4, 3, 2, 0.400252525252525
0.881055049358425, 8, 2, 4, 16, 0.0186420699741554
0.879169431275278, 12, 2, 0, 2, 0.00416666666666667
0.879000000000005, 12, 1, 1, 22, 0.632882882882883
0.874926790588179, 8, 2, 4, 17, 0.0191899869089483
0.873999999999995, 9, 1, 4, 56, 0.078725036164931
0.873041172504992, 10, 2, 4, 11, 0.00893715698736393
0.871155554421826, 11, 2, 4, 99, 0.6623678444522
0.870749999999987, 13, 1, 4, 28, 0.0358931359772792
0.867499999999978, 9, 1, 0, 5, 0.0184343434343434
0.867352653682659, 8, 6, 4, 65, 0.0928774452980315
0.865000000000009, 11, 1, 3, 1, 0.0997474747474748
0.864999999999995, 11, 1, 3, 1, 0.0997474747474748
0.864666666666679, 11, 1, 0, 11, 0.103535353535354
0.862670273047567, 16, 2, 0, 3, 0.00795454545454546
0.861666666666679, 12, 4, 0, 7, 0.0353535353535354
0.860666666666646, 11, 1, 4, 79, 0.228732574440079
0.860000000000014, 9, 4, 0, 14, 0.217171717171717
0.859999999999985, 10, 1, 3, 3, 0.800505050505051
0.857365149746553, 10, 3, 0, 15, 0.275252525252525
0.856999999999999, 13, 1, 3, 1, 0.0997474747474748
0.856094979154343, 10, 3, 4, 73, 0.179360578437554
0.852499999999992, 13, 1, 0, 1, 0.00126262626262626
0.852000000000004, 7, 1, 4, 90, 0.412079181780135
0.852000000000004, 7, 1, 4, 90, 0.412079181780135
0.848528137423849, 12, 2, 3, 1, 0.0997474747474748
0.848528137423849, 12, 2, 3, 1, 0.0997474747474748
0.848528137423849, 8, 2, 0, 3, 0.00795454545454546
0.845900000000029, 12, 4, 4, 5, 0.00604237658698964
0.841999999999985, 9, 1, 4, 14, 0.0167757737040485
0.841333333333324, 13, 1, 2, 1, 0.0454545454545454
0.839728586369126, 10, 8, 4, 32, 0.0409687585124503
0.839333333333329, 14, 1, 3, 3, 0.800505050505051
0.837567982315435, 10, 2, 0, 14, 0.217171717171717
0.835000000000008, 8, 1, 0, 13, 0.170454545454545
0.835000000000008, 8, 1, 0, 13, 0.170454545454545
0.834386001800131, 8, 2, 0, 4, 0.0126262626262626
0.834386001800131, 8, 2, 0, 4, 0.0126262626262626
0.832971788237751, 11, 2, 3, 2, 0.400252525252525
0.832688945525267, 13, 2, 1, 2, 0.0788288288288288
0.831666666666663, 13, 1, 0, 8, 0.0467171717171717
0.830576929437752, 8, 7, 0, 16, 0.351010101010101
0.829006230743924, 8, 5, 0, 1, 0.00126262626262626
0.829000000000008, 10, 1, 3, 2, 0.400252525252525
0.828999999999994, 10, 1, 3, 2, 0.400252525252525
0.825000000000017, 13, 1, 0, 7, 0.0353535353535354
0.825000000000017, 10, 1, 0, 2, 0.00416666666666667
0.824999999999989, 13, 1, 0, 7, 0.0353535353535354
0.824999999999989, 10, 1, 0, 2, 0.00416666666666667
0.823779400082322, 9, 2, 4, 45, 0.0660434784542375
0.821569433056863, 11, 3, 4, 32, 0.0409687585124503
0.820000000000007, 10, 1, 0, 10, 0.0808080808080808
0.819999999999993, 10, 1, 0, 10, 0.0808080808080808
0.815800000000024, 12, 4, 2, 5, 0.863636363636364
0.811543604633918, 11, 5, 3, 2, 0.400252525252525
0.810344371239774, 11, 2, 4, 7, 0.00691788872168195
0.810000000000002, 13, 1, 0, 6, 0.026010101010101
0.808851203851783, 11, 6, 4, 27, 0.0352394625411507
0.807869497505619, 10, 2, 0, 9, 0.0618686868686869
0.807869497505619, 10, 2, 0, 9, 0.0618686868686869
0.805000000000007, 12, 1, 0, 10, 0.0808080808080808
0.804999999999978, 12, 1, 0, 10, 0.0808080808080808
0.800162033590691, 12, 2, 1, 4, 0.128378378378378
0.799500000000009, 13, 1, 4, 55, 0.0776266165618163
0.799499999999995, 13, 1, 4, 55, 0.0776266165618163
0.798333333333332, 14, 1, 3, 1, 0.0997474747474748
0.796050551158647, 7, 3, 3, 2, 0.400252525252525
0.793612469043023, 8, 5, 3, 1, 0.0997474747474748
0.793333333333337, 11, 1, 0, 8, 0.0467171717171717
0.791301829287623, 7, 6, 4, 90, 0.412079181780135
0.789131167804197, 8, 2, 0, 18, 0.558080808080808
0.784412646506941, 12, 5, 3, 3, 0.800505050505051
0.782260470971381, 8, 7, 4, 7, 0.00691788872168195
0.782250000000005, 10, 1, 2, 4, 0.590909090909091
0.781352993211128, 11, 2, 4, 48, 0.067745494454136
0.781249999999972, 13, 1, 4, 6, 0.00648491626136443
0.779000000000011, 13, 1, 4, 56, 0.078725036164931
0.777817459305198, 11, 2, 4, 82, 0.274718983341981
0.775000000000006, 10, 1, 0, 13, 0.170454545454545
0.775000000000006, 11, 1, 4, 57, 0.0798737051896258
0.774999999999991, 11, 1, 4, 57, 0.0798737051896258
0.774999999999977, 10, 1, 0, 13, 0.170454545454545
0.774470546954007, 8, 10, 4, 20, 0.0246350245742943
0.771025041308679, 9, 3, 0, 15, 0.275252525252525
0.77000000000001, 8, 1, 0, 11, 0.103535353535354
0.769999999999996, 8, 1, 0, 11, 0.103535353535354
0.768907913862253, 12, 2, 3, 2, 0.400252525252525
0.768860773410173, 12, 2, 3, 2, 0.400252525252525
0.768000000000001, 11, 1, 3, 1, 0.0997474747474748
0.768000000000001, 11, 1, 3, 1, 0.0997474747474748
0.766800000000018, 12, 4, 4, 100, 0.705914182813912
0.766666666666652, 14, 1, 0, 4, 0.0126262626262626
0.765000000000001, 9, 1, 0, 14, 0.217171717171717
0.765000000000001, 9, 1, 0, 14, 0.217171717171717
0.760000000000005, 10, 1, 0, 14, 0.217171717171717
0.759999999999991, 10, 1, 0, 14, 0.217171717171717
0.756666666666661, 11, 1, 0, 8, 0.0467171717171717
0.756666666666661, 10, 1, 0, 7, 0.0353535353535354
0.752500000000012, 14, 1, 3, 1, 0.0997474747474748
0.752499999999998, 14, 1, 3, 1, 0.0997474747474748
0.749000000000009, 11, 1, 4, 45, 0.0660434784542375
0.748999999999995, 11, 1, 4, 45, 0.0660434784542375
0.745000000000005, 12, 1, 0, 7, 0.0353535353535354
0.745000000000005, 12, 1, 0, 7, 0.0353535353535354
0.745000000000005, 10, 1, 0, 19, 0.70959595959596
0.74499999999999, 10, 1, 0, 19, 0.70959595959596
0.742472446177892, 11, 3, 3, 1, 0.0997474747474748
0.742472446177843, 11, 3, 3, 1, 0.0997474747474748
0.742462120245903, 13, 2, 3, 1, 0.0997474747474748
0.742000000000004, 13, 1, 3, 3, 0.800505050505051
0.742000000000004, 13, 1, 3, 3, 0.800505050505051
0.740000000000009, 10, 1, 4, 63, 0.0888584396739231
0.740000000000009, 11, 1, 0, 15, 0.275252525252525
0.739999999999981, 11, 1, 0, 15, 0.275252525252525
0.739162288600337, 9, 2, 3, 2, 0.400252525252525
0.739152682130016, 10, 3, 4, 50, 0.0708643200456854
0.736666666666679, 9, 1, 0, 11, 0.103535353535354
0.734999999999999, 14, 1, 3, 1, 0.0997474747474748
0.734999999999999, 14, 1, 3, 1, 0.0997474747474748
0.734999999999999, 11, 1, 0, 9, 0.0618686868686869
0.734999999999999, 11, 1, 0, 9, 0.0618686868686869
0.732326923048841, 9, 2, 2, 5, 0.863636363636364
0.730441304965755, 8, 8, 2, 4, 0.590909090909091
0.727923219394249, 12, 3, 4, 61, 0.084023548930301
0.72734586912509, 12, 3, 0, 13, 0.170454545454545
0.724000000000018, 10, 1, 2, 3, 0.363636363636364
0.721720321331072, 9, 2, 4, 46, 0.0667300768973018
0.719378435410279, 8, 3, 4, 16, 0.0186420699741554
0.717500000000001, 13, 1, 4, 34, 0.0437591097547004
0.717500000000001, 13, 1, 4, 34, 0.0437591097547004
0.715000000000003, 11, 1, 0, 7, 0.0353535353535354
0.715000000000003, 11, 1, 0, 7, 0.0353535353535354
0.713027582449179, 10, 3, 0, 6, 0.026010101010101
0.709566456516175, 10, 10, 3, 2, 0.400252525252525
0.707106781186527, 9, 2, 4, 22, 0.0286232599694077
0.705500000000001, 11, 1, 3, 1, 0.0997474747474748
0.705500000000001, 11, 1, 3, 1, 0.0997474747474748
0.705000000000013, 13, 1, 0, 3, 0.00795454545454546
0.704999999999984, 13, 1, 0, 3, 0.00795454545454546
0.701333333333338, 13, 1, 4, 51, 0.0718603446010522
0.700000000000003, 11, 1, 0, 13, 0.170454545454545
0.699999999999989, 10, 1, 0, 3, 0.00795454545454546
0.699999999999989, 10, 1, 0, 3, 0.00795454545454546
0.699999999999989, 11, 1, 0, 13, 0.170454545454545
0.697678690770695, 11, 2, 0, 4, 0.0126262626262626
0.696599999999989, 13, 4, 0, 10, 0.0808080808080808
0.695666666666654, 12, 1, 4, 51, 0.0718603446010522
0.695321668166782, 9, 2, 4, 92, 0.455244555401909
0.693100000000015, 12, 4, 4, 89, 0.391602757964068
0.692257538781619, 13, 2, 4, 15, 0.0180125300509641
0.691000000000003, 8, 1, 4, 11, 0.00893715698736393
0.691000000000003, 8, 1, 4, 11, 0.00893715698736393
0.686666666666639, 10, 1, 0, 7, 0.0353535353535354
0.685000000000002, 11, 1, 0, 13, 0.170454545454545
0.685000000000002, 11, 1, 0, 13, 0.170454545454545
0.684460407912719, 10, 5, 4, 29, 0.0366148142052202
0.682666666666648, 12, 1, 0, 13, 0.170454545454545
0.68002500954411, 13, 6, 4, 68, 0.0971476980300399
0.680000000000007, 14, 1, 0, 7, 0.0353535353535354
0.679999999999978, 14, 1, 0, 7, 0.0353535353535354
0.679887676997702, 13, 3, 1, 2, 0.0788288288288288
0.677333333333337, 14, 1, 4, 56, 0.078725036164931
0.675499814951888, 13, 3, 0, 9, 0.0618686868686869
0.675000000000011, 11, 1, 0, 8, 0.0467171717171717
0.674999999999983, 11, 1, 0, 8, 0.0467171717171717
0.67492246468263, 11, 3, 0, 7, 0.0353535353535354
0.673000000000002, 9, 1, 4, 37, 0.0486682110506046
0.673000000000002, 9, 1, 4, 37, 0.0486682110506046
0.671280037606446, 9, 2, 4, 23, 0.0296164402178925
0.667333333333332, 10, 1, 2, 5, 0.863636363636364
0.665348197386462, 11, 8, 0, 9, 0.0618686868686869
0.6648, 9, 1, 1, 19, 0.529279279279279
0.66090913814902, 9, 2, 4, 41, 0.0589841673467433
0.659999999999997, 12, 1, 0, 1, 0.00126262626262626
0.659999999999997, 12, 1, 0, 1, 0.00126262626262626
0.65949492458664, 14, 2, 4, 17, 0.0191899869089483
0.65878781780543, 9, 2, 3, 1, 0.0997474747474748
0.657137901982687, 9, 2, 4, 17, 0.0191899869089483
0.655000000000001, 10, 1, 0, 9, 0.0618686868686869
0.654999999999987, 10, 1, 0, 9, 0.0618686868686869
0.653329564615009, 12, 3, 1, 4, 0.128378378378378
0.651009643212422, 10, 2, 0, 14, 0.217171717171717
0.650134177673801, 11, 2, 1, 17, 0.436936936936937
0.64500000000001, 16, 1, 0, 6, 0.026010101010101
0.64500000000001, 16, 1, 0, 6, 0.026010101010101
0.64500000000001, 10, 1, 0, 1, 0.00126262626262626
0.64500000000001, 13, 1, 0, 14, 0.217171717171717
0.644999999999996, 10, 1, 0, 1, 0.00126262626262626
0.644999999999996, 13, 1, 0, 14, 0.217171717171717
0.644000000000005, 13, 1, 4, 39, 0.051987603372886
0.644000000000005, 13, 1, 4, 39, 0.051987603372886
0.642508370998158, 8, 3, 0, 14, 0.217171717171717
0.640000000000015, 12, 1, 0, 7, 0.0353535353535354
0.640000000000001, 11, 1, 4, 40, 0.0550596271875607
0.640000000000001, 11, 1, 4, 40, 0.0550596271875607
0.639999999999986, 12, 1, 0, 7, 0.0353535353535354
0.63600000000001, 12, 1, 0, 11, 0.103535353535354
0.635000000000005, 14, 1, 0, 8, 0.0467171717171717
0.635000000000005, 14, 1, 0, 8, 0.0467171717171717
0.635000000000005, 12, 1, 0, 14, 0.217171717171717
0.634999999999991, 12, 1, 0, 14, 0.217171717171717
0.633333333333326, 12, 1, 0, 2, 0.00416666666666667
0.632500000000007, 11, 1, 4, 68, 0.0971476980300399
0.632499999999993, 11, 1, 4, 68, 0.0971476980300399
0.631210653339204, 9, 2, 3, 1, 0.0997474747474748
0.630267844297631, 9, 2, 4, 4, 0.00326307504602002
0.630000000000024, 9, 1, 0, 14, 0.217171717171717
0.63000000000001, 12, 1, 0, 13, 0.170454545454545
0.629999999999995, 12, 1, 0, 13, 0.170454545454545
0.629999999999995, 10, 1, 0, 14, 0.217171717171717
0.629999999999995, 10, 1, 0, 14, 0.217171717171717
0.62833333333333, 10, 1, 4, 66, 0.0931101613156405
0.627810682716817, 12, 3, 3, 2, 0.400252525252525
0.625, 12, 1, 0, 7, 0.0353535353535354
0.625, 12, 1, 0, 7, 0.0353535353535354
0.624610990048132, 9, 2, 0, 3, 0.00795454545454546
0.62433333333334, 12, 1, 4, 41, 0.0589841673467433
0.624027979494405, 8, 11, 4, 7, 0.00691788872168195
0.623333333333335, 8, 1, 0, 15, 0.275252525252525
0.622500000000002, 11, 1, 2, 5, 0.863636363636364
0.622500000000002, 11, 1, 2, 5, 0.863636363636364
0.621546860662969, 12, 2, 1, 22, 0.632882882882883
0.618011326757059, 9, 2, 4, 56, 0.078725036164931
0.616666666666646, 13, 1, 0, 8, 0.0467171717171717
0.616000000000014, 9, 1, 4, 11, 0.00893715698736393
0.615999999999985, 9, 1, 4, 11, 0.00893715698736393
0.615699999999975, 12, 4, 4, 25, 0.0319165363830463
0.611411663465947, 11, 2, 0, 11, 0.103535353535354
0.609999999999999, 10, 1, 4, 32, 0.0409687585124503
0.609000000000009, 13, 1, 4, 11, 0.00893715698736393
0.60899999999998, 13, 1, 4, 11, 0.00893715698736393
0.608666666666679, 12, 1, 4, 39, 0.051987603372886
0.608583236341247, 11, 2, 4, 79, 0.228732574440079
0.60811183182044, 10, 2, 3, 3, 0.800505050505051
0.606666666666655, 16, 1, 0, 4, 0.0126262626262626
0.605990511476891, 13, 2, 3, 1, 0.0997474747474748
0.60499999999999, 12, 1, 0, 10, 0.0808080808080808
0.60499999999999, 12, 1, 0, 10, 0.0808080808080808
0.602000000000004, 13, 1, 3, 3, 0.800505050505051
0.601999999999975, 13, 1, 3, 3, 0.800505050505051
0.601333333333343, 12, 1, 4, 36, 0.0468471651172549
0.599999999999994, 15, 1, 0, 3, 0.00795454545454546
0.599999999999994, 15, 1, 0, 3, 0.00795454545454546
0.595575934602424, 11, 6, 4, 29, 0.0366148142052202
0.595383909759062, 9, 2, 4, 14, 0.0167757737040485
0.594912505238296, 13, 2, 2, 1, 0.0454545454545454
0.593500000000006, 12, 1, 3, 2, 0.400252525252525
0.593499999999977, 12, 1, 3, 2, 0.400252525252525
0.593498291675936, 14, 2, 3, 3, 0.800505050505051
0.58990763754449, 13, 3, 2, 5, 0.863636363636364
0.589019948728393, 10, 2, 4, 103, 0.865041948010276
0.589019948728373, 10, 2, 4, 103, 0.865041948010276
0.588918933473955, 13, 8, 4, 68, 0.0971476980300399
0.58807713968682, 13, 2, 0, 8, 0.0467171717171717
0.585000000000008, 13, 1, 4, 2, 0.000339506812356317
0.583645937191378, 10, 2, 0, 10, 0.0808080808080808
0.580199999999934, 13, 4, 4, 16, 0.0186420699741554
0.576038337844523, 11, 6, 3, 1, 0.0997474747474748
0.575185205680208, 11, 3, 4, 17, 0.0191899869089483
0.572756492761105, 13, 2, 0, 6, 0.026010101010101
0.571999999999989, 10, 1, 1, 10, 0.240990990990991
0.565514588671256, 10, 3, 0, 17, 0.444444444444444
0.565000000000012, 13, 1, 0, 7, 0.0353535353535354
0.564999999999998, 13, 1, 0, 7, 0.0353535353535354
0.564506913647249, 14, 2, 3, 1, 0.0997474747474748
0.56097137974132, 11, 2, 0, 8, 0.0467171717171717
0.560500000000005, 14, 1, 4, 76, 0.20691329301129
0.56049999999999, 14, 1, 4, 76, 0.20691329301129
0.560000000000002, 14, 1, 0, 10, 0.0808080808080808
0.557333333333347, 11, 1, 4, 32, 0.0409687585124503
0.556428571428597, 8, 4, 0, 14, 0.217171717171717
0.551999999999993, 10, 1, 0, 1, 0.00126262626262626
0.551225169508781, 10, 3, 0, 16, 0.351010101010101
0.550967149655967, 11, 5, 4, 99, 0.6623678444522
0.550836182544318, 13, 2, 4, 56, 0.078725036164931
0.548333333333318, 13, 1, 3, 1, 0.0997474747474748
0.545000000000002, 10, 1, 4, 71, 0.160308462840372
0.545000000000002, 10, 1, 4, 71, 0.160308462840372
0.542997928172851, 9, 3, 0, 13, 0.170454545454545
0.542115198909716, 14, 2, 0, 4, 0.0126262626262626
0.541333333333341, 8, 1, 1, 5, 0.141891891891892
0.541333333333327, 12, 1, 4, 89, 0.391602757964068
0.540000000000006, 14, 1, 4, 78, 0.219710950157435
0.540000000000006, 10, 1, 4, 90, 0.412079181780135
0.539999999999992, 14, 1, 4, 78, 0.219710950157435
0.539999999999992, 10, 1, 4, 90, 0.412079181780135
0.539946738114005, 9, 2, 4, 2, 0.000339506812356317
0.536935750346356, 11, 3, 0, 10, 0.0808080808080808
0.536935750346356, 11, 3, 0, 10, 0.0808080808080808
0.536000000000001, 13, 1, 3, 2, 0.400252525252525
0.536000000000001, 13, 1, 3, 2, 0.400252525252525
0.535044131097837, 11, 2, 0, 8, 0.0467171717171717
0.535044131097837, 10, 2, 0, 7, 0.0353535353535354
0.527499999999989, 9, 1, 4, 57, 0.0798737051896258
0.524378381991458, 12, 3, 4, 70, 0.136274845408473
0.520901995474058, 9, 2, 0, 11, 0.103535353535354
0.519000000000005, 10, 1, 1, 26, 0.943693693693694
0.518999999999991, 10, 1, 1, 26, 0.943693693693694
0.517833333333385, 9, 4, 2, 5, 0.863636363636364
0.515000000000015, 13, 1, 0, 1, 0.00126262626262626
0.514999999999986, 13, 1, 0, 1, 0.00126262626262626
0.51400000000001, 12, 1, 0, 13, 0.170454545454545
0.513841739578767, 9, 3, 0, 14, 0.217171717171717
0.513713076532038, 10, 2, 4, 55, 0.0776266165618163
0.513713076532038, 10, 2, 4, 55, 0.0776266165618163
0.511945309579013, 10, 2, 2, 3, 0.363636363636364
0.507833333333309, 12, 1, 3, 2, 0.400252525252525
0.507333333333321, 10, 1, 4, 46, 0.0667300768973018
0.50500000000001, 11, 1, 0, 10, 0.0808080808080808
0.504999999999995, 11, 1, 0, 10, 0.0808080808080808
0.503, 14, 1, 3, 3, 0.800505050505051
0.503, 14, 1, 3, 3, 0.800505050505051
0.502727746896892, 13, 3, 4, 28, 0.0358931359772792
0.500851358521988, 9, 3, 0, 5, 0.0184343434343434
0.500500000000002, 12, 1, 4, 75, 0.204510284651682
0.500499999999988, 12, 1, 4, 75, 0.204510284651682
0.5, 11, 1, 0, 14, 0.217171717171717
0.5, 11, 1, 0, 14, 0.217171717171717
0.5, 11, 1, 0, 13, 0.170454545454545
0.5, 11, 1, 0, 13, 0.170454545454545
0.497, 12, 1, 4, 19, 0.0217556379075293
0.497, 12, 1, 4, 19, 0.0217556379075293
0.495917555872148, 13, 2, 4, 51, 0.0718603446010522
0.492499873096441, 13, 2, 4, 75, 0.204510284651682
0.492499873096441, 13, 2, 4, 75, 0.204510284651682
0.492191104484151, 13, 3, 0, 1, 0.00126262626262626
0.491910617445452, 12, 2, 4, 51, 0.0718603446010522
0.490000000000009, 12, 1, 0, 6, 0.026010101010101
0.490000000000009, 12, 1, 0, 1, 0.00126262626262626
0.490000000000009, 12, 1, 0, 1, 0.00126262626262626
0.489999999999995, 12, 1, 0, 6, 0.026010101010101
0.487500000000011, 14, 1, 4, 13, 0.0149040473935306
0.487500000000011, 14, 1, 4, 13, 0.0149040473935306
0.485546656414763, 10, 2, 0, 7, 0.0353535353535354
0.483570100054452, 10, 6, 0, 14, 0.217171717171717
0.482718229290044, 12, 2, 0, 13, 0.170454545454545
0.482000000000014, 13, 1, 4, 38, 0.0506681897441603
0.481999999999999, 13, 1, 4, 38, 0.0506681897441603
0.478946993123691, 14, 2, 4, 56, 0.078725036164931
0.478000000000009, 11, 1, 3, 1, 0.0997474747474748
0.477999999999994, 11, 1, 3, 1, 0.0997474747474748
0.476544912189135, 10, 3, 0, 10, 0.0808080808080808
0.473099999999974, 8, 9, 4, 41, 0.0589841673467433
0.472154482528707, 9, 8, 0, 15, 0.275252525252525
0.471875925311832, 10, 2, 2, 5, 0.863636363636364
0.469999999999999, 15, 1, 3, 3, 0.800505050505051
0.469999999999999, 15, 1, 3, 3, 0.800505050505051
0.469999999999999, 10, 1, 0, 9, 0.0618686868686869
0.469999999999999, 10, 1, 0, 9, 0.0618686868686869
0.467333333333329, 9, 4, 4, 41, 0.0589841673467433
0.460499999999996, 14, 1, 3, 3, 0.800505050505051
0.460499999999996, 14, 1, 3, 3, 0.800505050505051
0.459666666666664, 14, 1, 4, 27, 0.0352394625411507
0.45750000000001, 10, 1, 4, 33, 0.042748691282689
0.457499999999996, 10, 1, 4, 33, 0.042748691282689
0.455942452509068, 12, 2, 1, 21, 0.56981981981982
0.454999999999998, 11, 1, 0, 9, 0.0618686868686869
0.454999999999998, 11, 1, 0, 9, 0.0618686868686869
0.451999999999998, 10, 1, 4, 56, 0.078725036164931
0.451999999999998, 10, 1, 4, 56, 0.078725036164931
0.451632248073612, 10, 3, 2, 4, 0.590909090909091
0.451054897804428, 13, 3, 4, 6, 0.00648491626136443
0.450000000000017, 12, 1, 0, 3, 0.00795454545454546
0.449999999999989, 12, 1, 0, 8, 0.0467171717171717
0.449999999999989, 12, 1, 0, 8, 0.0467171717171717
0.449999999999989, 12, 1, 0, 3, 0.00795454545454546
0.449719912834641, 12, 2, 0, 11, 0.103535353535354
0.447834294751515, 12, 2, 0, 2, 0.00416666666666667
0.445477272147482, 9, 2, 0, 14, 0.217171717171717
0.444298760845585, 10, 2, 4, 66, 0.0931101613156405
0.441470333720806, 12, 2, 4, 41, 0.0589841673467433
0.440864665553262, 9, 3, 4, 2, 0.000339506812356317
0.440763226939616, 8, 2, 0, 15, 0.275252525252525
0.438000000000002, 11, 1, 4, 48, 0.067745494454136
0.438000000000002, 11, 1, 4, 48, 0.067745494454136
0.43604918173171, 13, 2, 0, 8, 0.0467171717171717
0.436000000000007, 14, 1, 4, 27, 0.0352394625411507
0.436000000000007, 14, 1, 4, 27, 0.0352394625411507
0.435000000000002, 7, 1, 0, 9, 0.0618686868686869
0.435000000000002, 11, 1, 0, 6, 0.026010101010101
0.435000000000002, 11, 1, 0, 6, 0.026010101010101
0.434999999999974, 7, 1, 0, 9, 0.0618686868686869
0.433999999999998, 10, 1, 4, 16, 0.0186420699741554
0.433999999999998, 10, 1, 4, 16, 0.0186420699741554
0.4318580013539, 9, 3, 4, 6, 0.00648491626136443
0.431335136523804, 10, 2, 4, 32, 0.0409687585124503
0.43039232748221, 12, 2, 4, 39, 0.051987603372886
0.430000000000007, 10, 1, 0, 9, 0.0618686868686869
0.430000000000007, 10, 1, 0, 9, 0.0618686868686869
0.428978113919851, 16, 2, 0, 4, 0.0126262626262626
0.427239199200328, 10, 3, 4, 63, 0.0888584396739231
0.425206877753518, 12, 2, 4, 36, 0.0468471651172549
0.420000000000002, 9, 1, 0, 13, 0.170454545454545
0.419999999999987, 9, 1, 0, 13, 0.170454545454545
0.418500000000009, 10, 1, 3, 2, 0.400252525252525
0.418499999999995, 10, 1, 3, 2, 0.400252525252525
0.415333333333336, 10, 1, 1, 6, 0.164414414414414
0.415000000000006, 16, 1, 4, 54, 0.0761223229857679
0.414999999999992, 16, 1, 4, 54, 0.0761223229857679
0.413999999999987, 11, 1, 3, 2, 0.400252525252525
0.413999999999987, 11, 1, 3, 2, 0.400252525252525
0.411180957233947, 11, 5, 1, 17, 0.436936936936937
0.409500000000008, 10, 1, 3, 2, 0.400252525252525
0.40949999999998, 10, 1, 3, 2, 0.400252525252525
0.405000000000001, 13, 1, 0, 1, 0.00126262626262626
0.405000000000001, 13, 1, 0, 1, 0.00126262626262626
0.405000000000001, 11, 1, 4, 95, 0.534067194388448
0.405000000000001, 11, 1, 4, 95, 0.534067194388448
0.404465078838707, 10, 2, 1, 10, 0.240990990990991
0.395979797464508, 14, 2, 0, 10, 0.0808080808080808
0.395500000000013, 14, 1, 1, 1, 0.0337837837837838
0.395499999999998, 14, 1, 1, 1, 0.0337837837837838
0.39500000000001, 10, 1, 0, 10, 0.0808080808080808
0.394999999999982, 10, 1, 0, 10, 0.0808080808080808
0.394094179381282, 11, 2, 4, 32, 0.0409687585124503
0.392444263558539, 13, 2, 0, 10, 0.0808080808080808
0.392444263558498, 13, 2, 0, 10, 0.0808080808080808
0.391500000000008, 12, 1, 2, 5, 0.863636363636364
0.391499999999994, 12, 1, 2, 5, 0.863636363636364
0.390666666666675, 10, 1, 0, 10, 0.0808080808080808
0.390322943214969, 10, 2, 0, 1, 0.00126262626262626
0.390000000000015, 10, 1, 0, 10, 0.0808080808080808
0.389999999999986, 10, 1, 0, 10, 0.0808080808080808
0.388333333333321, 10, 1, 0, 6, 0.026010101010101
0.387730218350633, 13, 2, 3, 1, 0.0997474747474748
0.38666666666667, 12, 1, 0, 2, 0.00416666666666667
0.385000000000005, 10, 1, 0, 11, 0.103535353535354
0.384999999999991, 10, 1, 0, 11, 0.103535353535354
0.384, 11, 1, 4, 84, 0.293759463138283
0.384, 11, 1, 4, 84, 0.293759463138283
0.3839589821843, 13, 2, 1, 2, 0.0788288288288288
0.38395898218428, 13, 2, 1, 2, 0.0788288288288288
0.382780470882323, 12, 2, 4, 89, 0.391602757964068
0.382780470882303, 8, 2, 1, 5, 0.141891891891892
0.380989133703298, 9, 2, 3, 1, 0.0997474747474748
0.380499999999998, 12, 1, 4, 75, 0.204510284651682
0.380499999999998, 12, 1, 4, 75, 0.204510284651682
0.379999999999995, 13, 1, 0, 11, 0.103535353535354
0.379999999999995, 13, 1, 0, 11, 0.103535353535354
0.377633754095341, 9, 7, 1, 5, 0.141891891891892
0.375978777082314, 12, 2, 4, 20, 0.0246350245742943
0.375, 12, 1, 0, 8, 0.0467171717171717
0.375, 12, 1, 0, 8, 0.0467171717171717
0.375, 12, 1, 0, 3, 0.00795454545454546
0.375, 12, 1, 0, 3, 0.00795454545454546
0.375, 11, 1, 0, 13, 0.170454545454545
0.375, 11, 1, 0, 13, 0.170454545454545
0.373999999999995, 12, 1, 1, 21, 0.56981981981982
0.373999999999995, 12, 1, 1, 21, 0.56981981981982
0.373999999999967, 9, 4, 4, 6, 0.00648491626136443
0.372275453573473, 12, 3, 1, 21, 0.56981981981982
0.369460272366527, 10, 7, 4, 72, 0.171932627919944
0.369460272366452, 10, 7, 4, 72, 0.171932627919944
0.366666666666674, 10, 1, 0, 3, 0.00795454545454546
0.365000000000009, 13, 1, 0, 7, 0.0353535353535354
0.365000000000009, 13, 1, 0, 4, 0.0126262626262626
0.364999999999981, 13, 1, 0, 7, 0.0353535353535354
0.364999999999981, 13, 1, 0, 4, 0.0126262626262626
0.363452885529893, 12, 2, 0, 13, 0.170454545454545
0.362510076488279, 13, 2, 1, 2, 0.0788288288288288
0.362000000000009, 11, 1, 3, 1, 0.0997474747474748
0.361999999999995, 11, 1, 3, 1, 0.0997474747474748
0.361333333333349, 8, 1, 0, 5, 0.0184343434343434
0.360666666666674, 13, 1, 4, 36, 0.0468471651172549
0.359999999999999, 14, 1, 0, 17, 0.444444444444444
0.359999999999999, 14, 1, 0, 17, 0.444444444444444
0.358738840321966, 10, 2, 4, 46, 0.0667300768973018
0.356666666666655, 11, 1, 0, 7, 0.0353535353535354
0.355500000000006, 14, 1, 4, 17, 0.0191899869089483
0.355499999999978, 14, 1, 4, 17, 0.0191899869089483
0.353500000000011, 12, 1, 4, 58, 0.081739484313027
0.353499999999997, 12, 1, 4, 58, 0.081739484313027
0.348500000000001, 9, 1, 4, 2, 0.000339506812356317
0.348500000000001, 9, 1, 4, 2, 0.000339506812356317
0.347999999999999, 11, 1, 4, 68, 0.0971476980300399
0.347999999999999, 11, 1, 4, 68, 0.0971476980300399
0.347000000000008, 10, 1, 0, 3, 0.00795454545454546
0.347000000000008, 15, 1, 1, 6, 0.164414414414414
0.346999999999994, 10, 1, 0, 3, 0.00795454545454546
0.346999999999994, 15, 1, 1, 6, 0.164414414414414
0.346000000000004, 9, 1, 4, 14, 0.0167757737040485
0.346000000000004, 9, 1, 4, 14, 0.0167757737040485
0.338904608014337, 12, 3, 3, 1, 0.0997474747474748
0.338904608014288, 12, 3, 3, 1, 0.0997474747474748
0.337749907475919, 13, 3, 4, 2, 0.000339506812356317
0.332499999999996, 13, 1, 4, 24, 0.0306244453386102
0.332499999999996, 13, 1, 4, 24, 0.0306244453386102
0.332400000000007, 9, 4, 1, 19, 0.529279279279279
0.332000000000008, 10, 1, 3, 1, 0.0997474747474748
0.331500000000005, 11, 1, 2, 1, 0.0454545454545454
0.331500000000005, 11, 1, 2, 1, 0.0454545454545454
0.330750000000023, 10, 1, 4, 99, 0.6623678444522
0.330000000000013, 11, 1, 0, 6, 0.026010101010101
0.329999999999984, 11, 1, 0, 6, 0.026010101010101
0.329000000000008, 10, 1, 2, 3, 0.363636363636364
0.328999999999994, 10, 1, 2, 3, 0.363636363636364
0.325999999999993, 14, 1, 3, 1, 0.0997474747474748
0.325999999999993, 14, 1, 3, 1, 0.0997474747474748
0.325033417085434, 14, 2, 4, 27, 0.0352394625411507
0.325000000000003, 9, 1, 0, 10, 0.0808080808080808
0.325000000000003, 9, 1, 0, 10, 0.0808080808080808
0.325000000000003, 12, 1, 4, 31, 0.0395255744388036
0.325000000000003, 12, 1, 4, 31, 0.0395255744388036
0.323000000000008, 11, 1, 1, 6, 0.164414414414414
0.322999999999993, 11, 1, 1, 6, 0.164414414414414
0.319999999999993, 8, 1, 0, 13, 0.170454545454545
0.319999999999993, 8, 1, 0, 13, 0.170454545454545
0.319333333333347, 9, 1, 4, 101, 0.73090184972689
0.317000000000007, 11, 4, 4, 76, 0.20691329301129
0.316642416615337, 13, 2, 0, 8, 0.0467171717171717
0.316000000000003, 8, 1, 4, 16, 0.0186420699741554
0.315999999999988, 8, 1, 4, 16, 0.0186420699741554
0.3155, 13, 1, 4, 26, 0.0338774705003143
0.3155, 13, 1, 4, 26, 0.0338774705003143
0.315000000000012, 10, 1, 0, 15, 0.275252525252525
0.314999999999998, 10, 1, 0, 15, 0.275252525252525
0.314000000000021, 10, 1, 2, 1, 0.0454545454545454
0.313999999999993, 10, 1, 2, 1, 0.0454545454545454
0.311076325039408, 9, 3, 3, 1, 0.0997474747474748
0.310000000000002, 15, 1, 0, 11, 0.103535353535354
0.310000000000002, 13, 1, 0, 8, 0.0467171717171717
0.310000000000002, 13, 1, 0, 8, 0.0467171717171717
0.310000000000002, 10, 1, 0, 8, 0.0467171717171717
0.309999999999988, 15, 1, 0, 11, 0.103535353535354
0.305000000000007, 10, 1, 0, 7, 0.0353535353535354
0.304999999999993, 10, 1, 0, 7, 0.0353535353535354
0.304552266997521, 9, 3, 4, 57, 0.0798737051896258
0.304000000000002, 10, 1, 4, 34, 0.0437591097547004
0.304000000000002, 10, 1, 4, 34, 0.0437591097547004
0.299999999999997, 11, 1, 0, 11, 0.103535353535354
0.299999999999997, 11, 1, 0, 11, 0.103535353535354
0.293685016452815, 10, 2, 1, 6, 0.164414414414414
0.283333333333331, 13, 1, 0, 3, 0.00795454545454546
0.27624304918353, 10, 2, 0, 10, 0.0808080808080808
0.275999999999996, 13, 1, 4, 52, 0.0736969911266934
0.275999999999996, 13, 1, 4, 52, 0.0736969911266934
0.275500000000008, 11, 1, 1, 4, 0.128378378378378
0.275499999999994, 11, 1, 1, 4, 0.128378378378378
0.274593133360788, 10, 2, 0, 6, 0.026010101010101
0.273414622058811, 12, 2, 0, 2, 0.00416666666666667
0.273333333333341, 12, 1, 4, 29, 0.0366148142052202
0.272236110756855, 14, 2, 4, 13, 0.0149040473935306
0.272236110756814, 14, 2, 4, 13, 0.0149040473935306
0.27000000000001, 17, 1, 0, 4, 0.0126262626262626
0.27000000000001, 10, 1, 0, 17, 0.444444444444444
0.269999999999996, 10, 1, 0, 17, 0.444444444444444
0.269999999999982, 17, 1, 0, 4, 0.0126262626262626
0.268000000000001, 11, 1, 4, 64, 0.0917218809839261
0.268000000000001, 11, 1, 4, 64, 0.0917218809839261
0.267499999999998, 11, 1, 4, 29, 0.0366148142052202
0.267499999999998, 11, 1, 4, 29, 0.0366148142052202
0.265500000000003, 13, 1, 2, 1, 0.0454545454545454
0.265500000000003, 13, 1, 2, 1, 0.0454545454545454
0.263500000000022, 11, 1, 4, 63, 0.0888584396739231
0.263499999999993, 11, 1, 4, 63, 0.0888584396739231
0.263333333333335, 14, 1, 1, 6, 0.164414414414414
0.262690169210821, 13, 2, 4, 32, 0.0409687585124503
0.262690169210801, 13, 2, 4, 32, 0.0409687585124503
0.259999999999977, 11, 1, 4, 33, 0.042748691282689
0.259272486435073, 10, 2, 0, 3, 0.00795454545454546
0.258829416154118, 11, 6, 4, 76, 0.20691329301129
0.258537450543131, 13, 3, 0, 8, 0.0467171717171717
0.256333333333373, 13, 4, 1, 2, 0.0788288288288288
0.25550125026872, 8, 2, 0, 5, 0.0184343434343434
0.255029845747953, 13, 2, 4, 36, 0.0468471651172549
0.25500000000001, 12, 1, 0, 18, 0.558080808080808
0.254999999999995, 13, 1, 0, 10, 0.0808080808080808
0.254999999999995, 13, 1, 0, 10, 0.0808080808080808
0.254999999999995, 12, 1, 0, 18, 0.558080808080808
0.253144227664787, 12, 2, 1, 5, 0.141891891891892
0.253144227664787, 12, 2, 1, 5, 0.141891891891892
0.252201418623214, 11, 2, 0, 7, 0.0353535353535354
0.25, 12, 1, 0, 7, 0.0353535353535354
0.25, 12, 1, 0, 7, 0.0353535353535354
0.248666666666679, 11, 1, 0, 8, 0.0467171717171717
0.247666666666646, 12, 1, 3, 1, 0.0997474747474748
0.247, 10, 1, 4, 19, 0.0217556379075293
0.247, 10, 1, 4, 19, 0.0217556379075293
0.245000000000005, 15, 1, 0, 10, 0.0808080808080808
0.244999999999976, 15, 1, 0, 10, 0.0808080808080808
0.241000000000014, 11, 1, 1, 2, 0.0788288288288288
0.241, 11, 1, 1, 2, 0.0788288288288288
0.240000000000009, 12, 1, 0, 7, 0.0353535353535354
0.240000000000009, 11, 1, 2, 5, 0.863636363636364
0.239999999999995, 11, 1, 2, 5, 0.863636363636364
0.239999999999981, 12, 1, 0, 7, 0.0353535353535354
0.238500000000002, 15, 1, 4, 70, 0.136274845408473
0.238500000000002, 15, 1, 4, 70, 0.136274845408473
0.237789857492991, 12, 5, 4, 20, 0.0246350245742943
0.235000000000014, 13, 1, 0, 8, 0.0467171717171717
0.234999999999985, 13, 1, 0, 8, 0.0467171717171717
0.234759451353929, 10, 2, 3, 1, 0.0997474747474748
0.22999999999999, 15, 1, 0, 3, 0.00795454545454546
0.22999999999999, 15, 1, 0, 3, 0.00795454545454546
0.227500000000006, 12, 1, 3, 3, 0.800505050505051
0.227499999999992, 12, 1, 3, 3, 0.800505050505051
0.227109970914769, 12, 5, 3, 2, 0.400252525252525
0.227000000000004, 12, 1, 3, 3, 0.800505050505051
0.226999999999975, 12, 1, 3, 3, 0.800505050505051
0.225802765458904, 9, 2, 4, 101, 0.73090184972689
0.224000000000004, 12, 1, 4, 16, 0.0186420699741554
0.222000000000008, 16, 1, 4, 22, 0.0286232599694077
0.222000000000008, 16, 1, 4, 22, 0.0286232599694077
0.21999999999997, 11, 1, 0, 14, 0.217171717171717
0.219203102167831, 10, 2, 0, 8, 0.0467171717171717
0.217788888605472, 13, 2, 4, 103, 0.865041948010276
0.217788888605452, 13, 2, 4, 103, 0.865041948010276
0.214500000000015, 14, 1, 3, 2, 0.400252525252525
0.214499999999987, 14, 1, 3, 2, 0.400252525252525
0.209000000000003, 12, 1, 1, 8, 0.202702702702703
0.208999999999989, 12, 1, 1, 8, 0.202702702702703
0.204000000000008, 13, 1, 4, 40, 0.0550596271875607
0.204000000000008, 13, 1, 4, 40, 0.0550596271875607
0.204000000000008, 13, 1, 4, 73, 0.179360578437554
0.200346921336207, 13, 2, 0, 3, 0.00795454545454546
0.200000000000017, 14, 1, 0, 10, 0.0808080808080808
0.199999999999989, 11, 1, 0, 2, 0.00416666666666667
0.199999999999989, 11, 1, 0, 2, 0.00416666666666667
0.199333333333314, 10, 1, 4, 86, 0.339097714835584
0.19550000000001, 12, 1, 4, 56, 0.078725036164931
0.19550000000001, 12, 1, 4, 56, 0.078725036164931
0.195333333333352, 12, 1, 4, 7, 0.00691788872168195
0.195000000000007, 9, 1, 0, 15, 0.275252525252525
0.194999999999993, 9, 1, 0, 15, 0.275252525252525
0.1935, 12, 1, 4, 73, 0.179360578437554
0.1935, 12, 1, 4, 73, 0.179360578437554
0.193275853524308, 12, 2, 3, 3, 0.800505050505051
0.193275853524308, 12, 2, 4, 29, 0.0366148142052202
0.192000000000007, 13, 1, 1, 2, 0.0788288288288288
0.190958601534433, 10, 3, 4, 99, 0.6623678444522
0.190000000000026, 14, 1, 0, 6, 0.026010101010101
0.189999999999998, 13, 1, 0, 8, 0.0467171717171717
0.189999999999998, 13, 1, 0, 8, 0.0467171717171717
0.189999999999998, 14, 1, 0, 6, 0.026010101010101
0.189999999999998, 13, 1, 0, 3, 0.00795454545454546
0.189999999999998, 13, 1, 0, 3, 0.00795454545454546
0.189999999999998, 7, 1, 0, 14, 0.217171717171717
0.189999999999998, 7, 1, 0, 14, 0.217171717171717
0.186204785712449, 14, 2, 1, 6, 0.164414414414414
0.185000000000002, 15, 1, 0, 10, 0.0808080808080808
0.185000000000002, 15, 1, 0, 10, 0.0808080808080808
0.185000000000002, 11, 1, 0, 10, 0.0808080808080808
0.185000000000002, 11, 1, 0, 10, 0.0808080808080808
0.185000000000002, 9, 1, 0, 14, 0.217171717171717
0.185000000000002, 9, 1, 0, 14, 0.217171717171717
0.183847763108516, 11, 2, 4, 33, 0.042748691282689
0.183000000000007, 10, 1, 3, 3, 0.800505050505051
0.182999999999993, 10, 1, 3, 3, 0.800505050505051
0.182000000000002, 10, 1, 4, 24, 0.0306244453386102
0.182000000000002, 10, 1, 4, 24, 0.0306244453386102
0.177999999999997, 11, 1, 3, 1, 0.0997474747474748
0.177999999999997, 11, 1, 3, 1, 0.0997474747474748
0.177000000000007, 13, 1, 3, 3, 0.800505050505051
0.176999999999993, 13, 1, 3, 3, 0.800505050505051
0.176666666666677, 13, 1, 4, 50, 0.0708643200456854
0.175833886255064, 11, 2, 0, 8, 0.0467171717171717
0.175126779473894, 12, 2, 3, 1, 0.0997474747474748
0.175000000000011, 11, 1, 0, 7, 0.0353535353535354
0.175000000000011, 11, 1, 0, 7, 0.0353535353535354
0.172000000000011, 9, 1, 3, 1, 0.0997474747474748
0.171999999999997, 15, 1, 0, 8, 0.0467171717171717
0.171999999999997, 9, 1, 3, 1, 0.0997474747474748
0.171833873867519, 12, 3, 0, 11, 0.103535353535354
0.166028672222586, 9, 2, 4, 99, 0.6623678444522
0.165000000000006, 12, 1, 0, 11, 0.103535353535354
0.164999999999992, 12, 1, 0, 11, 0.103535353535354
0.158391918985779, 12, 2, 4, 16, 0.0186420699741554
0.157499999999999, 10, 1, 4, 92, 0.455244555401909
0.157499999999999, 10, 1, 4, 92, 0.455244555401909
0.156000000000006, 14, 1, 4, 3, 0.000573791508306289
0.15556349186106, 11, 2, 0, 14, 0.217171717171717
0.154000000000011, 8, 1, 0, 7, 0.0353535353535354
0.153999999999996, 8, 1, 0, 7, 0.0353535353535354
0.152500000000003, 15, 1, 4, 24, 0.0306244453386102
0.152500000000003, 15, 1, 4, 24, 0.0306244453386102
0.152000000000015, 7, 1, 3, 1, 0.0997474747474748
0.150000000000006, 13, 1, 0, 3, 0.00795454545454546
0.149999999999991, 13, 1, 0, 3, 0.00795454545454546
0.149333333333317, 11, 1, 4, 77, 0.212750155497395
0.14500000000001, 10, 1, 0, 18, 0.558080808080808
0.144999999999996, 10, 1, 0, 18, 0.558080808080808
0.144249783362061, 13, 2, 4, 73, 0.179360578437554
0.141999999999996, 13, 1, 4, 86, 0.339097714835584
0.141999999999996, 13, 1, 4, 86, 0.339097714835584
0.141421356237301, 14, 2, 0, 10, 0.0808080808080808
0.140949951716555, 10, 2, 4, 86, 0.339097714835584
0.13900000000001, 11, 1, 4, 34, 0.0437591097547004
0.138999999999996, 11, 1, 4, 34, 0.0437591097547004
0.138121524591755, 12, 2, 4, 7, 0.00691788872168195
0.137500000000017, 11, 1, 4, 50, 0.0708643200456854
0.137500000000003, 10, 1, 4, 52, 0.0736969911266934
0.137499999999989, 10, 1, 4, 52, 0.0736969911266934
0.137499999999989, 11, 1, 4, 50, 0.0708643200456854
0.136666666666656, 12, 4, 3, 3, 0.800505050505051
0.135764501987822, 13, 2, 1, 2, 0.0788288288288288
0.135561843205745, 9, 3, 4, 99, 0.6623678444522
0.135000000000005, 12, 1, 0, 8, 0.0467171717171717
0.134999999999991, 12, 1, 0, 8, 0.0467171717171717
0.133101946360692, 12, 5, 0, 11, 0.103535353535354
0.130500000000012, 10, 1, 4, 56, 0.078725036164931
0.130499999999998, 10, 1, 4, 56, 0.078725036164931
0.13000000000001, 14, 1, 0, 7, 0.0353535353535354
0.13000000000001, 10, 1, 0, 10, 0.0808080808080808
0.129999999999995, 14, 1, 0, 7, 0.0353535353535354
0.129999999999995, 10, 1, 0, 10, 0.0808080808080808
0.125, 11, 1, 0, 3, 0.00795454545454546
0.125, 11, 1, 0, 3, 0.00795454545454546
0.125, 12, 1, 0, 7, 0.0353535353535354
0.125, 12, 1, 0, 7, 0.0353535353535354
0.125, 11, 1, 0, 6, 0.026010101010101
0.125, 11, 1, 0, 6, 0.026010101010101
0.12492219800963, 13, 2, 4, 50, 0.0708643200456854
0.123036579926444, 11, 2, 4, 55, 0.0776266165618163
0.121622366364104, 15, 2, 0, 8, 0.0467171717171717
0.120000000000005, 15, 1, 3, 1, 0.0997474747474748
0.120000000000005, 15, 1, 3, 1, 0.0997474747474748
0.120000000000005, 17, 1, 0, 5, 0.0184343434343434
0.120000000000005, 17, 1, 0, 5, 0.0184343434343434
0.119, 7, 1, 3, 1, 0.0997474747474748
0.119, 7, 1, 3, 1, 0.0997474747474748
0.118000000000009, 11, 1, 4, 37, 0.0486682110506046
0.117999999999995, 11, 1, 4, 37, 0.0486682110506046
0.11633333333333, 14, 1, 3, 3, 0.800505050505051
0.115000000000009, 14, 1, 0, 7, 0.0353535353535354
0.115000000000009, 9, 1, 0, 7, 0.0353535353535354
0.114999999999995, 9, 1, 0, 7, 0.0353535353535354
0.114999999999981, 14, 1, 0, 7, 0.0353535353535354
0.110666666666674, 11, 1, 3, 2, 0.400252525252525
0.110308657865106, 14, 2, 4, 3, 0.000573791508306289
0.109999999999985, 14, 1, 0, 2, 0.00416666666666667
0.109499999999997, 13, 1, 2, 1, 0.0454545454545454
0.109499999999997, 13, 1, 2, 1, 0.0454545454545454
0.107500000000002, 13, 1, 1, 18, 0.475225225225225
0.107500000000002, 13, 1, 1, 18, 0.475225225225225
0.107480230740346, 7, 2, 3, 1, 0.0997474747474748
0.1055946126572, 11, 2, 4, 77, 0.212750155497395
0.105000000000004, 8, 1, 0, 13, 0.170454545454545
0.10499999999999, 8, 1, 0, 13, 0.170454545454545
0.103499999999997, 11, 1, 4, 26, 0.0338774705003143
0.103499999999997, 11, 1, 4, 26, 0.0338774705003143
0.100458946839007, 11, 3, 4, 55, 0.0776266165618163
0.097999999999999, 10, 1, 4, 59, 0.0828015312645006
0.097999999999999, 10, 1, 4, 59, 0.0828015312645006
0.0974999999999966, 11, 1, 3, 3, 0.800505050505051
0.0974999999999966, 11, 1, 3, 3, 0.800505050505051
0.0955000000000013, 10, 1, 4, 58, 0.081739484313027
0.0955000000000013, 10, 1, 4, 58, 0.081739484313027
0.0945000000000107, 12, 1, 4, 66, 0.0931101613156405
0.0944999999999823, 12, 1, 4, 66, 0.0931101613156405
0.0940000000000083, 10, 1, 4, 34, 0.0437591097547004
0.0939999999999941, 10, 1, 4, 34, 0.0437591097547004
0.0930000000000035, 13, 1, 3, 2, 0.400252525252525
0.0930000000000035, 13, 1, 3, 2, 0.400252525252525
0.0925000000000011, 9, 1, 4, 82, 0.274718983341981
0.0925000000000011, 9, 1, 4, 82, 0.274718983341981
0.0922067242667119, 9, 2, 4, 95, 0.534067194388448
0.0900000000000034, 11, 1, 3, 2, 0.400252525252525
0.0899999999999892, 11, 1, 3, 2, 0.400252525252525
0.089999999999975, 10, 1, 0, 2, 0.00416666666666667
0.089500000000001, 13, 1, 4, 75, 0.204510284651682
0.089500000000001, 13, 1, 4, 75, 0.204510284651682
0.0889999999999986, 11, 1, 3, 1, 0.0997474747474748
0.0889999999999986, 11, 1, 3, 1, 0.0997474747474748
0.0822600888780527, 14, 2, 3, 3, 0.800505050505051
0.0810000000000031, 15, 1, 4, 45, 0.0660434784542375
0.0810000000000031, 15, 1, 4, 45, 0.0660434784542375
0.0782531504512964, 11, 2, 3, 2, 0.400252525252525
0.0777817459305701, 14, 2, 0, 2, 0.00416666666666667
0.0777817459305299, 11, 2, 4, 57, 0.0798737051896258
0.0777817459305299, 11, 2, 4, 57, 0.0798737051896258
0.07650000000001, 10, 1, 4, 21, 0.0272340315353993
0.0764999999999816, 10, 1, 4, 21, 0.0272340315353993
0.0752864751023651, 9, 3, 4, 95, 0.534067194388448
0.0750000000000028, 10, 1, 0, 11, 0.103535353535354
0.0750000000000028, 11, 1, 0, 13, 0.170454545454545
0.0750000000000028, 11, 1, 0, 13, 0.170454545454545
0.0749999999999886, 15, 1, 0, 3, 0.00795454545454546
0.0749999999999886, 15, 1, 0, 3, 0.00795454545454546
0.0749999999999886, 10, 1, 0, 11, 0.103535353535354
0.0725000000000051, 15, 1, 4, 39, 0.051987603372886
0.0724999999999909, 15, 1, 4, 39, 0.051987603372886
0.0720000000000027, 14, 1, 4, 73, 0.179360578437554
0.0719999999999885, 14, 1, 4, 73, 0.179360578437554
0.0707106781186708, 10, 2, 3, 1, 0.0997474747474748
0.0707106781186507, 10, 2, 3, 1, 0.0997474747474748
0.0700000000000216, 15, 1, 0, 9, 0.0618686868686869
0.0700000000000074, 10, 1, 0, 15, 0.275252525252525
0.0699999999999932, 15, 1, 0, 11, 0.103535353535354
0.0699999999999932, 15, 1, 0, 11, 0.103535353535354
0.0699999999999932, 15, 1, 0, 9, 0.0618686868686869
0.0699999999999932, 10, 1, 0, 15, 0.275252525252525
0.069500000000005, 11, 1, 4, 3, 0.000573791508306289
0.069500000000005, 11, 1, 4, 3, 0.000573791508306289
0.0675000000000097, 12, 1, 1, 13, 0.326576576576577
0.0674999999999955, 12, 1, 1, 13, 0.326576576576577
0.0664999999999907, 13, 1, 4, 61, 0.084023548930301
0.0664999999999907, 13, 1, 4, 61, 0.084023548930301
0.0650000000000119, 9, 1, 0, 11, 0.103535353535354
0.0649999999999977, 10, 1, 0, 3, 0.00795454545454546
0.0649999999999977, 10, 1, 0, 3, 0.00795454545454546
0.0649999999999977, 9, 1, 0, 11, 0.103535353535354
0.0649999999999977, 10, 1, 0, 2, 0.00416666666666667
0.0649999999999977, 10, 1, 0, 2, 0.00416666666666667
0.0649999999999977, 9, 1, 0, 13, 0.170454545454545
0.0649999999999977, 9, 1, 0, 13, 0.170454545454545
0.0636396103068118, 10, 2, 0, 2, 0.00416666666666667
0.0633333333333326, 15, 1, 4, 54, 0.0761223229857679
0.0630000000000024, 12, 1, 4, 73, 0.179360578437554
0.0630000000000024, 12, 1, 4, 73, 0.179360578437554
0.061000000000007, 14, 1, 4, 7, 0.00691788872168195
0.061000000000007, 14, 1, 4, 7, 0.00691788872168195
0.0605000000000047, 10, 1, 4, 62, 0.0856939327900282
0.0604999999999905, 10, 1, 4, 62, 0.0856939327900282
0.0600000000000023, 12, 1, 0, 13, 0.170454545454545
0.0600000000000023, 12, 1, 0, 13, 0.170454545454545
0.0550000000000068, 14, 1, 0, 7, 0.0353535353535354
0.0550000000000068, 14, 1, 0, 7, 0.0353535353535354
0.0550000000000068, 14, 1, 0, 2, 0.00416666666666667
0.0550000000000068, 14, 1, 0, 2, 0.00416666666666667
0.0550000000000068, 9, 1, 0, 3, 0.00795454545454546
0.0549999999999926, 9, 1, 0, 3, 0.00795454545454546
0.0500000000000114, 10, 1, 0, 11, 0.103535353535354
0.0500000000000114, 15, 1, 0, 5, 0.0184343434343434
0.0499999999999829, 10, 1, 0, 11, 0.103535353535354
0.0499999999999829, 15, 1, 0, 5, 0.0184343434343434
0.0460000000000207, 11, 1, 2, 2, 0.181818181818182
0.0459999999999923, 11, 1, 2, 2, 0.181818181818182
0.0447834294751475, 15, 2, 4, 54, 0.0761223229857679
0.0430125950546274, 15, 3, 4, 70, 0.136274845408473
0.0430125950546274, 15, 3, 4, 70, 0.136274845408473
0.0420000000000016, 11, 1, 4, 61, 0.084023548930301
0.0420000000000016, 11, 1, 4, 61, 0.084023548930301
0.0395000000000039, 15, 1, 4, 38, 0.0506681897441603
0.0394999999999897, 15, 1, 4, 38, 0.0506681897441603
0.0350000000000108, 14, 1, 3, 1, 0.0997474747474748
0.0349999999999966, 14, 1, 3, 1, 0.0997474747474748
0.0313333333333361, 10, 1, 1, 3, 0.105855855855856
0.0250000000000057, 12, 1, 0, 6, 0.026010101010101
0.0249999999999773, 12, 1, 0, 6, 0.026010101010101
0.0221560124771503, 10, 2, 1, 3, 0.105855855855856
0.0200000000000102, 14, 1, 4, 40, 0.0550596271875607
0.019999999999996, 14, 1, 4, 40, 0.0550596271875607
0.0150000000000148, 15, 1, 0, 3, 0.00795454545454546
0.0149999999999864, 15, 1, 0, 3, 0.00795454545454546
0.0130000000000052, 14, 1, 4, 38, 0.0506681897441603
0.012999999999991, 14, 1, 4, 38, 0.0506681897441603
0.0120000000000005, 11, 1, 2, 5, 0.863636363636364
0.0120000000000005, 11, 1, 2, 5, 0.863636363636364
0.00950000000000273, 13, 1, 1, 3, 0.105855855855856
0.00949999999998852, 13, 1, 1, 3, 0.105855855855856
0.00799999999999557, 9, 1, 4, 90, 0.412079181780135
0.00799999999999557, 9, 1, 4, 90, 0.412079181780135
0.007000000000005, 12, 1, 3, 1, 0.0997474747474748
0.00699999999999079, 12, 1, 3, 1, 0.0997474747474748
0.00600000000000023, 10, 1, 3, 1, 0.0997474747474748
0.00600000000000023, 10, 1, 3, 1, 0.0997474747474748
0.00500000000000966, 13, 1, 4, 40, 0.0550596271875607
0.00500000000000966, 14, 1, 0, 11, 0.103535353535354
0.00500000000000966, 11, 1, 3, 3, 0.800505050505051
0.00499999999999545, 13, 1, 4, 40, 0.0550596271875607
0.00499999999999545, 14, 1, 0, 11, 0.103535353535354
0.00499999999999545, 15, 1, 3, 1, 0.0997474747474748
0.00499999999999545, 15, 1, 3, 1, 0.0997474747474748
0.00499999999999545, 11, 1, 3, 3, 0.800505050505051
0.0035000000000025, 10, 1, 4, 93, 0.471038215796977
0.0035000000000025, 10, 1, 4, 93, 0.471038215796977
0.00300000000000011, 12, 1, 3, 3, 0.800505050505051
0.00300000000000011, 12, 1, 3, 3, 0.800505050505051
