norm, level, Npoints, dimSplit, MainGridIndexSplit
3872.1124455484, 0, 962, -1, -1, -1
77.1085229895891, 3, 189, 0, 11, 0.103535353535354
64.7538939079608, 3, 268, 0, 11, 0.103535353535354
57.5203525611864, 2, 193, 1, 19, 0.529279279279279
45.9069964914819, 2, 303, 1, 19, 0.529279279279279
38.4494864091559, 2, 9, 4, 104, 0.952055328905477
37.7983744924988, 1, 466, 2, 3, 0.363636363636364
36.6374504119207, 1, 496, 2, 3, 0.363636363636364
35.7966424870464, 3, 64, 0, 11, 0.103535353535354
30.0169203454844, 6, 29, 0, 16, 0.351010101010101
27.0460502817345, 4, 19, 2, 2, 0.181818181818182
26.4761268311362, 4, 26, 0, 16, 0.351010101010101
25.2137490569075, 3, 129, 0, 11, 0.103535353535354
23.6532785453569, 4, 32, 0, 10, 0.0808080808080808
21.6677619047617, 4, 49, 4, 32, 0.0409687585124503
19.604891073058, 5, 24, 0, 15, 0.275252525252525
19.3402728203845, 5, 66, 3, 3, 0.800505050505051
19.2087918367346, 5, 25, 0, 15, 0.275252525252525
18.9647194197463, 8, 13, 0, 3, 0.00795454545454546
17.850821428045, 6, 82, 0, 16, 0.351010101010101
17.7688494272284, 5, 27, 3, 2, 0.400252525252525
17.741471910439, 11, 11, 0, 11, 0.103535353535354
17.5741526623617, 4, 45, 2, 2, 0.181818181818182
16.5582145688786, 3, 42, 4, 5, 0.00604237658698964
16.5374577944761, 5, 29, 4, 70, 0.136274845408473
16.0725290472097, 5, 33, 3, 2, 0.400252525252525
15.7071735053328, 8, 20, 0, 5, 0.0184343434343434
15.5757220625147, 4, 6, 0, 19, 0.70959595959596
15.5158878740802, 7, 12, 0, 6, 0.026010101010101
14.8298303690756, 4, 60, 1, 23, 0.698198198198198
13.8288881245515, 4, 69, 1, 23, 0.698198198198198
13.77, 8, 4, 4, 15, 0.0180125300509641
13.4589811725074, 5, 21, 2, 1, 0.0454545454545454
13.3336733498313, 6, 5, 0, 4, 0.0126262626262626
13.0581950752131, 7, 34, 0, 13, 0.170454545454545
12.9222780702638, 8, 28, 0, 3, 0.00795454545454546
12.8188208149778, 4, 140, 4, 32, 0.0409687585124503
12.7886448561923, 5, 8, 4, 70, 0.136274845408473
12.7335014262822, 9, 12, 4, 96, 0.578309095069458
12.5897240806408, 5, 24, 2, 1, 0.0454545454545454
12.4796885004743, 11, 3, 0, 5, 0.0184343434343434
12.4545191923683, 5, 71, 3, 3, 0.800505050505051
12.4176109700755, 8, 32, 0, 5, 0.0184343434343434
12.36981624813, 7, 5, 1, 20, 0.560810810810811
12.3257069368894, 5, 10, 4, 13, 0.0149040473935306
12.2827504442249, 5, 12, 4, 83, 0.284343083536879
12.0862399345327, 5, 169, 3, 3, 0.800505050505051
12.0005714285714, 11, 1, 0, 5, 0.0184343434343434
11.768361111111, 11, 25, 0, 11, 0.103535353535354
11.54146, 8, 4, 0, 12, 0.132575757575758
11.4138888888889, 3, 4, 0, 12, 0.132575757575758
11.2690107627701, 6, 7, 0, 4, 0.0126262626262626
11.149, 8, 4, 0, 5, 0.0184343434343434
11.0275357142856, 9, 16, 4, 96, 0.578309095069458
11.0062802276565, 12, 2, 4, 15, 0.0180125300509641
10.9901088040176, 7, 48, 0, 13, 0.170454545454545
10.9861015291911, 11, 13, 0, 13, 0.170454545454545
10.9613090396876, 6, 11, 0, 3, 0.00795454545454546
10.9170937028751, 12, 5, 2, 2, 0.181818181818182
10.6747820879052, 9, 6, 1, 13, 0.326576576576577
10.6377144161704, 11, 2, 0, 9, 0.0618686868686869
10.5282699999268, 5, 8, 0, 11, 0.103535353535354
10.3897035184546, 8, 5, 0, 13, 0.170454545454545
10.3548181818182, 7, 4, 4, 93, 0.471038215796977
10.3393986699738, 6, 19, 0, 9, 0.0618686868686869
10.3291511899166, 7, 5, 4, 68, 0.0971476980300399
10.208892577274, 3, 5, 0, 12, 0.132575757575758
10.143879272442, 7, 3, 0, 9, 0.0618686868686869
10.0016819005106, 6, 10, 0, 13, 0.170454545454545
9.96589747243715, 12, 6, 2, 2, 0.181818181818182
9.75464969490753, 5, 8, 3, 2, 0.400252525252525
9.74432692307698, 5, 16, 4, 13, 0.0149040473935306
9.73686037693875, 8, 8, 4, 15, 0.0180125300509641
9.736001926912, 8, 3, 4, 102, 0.786411515216059
9.62956832496384, 6, 14, 3, 1, 0.0997474747474748
9.57370092407138, 6, 71, 1, 14, 0.353603603603604
9.56400000000001, 11, 1, 0, 11, 0.103535353535354
9.53622952167174, 6, 11, 0, 13, 0.170454545454545
9.53371428571421, 12, 4, 0, 9, 0.0618686868686869
9.51700000000005, 13, 4, 0, 6, 0.026010101010101
9.10466443039574, 6, 12, 0, 14, 0.217171717171717
9.10312038076319, 8, 6, 0, 5, 0.0184343434343434
9.07955467084339, 8, 3, 0, 4, 0.0126262626262626
9.012, 13, 4, 0, 4, 0.0126262626262626
8.952, 12, 1, 0, 10, 0.0808080808080808
8.80657819689508, 4, 235, 0, 16, 0.351010101010101
8.7098431435755, 4, 236, 0, 10, 0.0808080808080808
8.62241942141415, 7, 52, 4, 40, 0.0550596271875607
8.58333333333337, 8, 1, 0, 6, 0.026010101010101
8.57767666031359, 12, 2, 0, 8, 0.0467171717171717
8.46594942906804, 7, 3, 4, 72, 0.171932627919944
8.45291026104271, 5, 111, 4, 70, 0.136274845408473
8.36464942418795, 8, 26, 0, 7, 0.0353535353535354
8.31879321100932, 5, 11, 3, 2, 0.400252525252525
8.26597402721113, 6, 19, 3, 1, 0.0997474747474748
8.16985161032419, 5, 165, 3, 3, 0.800505050505051
8.16707151098594, 6, 6, 4, 103, 0.865041948010276
8.14884379317935, 6, 98, 1, 14, 0.353603603603604
7.82750679439448, 7, 7, 4, 93, 0.471038215796977
7.80193338089992, 9, 2, 2, 2, 0.181818181818182
7.79299999999998, 8, 4, 2, 4, 0.590909090909091
7.7735, 10, 1, 4, 97, 0.601622068566827
7.77059796068919, 13, 6, 0, 6, 0.026010101010101
7.74300000000001, 9, 1, 4, 98, 0.624936765886549
7.66880336109107, 12, 6, 2, 2, 0.181818181818182
7.6494481641845, 6, 17, 0, 14, 0.217171717171717
7.64221724376029, 11, 8, 0, 5, 0.0184343434343434
7.64007611218632, 6, 12, 0, 14, 0.217171717171717
7.64007611218617, 6, 12, 0, 14, 0.217171717171717
7.59710475643664, 10, 3, 0, 7, 0.0353535353535354
7.55333333333334, 10, 4, 0, 6, 0.026010101010101
7.54147466431459, 8, 5, 4, 102, 0.786411515216059
7.49208199318401, 11, 3, 0, 5, 0.0184343434343434
7.4705823945847, 8, 23, 1, 6, 0.164414414414414
7.46151477557298, 6, 7, 0, 17, 0.444444444444444
7.45820877456512, 12, 2, 0, 14, 0.217171717171717
7.40261538461533, 12, 4, 0, 14, 0.217171717171717
7.38352755029323, 5, 24, 4, 70, 0.136274845408473
7.35556919789611, 11, 29, 0, 13, 0.170454545454545
7.28454545454548, 8, 4, 0, 5, 0.0184343434343434
7.25794603260763, 9, 2, 0, 4, 0.0126262626262626
7.24881002346235, 6, 10, 3, 2, 0.400252525252525
7.20099999999999, 8, 1, 0, 18, 0.558080808080808
7.18240988519961, 9, 7, 3, 2, 0.400252525252525
7.14848366442139, 7, 10, 1, 24, 0.743243243243243
7.0746666666667, 7, 4, 4, 82, 0.274718983341981
7.03299280623119, 8, 5, 0, 4, 0.0126262626262626
7.02696667840728, 9, 8, 0, 7, 0.0353535353535354
6.94966666666659, 6, 4, 4, 91, 0.438747575486957
6.94088732394377, 7, 9, 4, 49, 0.0692091058226616
6.75640529423749, 9, 2, 0, 9, 0.0618686868686869
6.66750000000002, 9, 1, 0, 14, 0.217171717171717
6.65571428571428, 10, 1, 0, 13, 0.170454545454545
6.64229099094374, 3, 261, 4, 5, 0.00604237658698964
6.61210395789418, 9, 3, 0, 18, 0.558080808080808
6.58765682166278, 12, 10, 3, 1, 0.0997474747474748
6.58043750000007, 6, 9, 0, 17, 0.444444444444444
6.5792857142857, 10, 4, 0, 7, 0.0353535353535354
6.48000000000002, 12, 1, 0, 11, 0.103535353535354
6.47999999999999, 12, 1, 0, 11, 0.103535353535354
6.43816666666667, 7, 1, 0, 17, 0.444444444444444
6.41308342482724, 7, 94, 4, 40, 0.0550596271875607
6.37025193013064, 9, 3, 2, 2, 0.181818181818182
6.35876190476199, 4, 36, 0, 19, 0.70959595959596
6.35600000000001, 9, 1, 0, 10, 0.0808080808080808
6.35447211387327, 8, 8, 1, 18, 0.475225225225225
6.33349437077516, 8, 32, 1, 6, 0.164414414414414
6.26675726500109, 9, 7, 1, 17, 0.436936936936937
6.25742857142859, 7, 4, 2, 4, 0.590909090909091
6.17284850616436, 7, 14, 4, 68, 0.0971476980300399
6.16148207279164, 7, 3, 4, 94, 0.486490559366218
6.13203000644972, 9, 2, 2, 1, 0.0454545454545454
6.12636263304815, 6, 14, 3, 2, 0.400252525252525
6.08112088790957, 7, 12, 0, 17, 0.444444444444444
6.06874394953353, 9, 2, 0, 14, 0.217171717171717
6.06533333333334, 12, 4, 0, 8, 0.0467171717171717
6.02965034082858, 12, 10, 0, 9, 0.0618686868686869
6.00079098786152, 11, 2, 0, 4, 0.0126262626262626
5.99261731857378, 9, 11, 0, 7, 0.0353535353535354
5.97976634623423, 11, 2, 0, 5, 0.0184343434343434
5.96481296943416, 8, 5, 3, 3, 0.800505050505051
5.94400137898293, 8, 14, 0, 15, 0.275252525252525
5.86470000000003, 8, 4, 0, 12, 0.132575757575758
5.84681894599769, 9, 20, 1, 13, 0.326576576576577
5.83787358547614, 8, 2, 0, 18, 0.558080808080808
5.79586191420413, 7, 86, 0, 6, 0.026010101010101
5.77833961763532, 6, 10, 0, 16, 0.351010101010101
5.75666666666669, 14, 1, 0, 7, 0.0353535353535354
5.75266666666667, 12, 1, 4, 88, 0.375097158937352
5.69135801364212, 8, 6, 3, 2, 0.400252525252525
5.68931687899228, 14, 2, 0, 10, 0.0808080808080808
5.64077229928266, 8, 17, 3, 2, 0.400252525252525
5.64077229928242, 8, 17, 3, 2, 0.400252525252525
5.6378367986931, 7, 8, 2, 2, 0.181818181818182
5.63571241422182, 5, 57, 4, 83, 0.284343083536879
5.62759703073943, 5, 28, 0, 11, 0.103535353535354
5.59876884046204, 10, 7, 4, 60, 0.0833233322906506
5.58199999999999, 8, 1, 4, 100, 0.705914182813912
5.51000000000002, 14, 1, 0, 7, 0.0353535353535354
5.50999999999999, 14, 1, 0, 7, 0.0353535353535354
5.50659876767805, 8, 7, 0, 5, 0.0184343434343434
5.46250000000001, 15, 1, 4, 76, 0.20691329301129
5.46249999999999, 15, 1, 4, 76, 0.20691329301129
5.44510435776418, 8, 6, 3, 3, 0.800505050505051
5.43444047466965, 13, 11, 0, 4, 0.0126262626262626
5.40498826293345, 9, 3, 4, 98, 0.624936765886549
5.39577333697734, 2, 457, 4, 104, 0.952055328905477
5.38514039207953, 8, 6, 0, 10, 0.0808080808080808
5.37879927121276, 12, 15, 3, 1, 0.0997474747474748
5.37694117647055, 7, 4, 2, 1, 0.0454545454545454
5.34101322056235, 10, 8, 0, 6, 0.026010101010101
5.32980544725878, 8, 19, 0, 13, 0.170454545454545
5.31885720808524, 11, 8, 0, 9, 0.0618686868686869
5.29770198258609, 11, 6, 0, 5, 0.0184343434343434
5.29746817813285, 7, 11, 0, 9, 0.0618686868686869
5.26917364403138, 8, 7, 3, 2, 0.400252525252525
5.26746998522186, 9, 15, 4, 52, 0.0736969911266934
5.18431407235585, 7, 8, 4, 72, 0.171932627919944
5.172255395702, 8, 68, 0, 7, 0.0353535353535354
5.12640944521603, 6, 5, 0, 13, 0.170454545454545
5.12171370246329, 9, 5, 0, 18, 0.558080808080808
5.10916348074379, 7, 17, 0, 17, 0.444444444444444
5.10666666666668, 10, 1, 0, 2, 0.00416666666666667
5.09106780928872, 8, 2, 0, 14, 0.217171717171717
5.04296666666664, 10, 4, 0, 3, 0.00795454545454546
5.04249999999999, 10, 1, 0, 20, 0.898989898989899
5.03710610288633, 8, 21, 0, 12, 0.132575757575758
5.026115000674, 9, 2, 0, 5, 0.0184343434343434
5.00962387419925, 11, 3, 2, 5, 0.863636363636364
5.00678153441242, 9, 3, 2, 1, 0.0454545454545454
5.00254477463437, 7, 8, 4, 82, 0.274718983341981
4.99451999999999, 6, 9, 4, 23, 0.0296164402178925
4.99075966161467, 13, 2, 4, 67, 0.0942557274601005
4.98567121508426, 8, 7, 0, 10, 0.0808080808080808
4.94850000000002, 6, 4, 4, 31, 0.0395255744388036
4.93507692307688, 12, 9, 0, 14, 0.217171717171717
4.92872596113852, 8, 10, 2, 4, 0.590909090909091
4.89921277030377, 11, 6, 0, 5, 0.0184343434343434
4.86417601792263, 12, 3, 0, 10, 0.0808080808080808
4.8641760179226, 12, 3, 0, 10, 0.0808080808080808
4.85923780031396, 11, 2, 0, 6, 0.026010101010101
4.80796337670957, 7, 11, 2, 2, 0.181818181818182
4.78711290863293, 7, 2, 0, 5, 0.0184343434343434
4.78199999999998, 11, 4, 0, 11, 0.103535353535354
4.76660382242957, 8, 3, 0, 18, 0.558080808080808
4.73272727272726, 13, 4, 4, 27, 0.0352394625411507
4.72913015257564, 8, 2, 0, 8, 0.0467171717171717
4.69335213271372, 6, 60, 0, 3, 0.00795454545454546
4.693093657894, 12, 11, 4, 15, 0.0180125300509641
4.68085714285715, 9, 4, 4, 98, 0.624936765886549
4.6802699015639, 9, 19, 4, 52, 0.0736969911266934
4.67975015358722, 6, 6, 0, 13, 0.170454545454545
4.63419297701051, 7, 24, 2, 2, 0.181818181818182
4.6304887566001, 9, 2, 4, 53, 0.0751545691169847
4.6304887566001, 9, 2, 4, 53, 0.0751545691169847
4.61231611232359, 13, 2, 3, 3, 0.800505050505051
4.59124433024423, 6, 2, 4, 27, 0.0352394625411507
4.59032811952458, 9, 5, 0, 4, 0.0126262626262626
4.57356666071462, 16, 2, 0, 6, 0.026010101010101
4.57051467645751, 13, 3, 0, 4, 0.0126262626262626
4.54056326530633, 7, 25, 2, 2, 0.181818181818182
4.50694117647055, 7, 4, 4, 89, 0.391602757964068
4.47042313433525, 9, 3, 4, 98, 0.624936765886549
4.45270874504815, 10, 7, 0, 5, 0.0184343434343434
4.42987427022483, 7, 5, 3, 3, 0.800505050505051
4.42987427022477, 7, 5, 3, 3, 0.800505050505051
4.39733414634119, 9, 25, 4, 11, 0.00893715698736393
4.37699097554475, 13, 2, 0, 14, 0.217171717171717
4.36934563012617, 9, 5, 1, 25, 0.835585585585586
4.3575, 9, 1, 3, 2, 0.400252525252525
4.35436355854677, 9, 2, 4, 81, 0.26159379994883
4.30692006070433, 6, 18, 0, 16, 0.351010101010101
4.3066869553005, 9, 14, 3, 2, 0.400252525252525
4.30599884366758, 12, 6, 0, 14, 0.217171717171717
4.285, 12, 1, 0, 13, 0.170454545454545
4.27611111111116, 15, 4, 2, 2, 0.181818181818182
4.27092495836676, 11, 2, 0, 7, 0.0353535353535354
4.2638538905549, 10, 2, 0, 4, 0.0126262626262626
4.24735473232719, 7, 2, 3, 1, 0.0997474747474748
4.2283333333333, 11, 4, 0, 5, 0.0184343434343434
4.2167134384758, 14, 2, 0, 12, 0.132575757575758
4.1574992884345, 8, 3, 0, 18, 0.558080808080808
4.10837313583729, 10, 13, 4, 60, 0.0833233322906506
4.10380571339983, 9, 3, 0, 5, 0.0184343434343434
4.0836, 10, 1, 4, 14, 0.0167757737040485
4.07057803703051, 14, 2, 0, 7, 0.0353535353535354
4.06774960990581, 12, 2, 4, 88, 0.375097158937352
4.06, 12, 1, 0, 5, 0.0184343434343434
4.05999999999999, 12, 1, 0, 5, 0.0184343434343434
4.05751354181926, 11, 11, 1, 17, 0.436936936936937
4.03363685595449, 7, 7, 4, 94, 0.486490559366218
4.00345610691564, 12, 5, 0, 10, 0.0808080808080808
3.9808718203429, 8, 5, 0, 5, 0.0184343434343434
3.96600000000001, 12, 1, 0, 11, 0.103535353535354
3.95754531630551, 7, 10, 2, 4, 0.590909090909091
3.95666666666668, 10, 1, 0, 8, 0.0467171717171717
3.9470700525833, 8, 2, 4, 100, 0.705914182813912
3.91687136654019, 12, 23, 2, 2, 0.181818181818182
3.91158148754621, 6, 17, 4, 21, 0.0272340315353993
3.90081241538221, 9, 6, 0, 9, 0.0618686868686869
3.88800000000001, 8, 1, 0, 5, 0.0184343434343434
3.88272333549532, 5, 2, 0, 20, 0.898989898989899
3.86971257072152, 8, 2, 4, 61, 0.084023548930301
3.86131860034019, 8, 3, 0, 8, 0.0467171717171717
3.84948291982182, 9, 3, 0, 14, 0.217171717171717
3.84333333333332, 8, 1, 0, 14, 0.217171717171717
3.83506976744189, 8, 4, 4, 6, 0.00648491626136443
3.82467004951455, 15, 5, 2, 2, 0.181818181818182
3.81419999131338, 8, 34, 0, 15, 0.275252525252525
3.79750000000001, 11, 1, 0, 4, 0.0126262626262626
3.785, 10, 1, 0, 12, 0.132575757575758
3.785, 10, 1, 0, 12, 0.132575757575758
3.78375000000001, 6, 1, 3, 3, 0.800505050505051
3.76594033587012, 13, 3, 3, 3, 0.800505050505051
3.74933333333334, 14, 1, 3, 1, 0.0997474747474748
3.74588999999992, 6, 16, 4, 23, 0.0296164402178925
3.73593842721919, 9, 6, 3, 2, 0.400252525252525
3.735, 15, 1, 0, 13, 0.170454545454545
3.735, 15, 1, 0, 13, 0.170454545454545
3.73430154111844, 16, 3, 0, 6, 0.026010101010101
3.72988682140865, 6, 146, 0, 9, 0.0618686868686869
3.72963992915339, 7, 55, 1, 20, 0.560810810810811
3.70151627406397, 10, 10, 4, 54, 0.0761223229857679
3.69999999999999, 14, 1, 0, 10, 0.0808080808080808
3.68000000000001, 9, 1, 0, 17, 0.444444444444444
3.67440000000002, 10, 1, 3, 2, 0.400252525252525
3.65649999999998, 7, 1, 4, 100, 0.705914182813912
3.645, 14, 1, 0, 9, 0.0618686868686869
3.645, 14, 1, 0, 9, 0.0618686868686869
3.64018570954836, 12, 2, 0, 9, 0.0618686868686869
3.63566666666667, 9, 1, 4, 73, 0.179360578437554
3.62131409343811, 7, 3, 2, 4, 0.590909090909091
3.61095862925927, 10, 2, 0, 2, 0.00416666666666667
3.61, 14, 1, 0, 8, 0.0467171717171717
3.59280955520886, 7, 2, 4, 11, 0.00893715698736393
3.57760553906552, 13, 7, 4, 27, 0.0352394625411507
3.57379816628376, 13, 3, 0, 14, 0.217171717171717
3.55532295766972, 9, 3, 4, 81, 0.26159379994883
3.5525044686812, 6, 2, 3, 1, 0.0997474747474748
3.53999999999999, 11, 1, 0, 2, 0.00416666666666667
3.53883333333333, 9, 1, 0, 6, 0.026010101010101
3.53654716509045, 8, 11, 0, 12, 0.132575757575758
3.53038444325764, 7, 41, 1, 24, 0.743243243243243
3.51507339604615, 8, 3, 1, 25, 0.835585585585586
3.50379095290612, 9, 6, 0, 14, 0.217171717171717
3.495, 10, 1, 0, 15, 0.275252525252525
3.49499999999999, 10, 1, 0, 15, 0.275252525252525
3.49250000000001, 12, 1, 0, 5, 0.0184343434343434
3.48939079079836, 12, 11, 1, 9, 0.227477477477477
3.48503816285275, 9, 2, 1, 12, 0.313063063063063
3.47953104886275, 9, 2, 1, 17, 0.436936936936937
3.47593729565612, 9, 3, 4, 28, 0.0358931359772792
3.47550000000001, 9, 1, 4, 97, 0.601622068566827
3.4755, 9, 1, 4, 97, 0.601622068566827
3.46129734240167, 11, 3, 0, 8, 0.0467171717171717
3.45427101892567, 9, 8, 1, 25, 0.835585585585586
3.44199999999999, 7, 1, 0, 1, 0.00126262626262626
3.434, 6, 4, 3, 3, 0.800505050505051
3.434, 6, 4, 3, 3, 0.800505050505051
3.42959090909088, 13, 1, 0, 6, 0.026010101010101
3.40648691836619, 10, 2, 1, 18, 0.475225225225225
3.40401204463208, 8, 2, 4, 54, 0.0761223229857679
3.40401204463203, 8, 2, 4, 54, 0.0761223229857679
3.40159855277086, 7, 11, 3, 3, 0.800505050505051
3.3898699090083, 10, 2, 4, 26, 0.0338774705003143
3.38500000000002, 7, 4, 0, 5, 0.0184343434343434
3.37043333333332, 10, 4, 3, 3, 0.800505050505051
3.36579999999998, 9, 4, 2, 5, 0.863636363636364
3.36445075649166, 8, 7, 0, 5, 0.0184343434343434
3.3160562499998, 9, 25, 1, 17, 0.436936936936937
3.31333333333333, 11, 1, 0, 7, 0.0353535353535354
3.29895349189259, 10, 7, 2, 5, 0.863636363636364
3.29511760032933, 7, 2, 0, 14, 0.217171717171717
3.29511760032931, 7, 2, 0, 14, 0.217171717171717
3.2915820664234, 15, 2, 0, 4, 0.0126262626262626
3.29158206642336, 15, 2, 0, 4, 0.0126262626262626
3.29006683760656, 13, 2, 0, 2, 0.00416666666666667
3.25678266412736, 7, 12, 3, 3, 0.800505050505051
3.23541758494628, 9, 8, 3, 2, 0.400252525252525
3.22895669510886, 11, 5, 2, 4, 0.590909090909091
3.22594732028927, 7, 5, 2, 5, 0.863636363636364
3.21987399994316, 8, 5, 0, 14, 0.217171717171717
3.20166666666667, 13, 1, 0, 6, 0.026010101010101
3.18796322924538, 12, 3, 3, 3, 0.800505050505051
3.18000000000001, 13, 1, 0, 4, 0.0126262626262626
3.18000000000001, 13, 1, 0, 4, 0.0126262626262626
3.178, 9, 4, 0, 10, 0.0808080808080808
3.15249999999999, 14, 1, 0, 9, 0.0618686868686869
3.15050000000008, 9, 16, 4, 32, 0.0409687585124503
3.15049999999985, 9, 16, 4, 32, 0.0409687585124503
3.14950000000005, 10, 4, 0, 8, 0.0467171717171717
3.13250000000001, 7, 1, 0, 8, 0.0467171717171717
3.1194, 8, 1, 4, 90, 0.412079181780135
3.10749999999999, 12, 1, 0, 8, 0.0467171717171717
3.10333333333334, 12, 1, 0, 3, 0.00795454545454546
3.10263636363635, 11, 1, 1, 3, 0.105855855855856
3.10139742971076, 8, 7, 0, 13, 0.170454545454545
3.06277957658111, 8, 5, 3, 2, 0.400252525252525
3.05577063725337, 10, 3, 1, 4, 0.128378378378378
3.04926480265894, 10, 6, 4, 73, 0.179360578437554
3.0441428571429, 8, 4, 1, 25, 0.835585585585586
3.04102332065503, 10, 11, 0, 3, 0.00795454545454546
3.03466660259216, 8, 8, 0, 6, 0.026010101010101
3.01999999999998, 11, 4, 0, 7, 0.0353535353535354
3.01499999999999, 10, 4, 0, 4, 0.0126262626262626
3.01397194412951, 11, 2, 0, 6, 0.026010101010101
3.00750000000001, 9, 1, 0, 5, 0.0184343434343434
3.00500000000001, 8, 1, 0, 7, 0.0353535353535354
3.005, 8, 1, 0, 7, 0.0353535353535354
3.0035, 8, 1, 0, 13, 0.170454545454545
3.00039549393076, 11, 8, 0, 4, 0.0126262626262626
2.99757142857146, 11, 4, 0, 8, 0.0467171717171717
2.98259032567975, 7, 13, 2, 1, 0.0454545454545454
2.98166666666663, 14, 4, 0, 12, 0.132575757575758
2.97219918578816, 12, 3, 0, 9, 0.0618686868686869
2.96136102968805, 10, 11, 4, 51, 0.0718603446010522
2.9385, 13, 1, 4, 72, 0.171932627919944
2.93810683093723, 10, 7, 4, 97, 0.601622068566827
2.91220568082833, 9, 57, 4, 11, 0.00893715698736393
2.9112887323887, 10, 3, 0, 20, 0.898989898989899
2.91016866865134, 8, 2, 2, 1, 0.0454545454545454
2.89821134578396, 6, 23, 4, 91, 0.438747575486957
2.89, 11, 1, 0, 14, 0.217171717171717
2.89, 11, 1, 0, 14, 0.217171717171717
2.88990931039476, 9, 10, 1, 3, 0.105855855855856
2.88708126038766, 9, 3, 1, 22, 0.632882882882883
2.87967880515055, 7, 3, 4, 89, 0.391602757964068
2.86500000000001, 18, 1, 0, 8, 0.0467171717171717
2.85246875530655, 13, 2, 4, 10, 0.00844094610403909
2.85246875530653, 13, 2, 4, 10, 0.00844094610403909
2.84500000000003, 10, 1, 0, 15, 0.275252525252525
2.84102520462835, 9, 3, 1, 17, 0.436936936936937
2.83500000000001, 9, 1, 0, 18, 0.558080808080808
2.83499999999998, 9, 1, 0, 18, 0.558080808080808
2.80548225206768, 11, 6, 0, 6, 0.026010101010101
2.80489999999998, 12, 1, 2, 4, 0.590909090909091
2.80128241778365, 6, 51, 4, 103, 0.865041948010276
2.8004, 7, 1, 4, 19, 0.0217556379075293
2.79885720480561, 13, 8, 0, 4, 0.0126262626262626
2.79870542989673, 10, 3, 3, 1, 0.0997474747474748
2.7987054298967, 10, 3, 3, 1, 0.0997474747474748
2.79294444444449, 9, 4, 0, 18, 0.558080808080808
2.77675176117728, 10, 18, 0, 5, 0.0184343434343434
2.7732, 9, 1, 4, 9, 0.0079337803296631
2.77185352500962, 9, 47, 3, 2, 0.400252525252525
2.76781719049506, 10, 3, 4, 26, 0.0338774705003143
2.76085714285711, 12, 4, 3, 3, 0.800505050505051
2.75991633439119, 16, 2, 0, 2, 0.00416666666666667
2.75513333333332, 10, 1, 4, 36, 0.0468471651172549
2.74816419208657, 9, 6, 2, 5, 0.863636363636364
2.74549999999999, 5, 4, 0, 20, 0.898989898989899
2.74388400051529, 11, 10, 2, 5, 0.863636363636364
2.74333333333334, 11, 1, 0, 8, 0.0467171717171717
2.74244294015391, 8, 2, 4, 4, 0.00326307504602002
2.71764706236032, 8, 2, 0, 14, 0.217171717171717
2.71718397895881, 10, 6, 0, 13, 0.170454545454545
2.693470744794, 14, 2, 3, 1, 0.0997474747474748
2.69244945170746, 9, 5, 4, 28, 0.0358931359772792
2.6819696969697, 14, 9, 0, 10, 0.0808080808080808
2.67999999999999, 4, 1, 0, 8, 0.0467171717171717
2.66177869422716, 8, 8, 2, 5, 0.863636363636364
2.66, 13, 1, 0, 2, 0.00416666666666667
2.65890476190475, 14, 1, 4, 64, 0.0917218809839261
2.65400745205353, 9, 2, 0, 9, 0.0618686868686869
2.65117902492877, 14, 2, 3, 1, 0.0997474747474748
2.64966666666668, 8, 1, 0, 15, 0.275252525252525
2.64448071490425, 7, 62, 4, 49, 0.0692091058226616
2.64300000000001, 11, 1, 0, 10, 0.0808080808080808
2.64074078196835, 10, 8, 4, 73, 0.179360578437554
2.62867577562035, 12, 3, 3, 2, 0.400252525252525
2.62053773107736, 13, 2, 4, 24, 0.0306244453386102
2.62053773107736, 13, 2, 4, 24, 0.0306244453386102
2.61884067480249, 13, 2, 0, 5, 0.0184343434343434
2.61629509039022, 14, 2, 0, 10, 0.0808080808080808
2.61401380384008, 10, 6, 3, 1, 0.0997474747474748
2.60400000000001, 16, 1, 0, 7, 0.0353535353535354
2.60215295476648, 9, 2, 0, 17, 0.444444444444444
2.60000000000001, 10, 1, 0, 6, 0.026010101010101
2.58852119044302, 8, 7, 3, 2, 0.400252525252525
2.5865, 11, 1, 2, 5, 0.863636363636364
2.58199999999999, 10, 1, 0, 20, 0.898989898989899
2.57999999999998, 8, 1, 0, 12, 0.132575757575758
2.5688773415341, 15, 8, 3, 1, 0.0997474747474748
2.55265548008343, 14, 2, 0, 8, 0.0467171717171717
2.55169230769235, 10, 4, 0, 9, 0.0618686868686869
2.54841283939631, 10, 2, 4, 83, 0.284343083536879
2.53750000000002, 12, 1, 0, 2, 0.00416666666666667
2.53461813575184, 9, 13, 1, 3, 0.105855855855856
2.52866666666668, 9, 1, 0, 19, 0.70959595959596
2.52719963596073, 14, 2, 0, 8, 0.0467171717171717
2.5196173484561, 10, 12, 2, 5, 0.863636363636364
2.51379999999999, 9, 1, 4, 37, 0.0486682110506046
2.50954901960787, 8, 9, 2, 5, 0.863636363636364
2.50339999999997, 8, 1, 0, 18, 0.558080808080808
2.50315800540039, 11, 2, 0, 2, 0.00416666666666667
2.50028571428572, 9, 4, 1, 22, 0.632882882882883
2.50000115496377, 7, 13, 4, 89, 0.391602757964068
2.49808545406325, 9, 5, 0, 18, 0.558080808080808
2.483, 11, 1, 4, 88, 0.375097158937352
2.47842036806378, 9, 3, 4, 22, 0.0286232599694077
2.47394590347756, 12, 3, 0, 13, 0.170454545454545
2.46846107592025, 13, 3, 2, 1, 0.0454545454545454
2.46846107592022, 13, 3, 2, 1, 0.0454545454545454
2.46737189038348, 12, 22, 1, 9, 0.227477477477477
2.46396408667175, 11, 2, 1, 12, 0.313063063063063
2.44583745700196, 8, 54, 1, 18, 0.475225225225225
2.44335147901397, 9, 5, 4, 37, 0.0486682110506046
2.43000000000001, 13, 1, 0, 7, 0.0353535353535354
2.42487113059639, 10, 3, 4, 79, 0.228732574440079
2.42196078431368, 15, 9, 3, 1, 0.0997474747474748
2.41666666666667, 15, 1, 0, 2, 0.00416666666666667
2.37614276787684, 8, 3, 2, 1, 0.0454545454545454
2.372, 14, 1, 0, 14, 0.217171717171717
2.37070656405574, 7, 7, 2, 4, 0.590909090909091
2.36873141363178, 8, 12, 0, 13, 0.170454545454545
2.36698975758239, 10, 5, 1, 4, 0.128378378378378
2.36, 13, 1, 0, 15, 0.275252525252525
2.36, 13, 1, 0, 15, 0.275252525252525
2.34260653560938, 11, 33, 1, 17, 0.436936936936937
2.3306239507909, 11, 2, 4, 97, 0.601622068566827
2.33062395079086, 11, 2, 4, 97, 0.601622068566827
2.31320000000001, 8, 1, 0, 15, 0.275252525252525
2.31179295644517, 9, 3, 1, 6, 0.164414414414414
2.30398051948026, 6, 49, 4, 21, 0.0272340315353993
2.29562216512219, 6, 8, 4, 27, 0.0352394625411507
2.29333333333332, 8, 1, 0, 12, 0.132575757575758
2.27678078654931, 13, 3, 4, 17, 0.0191899869089483
2.27678078654928, 13, 3, 4, 17, 0.0191899869089483
2.27334830151477, 11, 2, 0, 8, 0.0467171717171717
2.27334830151473, 11, 2, 0, 8, 0.0467171717171717
2.27229227873528, 7, 5, 4, 11, 0.00893715698736393
2.27030660120881, 7, 7, 3, 1, 0.0997474747474748
2.27, 9, 1, 0, 17, 0.444444444444444
2.27, 9, 1, 0, 17, 0.444444444444444
2.265, 12, 1, 0, 10, 0.0808080808080808
2.265, 12, 1, 0, 10, 0.0808080808080808
2.25736363636361, 8, 4, 2, 1, 0.0454545454545454
2.23919528402504, 8, 3, 4, 4, 0.00326307504602002
2.22333333333333, 11, 1, 0, 19, 0.70959595959596
2.2130364773316, 6, 20, 4, 31, 0.0395255744388036
2.19438804428225, 12, 2, 0, 3, 0.00795454545454546
2.19372727272727, 12, 4, 0, 4, 0.0126262626262626
2.19285766301606, 9, 54, 3, 2, 0.400252525252525
2.19248764724758, 11, 3, 0, 4, 0.0126262626262626
2.18673708137445, 10, 7, 1, 26, 0.943693693693694
2.185, 10, 1, 0, 11, 0.103535353535354
2.185, 10, 1, 0, 11, 0.103535353535354
2.18454908104623, 6, 3, 3, 3, 0.800505050505051
2.18366666666667, 10, 1, 1, 9, 0.227477477477477
2.1825, 11, 1, 0, 8, 0.0467171717171717
2.17999999999999, 9, 1, 0, 16, 0.351010101010101
2.17752365227075, 8, 5, 2, 2, 0.181818181818182
2.17493323965259, 7, 11, 2, 5, 0.863636363636364
2.16999999999999, 11, 1, 0, 10, 0.0808080808080808
2.1695173543948, 13, 3, 0, 8, 0.0467171717171717
2.15100000000001, 12, 1, 4, 29, 0.0366148142052202
2.151, 12, 1, 4, 29, 0.0366148142052202
2.15005240246216, 11, 3, 3, 3, 0.800505050505051
2.1448095238095, 14, 4, 4, 60, 0.0833233322906506
2.13999999999999, 14, 1, 0, 14, 0.217171717171717
2.1382744569707, 13, 3, 0, 5, 0.0184343434343434
2.12301739983447, 12, 2, 2, 5, 0.863636363636364
2.11667364185473, 9, 2, 0, 12, 0.132575757575758
2.10338325570268, 7, 3, 2, 1, 0.0454545454545454
2.09892247487995, 9, 5, 4, 53, 0.0751545691169847
2.09775011752009, 9, 2, 0, 3, 0.00795454545454546
2.09500000000001, 10, 1, 0, 15, 0.275252525252525
2.095, 10, 1, 0, 15, 0.275252525252525
2.08666666666667, 9, 1, 0, 5, 0.0184343434343434
2.0808209722048, 13, 5, 0, 2, 0.00416666666666667
2.08077037015942, 10, 3, 4, 83, 0.284343083536879
2.07000000000001, 10, 1, 2, 4, 0.590909090909091
2.06344986208375, 14, 3, 0, 8, 0.0467171717171717
2.06275000000001, 9, 1, 1, 12, 0.313063063063063
2.06, 10, 1, 0, 9, 0.0618686868686869
2.06, 18, 1, 0, 4, 0.0126262626262626
2.05103941129048, 6, 6, 3, 1, 0.0997474747474748
2.04225285934348, 9, 3, 3, 3, 0.800505050505051
2.04180000000002, 10, 4, 4, 14, 0.0167757737040485
2.03475, 10, 1, 4, 30, 0.0378992342401869
2.03333333333333, 14, 1, 0, 13, 0.170454545454545
2.0324477722861, 10, 11, 3, 3, 0.800505050505051
2.02500000000001, 10, 1, 0, 9, 0.0618686868686869
2.02480638580589, 10, 10, 3, 1, 0.0997474747474748
2.02393800554654, 12, 6, 0, 8, 0.0467171717171717
2.02, 9, 1, 0, 10, 0.0808080808080808
2.02, 9, 1, 0, 10, 0.0808080808080808
2.01639581514476, 12, 3, 0, 5, 0.0184343434343434
2.015, 9, 1, 0, 10, 0.0808080808080808
2.015, 9, 1, 0, 10, 0.0808080808080808
2.01033333333334, 12, 1, 0, 7, 0.0353535353535354
2.00251393338957, 11, 13, 2, 4, 0.590909090909091
2.00207142857138, 9, 4, 1, 6, 0.164414414414414
1.99738888888888, 10, 4, 3, 3, 0.800505050505051
1.99484924498171, 8, 2, 3, 2, 0.400252525252525
1.99371428571429, 10, 1, 4, 37, 0.0486682110506046
1.98999999999999, 12, 1, 0, 3, 0.00795454545454546
1.989, 17, 1, 4, 75, 0.204510284651682
1.989, 17, 1, 4, 75, 0.204510284651682
1.98779803974947, 8, 6, 2, 2, 0.181818181818182
1.98700000000002, 14, 4, 1, 6, 0.164414414414414
1.98699999999997, 14, 4, 1, 6, 0.164414414414414
1.983, 12, 4, 0, 11, 0.103535353535354
1.97500000000001, 10, 1, 0, 5, 0.0184343434343434
1.97499999999999, 10, 1, 0, 5, 0.0184343434343434
1.96866666666666, 14, 1, 0, 2, 0.00416666666666667
1.9675, 10, 1, 4, 82, 0.274718983341981
1.9675, 10, 1, 4, 82, 0.274718983341981
1.96673613930968, 10, 6, 1, 18, 0.475225225225225
1.94873324239106, 9, 5, 3, 2, 0.400252525252525
1.94399999999996, 8, 4, 0, 5, 0.0184343434343434
1.94118028828241, 7, 11, 0, 17, 0.444444444444444
1.93982960305508, 11, 2, 0, 8, 0.0467171717171717
1.937, 11, 1, 4, 37, 0.0486682110506046
1.937, 11, 1, 4, 37, 0.0486682110506046
1.93485628536073, 8, 8, 4, 61, 0.084023548930301
1.92999999999999, 11, 1, 0, 19, 0.70959595959596
1.92852083333338, 10, 9, 1, 26, 0.943693693693694
1.91999999999999, 9, 1, 0, 18, 0.558080808080808
1.91696648379674, 9, 2, 4, 97, 0.601622068566827
1.91696648379674, 9, 2, 4, 97, 0.601622068566827
1.91360709782285, 10, 15, 3, 2, 0.400252525252525
1.91343094989081, 13, 2, 0, 9, 0.0618686868686869
1.91343094989079, 13, 2, 0, 9, 0.0618686868686869
1.91066666666666, 16, 1, 4, 17, 0.0191899869089483
1.90666666666667, 11, 1, 3, 2, 0.400252525252525
1.90381429766666, 10, 2, 3, 1, 0.0997474747474748
1.89833333333331, 18, 1, 0, 7, 0.0353535353535354
1.88090403795621, 13, 2, 0, 2, 0.00416666666666667
1.87885714285721, 13, 4, 0, 8, 0.0467171717171717
1.87666666666664, 9, 4, 0, 9, 0.0618686868686869
1.87380248622858, 12, 7, 0, 8, 0.0467171717171717
1.87359726788395, 8, 2, 0, 15, 0.275252525252525
1.868, 10, 1, 0, 18, 0.558080808080808
1.86333333333334, 18, 1, 0, 4, 0.0126262626262626
1.86322636842659, 11, 2, 4, 45, 0.0660434784542375
1.86322636842655, 11, 2, 4, 45, 0.0660434784542375
1.86025651994556, 15, 2, 0, 15, 0.275252525252525
1.85999999999999, 10, 1, 0, 15, 0.275252525252525
1.85749999999999, 14, 1, 1, 16, 0.414414414414414
1.8475, 13, 1, 0, 10, 0.0808080808080808
1.84540727754064, 9, 2, 0, 15, 0.275252525252525
1.84355157830615, 9, 3, 2, 4, 0.590909090909091
1.84199999999998, 14, 1, 0, 7, 0.0353535353535354
1.84166666666667, 11, 1, 3, 3, 0.800505050505051
1.83719999999994, 10, 4, 3, 2, 0.400252525252525
1.83494209717911, 16, 2, 0, 6, 0.026010101010101
1.83494209717907, 16, 2, 0, 6, 0.026010101010101
1.83133333333333, 9, 1, 3, 1, 0.0997474747474748
1.82009672362031, 14, 3, 0, 9, 0.0618686868686869
1.81836467281269, 10, 12, 0, 8, 0.0467171717171717
1.81, 14, 1, 0, 4, 0.0126262626262626
1.80854971823648, 7, 3, 0, 8, 0.0467171717171717
1.79650000000001, 10, 1, 4, 88, 0.375097158937352
1.79566666666665, 14, 1, 0, 6, 0.026010101010101
1.79000000000001, 10, 1, 0, 15, 0.275252525252525
1.79000000000001, 10, 1, 0, 15, 0.275252525252525
1.78803734736037, 9, 2, 0, 19, 0.70959595959596
1.78689908314189, 14, 3, 4, 66, 0.0931101613156405
1.78689908314184, 14, 3, 4, 66, 0.0931101613156405
1.78651893322339, 10, 5, 3, 3, 0.800505050505051
1.78333333333333, 13, 1, 0, 2, 0.00416666666666667
1.7775, 14, 1, 0, 15, 0.275252525252525
1.76947512619479, 10, 5, 0, 8, 0.0467171717171717
1.76864285714285, 9, 4, 3, 3, 0.800505050505051
1.76462864540216, 10, 44, 4, 54, 0.0761223229857679
1.76000000000001, 9, 1, 0, 19, 0.70959595959596
1.75999999999999, 9, 1, 0, 19, 0.70959595959596
1.75582470510632, 13, 2, 4, 36, 0.0468471651172549
1.754, 11, 1, 1, 1, 0.0337837837837838
1.75399999999999, 11, 1, 1, 1, 0.0337837837837838
1.7363809345878, 9, 3, 0, 5, 0.0184343434343434
1.73407153351103, 8, 3, 0, 13, 0.170454545454545
1.73343644821495, 12, 3, 2, 5, 0.863636363636364
1.73080000000002, 12, 1, 0, 8, 0.0467171717171717
1.72743200541535, 13, 3, 1, 9, 0.227477477477477
1.72100000000003, 7, 4, 0, 1, 0.00126262626262626
1.72087224561106, 12, 7, 3, 2, 0.400252525252525
1.70884138786748, 15, 2, 0, 2, 0.00416666666666667
1.70640651441676, 8, 7, 2, 1, 0.0454545454545454
1.70500000000001, 10, 1, 0, 13, 0.170454545454545
1.70499999999998, 10, 1, 0, 13, 0.170454545454545
1.70350047291586, 14, 5, 3, 1, 0.0997474747474748
1.7011282051282, 10, 9, 0, 9, 0.0618686868686869
1.70049079349921, 10, 2, 3, 2, 0.400252525252525
1.70000000000002, 15, 1, 0, 10, 0.0808080808080808
1.7, 9, 1, 0, 9, 0.0618686868686869
1.69281363416056, 10, 2, 0, 9, 0.0618686868686869
1.69250000000001, 4, 1, 0, 13, 0.170454545454545
1.69000000000001, 8, 1, 0, 18, 0.558080808080808
1.69, 8, 1, 0, 18, 0.558080808080808
1.68033671917147, 8, 3, 4, 36, 0.0468471651172549
1.67480000000002, 13, 1, 3, 2, 0.400252525252525
1.66462223874547, 9, 7, 1, 4, 0.128378378378378
1.66258333333339, 7, 9, 4, 89, 0.391602757964068
1.65830194512468, 12, 7, 0, 4, 0.0126262626262626
1.6575726228434, 12, 3, 3, 2, 0.400252525252525
1.65433333333333, 12, 1, 4, 35, 0.0452335812040479
1.65410852122825, 18, 3, 0, 8, 0.0467171717171717
1.64925000000002, 9, 4, 4, 41, 0.0589841673467433
1.64925000000002, 9, 4, 4, 41, 0.0589841673467433
1.643, 14, 1, 2, 5, 0.863636363636364
1.643, 14, 1, 2, 5, 0.863636363636364
1.64256151584447, 10, 3, 0, 15, 0.275252525252525
1.63695390070924, 10, 36, 4, 51, 0.0718603446010522
1.63523651194564, 7, 5, 4, 100, 0.705914182813912
1.628, 11, 1, 3, 3, 0.800505050505051
1.62591956203933, 9, 5, 4, 73, 0.179360578437554
1.624, 11, 1, 1, 1, 0.0337837837837838
1.62163155152116, 8, 2, 0, 12, 0.132575757575758
1.6116377756804, 7, 2, 3, 1, 0.0997474747474748
1.60693075637448, 11, 3, 3, 2, 0.400252525252525
1.60666666666667, 13, 1, 4, 50, 0.0708643200456854
1.60583221804137, 15, 5, 4, 16, 0.0186420699741554
1.605, 11, 1, 0, 15, 0.275252525252525
1.605, 11, 1, 0, 15, 0.275252525252525
1.59708888070053, 11, 7, 0, 12, 0.132575757575758
1.59708888070046, 11, 7, 0, 12, 0.132575757575758
1.590888666752, 8, 3, 0, 12, 0.132575757575758
1.59, 10, 1, 0, 12, 0.132575757575758
1.58999999999999, 10, 1, 0, 12, 0.132575757575758
1.58261437887511, 9, 5, 0, 6, 0.026010101010101
1.58075000000002, 9, 1, 0, 17, 0.444444444444444
1.57875000000001, 9, 1, 3, 3, 0.800505050505051
1.574, 8, 1, 4, 75, 0.204510284651682
1.57213407683811, 11, 2, 0, 19, 0.70959595959596
1.57000000000001, 17, 1, 0, 5, 0.0184343434343434
1.56999999999999, 17, 1, 0, 5, 0.0184343434343434
1.56333333333333, 11, 1, 1, 17, 0.436936936936937
1.56100000000001, 14, 1, 4, 58, 0.081739484313027
1.56099999999999, 14, 1, 4, 58, 0.081739484313027
1.55969999999999, 8, 4, 4, 90, 0.412079181780135
1.55834771734785, 11, 5, 1, 12, 0.313063063063063
1.55445786476616, 10, 3, 3, 1, 0.0997474747474748
1.547, 8, 1, 0, 12, 0.132575757575758
1.54149278298668, 9, 2, 0, 16, 0.351010101010101
1.541, 18, 1, 4, 75, 0.204510284651682
1.541, 18, 1, 4, 75, 0.204510284651682
1.54018186928558, 13, 21, 4, 67, 0.0942557274601005
1.53795724908075, 7, 2, 0, 13, 0.170454545454545
1.53795724908073, 7, 2, 0, 13, 0.170454545454545
1.53442171517482, 11, 2, 0, 10, 0.0808080808080808
1.529, 10, 1, 4, 2, 0.000339506812356317
1.529, 14, 1, 4, 84, 0.293759463138283
1.529, 14, 1, 4, 84, 0.293759463138283
1.52550000000001, 9, 1, 4, 103, 0.865041948010276
1.52549999999999, 9, 1, 4, 103, 0.865041948010276
1.52000000000001, 10, 1, 0, 2, 0.00416666666666667
1.52, 17, 1, 0, 4, 0.0126262626262626
1.52, 17, 1, 0, 4, 0.0126262626262626
1.51889308818406, 15, 3, 0, 15, 0.275252525252525
1.51600000000001, 8, 1, 1, 7, 0.184684684684685
1.5155, 11, 1, 4, 58, 0.081739484313027
1.5145, 6, 4, 3, 1, 0.0997474747474748
1.5145, 6, 4, 3, 1, 0.0997474747474748
1.51320851173922, 14, 2, 0, 14, 0.217171717171717
1.51179429817686, 17, 2, 0, 10, 0.0808080808080808
1.51000000000002, 15, 1, 0, 6, 0.026010101010101
1.50999999999999, 15, 1, 0, 6, 0.026010101010101
1.5069859720648, 11, 8, 0, 6, 0.026010101010101
1.50676873253109, 9, 3, 0, 15, 0.275252525252525
1.50260191002143, 8, 2, 3, 3, 0.800505050505051
1.50260191002141, 8, 2, 3, 3, 0.800505050505051
1.49600000000004, 13, 4, 1, 9, 0.227477477477477
1.49331647125897, 11, 3, 2, 5, 0.863636363636364
1.48956369450926, 8, 3, 0, 12, 0.132575757575758
1.48492424049185, 10, 8, 4, 79, 0.228732574440079
1.48333333333332, 9, 4, 0, 3, 0.00795454545454546
1.48242554572654, 8, 3, 3, 3, 0.800505050505051
1.48176771308986, 11, 5, 0, 7, 0.0353535353535354
1.47800000000001, 19, 1, 0, 11, 0.103535353535354
1.47549615007593, 9, 2, 0, 5, 0.0184343434343434
1.47523733420762, 16, 7, 0, 2, 0.00416666666666667
1.474, 12, 1, 4, 43, 0.0622011646212767
1.47339788697195, 11, 3, 2, 5, 0.863636363636364
1.47339788697193, 11, 3, 2, 5, 0.863636363636364
1.47078210486805, 12, 2, 2, 4, 0.590909090909091
1.47078210486801, 12, 2, 2, 4, 0.590909090909091
1.46956992181455, 17, 2, 0, 5, 0.0184343434343434
1.46795367774329, 13, 2, 0, 6, 0.026010101010101
1.46502630806867, 12, 3, 0, 2, 0.00416666666666667
1.46484240790608, 14, 2, 4, 58, 0.081739484313027
1.46371103705615, 10, 2, 2, 4, 0.590909090909091
1.46333333333334, 13, 1, 0, 15, 0.275252525252525
1.46000000000001, 15, 1, 0, 9, 0.0618686868686869
1.45999999999998, 15, 1, 0, 9, 0.0618686868686869
1.45663996924429, 18, 2, 0, 4, 0.0126262626262626
1.45663996924427, 10, 2, 0, 9, 0.0618686868686869
1.45521428571431, 8, 4, 4, 36, 0.0468471651172549
1.44018181818177, 9, 4, 3, 3, 0.800505050505051
1.43778378841265, 14, 2, 0, 13, 0.170454545454545
1.43666666666667, 18, 1, 0, 7, 0.0353535353535354
1.43182886159236, 13, 5, 0, 6, 0.026010101010101
1.43091666666665, 9, 9, 4, 22, 0.0286232599694077
1.42999999999998, 17, 1, 0, 7, 0.0353535353535354
1.42800891213078, 9, 5, 2, 4, 0.590909090909091
1.42152033244534, 12, 2, 0, 7, 0.0353535353535354
1.41774909627902, 7, 2, 0, 9, 0.0618686868686869
1.41774909627902, 7, 2, 0, 9, 0.0618686868686869
1.41173868863896, 10, 2, 4, 38, 0.0506681897441603
1.41173868863892, 10, 2, 4, 38, 0.0506681897441603
1.41066963413355, 9, 15, 4, 37, 0.0486682110506046
1.41, 10, 1, 0, 8, 0.0467171717171717
1.4071424945612, 12, 2, 0, 3, 0.00795454545454546
1.40666666666669, 12, 1, 0, 7, 0.0353535353535354
1.40350000000001, 9, 1, 3, 2, 0.400252525252525
1.40349999999999, 9, 1, 3, 2, 0.400252525252525
1.40296115413079, 13, 3, 0, 7, 0.0353535353535354
1.39512167928107, 13, 2, 4, 69, 0.110861739138859
1.39512167928103, 13, 2, 4, 69, 0.110861739138859
1.39333333333335, 8, 1, 0, 10, 0.0808080808080808
1.39272288643808, 9, 10, 1, 4, 0.128378378378378
1.39205754989592, 14, 2, 0, 2, 0.00416666666666667
1.39164285714287, 11, 4, 3, 2, 0.400252525252525
1.39, 15, 1, 0, 8, 0.0467171717171717
1.38999999999999, 15, 1, 0, 8, 0.0467171717171717
1.38659999999996, 9, 4, 4, 9, 0.0079337803296631
1.38333333333334, 13, 1, 0, 8, 0.0467171717171717
1.38217654444002, 10, 3, 0, 9, 0.0618686868686869
1.37, 8, 1, 0, 10, 0.0808080808080808
1.36947483851782, 14, 3, 0, 14, 0.217171717171717
1.36679999999998, 18, 1, 0, 3, 0.00795454545454546
1.36666666666667, 14, 1, 0, 14, 0.217171717171717
1.36600000000001, 8, 1, 0, 2, 0.00416666666666667
1.36471608769004, 11, 2, 0, 19, 0.70959595959596
1.35866666666668, 11, 1, 4, 55, 0.0776266165618163
1.35764501987818, 9, 2, 0, 18, 0.558080808080808
1.35424999999999, 11, 1, 0, 2, 0.00416666666666667
1.35199999999999, 13, 1, 2, 4, 0.590909090909091
1.35104535658709, 16, 2, 4, 17, 0.0191899869089483
1.34984492936536, 7, 3, 3, 2, 0.400252525252525
1.34984492936533, 7, 3, 3, 2, 0.400252525252525
1.34821692946235, 11, 2, 3, 2, 0.400252525252525
1.34250433308566, 12, 3, 2, 5, 0.863636363636364
1.34199999999998, 14, 1, 0, 7, 0.0353535353535354
1.34, 4, 4, 0, 8, 0.0467171717171717
1.33870195430083, 9, 5, 0, 12, 0.132575757575758
1.33533333333331, 12, 1, 2, 5, 0.863636363636364
1.33500000000001, 11, 1, 0, 19, 0.70959595959596
1.33499999999999, 11, 1, 0, 19, 0.70959595959596
1.32850000000001, 10, 1, 4, 93, 0.471038215796977
1.32849999999999, 10, 1, 4, 93, 0.471038215796977
1.32600000000001, 9, 1, 0, 15, 0.275252525252525
1.325, 8, 1, 0, 13, 0.170454545454545
1.325, 8, 1, 0, 13, 0.170454545454545
1.32433333333334, 12, 1, 4, 70, 0.136274845408473
1.32087546725647, 10, 2, 0, 18, 0.558080808080808
1.31999999999999, 11, 1, 0, 4, 0.0126262626262626
1.31999999999999, 11, 1, 0, 4, 0.0126262626262626
1.31757563561094, 18, 2, 0, 4, 0.0126262626262626
1.31589673353699, 7, 3, 3, 1, 0.0997474747474748
1.315, 17, 1, 0, 4, 0.0126262626262626
1.315, 17, 1, 0, 4, 0.0126262626262626
1.31413715037659, 13, 5, 4, 72, 0.171932627919944
1.31239018588219, 16, 2, 0, 3, 0.00795454545454546
1.3082857142857, 14, 1, 3, 2, 0.400252525252525
1.30225498868521, 11, 2, 3, 3, 0.800505050505051
1.30199999999996, 16, 4, 0, 7, 0.0353535353535354
1.30000000000001, 10, 4, 0, 6, 0.026010101010101
1.29494821861294, 9, 2, 3, 1, 0.0997474747474748
1.29400540957139, 13, 2, 0, 14, 0.217171717171717
1.29400540957139, 13, 2, 0, 14, 0.217171717171717
1.29350000000001, 11, 1, 4, 56, 0.078725036164931
1.29349999999999, 11, 1, 4, 56, 0.078725036164931
1.291, 10, 4, 0, 20, 0.898989898989899
1.28999999999999, 11, 1, 0, 14, 0.217171717171717
1.28999999999999, 11, 1, 0, 14, 0.217171717171717
1.28500000000001, 11, 1, 0, 16, 0.351010101010101
1.285, 11, 1, 0, 16, 0.351010101010101
1.28395023268042, 12, 5, 3, 2, 0.400252525252525
1.28, 11, 1, 0, 2, 0.00416666666666667
1.28, 11, 1, 0, 2, 0.00416666666666667
1.28, 14, 1, 0, 4, 0.0126262626262626
1.27999999999999, 14, 1, 0, 4, 0.0126262626262626
1.27986327394763, 14, 2, 0, 4, 0.0126262626262626
1.27333333333333, 13, 1, 0, 5, 0.0184343434343434
1.27255601037382, 9, 15, 1, 12, 0.313063063063063
1.26972807675063, 14, 2, 0, 6, 0.026010101010101
1.26733333333333, 9, 1, 1, 24, 0.743243243243243
1.26333333333332, 12, 1, 0, 5, 0.0184343434343434
1.26165344056188, 8, 5, 3, 2, 0.400252525252525
1.26100709311601, 13, 2, 0, 2, 0.00416666666666667
1.26026631458335, 13, 2, 0, 1, 0.00126262626262626
1.26006696250634, 11, 3, 0, 8, 0.0467171717171717
1.2569, 9, 4, 4, 37, 0.0486682110506046
1.25533333333333, 8, 1, 3, 3, 0.800505050505051
1.25170000000003, 8, 4, 0, 18, 0.558080808080808
1.24799999999999, 11, 1, 0, 13, 0.170454545454545
1.245, 14, 1, 0, 8, 0.0467171717171717
1.245, 14, 1, 0, 8, 0.0467171717171717
1.245, 12, 1, 0, 9, 0.0618686868686869
1.24499999999999, 12, 1, 0, 9, 0.0618686868686869
1.24333333333333, 11, 1, 0, 2, 0.00416666666666667
1.24303512956533, 17, 3, 4, 78, 0.219710950157435
1.24303512956523, 17, 3, 4, 78, 0.219710950157435
1.24215091228436, 11, 2, 2, 5, 0.863636363636364
1.24133333333343, 11, 9, 3, 3, 0.800505050505051
1.23749999999998, 9, 1, 0, 4, 0.0126262626262626
1.2353371259761, 11, 3, 2, 5, 0.863636363636364
1.235, 10, 1, 0, 6, 0.026010101010101
1.2346084399517, 14, 2, 1, 3, 0.105855855855856
1.23437487552739, 17, 3, 0, 10, 0.0808080808080808
1.23430270674378, 7, 3, 3, 3, 0.800505050505051
1.23229706240015, 8, 5, 0, 12, 0.132575757575758
1.22199999999999, 13, 1, 4, 65, 0.0928774452980315
1.22, 11, 1, 0, 13, 0.170454545454545
1.22, 11, 1, 0, 13, 0.170454545454545
1.21000000000001, 12, 1, 0, 6, 0.026010101010101
1.21000000000001, 12, 1, 0, 6, 0.026010101010101
1.21000000000001, 16, 1, 0, 5, 0.0184343434343434
1.20999999999998, 16, 1, 0, 5, 0.0184343434343434
1.20868278854849, 12, 3, 1, 26, 0.943693693693694
1.20868278854849, 12, 3, 1, 26, 0.943693693693694
1.2075, 8, 1, 0, 3, 0.00795454545454546
1.20633333333332, 12, 1, 4, 30, 0.0378992342401869
1.20500000000001, 12, 1, 0, 6, 0.026010101010101
1.205, 12, 1, 0, 6, 0.026010101010101
1.20208152801712, 15, 2, 0, 10, 0.0808080808080808
1.2, 14, 1, 0, 4, 0.0126262626262626
1.19999999999999, 10, 1, 0, 3, 0.00795454545454546
1.19999999999999, 14, 1, 0, 4, 0.0126262626262626
1.19603881765321, 14, 3, 4, 58, 0.081739484313027
1.19499999999999, 14, 1, 0, 13, 0.170454545454545
1.19499999999999, 14, 1, 0, 13, 0.170454545454545
1.19092926777088, 9, 3, 1, 12, 0.313063063063063
1.18999999999998, 12, 1, 0, 12, 0.132575757575758
1.18000000000001, 11, 1, 0, 3, 0.00795454545454546
1.17999999999998, 11, 1, 0, 3, 0.00795454545454546
1.17960000000001, 9, 1, 3, 3, 0.800505050505051
1.17521147033207, 11, 2, 2, 4, 0.590909090909091
1.17500000000001, 13, 1, 0, 15, 0.275252525252525
1.17499999999998, 13, 1, 0, 15, 0.275252525252525
1.1747634602336, 10, 3, 4, 30, 0.0378992342401869
1.17452459987614, 12, 7, 0, 8, 0.0467171717171717
1.17400000000001, 11, 1, 4, 37, 0.0486682110506046
1.17333333333306, 9, 16, 4, 53, 0.0751545691169847
1.173, 10, 1, 3, 2, 0.400252525252525
1.16979031834293, 12, 2, 4, 35, 0.0452335812040479
1.16913429510899, 10, 3, 0, 9, 0.0618686868686869
1.16500000000001, 10, 1, 0, 5, 0.0184343434343434
1.16499999999999, 10, 1, 0, 5, 0.0184343434343434
1.16499999999999, 12, 1, 0, 8, 0.0467171717171717
1.16264285714286, 12, 4, 2, 5, 0.863636363636364
1.16191786284572, 10, 2, 3, 2, 0.400252525252525
1.16149999999999, 16, 1, 4, 56, 0.078725036164931
1.16149999999999, 16, 1, 4, 56, 0.078725036164931
1.16, 15, 1, 0, 11, 0.103535353535354
1.16, 15, 1, 0, 11, 0.103535353535354
1.1566, 8, 4, 0, 15, 0.275252525252525
1.1525, 15, 1, 0, 3, 0.00795454545454546
1.15116983977171, 11, 2, 3, 3, 0.800505050505051
1.15100000000001, 14, 1, 4, 29, 0.0366148142052202
1.151, 14, 1, 4, 29, 0.0366148142052202
1.15066666666667, 12, 1, 1, 1, 0.0337837837837838
1.14933333333333, 13, 1, 4, 40, 0.0550596271875607
1.14716290134499, 11, 2, 3, 2, 0.400252525252525
1.14666666666668, 15, 1, 0, 10, 0.0808080808080808
1.14500000000001, 16, 1, 0, 3, 0.00795454545454546
1.145, 16, 1, 0, 3, 0.00795454545454546
1.1435989751719, 10, 42, 3, 2, 0.400252525252525
1.1425, 11, 1, 4, 92, 0.455244555401909
1.1425, 11, 1, 4, 92, 0.455244555401909
1.14, 12, 1, 0, 3, 0.00795454545454546
1.14, 12, 1, 0, 3, 0.00795454545454546
1.13999999999999, 13, 1, 0, 10, 0.0808080808080808
1.13800000000001, 11, 1, 3, 3, 0.800505050505051
1.13799999999999, 11, 1, 3, 3, 0.800505050505051
1.13743176516577, 7, 2, 4, 82, 0.274718983341981
1.13608489510638, 13, 2, 4, 50, 0.0708643200456854
1.13493024748962, 10, 6, 4, 71, 0.160308462840372
1.12819999999999, 13, 4, 2, 1, 0.0454545454545454
1.12333333333333, 11, 1, 0, 12, 0.132575757575758
1.12175000000001, 10, 1, 4, 41, 0.0589841673467433
1.12, 12, 1, 0, 5, 0.0184343434343434
1.12, 12, 1, 0, 5, 0.0184343434343434
1.1195, 12, 1, 2, 5, 0.863636363636364
1.11722871427473, 14, 2, 0, 2, 0.00416666666666667
1.11722871427473, 14, 2, 0, 2, 0.00416666666666667
1.11298607358763, 8, 2, 4, 75, 0.204510284651682
1.11249999999998, 15, 1, 0, 13, 0.170454545454545
1.11000000000001, 11, 1, 0, 7, 0.0353535353535354
1.11, 13, 1, 4, 48, 0.067745494454136
1.10999999999999, 10, 1, 0, 9, 0.0618686868686869
1.10999999999999, 11, 1, 0, 7, 0.0353535353535354
1.10544360125497, 11, 2, 1, 17, 0.436936936936937
1.09999999999999, 15, 1, 0, 7, 0.0353535353535354
1.09999999999999, 15, 1, 0, 7, 0.0353535353535354
1.08867512389309, 9, 7, 3, 3, 0.800505050505051
1.0885, 9, 1, 4, 68, 0.0971476980300399
1.0885, 9, 1, 4, 68, 0.0971476980300399
1.08825, 10, 1, 4, 48, 0.067745494454136
1.08541850607654, 11, 3, 2, 1, 0.0454545454545454
1.08540890912137, 15, 2, 0, 7, 0.0353535353535354
1.08540890912133, 15, 2, 0, 7, 0.0353535353535354
1.08500000000001, 9, 1, 0, 12, 0.132575757575758
1.08500000000001, 12, 1, 0, 14, 0.217171717171717
1.08499999999999, 9, 1, 0, 12, 0.132575757575758
1.08499999999999, 12, 1, 0, 14, 0.217171717171717
1.08116626843423, 10, 2, 4, 2, 0.000339506812356317
1.08000000000001, 10, 1, 0, 12, 0.132575757575758
1.08, 10, 1, 0, 12, 0.132575757575758
1.07548480952082, 10, 5, 3, 2, 0.400252525252525
1.075, 9, 1, 0, 15, 0.275252525252525
1.075, 9, 1, 0, 15, 0.275252525252525
1.075, 16, 1, 0, 4, 0.0126262626262626
1.075, 16, 1, 0, 4, 0.0126262626262626
1.07480230740354, 10, 2, 0, 2, 0.00416666666666667
1.07387150069276, 10, 3, 0, 15, 0.275252525252525
1.07242812501976, 14, 3, 1, 16, 0.414414414414414
1.0719738802788, 8, 2, 1, 7, 0.184684684684685
1.07066666666667, 10, 1, 4, 87, 0.357350407816721
1.0676, 11, 1, 4, 37, 0.0486682110506046
1.0666546223278, 13, 3, 0, 10, 0.0808080808080808
1.05550000000001, 7, 1, 4, 28, 0.0358931359772792
1.0555, 7, 1, 4, 28, 0.0358931359772792
1.05368338487212, 11, 2, 4, 59, 0.0828015312645006
1.05000000000001, 13, 1, 0, 8, 0.0467171717171717
1.04999999999998, 13, 1, 0, 8, 0.0467171717171717
1.04933333333332, 10, 1, 1, 2, 0.0788288288288288
1.04397245174383, 13, 2, 0, 7, 0.0353535353535354
1.04333333333334, 10, 1, 4, 79, 0.228732574440079
1.04227539546894, 12, 2, 4, 43, 0.0622011646212767
1.04038543688203, 14, 17, 4, 60, 0.0833233322906506
1.03720975859916, 10, 3, 4, 88, 0.375097158937352
1.035, 14, 1, 0, 8, 0.0467171717171717
1.035, 14, 1, 0, 8, 0.0467171717171717
1.0347329231363, 13, 2, 0, 15, 0.275252525252525
1.02624010348456, 14, 3, 0, 15, 0.275252525252525
1.01633333333332, 15, 1, 0, 15, 0.275252525252525
1.01587674230467, 18, 2, 0, 7, 0.0353535353535354
1.01368050522176, 11, 6, 4, 88, 0.375097158937352
1.01200000000001, 9, 1, 3, 1, 0.0997474747474748
1.01116269709677, 17, 2, 0, 7, 0.0353535353535354
1.01000000000001, 10, 1, 0, 18, 0.558080808080808
1.01000000000001, 10, 1, 0, 18, 0.558080808080808
1.00999999999999, 12, 1, 0, 7, 0.0353535353535354
1.00999999999999, 12, 1, 0, 7, 0.0353535353535354
1.00500000000001, 11, 1, 0, 3, 0.00795454545454546
1.005, 15, 1, 0, 7, 0.0353535353535354
1.005, 15, 1, 0, 7, 0.0353535353535354
1.005, 10, 1, 0, 8, 0.0467171717171717
1.005, 11, 1, 0, 3, 0.00795454545454546
1.00055609537898, 12, 2, 0, 5, 0.0184343434343434
1.00055609537894, 12, 2, 0, 5, 0.0184343434343434
1, 12, 1, 0, 5, 0.0184343434343434
0.998960102163388, 11, 7, 0, 10, 0.0808080808080808
0.99702056147303, 10, 2, 0, 8, 0.0467171717171717
0.995000000000005, 16, 1, 0, 3, 0.00795454545454546
0.995000000000005, 10, 1, 0, 2, 0.00416666666666667
0.995000000000005, 10, 1, 0, 2, 0.00416666666666667
0.99499999999999, 16, 1, 0, 3, 0.00795454545454546
0.994663538869056, 12, 2, 0, 7, 0.0353535353535354
0.990000000000009, 19, 1, 0, 5, 0.0184343434343434
0.990000000000009, 19, 1, 0, 5, 0.0184343434343434
0.98666666666665, 18, 1, 0, 12, 0.132575757575758
0.98666666666665, 13, 1, 0, 4, 0.0126262626262626
0.985235448453244, 8, 2, 0, 10, 0.0808080808080808
0.981495457622333, 9, 3, 0, 9, 0.0618686868686869
0.981139766035311, 11, 10, 1, 3, 0.105855855855856
0.978164380641365, 13, 2, 0, 8, 0.0467171717171717
0.977165330603439, 4, 3, 0, 13, 0.170454545454545
0.976565421373415, 10, 5, 1, 9, 0.227477477477477
0.969399999999979, 11, 1, 0, 13, 0.170454545454545
0.968736290225573, 8, 2, 0, 10, 0.0808080808080808
0.9663792676216, 14, 2, 0, 14, 0.217171717171717
0.965907863100834, 8, 2, 0, 2, 0.00416666666666667
0.963786542757264, 9, 2, 3, 1, 0.0997474747474748
0.963786542757264, 9, 2, 3, 1, 0.0997474747474748
0.960722413372101, 11, 2, 4, 55, 0.0776266165618163
0.960000000000008, 12, 1, 0, 4, 0.0126262626262626
0.960000000000008, 12, 1, 0, 4, 0.0126262626262626
0.959000000000003, 10, 4, 0, 7, 0.0353535353535354
0.958333333333329, 12, 1, 3, 1, 0.0997474747474748
0.956086765479483, 7, 5, 3, 3, 0.800505050505051
0.956008368164215, 13, 2, 2, 4, 0.590909090909091
0.955000000000013, 13, 1, 0, 4, 0.0126262626262626
0.954999999999998, 9, 1, 0, 12, 0.132575757575758
0.954999999999998, 9, 1, 0, 12, 0.132575757575758
0.954999999999984, 13, 1, 0, 4, 0.0126262626262626
0.951999999999998, 11, 1, 4, 56, 0.078725036164931
0.950000000000003, 10, 1, 0, 12, 0.132575757575758
0.949999999999989, 10, 1, 0, 12, 0.132575757575758
0.948701962332381, 10, 3, 3, 2, 0.400252525252525
0.945000000000007, 8, 1, 0, 2, 0.00416666666666667
0.945000000000007, 8, 1, 0, 15, 0.275252525252525
0.945000000000007, 11, 1, 4, 20, 0.0246350245742943
0.944999999999993, 8, 1, 0, 2, 0.00416666666666667
0.944999999999993, 8, 1, 0, 15, 0.275252525252525
0.944999999999993, 11, 1, 4, 20, 0.0246350245742943
0.94422325514445, 12, 2, 2, 5, 0.863636363636364
0.940661588497201, 7, 15, 2, 1, 0.0454545454545454
0.939999999999998, 12, 1, 0, 9, 0.0618686868686869
0.93852778253448, 13, 7, 4, 36, 0.0468471651172549
0.938000000000002, 9, 1, 4, 60, 0.0833233322906506
0.938000000000002, 9, 1, 4, 60, 0.0833233322906506
0.937616837163917, 11, 3, 1, 1, 0.0337837837837838
0.936445080551381, 12, 2, 4, 70, 0.136274845408473
0.935000000000002, 17, 1, 0, 5, 0.0184343434343434
0.935000000000002, 17, 1, 0, 5, 0.0184343434343434
0.935000000000002, 13, 1, 0, 12, 0.132575757575758
0.934999999999988, 13, 1, 0, 12, 0.132575757575758
0.934966666666682, 12, 9, 2, 4, 0.590909090909091
0.933333333333337, 13, 1, 0, 14, 0.217171717171717
0.931666666666672, 10, 1, 0, 16, 0.351010101010101
0.931666666666615, 13, 4, 4, 24, 0.0306244453386102
0.930666666666667, 13, 1, 4, 60, 0.0833233322906506
0.92943762676188, 17, 5, 0, 5, 0.0184343434343434
0.92712766335963, 15, 15, 4, 16, 0.0186420699741554
0.924999999999997, 10, 1, 4, 78, 0.219710950157435
0.924999999999997, 10, 1, 4, 78, 0.219710950157435
0.921171442602678, 13, 6, 2, 1, 0.0454545454545454
0.921000000000049, 14, 4, 0, 7, 0.0353535353535354
0.912646438021498, 9, 3, 0, 17, 0.444444444444444
0.91149173748308, 9, 3, 3, 3, 0.800505050505051
0.908500000000004, 12, 1, 4, 56, 0.078725036164931
0.908499999999989, 12, 1, 4, 56, 0.078725036164931
0.907796542174167, 8, 8, 3, 3, 0.800505050505051
0.905999999999992, 9, 1, 3, 2, 0.400252525252525
0.90424815178137, 12, 2, 2, 4, 0.590909090909091
0.902999999999992, 12, 1, 1, 4, 0.128378378378378
0.900382634710876, 13, 2, 0, 5, 0.0184343434343434
0.900000000000006, 15, 1, 0, 13, 0.170454545454545
0.899999999999991, 15, 1, 0, 13, 0.170454545454545
0.89824999999999, 9, 1, 4, 56, 0.078725036164931
0.896139994023736, 9, 2, 1, 24, 0.743243243243243
0.89500000000001, 19, 1, 0, 5, 0.0184343434343434
0.894999999999982, 19, 1, 0, 5, 0.0184343434343434
0.894666666666666, 11, 1, 1, 6, 0.164414414414414
0.893311566898996, 12, 2, 0, 5, 0.0184343434343434
0.893217285994835, 11, 2, 1, 3, 0.105855855855856
0.893160866436341, 8, 3, 0, 12, 0.132575757575758
0.89266666666667, 11, 1, 3, 1, 0.0997474747474748
0.890000000000015, 13, 1, 0, 14, 0.217171717171717
0.890000000000015, 9, 1, 0, 13, 0.170454545454545
0.890000000000001, 17, 1, 0, 14, 0.217171717171717
0.890000000000001, 17, 1, 0, 14, 0.217171717171717
0.890000000000001, 9, 1, 0, 16, 0.351010101010101
0.890000000000001, 9, 1, 0, 16, 0.351010101010101
0.889999999999986, 11, 1, 0, 6, 0.026010101010101
0.887654712649517, 8, 2, 3, 3, 0.800505050505051
0.887333333333345, 14, 1, 0, 6, 0.026010101010101
0.88600000000001, 12, 1, 2, 5, 0.863636363636364
0.885999999999996, 9, 1, 3, 2, 0.400252525252525
0.885999999999996, 9, 1, 3, 2, 0.400252525252525
0.885999999999996, 12, 1, 2, 5, 0.863636363636364
0.879999999999995, 15, 1, 0, 7, 0.0353535353535354
0.879999999999995, 15, 1, 0, 7, 0.0353535353535354
0.879999999999995, 10, 1, 0, 17, 0.444444444444444
0.879999999999995, 10, 1, 0, 17, 0.444444444444444
0.879169431275278, 11, 2, 0, 2, 0.00416666666666667
0.879113189526783, 10, 10, 4, 71, 0.160308462840372
0.87858017562429, 11, 2, 0, 14, 0.217171717171717
0.87858017562427, 11, 2, 0, 14, 0.217171717171717
0.87833333333333, 11, 4, 2, 5, 0.863636363636364
0.876199999999997, 10, 1, 3, 3, 0.800505050505051
0.875, 17, 1, 0, 8, 0.0467171717171717
0.874974332956855, 11, 3, 4, 58, 0.081739484313027
0.873515258829169, 11, 6, 2, 5, 0.863636363636364
0.873000000000047, 14, 4, 1, 3, 0.105855855855856
0.871509107812411, 11, 2, 0, 14, 0.217171717171717
0.871509107812411, 11, 2, 0, 14, 0.217171717171717
0.870000000000005, 19, 1, 0, 11, 0.103535353535354
0.868994633740271, 9, 3, 4, 14, 0.0167757737040485
0.865399999999966, 12, 4, 0, 8, 0.0467171717171717
0.864999999999995, 10, 1, 0, 8, 0.0467171717171717
0.855599205235728, 12, 2, 0, 7, 0.0353535353535354
0.853999999999999, 14, 1, 3, 1, 0.0997474747474748
0.853999999999957, 7, 4, 3, 2, 0.400252525252525
0.853831438282763, 12, 2, 1, 4, 0.128378378378378
0.853831438282763, 12, 2, 1, 4, 0.128378378378378
0.853006480371392, 12, 2, 4, 30, 0.0378992342401869
0.852399937431505, 13, 3, 0, 7, 0.0353535353535354
0.848960475457449, 18, 5, 0, 7, 0.0353535353535354
0.848528137423849, 10, 2, 0, 3, 0.00795454545454546
0.847523451002989, 13, 6, 0, 6, 0.026010101010101
0.847025214044444, 8, 82, 4, 6, 0.00648491626136443
0.846666666666664, 9, 1, 4, 29, 0.0366148142052202
0.843666666666664, 8, 1, 0, 12, 0.132575757575758
0.842588440461926, 10, 2, 3, 1, 0.0997474747474748
0.84145706961201, 12, 2, 0, 12, 0.132575757575758
0.840761559539868, 11, 5, 2, 1, 0.0454545454545454
0.840000000000003, 15, 1, 3, 1, 0.0997474747474748
0.840000000000003, 15, 1, 3, 1, 0.0997474747474748
0.839999999999989, 5, 1, 0, 7, 0.0353535353535354
0.839467291401745, 12, 3, 1, 2, 0.0788288288288288
0.838345799774766, 8, 2, 0, 17, 0.444444444444444
0.837399999999946, 13, 4, 3, 2, 0.400252525252525
0.835777777777736, 12, 4, 1, 3, 0.105855855855856
0.834386001800131, 12, 2, 1, 6, 0.164414414414414
0.833307999615003, 13, 5, 4, 24, 0.0306244453386102
0.83099999999996, 11, 4, 2, 4, 0.590909090909091
0.830143361113011, 11, 2, 4, 37, 0.0486682110506046
0.8245, 13, 1, 4, 33, 0.042748691282689
0.824499999999986, 13, 1, 4, 33, 0.042748691282689
0.820000000000007, 10, 1, 0, 10, 0.0808080808080808
0.819999999999993, 10, 1, 0, 13, 0.170454545454545
0.819999999999993, 10, 1, 0, 10, 0.0808080808080808
0.819000000000017, 10, 1, 3, 2, 0.400252525252525
0.818999999999988, 10, 1, 3, 2, 0.400252525252525
0.816944034530867, 15, 2, 4, 35, 0.0452335812040479
0.813930448816212, 10, 6, 4, 37, 0.0486682110506046
0.81364420288532, 12, 2, 1, 1, 0.0337837837837838
0.812701393843747, 13, 2, 4, 40, 0.0550596271875607
0.810815775760561, 15, 2, 0, 10, 0.0808080808080808
0.810000000000002, 10, 1, 0, 2, 0.00416666666666667
0.810000000000002, 10, 1, 0, 2, 0.00416666666666667
0.810000000000002, 11, 1, 0, 10, 0.0808080808080808
0.810000000000002, 13, 1, 0, 6, 0.026010101010101
0.810000000000002, 13, 1, 0, 6, 0.026010101010101
0.810000000000002, 14, 1, 0, 9, 0.0618686868686869
0.810000000000002, 14, 1, 0, 9, 0.0618686868686869
0.806101730552695, 13, 2, 0, 10, 0.0808080808080808
0.797062402493883, 13, 5, 0, 1, 0.00126262626262626
0.796666666666653, 12, 1, 0, 6, 0.026010101010101
0.79431661753289, 11, 2, 0, 12, 0.132575757575758
0.793000000000006, 14, 1, 4, 56, 0.078725036164931
0.793000000000006, 14, 1, 4, 56, 0.078725036164931
0.784888527117118, 10, 2, 0, 9, 0.0618686868686869
0.783020221109715, 10, 6, 0, 7, 0.0353535353535354
0.781876602050063, 11, 3, 0, 2, 0.00416666666666667
0.775696138961649, 14, 2, 4, 48, 0.067745494454136
0.775696138961628, 14, 2, 4, 48, 0.067745494454136
0.775000000000006, 12, 1, 0, 13, 0.170454545454545
0.775000000000006, 7, 1, 1, 17, 0.436936936936937
0.774999999999991, 7, 1, 1, 17, 0.436936936936937
0.774999999999977, 12, 1, 0, 13, 0.170454545454545
0.771500000000003, 8, 1, 4, 12, 0.0115508595340253
0.771499999999989, 8, 1, 4, 12, 0.0115508595340253
0.77000000000001, 16, 1, 0, 5, 0.0184343434343434
0.769999999999996, 6, 1, 0, 6, 0.026010101010101
0.765566456945456, 9, 3, 0, 15, 0.275252525252525
0.765000000000001, 8, 1, 0, 14, 0.217171717171717
0.765000000000001, 8, 1, 0, 14, 0.217171717171717
0.763840821113927, 7, 5, 3, 2, 0.400252525252525
0.76367532368146, 10, 2, 0, 9, 0.0618686868686869
0.76367532368146, 10, 2, 0, 9, 0.0618686868686869
0.763499999999993, 13, 1, 3, 2, 0.400252525252525
0.763499999999993, 13, 1, 3, 2, 0.400252525252525
0.760000000000005, 13, 1, 0, 14, 0.217171717171717
0.759999999999991, 13, 1, 0, 14, 0.217171717171717
0.75770882710102, 16, 6, 0, 3, 0.00795454545454546
0.757500000000007, 13, 1, 3, 2, 0.400252525252525
0.757499999999993, 15, 1, 0, 12, 0.132575757575758
0.757499999999993, 13, 1, 3, 2, 0.400252525252525
0.757075660390388, 10, 2, 4, 87, 0.357350407816721
0.756666666666661, 11, 1, 0, 8, 0.0467171717171717
0.756666666666661, 10, 1, 0, 7, 0.0353535353535354
0.753068721963671, 13, 2, 0, 6, 0.026010101010101
0.753068721963671, 13, 2, 0, 6, 0.026010101010101
0.752571428571457, 9, 4, 4, 14, 0.0167757737040485
0.751833333333323, 10, 1, 1, 6, 0.164414414414414
0.748398092554443, 13, 21, 0, 6, 0.026010101010101
0.747542370077918, 12, 5, 1, 3, 0.105855855855856
0.745000000000005, 13, 1, 0, 19, 0.70959595959596
0.74499999999999, 13, 1, 0, 19, 0.70959595959596
0.742000000000004, 11, 1, 3, 3, 0.800505050505051
0.74199999999999, 11, 1, 3, 3, 0.800505050505051
0.741990715725096, 10, 2, 1, 2, 0.0788288288288288
0.739999999999995, 14, 1, 0, 9, 0.0618686868686869
0.739000000000033, 19, 4, 0, 11, 0.103535353535354
0.738666666666688, 14, 1, 2, 4, 0.590909090909091
0.738315524239663, 12, 3, 2, 4, 0.590909090909091
0.737748075037957, 10, 2, 4, 79, 0.228732574440079
0.736666666666679, 10, 1, 4, 16, 0.0186420699741554
0.736666666666679, 10, 1, 0, 1, 0.00126262626262626
0.736340356300969, 10, 14, 4, 36, 0.0468471651172549
0.733333333333348, 13, 1, 0, 11, 0.103535353535354
0.7293088600404, 11, 3, 1, 3, 0.105855855855856
0.726622928347281, 11, 2, 2, 5, 0.863636363636364
0.725666666666683, 15, 1, 0, 9, 0.0618686868686869
0.725217828775234, 11, 5, 1, 9, 0.227477477477477
0.72433333333332, 12, 1, 4, 39, 0.051987603372886
0.723333333333329, 10, 1, 0, 14, 0.217171717171717
0.72153175952275, 11, 2, 3, 1, 0.0997474747474748
0.719375012189917, 7, 5, 4, 82, 0.274718983341981
0.718656191945929, 15, 2, 0, 15, 0.275252525252525
0.715592062560766, 9, 2, 3, 1, 0.0997474747474748
0.714470958122152, 9, 3, 0, 4, 0.0126262626262626
0.713027582449179, 10, 3, 0, 6, 0.026010101010101
0.70795530932398, 10, 2, 1, 13, 0.326576576576577
0.707666666666668, 8, 1, 4, 86, 0.339097714835584
0.707106781186507, 12, 2, 0, 5, 0.0184343434343434
0.705522028949711, 13, 3, 4, 65, 0.0928774452980315
0.705000000000013, 16, 1, 0, 5, 0.0184343434343434
0.704999999999998, 12, 1, 0, 8, 0.0467171717171717
0.704999999999998, 12, 1, 0, 8, 0.0467171717171717
0.704999999999998, 11, 1, 0, 16, 0.351010101010101
0.704999999999998, 11, 1, 0, 16, 0.351010101010101
0.704999999999984, 16, 1, 0, 5, 0.0184343434343434
0.697678690770736, 13, 2, 0, 4, 0.0126262626262626
0.697678690770695, 18, 2, 0, 12, 0.132575757575758
0.697150450046479, 8, 3, 0, 3, 0.00795454545454546
0.694999999999993, 12, 1, 0, 9, 0.0618686868686869
0.694999999999993, 12, 1, 0, 9, 0.0618686868686869
0.694999999999993, 15, 1, 0, 5, 0.0184343434343434
0.694999999999993, 15, 1, 0, 5, 0.0184343434343434
0.694666666666677, 10, 1, 4, 29, 0.0366148142052202
0.694000000000017, 13, 1, 3, 1, 0.0997474747474748
0.693999999999988, 13, 1, 3, 1, 0.0997474747474748
0.692257538781619, 15, 2, 4, 65, 0.0928774452980315
0.692257538781619, 15, 2, 4, 65, 0.0928774452980315
0.687970580766305, 10, 3, 3, 1, 0.0997474747474748
0.685000000000002, 12, 1, 0, 5, 0.0184343434343434
0.685000000000002, 12, 1, 0, 5, 0.0184343434343434
0.684506479151225, 8, 3, 0, 17, 0.444444444444444
0.683400000000063, 18, 4, 0, 3, 0.00795454545454546
0.680000000000007, 17, 1, 0, 7, 0.0353535353535354
0.680000000000007, 13, 1, 0, 12, 0.132575757575758
0.679999999999993, 13, 1, 0, 12, 0.132575757575758
0.679999999999978, 17, 1, 0, 7, 0.0353535353535354
0.677643998637095, 12, 2, 3, 1, 0.0997474747474748
0.677231865759416, 10, 3, 3, 2, 0.400252525252525
0.675000000000011, 8, 1, 0, 8, 0.0467171717171717
0.674999999999983, 8, 1, 0, 8, 0.0467171717171717
0.673165655689612, 11, 2, 4, 56, 0.078725036164931
0.672613063605942, 12, 3, 0, 8, 0.0467171717171717
0.670999999999992, 14, 4, 0, 7, 0.0353535353535354
0.670551098358793, 11, 3, 2, 4, 0.590909090909091
0.667500000000018, 20, 1, 0, 8, 0.0467171717171717
0.665396185241029, 15, 3, 0, 3, 0.00795454545454546
0.665333333333336, 8, 1, 1, 10, 0.240990990990991
0.662030273208612, 11, 6, 1, 9, 0.227477477477477
0.659999999999997, 9, 1, 0, 9, 0.0618686868686869
0.659999999999997, 9, 1, 0, 9, 0.0618686868686869
0.659999999999997, 14, 1, 0, 1, 0.00126262626262626
0.659999999999997, 14, 1, 0, 1, 0.00126262626262626
0.659966329107447, 13, 2, 0, 14, 0.217171717171717
0.658787817805471, 10, 2, 0, 16, 0.351010101010101
0.658080711024281, 13, 2, 4, 60, 0.0833233322906506
0.655000000000001, 15, 1, 0, 9, 0.0618686868686869
0.654999999999987, 15, 1, 0, 9, 0.0618686868686869
0.650248567856917, 12, 5, 1, 2, 0.0788288288288288
0.650000000000006, 10, 1, 0, 8, 0.0467171717171717
0.647642664463474, 10, 3, 4, 41, 0.0589841673467433
0.646343626357779, 12, 3, 2, 5, 0.863636363636364
0.643333333333345, 11, 1, 4, 78, 0.219710950157435
0.64245582113126, 7, 19, 4, 19, 0.0217556379075293
0.642302174473465, 15, 3, 0, 13, 0.170454545454545
0.641999999999996, 6, 1, 4, 1, 0.000100050649348366
0.641999999999996, 6, 1, 4, 1, 0.000100050649348366
0.640858798800468, 13, 3, 4, 48, 0.067745494454136
0.640638743755016, 9, 2, 3, 2, 0.400252525252525
0.640000000000001, 12, 1, 0, 12, 0.132575757575758
0.640000000000001, 12, 1, 0, 12, 0.132575757575758
0.63866666666668, 11, 1, 0, 12, 0.132575757575758
0.638517423411467, 12, 2, 1, 4, 0.128378378378378
0.632624866901564, 11, 2, 1, 6, 0.164414414414414
0.632116066152769, 12, 3, 1, 6, 0.164414414414414
0.631210653339204, 11, 2, 3, 1, 0.0997474747474748
0.630000000000024, 11, 1, 0, 14, 0.217171717171717
0.63000000000001, 10, 1, 0, 13, 0.170454545454545
0.629999999999995, 11, 1, 0, 1, 0.00126262626262626
0.629999999999995, 11, 1, 0, 1, 0.00126262626262626
0.629999999999995, 10, 1, 0, 14, 0.217171717171717
0.629999999999995, 10, 1, 0, 14, 0.217171717171717
0.629999999999995, 10, 1, 0, 2, 0.00416666666666667
0.629999999999995, 10, 1, 0, 2, 0.00416666666666667
0.629999999999995, 10, 1, 0, 13, 0.170454545454545
0.629325035256058, 11, 2, 0, 6, 0.026010101010101
0.629325035256018, 9, 2, 0, 13, 0.170454545454545
0.629325035255977, 13, 2, 0, 14, 0.217171717171717
0.628500000000003, 13, 1, 2, 5, 0.863636363636364
0.628499999999988, 13, 1, 2, 5, 0.863636363636364
0.62830143044562, 10, 3, 4, 48, 0.067745494454136
0.627439417172831, 14, 2, 0, 6, 0.026010101010101
0.625, 11, 1, 0, 7, 0.0353535353535354
0.625, 11, 1, 0, 7, 0.0353535353535354
0.625, 18, 1, 0, 11, 0.103535353535354
0.625, 18, 1, 0, 11, 0.103535353535354
0.624000000000024, 11, 4, 0, 13, 0.170454545454545
0.623777777777747, 8, 4, 3, 2, 0.400252525252525
0.623333333333335, 5, 1, 0, 15, 0.275252525252525
0.622000000000014, 12, 1, 2, 5, 0.863636363636364
0.622, 12, 1, 2, 5, 0.863636363636364
0.616500000000002, 12, 1, 4, 48, 0.067745494454136
0.616500000000002, 12, 1, 4, 48, 0.067745494454136
0.6151828996323, 19, 2, 0, 11, 0.103535353535354
0.614666666666665, 13, 1, 4, 48, 0.067745494454136
0.60824999999997, 12, 1, 3, 1, 0.0997474747474748
0.607333333333315, 12, 1, 4, 41, 0.0589841673467433
0.604999999999961, 12, 4, 0, 7, 0.0353535353535354
0.603869191133301, 14, 2, 3, 1, 0.0997474747474748
0.598683741404608, 9, 2, 4, 29, 0.0366148142052202
0.597499999999997, 10, 1, 4, 71, 0.160308462840372
0.597499999999997, 10, 1, 4, 71, 0.160308462840372
0.596666666666678, 10, 1, 0, 8, 0.0467171717171717
0.596562421061059, 8, 2, 0, 12, 0.132575757575758
0.594549179331793, 14, 20, 4, 64, 0.0917218809839261
0.593285136619288, 11, 3, 2, 5, 0.863636363636364
0.591999999999999, 13, 1, 4, 61, 0.084023548930301
0.591999999999999, 13, 1, 4, 61, 0.084023548930301
0.590000000000003, 10, 1, 0, 12, 0.132575757575758
0.589999999999989, 10, 1, 0, 12, 0.132575757575758
0.589999999999975, 12, 4, 1, 6, 0.164414414414414
0.589799999999968, 9, 4, 3, 3, 0.800505050505051
0.589128214681083, 11, 3, 3, 1, 0.0997474747474748
0.586666666666659, 9, 1, 0, 8, 0.0467171717171717
0.585166666666666, 12, 1, 4, 48, 0.067745494454136
0.583333333333314, 16, 1, 0, 15, 0.275252525252525
0.580714285714265, 11, 4, 2, 4, 0.590909090909091
0.580237020535563, 10, 3, 0, 8, 0.0467171717171717
0.579827560572964, 10, 2, 0, 13, 0.170454545454545
0.579052163453413, 10, 5, 3, 2, 0.400252525252525
0.578043089512668, 10, 3, 1, 13, 0.326576576576577
0.577666666666659, 15, 4, 4, 35, 0.0452335812040479
0.575999999999993, 10, 1, 4, 38, 0.0506681897441603
0.570000000000022, 13, 1, 0, 4, 0.0126262626262626
0.570000000000007, 10, 1, 0, 2, 0.00416666666666667
0.569999999999993, 16, 1, 0, 9, 0.0618686868686869
0.569999999999993, 10, 1, 0, 2, 0.00416666666666667
0.569999999999993, 13, 1, 0, 4, 0.0126262626262626
0.565000000000026, 10, 1, 0, 1, 0.00126262626262626
0.565000000000012, 14, 1, 0, 7, 0.0353535353535354
0.564999999999998, 14, 1, 0, 7, 0.0353535353535354
0.564999999999998, 10, 1, 0, 1, 0.00126262626262626
0.563333333333361, 9, 1, 0, 3, 0.00795454545454546
0.563328402345293, 12, 2, 0, 6, 0.026010101010101
0.560000000000031, 21, 1, 0, 10, 0.0808080808080808
0.560000000000002, 11, 1, 0, 15, 0.275252525252525
0.560000000000002, 11, 1, 0, 15, 0.275252525252525
0.557923805586028, 8, 5, 3, 2, 0.400252525252525
0.555000000000007, 14, 1, 0, 1, 0.00126262626262626
0.554999999999993, 14, 1, 0, 1, 0.00126262626262626
0.550000000000011, 16, 1, 0, 13, 0.170454545454545
0.550000000000011, 16, 1, 0, 13, 0.170454545454545
0.547428571428583, 12, 4, 1, 6, 0.164414414414414
0.544472221513649, 6, 2, 0, 6, 0.026010101010101
0.544472221513629, 16, 2, 0, 5, 0.0184343434343434
0.544118668123044, 13, 2, 4, 46, 0.0667300768973018
0.544118668123044, 13, 2, 4, 46, 0.0667300768973018
0.544000000000011, 13, 1, 4, 42, 0.0614175149797577
0.543999999999997, 13, 1, 4, 42, 0.0614175149797577
0.542709253038247, 12, 3, 0, 9, 0.0618686868686869
0.537499999999994, 8, 1, 0, 6, 0.026010101010101
0.535044131097837, 11, 2, 0, 8, 0.0467171717171717
0.535044131097837, 10, 2, 0, 7, 0.0353535353535354
0.534999999999997, 11, 1, 0, 7, 0.0353535353535354
0.534999999999997, 11, 1, 0, 7, 0.0353535353535354
0.534105406295449, 14, 6, 3, 2, 0.400252525252525
0.533799999999985, 11, 4, 4, 37, 0.0486682110506046
0.530499999999989, 11, 1, 4, 3, 0.000573791508306289
0.530499999999989, 11, 1, 4, 3, 0.000573791508306289
0.523259018078052, 14, 2, 0, 9, 0.0618686868686869
0.522316209036398, 14, 2, 2, 4, 0.590909090909091
0.521999999999991, 11, 1, 4, 67, 0.0942557274601005
0.520901995474078, 10, 2, 4, 16, 0.0186420699741554
0.520901995474058, 10, 2, 0, 1, 0.00126262626262626
0.52000000000001, 15, 1, 0, 8, 0.0467171717171717
0.519999999999982, 15, 1, 0, 8, 0.0467171717171717
0.519000000000005, 12, 1, 4, 88, 0.375097158937352
0.518999999999991, 12, 1, 4, 88, 0.375097158937352
0.518604879299617, 9, 3, 4, 56, 0.078725036164931
0.518544972870105, 13, 2, 0, 11, 0.103535353535354
0.515000000000015, 14, 1, 0, 1, 0.00126262626262626
0.515000000000001, 12, 1, 0, 7, 0.0353535353535354
0.515000000000001, 12, 1, 0, 7, 0.0353535353535354
0.514999999999986, 14, 1, 0, 1, 0.00126262626262626
0.514499999999998, 15, 1, 4, 61, 0.084023548930301
0.51400000000001, 9, 1, 3, 2, 0.400252525252525
0.513123820881029, 15, 2, 0, 9, 0.0618686868686869
0.513026845734694, 11, 10, 3, 2, 0.400252525252525
0.512181011839456, 12, 2, 4, 39, 0.051987603372886
0.511473905058286, 10, 2, 0, 14, 0.217171717171717
0.511012723259718, 10, 3, 1, 6, 0.164414414414414
0.507666666666665, 10, 1, 3, 2, 0.400252525252525
0.506666666666661, 9, 1, 0, 1, 0.00126262626262626
0.505750000000006, 10, 1, 1, 4, 0.128378378378378
0.505181485540906, 17, 3, 0, 8, 0.0467171717171717
0.505000000000024, 13, 1, 0, 6, 0.026010101010101
0.504999999999995, 19, 1, 0, 8, 0.0467171717171717
0.504999999999995, 19, 1, 0, 8, 0.0467171717171717
0.504999999999995, 13, 1, 0, 6, 0.026010101010101
0.504999999999995, 7, 1, 0, 4, 0.0126262626262626
0.504999999999995, 7, 1, 0, 4, 0.0126262626262626
0.500500000000002, 11, 1, 2, 4, 0.590909090909091
0.500499999999988, 11, 1, 2, 4, 0.590909090909091
0.500395898819671, 8, 2, 4, 86, 0.339097714835584
0.5, 14, 1, 0, 15, 0.275252525252525
0.5, 14, 1, 0, 15, 0.275252525252525
0.499407982849015, 10, 3, 0, 8, 0.0467171717171717
0.491203510664242, 10, 2, 4, 29, 0.0366148142052202
0.490000000000009, 14, 1, 0, 11, 0.103535353535354
0.490000000000009, 11, 1, 0, 6, 0.026010101010101
0.489999999999995, 11, 1, 0, 6, 0.026010101010101
0.489999999999995, 15, 1, 0, 14, 0.217171717171717
0.489999999999995, 15, 1, 0, 14, 0.217171717171717
0.489999999999981, 14, 1, 0, 11, 0.103535353535354
0.484999999999999, 14, 1, 0, 10, 0.0808080808080808
0.484999999999999, 14, 1, 0, 10, 0.0808080808080808
0.484974226119312, 5, 3, 0, 7, 0.0353535353535354
0.484700000000089, 11, 4, 0, 13, 0.170454545454545
0.470461711749432, 8, 2, 1, 10, 0.240990990990991
0.469999999999999, 9, 1, 4, 32, 0.0409687585124503
0.467653718043615, 11, 3, 0, 10, 0.0808080808080808
0.46315494167721, 10, 2, 1, 2, 0.0788288288288288
0.463154941677169, 10, 2, 1, 2, 0.0788288288288288
0.46050000000001, 13, 1, 4, 38, 0.0506681897441603
0.460499999999996, 13, 1, 4, 38, 0.0506681897441603
0.460000000000008, 10, 1, 0, 17, 0.444444444444444
0.460000000000008, 10, 1, 0, 17, 0.444444444444444
0.460000000000008, 15, 1, 0, 1, 0.00126262626262626
0.460000000000008, 15, 1, 0, 1, 0.00126262626262626
0.45961940777124, 10, 2, 0, 8, 0.0467171717171717
0.457333333333338, 9, 1, 4, 90, 0.412079181780135
0.456000000000003, 11, 1, 4, 45, 0.0660434784542375
0.456000000000003, 11, 1, 4, 45, 0.0660434784542375
0.455666666666673, 10, 1, 3, 2, 0.400252525252525
0.454905362563314, 11, 2, 4, 78, 0.219710950157435
0.453962553521801, 14, 2, 4, 72, 0.171932627919944
0.453962553521761, 14, 2, 4, 72, 0.171932627919944
0.451605530917787, 11, 2, 0, 12, 0.132575757575758
0.450000000000017, 14, 1, 0, 3, 0.00795454545454546
0.450000000000017, 16, 1, 0, 5, 0.0184343434343434
0.449999999999989, 14, 1, 0, 3, 0.00795454545454546
0.449999999999989, 15, 1, 0, 8, 0.0467171717171717
0.449999999999989, 15, 1, 0, 8, 0.0467171717171717
0.449999999999989, 16, 1, 0, 5, 0.0184343434343434
0.445477272147482, 11, 2, 0, 14, 0.217171717171717
0.445000000000022, 13, 1, 0, 4, 0.0126262626262626
0.445000000000007, 12, 1, 0, 9, 0.0618686868686869
0.444999999999993, 9, 1, 0, 8, 0.0467171717171717
0.444999999999993, 9, 1, 0, 8, 0.0467171717171717
0.444999999999993, 13, 1, 0, 4, 0.0126262626262626
0.444999999999993, 12, 1, 0, 9, 0.0618686868686869
0.444000000000017, 12, 1, 4, 60, 0.0833233322906506
0.444000000000003, 14, 1, 3, 1, 0.0997474747474748
0.444000000000003, 14, 1, 3, 1, 0.0997474747474748
0.440763226939616, 5, 2, 0, 15, 0.275252525252525
0.440000000000012, 11, 1, 2, 4, 0.590909090909091
0.439000000000007, 12, 1, 2, 5, 0.863636363636364
0.438999999999993, 12, 1, 2, 5, 0.863636363636364
0.43810000000002, 10, 4, 3, 3, 0.800505050505051
0.438000000000002, 12, 1, 4, 48, 0.067745494454136
0.438000000000002, 12, 1, 4, 48, 0.067745494454136
0.437342828911138, 15, 3, 0, 12, 0.132575757575758
0.435000000000002, 11, 1, 0, 8, 0.0467171717171717
0.435000000000002, 11, 1, 0, 8, 0.0467171717171717
0.435000000000002, 12, 1, 0, 6, 0.026010101010101
0.435000000000002, 12, 1, 0, 6, 0.026010101010101
0.435000000000002, 14, 1, 0, 8, 0.0467171717171717
0.435000000000002, 14, 1, 0, 9, 0.0618686868686869
0.434999999999974, 14, 1, 0, 8, 0.0467171717171717
0.434999999999974, 14, 1, 0, 9, 0.0618686868686869
0.43463496816937, 13, 2, 4, 48, 0.067745494454136
0.430000000000007, 12, 1, 0, 7, 0.0353535353535354
0.429449518440637, 12, 2, 4, 41, 0.0589841673467433
0.4255, 11, 1, 4, 3, 0.000573791508306289
0.4255, 11, 1, 4, 3, 0.000573791508306289
0.425000000000011, 13, 1, 0, 1, 0.00126262626262626
0.424999999999997, 13, 1, 0, 1, 0.00126262626262626
0.423500000000004, 13, 1, 4, 61, 0.084023548930301
0.42349999999999, 13, 1, 4, 61, 0.084023548930301
0.421907046107971, 10, 2, 0, 8, 0.0467171717171717
0.420749999999984, 11, 1, 2, 4, 0.590909090909091
0.420000000000002, 12, 1, 0, 13, 0.170454545454545
0.419999999999987, 12, 1, 0, 13, 0.170454545454545
0.414835978296112, 9, 2, 0, 8, 0.0467171717171717
0.413288626200873, 11, 13, 4, 59, 0.0828015312645006
0.41247895569218, 16, 2, 0, 15, 0.275252525252525
0.407293505963447, 10, 2, 4, 38, 0.0506681897441603
0.405000000000001, 12, 1, 0, 1, 0.00126262626262626
0.405000000000001, 12, 1, 0, 1, 0.00126262626262626
0.404465078838707, 9, 2, 3, 1, 0.0997474747474748
0.404465078838707, 9, 2, 3, 1, 0.0997474747474748
0.403050865276327, 16, 2, 0, 9, 0.0618686868686869
0.403000000000006, 14, 1, 4, 90, 0.412079181780135
0.402999999999992, 14, 1, 4, 90, 0.412079181780135
0.400000000000006, 14, 1, 0, 12, 0.132575757575758
0.399999999999977, 14, 1, 0, 12, 0.132575757575758
0.399999999999977, 15, 1, 0, 10, 0.0808080808080808
0.398336820068421, 9, 2, 0, 3, 0.00795454545454546
0.395979797464468, 21, 2, 0, 10, 0.0808080808080808
0.393333333333317, 13, 1, 0, 10, 0.0808080808080808
0.390000000000015, 14, 1, 0, 9, 0.0618686868686869
0.390000000000015, 11, 1, 0, 10, 0.0808080808080808
0.389999999999986, 14, 1, 0, 9, 0.0618686868686869
0.389999999999986, 11, 1, 0, 10, 0.0808080808080808
0.385381304684069, 20, 3, 0, 8, 0.0467171717171717
0.385000000000019, 18, 1, 0, 9, 0.0618686868686869
0.384999999999991, 18, 1, 0, 9, 0.0618686868686869
0.384000000000015, 9, 1, 4, 34, 0.0437591097547004
0.383999999999986, 9, 1, 4, 34, 0.0437591097547004
0.38000000000001, 10, 1, 0, 16, 0.351010101010101
0.379999999999995, 16, 1, 0, 11, 0.103535353535354
0.379999999999995, 16, 1, 0, 11, 0.103535353535354
0.379999999999995, 10, 1, 0, 16, 0.351010101010101
0.375, 12, 1, 0, 8, 0.0467171717171717
0.375, 12, 1, 0, 8, 0.0467171717171717
0.375, 11, 1, 0, 6, 0.026010101010101
0.375, 11, 1, 0, 6, 0.026010101010101
0.375, 14, 1, 0, 8, 0.0467171717171717
0.375, 14, 1, 0, 8, 0.0467171717171717
0.368000000000009, 12, 1, 4, 36, 0.0468471651172549
0.367999999999995, 12, 1, 4, 36, 0.0468471651172549
0.366666666666674, 13, 1, 0, 3, 0.00795454545454546
0.364999999999995, 7, 1, 4, 101, 0.73090184972689
0.363452885529872, 9, 2, 3, 2, 0.400252525252525
0.363, 14, 1, 4, 58, 0.081739484313027
0.363, 14, 1, 4, 58, 0.081739484313027
0.359999999999999, 11, 1, 0, 17, 0.444444444444444
0.359999999999999, 11, 1, 0, 17, 0.444444444444444
0.35897454258235, 10, 2, 3, 2, 0.400252525252525
0.35826743580118, 9, 2, 0, 1, 0.00126262626262626
0.353333333333325, 14, 1, 0, 9, 0.0618686868686869
0.351173301234605, 12, 3, 3, 1, 0.0997474747474748
0.349999999999994, 16, 1, 0, 8, 0.0467171717171717
0.349999999999994, 16, 1, 0, 8, 0.0467171717171717
0.347000000000008, 15, 1, 4, 65, 0.0928774452980315
0.346999999999994, 15, 1, 4, 65, 0.0928774452980315
0.346112900655127, 11, 6, 4, 7, 0.00691788872168195
0.343999999999994, 14, 1, 2, 4, 0.590909090909091
0.343333333333334, 15, 1, 0, 12, 0.132575757575758
0.340000000000003, 10, 1, 0, 6, 0.026010101010101
0.339999999999989, 10, 1, 0, 6, 0.026010101010101
0.339333333333343, 10, 1, 4, 34, 0.0437591097547004
0.336666666666673, 12, 1, 0, 10, 0.0808080808080808
0.336230088216727, 10, 5, 1, 6, 0.164414414414414
0.334536355060481, 10, 7, 1, 6, 0.164414414414414
0.333333333333343, 15, 1, 0, 9, 0.0618686868686869
0.332999999999998, 9, 1, 3, 3, 0.800505050505051
0.332999999999998, 9, 1, 3, 3, 0.800505050505051
0.332340187157677, 9, 2, 4, 32, 0.0409687585124503
0.330000000000013, 13, 1, 0, 6, 0.026010101010101
0.329999999999984, 13, 1, 0, 6, 0.026010101010101
0.325000000000003, 12, 1, 0, 8, 0.0467171717171717
0.325000000000003, 10, 1, 4, 31, 0.0395255744388036
0.325000000000003, 10, 1, 4, 31, 0.0395255744388036
0.324999999999989, 12, 1, 0, 8, 0.0467171717171717
0.323383501262651, 9, 2, 4, 90, 0.412079181780135
0.322204989960675, 10, 2, 3, 2, 0.400252525252525
0.322000000000003, 13, 1, 4, 25, 0.0319165363830463
0.320499999999996, 8, 1, 3, 1, 0.0997474747474748
0.320499999999996, 8, 1, 3, 1, 0.0997474747474748
0.319999999999993, 9, 1, 0, 13, 0.170454545454545
0.319999999999993, 9, 1, 0, 13, 0.170454545454545
0.315000000000012, 14, 1, 0, 15, 0.275252525252525
0.314999999999998, 14, 1, 0, 15, 0.275252525252525
0.313955410846819, 12, 2, 4, 60, 0.0833233322906506
0.313666666666663, 12, 1, 3, 3, 0.800505050505051
0.311126983722079, 11, 2, 2, 4, 0.590909090909091
0.310325769689412, 8, 3, 0, 6, 0.026010101010101
0.310000000000002, 11, 1, 0, 8, 0.0467171717171717
0.310000000000002, 15, 1, 0, 14, 0.217171717171717
0.309999999999988, 15, 1, 0, 14, 0.217171717171717
0.306666666666672, 16, 1, 0, 6, 0.026010101010101
0.305000000000007, 10, 1, 0, 3, 0.00795454545454546
0.305000000000007, 10, 1, 0, 3, 0.00795454545454546
0.305000000000007, 11, 1, 0, 7, 0.0353535353535354
0.304999999999993, 11, 1, 0, 7, 0.0353535353535354
0.30405591591018, 12, 2, 0, 7, 0.0353535353535354
0.301376840516996, 11, 3, 4, 67, 0.0942557274601005
0.297550533523329, 12, 2, 4, 39, 0.051987603372886
0.297046713498078, 15, 3, 4, 61, 0.084023548930301
0.293500000000009, 13, 1, 3, 2, 0.400252525252525
0.293499999999995, 13, 1, 3, 2, 0.400252525252525
0.291994898642649, 10, 3, 1, 4, 0.128378378378378
0.289526081726802, 10, 20, 3, 2, 0.400252525252525
0.284666666666652, 12, 1, 4, 42, 0.0614175149797577
0.282842712474643, 15, 2, 0, 10, 0.0808080808080808
0.282000000000011, 12, 1, 3, 1, 0.0997474747474748
0.281999999999996, 12, 1, 3, 1, 0.0997474747474748
0.280000000000001, 14, 1, 4, 40, 0.0550596271875607
0.280000000000001, 14, 1, 4, 40, 0.0550596271875607
0.278999999999996, 15, 1, 4, 57, 0.0798737051896258
0.278999999999996, 15, 1, 4, 57, 0.0798737051896258
0.278128667266697, 13, 2, 0, 10, 0.0808080808080808
0.277500000000003, 13, 1, 4, 50, 0.0708643200456854
0.277499999999989, 13, 1, 4, 50, 0.0708643200456854
0.276079859622051, 16, 5, 4, 28, 0.0358931359772792
0.274923116525332, 14, 2, 4, 90, 0.412079181780135
0.270666666666685, 13, 1, 4, 38, 0.0506681897441603
0.269999999999996, 13, 1, 0, 8, 0.0467171717171717
0.269000000000005, 9, 1, 2, 5, 0.863636363636364
0.268999999999977, 9, 1, 2, 5, 0.863636363636364
0.26700000000001, 16, 1, 4, 37, 0.0486682110506046
0.266999999999996, 16, 1, 4, 37, 0.0486682110506046
0.266500000000008, 13, 1, 4, 23, 0.0296164402178925
0.266500000000008, 13, 1, 4, 23, 0.0296164402178925
0.261694488966674, 12, 5, 4, 48, 0.067745494454136
0.259999999999991, 14, 1, 0, 6, 0.026010101010101
0.259999999999991, 14, 1, 0, 6, 0.026010101010101
0.259272486435073, 13, 2, 0, 3, 0.00795454545454546
0.259000000000015, 11, 1, 3, 2, 0.400252525252525
0.258999999999986, 11, 1, 3, 2, 0.400252525252525
0.254999999999995, 12, 1, 0, 20, 0.898989898989899
0.254999999999995, 12, 1, 0, 20, 0.898989898989899
0.25200000000001, 7, 1, 4, 4, 0.00326307504602002
0.251730014102427, 13, 2, 1, 1, 0.0337837837837838
0.251730014102407, 13, 2, 1, 1, 0.0337837837837838
0.251000000000005, 7, 1, 3, 2, 0.400252525252525
0.25, 12, 1, 0, 9, 0.0618686868686869
0.25, 12, 1, 0, 9, 0.0618686868686869
0.249844396019261, 14, 2, 0, 9, 0.0618686868686869
0.245000000000005, 20, 1, 0, 9, 0.0618686868686869
0.245000000000005, 20, 1, 0, 9, 0.0618686868686869
0.245000000000005, 16, 1, 0, 10, 0.0808080808080808
0.245000000000005, 13, 1, 0, 14, 0.217171717171717
0.24499999999999, 13, 1, 0, 14, 0.217171717171717
0.244999999999976, 16, 1, 0, 10, 0.0808080808080808
0.244, 14, 1, 1, 4, 0.128378378378378
0.244, 14, 1, 1, 4, 0.128378378378378
0.242920125761526, 11, 3, 2, 4, 0.590909090909091
0.242773328207402, 15, 2, 0, 12, 0.132575757575758
0.240000000000009, 13, 1, 0, 8, 0.0467171717171717
0.240000000000009, 13, 1, 0, 8, 0.0467171717171717
0.240000000000009, 11, 1, 4, 33, 0.042748691282689
0.239999999999995, 11, 1, 4, 33, 0.042748691282689
0.239944901082642, 10, 2, 4, 34, 0.0437591097547004
0.238059282999455, 12, 2, 0, 10, 0.0808080808080808
0.235702260395502, 15, 2, 0, 9, 0.0618686868686869
0.22768838354207, 13, 2, 4, 25, 0.0319165363830463
0.227599999999981, 9, 1, 3, 1, 0.0997474747474748
0.22750000000002, 19, 1, 4, 75, 0.204510284651682
0.226898655791573, 11, 3, 4, 31, 0.0395255744388036
0.226898655791523, 11, 3, 4, 31, 0.0395255744388036
0.226584080893431, 11, 14, 4, 7, 0.00691788872168195
0.224473784660945, 14, 3, 4, 90, 0.412079181780135
0.224333333333362, 20, 1, 0, 4, 0.0126262626262626
0.221795827032188, 12, 2, 3, 3, 0.800505050505051
0.221000000000004, 9, 1, 4, 22, 0.0286232599694077
0.219203102167831, 11, 2, 0, 8, 0.0467171717171717
0.218999999999994, 16, 1, 4, 57, 0.0798737051896258
0.218999999999994, 16, 1, 4, 57, 0.0798737051896258
0.216846079563878, 16, 2, 0, 6, 0.026010101010101
0.215500000000006, 14, 1, 2, 4, 0.590909090909091
0.215499999999992, 14, 1, 2, 4, 0.590909090909091
0.215000000000003, 17, 1, 0, 14, 0.217171717171717
0.215000000000003, 10, 1, 0, 15, 0.275252525252525
0.215000000000003, 10, 1, 0, 15, 0.275252525252525
0.215000000000003, 11, 1, 0, 2, 0.00416666666666667
0.215000000000003, 11, 1, 0, 2, 0.00416666666666667
0.215000000000003, 12, 1, 4, 57, 0.0798737051896258
0.214999999999989, 12, 1, 4, 57, 0.0798737051896258
0.214999999999975, 17, 1, 0, 14, 0.217171717171717
0.214666666666659, 11, 1, 4, 84, 0.293759463138283
0.213000000000008, 14, 1, 3, 3, 0.800505050505051
0.212500000000006, 9, 1, 3, 3, 0.800505050505051
0.212499999999991, 9, 1, 3, 3, 0.800505050505051
0.210732848254243, 7, 3, 4, 101, 0.73090184972689
0.208737921806265, 8, 2, 3, 1, 0.0997474747474748
0.203499999999991, 21, 1, 4, 70, 0.136274845408473
0.203499999999991, 21, 1, 4, 70, 0.136274845408473
0.2012897303778, 12, 2, 4, 42, 0.0614175149797577
0.200000000000017, 11, 1, 0, 10, 0.0808080808080808
0.200000000000003, 15, 1, 0, 8, 0.0467171717171717
0.200000000000003, 15, 1, 0, 8, 0.0467171717171717
0.200000000000003, 11, 1, 0, 12, 0.132575757575758
0.200000000000003, 11, 1, 0, 12, 0.132575757575758
0.199999999999989, 14, 1, 0, 2, 0.00416666666666667
0.199999999999989, 14, 1, 0, 2, 0.00416666666666667
0.198608492601277, 14, 3, 2, 4, 0.590909090909091
0.195217940887737, 16, 10, 4, 28, 0.0358931359772792
0.194454364826305, 16, 2, 3, 1, 0.0997474747474748
0.194454364826305, 16, 2, 3, 1, 0.0997474747474748
0.191390235441142, 13, 2, 4, 38, 0.0506681897441603
0.190918830920375, 13, 2, 0, 8, 0.0467171717171717
0.189999999999998, 10, 1, 0, 14, 0.217171717171717
0.189999999999998, 10, 1, 0, 14, 0.217171717171717
0.189999999999998, 14, 1, 0, 8, 0.0467171717171717
0.189999999999998, 14, 1, 0, 8, 0.0467171717171717
0.189999999999998, 15, 1, 0, 3, 0.00795454545454546
0.189999999999998, 15, 1, 0, 3, 0.00795454545454546
0.185000000000002, 6, 1, 0, 14, 0.217171717171717
0.185000000000002, 6, 1, 0, 14, 0.217171717171717
0.180999999999997, 14, 1, 3, 1, 0.0997474747474748
0.180999999999997, 14, 1, 3, 1, 0.0997474747474748
0.177999999999997, 13, 1, 4, 37, 0.0486682110506046
0.177999999999997, 13, 1, 4, 37, 0.0486682110506046
0.177483802077827, 7, 2, 3, 2, 0.400252525252525
0.174999999999997, 11, 1, 1, 16, 0.414414414414414
0.174999999999997, 11, 1, 1, 16, 0.414414414414414
0.172000000000011, 14, 1, 3, 1, 0.0997474747474748
0.171999999999997, 14, 1, 3, 1, 0.0997474747474748
0.171500000000009, 13, 1, 4, 36, 0.0468471651172549
0.171499999999995, 13, 1, 4, 36, 0.0468471651172549
0.171000000000006, 12, 1, 4, 29, 0.0366148142052202
0.170999999999992, 12, 1, 4, 29, 0.0366148142052202
0.170433799464799, 8, 3, 3, 1, 0.0997474747474748
0.170000000000016, 19, 1, 0, 11, 0.103535353535354
0.169999999999987, 19, 1, 0, 11, 0.103535353535354
0.166000000000011, 12, 1, 2, 5, 0.863636363636364
0.165999999999997, 12, 1, 2, 5, 0.863636363636364
0.160000000000025, 14, 1, 0, 15, 0.275252525252525
0.159999999999997, 14, 1, 0, 15, 0.275252525252525
0.158627621246142, 20, 2, 0, 4, 0.0126262626262626
0.158000000000015, 10, 1, 1, 17, 0.436936936936937
0.151792255694707, 11, 2, 4, 84, 0.293759463138283
0.15061374439273, 14, 2, 3, 3, 0.800505050505051
0.150000000000006, 17, 1, 0, 5, 0.0184343434343434
0.150000000000006, 17, 1, 0, 5, 0.0184343434343434
0.150000000000006, 8, 1, 0, 10, 0.0808080808080808
0.150000000000006, 14, 1, 3, 1, 0.0997474747474748
0.149999999999991, 14, 1, 3, 1, 0.0997474747474748
0.149999999999977, 8, 1, 0, 10, 0.0808080808080808
0.148775266761604, 12, 8, 4, 39, 0.051987603372886
0.146500000000003, 12, 1, 2, 4, 0.590909090909091
0.146500000000003, 12, 1, 2, 4, 0.590909090909091
0.145492267835791, 7, 3, 4, 4, 0.00326307504602002
0.14500000000001, 14, 1, 0, 15, 0.275252525252525
0.14500000000001, 12, 1, 0, 18, 0.558080808080808
0.144999999999996, 12, 1, 0, 18, 0.558080808080808
0.144999999999982, 14, 1, 0, 15, 0.275252525252525
0.144500000000008, 16, 1, 3, 1, 0.0997474747474748
0.144499999999994, 16, 1, 3, 1, 0.0997474747474748
0.141421356237301, 11, 2, 0, 10, 0.0808080808080808
0.140000000000001, 10, 1, 3, 3, 0.800505050505051
0.140000000000001, 10, 1, 3, 3, 0.800505050505051
0.135000000000005, 14, 1, 0, 7, 0.0353535353535354
0.135000000000005, 14, 1, 0, 7, 0.0353535353535354
0.131347186240668, 19, 3, 4, 75, 0.204510284651682
0.13000000000001, 10, 1, 0, 7, 0.0353535353535354
0.129999999999995, 10, 1, 0, 7, 0.0353535353535354
0.127594409490909, 9, 3, 4, 22, 0.0286232599694077
0.125, 13, 1, 0, 11, 0.103535353535354
0.125, 13, 1, 0, 11, 0.103535353535354
0.125, 12, 1, 0, 7, 0.0353535353535354
0.125, 12, 1, 0, 7, 0.0353535353535354
0.125, 16, 1, 0, 3, 0.00795454545454546
0.125, 16, 1, 0, 3, 0.00795454545454546
0.125, 11, 1, 0, 6, 0.026010101010101
0.125, 11, 1, 0, 6, 0.026010101010101
0.120915259582914, 10, 2, 2, 4, 0.590909090909091
0.120915259582894, 10, 2, 2, 4, 0.590909090909091
0.120000000000005, 11, 1, 3, 1, 0.0997474747474748
0.120000000000005, 11, 1, 3, 1, 0.0997474747474748
0.117000000000004, 11, 1, 3, 1, 0.0997474747474748
0.11699999999999, 11, 1, 3, 1, 0.0997474747474748
0.116666666666674, 11, 1, 0, 7, 0.0353535353535354
0.115000000000009, 12, 1, 0, 13, 0.170454545454545
0.114999999999995, 12, 1, 0, 13, 0.170454545454545
0.113800000000026, 9, 4, 3, 1, 0.0997474747474748
0.111722871427465, 10, 2, 1, 17, 0.436936936936937
0.110000000000014, 16, 1, 0, 9, 0.0618686868686869
0.109999999999985, 16, 1, 0, 9, 0.0618686868686869
0.100126320216043, 13, 2, 2, 5, 0.863636363636364
0.0960000000000036, 12, 1, 2, 5, 0.863636363636364
0.0959999999999894, 12, 1, 2, 5, 0.863636363636364
0.0930000000000035, 11, 1, 4, 24, 0.0306244453386102
0.0930000000000035, 11, 1, 4, 24, 0.0306244453386102
0.0930000000000035, 13, 1, 4, 65, 0.0928774452980315
0.0929999999999893, 13, 1, 4, 65, 0.0928774452980315
0.089999999999975, 15, 1, 0, 2, 0.00416666666666667
0.0859999999999985, 12, 1, 1, 2, 0.0788288288288288
0.0859999999999985, 12, 1, 1, 2, 0.0788288288288288
0.085000000000008, 13, 1, 0, 8, 0.0467171717171717
0.085000000000008, 13, 1, 0, 8, 0.0467171717171717
0.0833333333333286, 12, 1, 0, 12, 0.132575757575758
0.0824957911384359, 11, 2, 0, 7, 0.0353535353535354
0.0817527981171835, 13, 3, 2, 5, 0.863636363636364
0.0810000000000173, 15, 1, 4, 52, 0.0736969911266934
0.0809999999999889, 15, 1, 4, 52, 0.0736969911266934
0.0800000000000125, 15, 1, 0, 3, 0.00795454545454546
0.0799999999999983, 15, 1, 0, 12, 0.132575757575758
0.0799999999999983, 15, 1, 0, 12, 0.132575757575758
0.0799999999999841, 15, 1, 0, 3, 0.00795454545454546
0.0793333333333237, 15, 1, 3, 1, 0.0997474747474748
0.0769999999999982, 12, 1, 3, 1, 0.0997474747474748
0.0769999999999982, 12, 1, 3, 1, 0.0997474747474748
0.0756604255869601, 12, 2, 3, 1, 0.0997474747474748
0.0756604255869601, 12, 2, 3, 1, 0.0997474747474748
0.0750000000000171, 17, 1, 0, 2, 0.00416666666666667
0.0750000000000028, 13, 1, 0, 13, 0.170454545454545
0.0750000000000028, 13, 1, 0, 13, 0.170454545454545
0.0749999999999886, 17, 1, 0, 2, 0.00416666666666667
0.0700000000000216, 22, 1, 0, 9, 0.0618686868686869
0.0700000000000216, 11, 1, 0, 14, 0.217171717171717
0.0700000000000074, 15, 1, 0, 15, 0.275252525252525
0.0699999999999932, 22, 1, 0, 9, 0.0618686868686869
0.0699999999999932, 15, 1, 0, 15, 0.275252525252525
0.0699999999999932, 11, 1, 0, 14, 0.217171717171717
0.0699999999999932, 12, 1, 0, 11, 0.103535353535354
0.0699999999999932, 12, 1, 0, 11, 0.103535353535354
0.0699999999999932, 13, 1, 0, 6, 0.026010101010101
0.0699999999999932, 13, 1, 0, 6, 0.026010101010101
0.0680000000000121, 16, 1, 4, 37, 0.0486682110506046
0.0680000000000121, 16, 1, 4, 37, 0.0486682110506046
0.0649999999999977, 12, 1, 0, 13, 0.170454545454545
0.0649999999999977, 12, 1, 0, 13, 0.170454545454545
0.0649999999999977, 13, 1, 0, 7, 0.0353535353535354
0.0649999999999977, 13, 1, 0, 7, 0.0353535353535354
0.0649999999999977, 10, 1, 0, 2, 0.00416666666666667
0.0649999999999977, 10, 1, 0, 2, 0.00416666666666667
0.0636396103068118, 15, 2, 0, 2, 0.00416666666666667
0.0600000000000023, 14, 1, 0, 8, 0.0467171717171717
0.0600000000000023, 14, 1, 0, 8, 0.0467171717171717
0.0589255650988857, 12, 2, 0, 12, 0.132575757575758
0.0580000000000069, 9, 1, 2, 4, 0.590909090909091
0.0579999999999927, 9, 1, 2, 4, 0.590909090909091
0.0560971379741461, 15, 2, 3, 1, 0.0997474747474748
0.0550000000000068, 12, 1, 0, 6, 0.026010101010101
0.0550000000000068, 11, 1, 0, 2, 0.00416666666666667
0.0550000000000068, 11, 1, 0, 2, 0.00416666666666667
0.0549999999999926, 12, 1, 0, 6, 0.026010101010101
0.0549999999999926, 9, 1, 0, 2, 0.00416666666666667
0.0499999999999972, 14, 1, 0, 14, 0.217171717171717
0.0499999999999972, 14, 1, 0, 14, 0.217171717171717
0.04849999999999, 13, 1, 3, 1, 0.0997474747474748
0.04849999999999, 13, 1, 3, 1, 0.0997474747474748
0.0450000000000159, 17, 1, 0, 10, 0.0808080808080808
0.0449999999999875, 17, 1, 0, 10, 0.0808080808080808
0.0430000000000064, 16, 1, 1, 7, 0.184684684684685
0.0429999999999922, 16, 1, 1, 7, 0.184684684684685
0.0388908729652649, 9, 2, 0, 2, 0.00416666666666667
0.0344000000000619, 17, 4, 3, 1, 0.0997474747474748
0.034000000000006, 9, 1, 2, 1, 0.0454545454545454
0.0339999999999918, 9, 1, 2, 1, 0.0454545454545454
0.0320000000000107, 9, 1, 3, 3, 0.800505050505051
0.0319999999999965, 9, 1, 4, 90, 0.412079181780135
0.0319999999999965, 9, 1, 4, 90, 0.412079181780135
0.0319999999999823, 9, 1, 3, 3, 0.800505050505051
0.0280874823838715, 17, 6, 3, 1, 0.0997474747474748
0.0250000000000057, 15, 1, 0, 6, 0.026010101010101
0.0249999999999773, 15, 1, 0, 6, 0.026010101010101
0.0235000000000127, 15, 1, 4, 56, 0.078725036164931
0.0234999999999843, 15, 1, 4, 56, 0.078725036164931
0.0175000000000125, 15, 1, 4, 58, 0.081739484313027
0.0174999999999983, 15, 1, 4, 58, 0.081739484313027
0.015500000000003, 13, 1, 4, 56, 0.078725036164931
0.015500000000003, 13, 1, 4, 56, 0.078725036164931
0.0150000000000006, 14, 1, 0, 15, 0.275252525252525
0.0150000000000006, 14, 1, 0, 15, 0.275252525252525
0.0130000000000052, 13, 1, 3, 3, 0.800505050505051
0.0130000000000052, 13, 1, 3, 3, 0.800505050505051
0.0100000000000051, 13, 1, 0, 12, 0.132575757575758
0.00999999999999091, 13, 1, 0, 12, 0.132575757575758
0.00799999999999557, 14, 1, 3, 1, 0.0997474747474748
0.00799999999999557, 14, 1, 3, 1, 0.0997474747474748
0.00650000000000261, 12, 1, 2, 4, 0.590909090909091
0.0064999999999884, 12, 1, 2, 4, 0.590909090909091
0.00600000000000023, 10, 1, 4, 84, 0.293759463138283
0.00600000000000023, 10, 1, 4, 84, 0.293759463138283
0.00499999999999545, 8, 1, 0, 12, 0.132575757575758
0.00499999999999545, 8, 1, 0, 12, 0.132575757575758
0.00499999999999545, 17, 1, 0, 6, 0.026010101010101
0.00499999999999545, 17, 1, 0, 6, 0.026010101010101
0.00499999999999545, 12, 1, 0, 6, 0.026010101010101
0.00499999999999545, 12, 1, 0, 6, 0.026010101010101
0.00499999999999545, 13, 1, 3, 1, 0.0997474747474748
0.00499999999999545, 13, 1, 3, 1, 0.0997474747474748
0.00300000000000011, 10, 1, 4, 19, 0.0217556379075293
0.00300000000000011, 10, 1, 4, 19, 0.0217556379075293
