norm, level, Npoints, dimSplit, MainGridIndexSplit
3872.82926623815, 0, 962, -1, -1, -1
83.3141449562511, 2, 84, 4, 18, 0.0200336255683399
73.199443255246, 1, 346, 0, 12, 0.132575757575758
54.85995805342, 1, 616, 0, 12, 0.132575757575758
47.1745470486575, 2, 262, 4, 18, 0.0200336255683399
43.3630659448776, 2, 166, 4, 81, 0.26159379994883
40.6440638297872, 5, 16, 4, 97, 0.601622068566827
38.7771853085783, 3, 32, 2, 1, 0.0454545454545454
29.8333887523692, 5, 11, 4, 83, 0.284343083536879
27.1486465863453, 3, 9, 4, 103, 0.865041948010276
26.6657661554773, 4, 89, 0, 15, 0.275252525252525
26.3370888052531, 2, 450, 4, 81, 0.26159379994883
25.5011925797312, 4, 61, 0, 9, 0.0618686868686869
23.5164205072209, 3, 185, 2, 4, 0.590909090909091
21.6126350557254, 5, 28, 4, 53, 0.0751545691169847
21.599029329732, 4, 23, 0, 10, 0.0808080808080808
21.1855387808994, 4, 141, 0, 15, 0.275252525252525
19.6487146050772, 3, 265, 2, 4, 0.590909090909091
17.8860551652229, 4, 124, 0, 9, 0.0618686868686869
17.7331213351727, 6, 53, 1, 6, 0.164414414414414
17.0853542459075, 6, 20, 0, 4, 0.0126262626262626
17.0482764416921, 5, 45, 4, 53, 0.0751545691169847
16.94203125, 6, 9, 0, 18, 0.558080808080808
16.9083768740655, 3, 17, 2, 2, 0.181818181818182
16.8896632822963, 8, 15, 0, 4, 0.0126262626262626
16.5159593879231, 4, 73, 0, 6, 0.026010101010101
15.2144715426816, 6, 72, 1, 6, 0.164414414414414
14.541262336839, 5, 125, 4, 97, 0.601622068566827
14.4639647001097, 3, 230, 2, 1, 0.0454545454545454
14.4149205376466, 9, 6, 1, 24, 0.743243243243243
14.2457903230531, 6, 5, 1, 21, 0.56981981981982
14.1577375927093, 5, 50, 4, 56, 0.078725036164931
13.981629130622, 6, 24, 0, 17, 0.444444444444444
13.7840409836067, 5, 16, 4, 61, 0.084023548930301
13.4703841816037, 10, 2, 0, 7, 0.0353535353535354
13.3754166665131, 5, 8, 2, 1, 0.0454545454545454
13.362597685973, 7, 12, 2, 3, 0.363636363636364
13.352451221343, 8, 24, 0, 4, 0.0126262626262626
13.0892471066207, 7, 33, 3, 2, 0.400252525252525
12.9197214403454, 7, 18, 4, 37, 0.0486682110506046
12.6527151222732, 7, 14, 4, 31, 0.0395255744388036
12.63888278359, 5, 33, 1, 6, 0.164414414414414
12.1084460134112, 6, 32, 0, 17, 0.444444444444444
12.0403561409124, 7, 39, 3, 2, 0.400252525252525
11.9474765250577, 6, 3, 0, 4, 0.0126262626262626
11.7697333333334, 9, 9, 1, 24, 0.743243243243243
11.7601726419554, 6, 5, 4, 94, 0.486490559366218
11.6375886138818, 5, 74, 4, 56, 0.078725036164931
11.5877123766945, 11, 2, 0, 8, 0.0467171717171717
11.4140563002601, 7, 19, 3, 2, 0.400252525252525
11.3516363636363, 6, 1, 0, 17, 0.444444444444444
11.1586458744269, 7, 18, 4, 31, 0.0395255744388036
11.1273516668273, 5, 94, 3, 2, 0.400252525252525
11.1250459398708, 7, 20, 3, 2, 0.400252525252525
11.0171118448884, 9, 10, 2, 1, 0.0454545454545454
10.897897092139, 5, 98, 3, 2, 0.400252525252525
10.8502962540199, 9, 5, 2, 2, 0.181818181818182
10.7479143175942, 6, 48, 1, 11, 0.272522522522523
10.7299470550769, 8, 15, 1, 22, 0.632882882882883
10.5979731570913, 6, 23, 0, 18, 0.558080808080808
10.5307623509025, 6, 50, 1, 11, 0.272522522522523
10.3988206555942, 10, 3, 0, 5, 0.0184343434343434
10.3978154704998, 6, 54, 0, 4, 0.0126262626262626
10.3955934833514, 6, 41, 1, 7, 0.184684684684685
10.3708994574027, 8, 2, 0, 18, 0.558080808080808
10.3209120798579, 7, 28, 4, 96, 0.578309095069458
10.1839116274241, 4, 192, 0, 6, 0.026010101010101
10.1424256432409, 8, 13, 0, 6, 0.026010101010101
10.0847322357443, 6, 60, 3, 2, 0.400252525252525
10.0790302319201, 8, 17, 1, 22, 0.632882882882883
9.9900809030758, 6, 5, 0, 3, 0.00795454545454546
9.84169092452924, 6, 63, 3, 2, 0.400252525252525
9.82349383875209, 6, 5, 0, 17, 0.444444444444444
9.82349383875206, 6, 5, 0, 17, 0.444444444444444
9.768023232373, 5, 15, 2, 1, 0.0454545454545454
9.70223171544616, 5, 56, 1, 6, 0.164414414414414
9.69685295362204, 4, 15, 4, 77, 0.212750155497395
9.65432923046142, 7, 32, 4, 96, 0.578309095069458
9.65089238459226, 7, 24, 4, 94, 0.486490559366218
9.60140068701763, 5, 5, 0, 16, 0.351010101010101
9.52500000000003, 10, 4, 0, 7, 0.0353535353535354
9.46863120460871, 7, 8, 4, 26, 0.0338774705003143
9.4420844205528, 8, 15, 0, 6, 0.026010101010101
9.31115895052739, 9, 14, 2, 1, 0.0454545454545454
9.26521241407897, 7, 35, 4, 37, 0.0486682110506046
9.14330657202772, 6, 53, 1, 7, 0.184684684684685
9.10860729995832, 4, 17, 4, 77, 0.212750155497395
9.09303044944021, 7, 17, 1, 15, 0.38963963963964
9.07571553652944, 9, 8, 0, 5, 0.0184343434343434
9.07571553652928, 9, 8, 0, 5, 0.0184343434343434
9.02689138445037, 8, 15, 0, 13, 0.170454545454545
8.94840749764789, 4, 134, 0, 10, 0.0808080808080808
8.92167449782449, 5, 123, 4, 83, 0.284343083536879
8.71365893774445, 8, 3, 0, 8, 0.0467171717171717
8.67699719565088, 8, 3, 1, 10, 0.240990990990991
8.64618000000004, 9, 4, 2, 2, 0.181818181818182
8.62941521828712, 4, 30, 4, 7, 0.00691788872168195
8.62104587622639, 9, 2, 4, 49, 0.0692091058226616
8.59973165753634, 11, 2, 2, 2, 0.181818181818182
8.59512338496547, 8, 10, 0, 5, 0.0184343434343434
8.51704572209632, 3, 67, 2, 2, 0.181818181818182
8.21921403839643, 5, 45, 4, 61, 0.084023548930301
8.19463636363639, 11, 4, 0, 8, 0.0467171717171717
8.16373280634132, 10, 3, 0, 6, 0.026010101010101
8.16373280634127, 10, 3, 0, 6, 0.026010101010101
8.10529999999997, 9, 4, 3, 1, 0.0997474747474748
7.97833333333334, 8, 1, 0, 7, 0.0353535353535354
7.94664910512605, 10, 3, 0, 8, 0.0467171717171717
7.88025345150777, 6, 6, 4, 97, 0.601622068566827
7.82162639422954, 6, 11, 4, 75, 0.204510284651682
7.81752336748128, 7, 23, 1, 15, 0.38963963963964
7.8017606246568, 5, 10, 4, 9, 0.0079337803296631
7.77035984816364, 4, 37, 4, 7, 0.00691788872168195
7.67231805910059, 9, 10, 2, 2, 0.181818181818182
7.59057372472028, 5, 8, 0, 16, 0.351010101010101
7.5707828604023, 7, 39, 4, 94, 0.486490559366218
7.47466666666668, 11, 1, 4, 84, 0.293759463138283
7.38651893526962, 8, 3, 2, 2, 0.181818181818182
7.33976838871636, 9, 2, 0, 10, 0.0808080808080808
7.33333333333331, 8, 4, 0, 18, 0.558080808080808
7.31630530006788, 6, 8, 0, 4, 0.0126262626262626
7.26420509871981, 8, 14, 0, 5, 0.0184343434343434
7.22918914423136, 7, 41, 2, 3, 0.363636363636364
7.13638424145351, 8, 24, 0, 13, 0.170454545454545
7.11873851708586, 8, 7, 2, 2, 0.181818181818182
7.09144901888885, 8, 3, 0, 16, 0.351010101010101
7.01514285714288, 11, 1, 0, 5, 0.0184343434343434
6.99484586030521, 9, 8, 2, 3, 0.363636363636364
6.98197235743597, 10, 2, 0, 4, 0.0126262626262626
6.868756705026, 8, 2, 4, 55, 0.0776266165618163
6.85437623590879, 6, 19, 3, 2, 0.400252525252525
6.81571428571425, 9, 4, 4, 97, 0.601622068566827
6.77524285714293, 8, 16, 4, 27, 0.0352394625411507
6.69533333333322, 7, 16, 4, 26, 0.0338774705003143
6.69016885997653, 11, 6, 0, 8, 0.0467171717171717
6.66339190680721, 4, 3, 2, 3, 0.363636363636364
6.61794973739354, 9, 6, 3, 1, 0.0997474747474748
6.59480392156865, 9, 9, 2, 3, 0.363636363636364
6.58954325849338, 5, 5, 0, 15, 0.275252525252525
6.58840000000004, 8, 4, 1, 9, 0.227477477477477
6.50009363148337, 3, 157, 4, 103, 0.865041948010276
6.4342, 6, 9, 4, 97, 0.601622068566827
6.38706666666666, 9, 1, 1, 25, 0.835585585585586
6.21738924889079, 8, 19, 4, 27, 0.0352394625411507
6.21468207607329, 9, 6, 2, 1, 0.0454545454545454
6.19456282936813, 11, 7, 0, 8, 0.0467171717171717
6.13666666666666, 11, 1, 0, 3, 0.00795454545454546
6.12637315220024, 8, 2, 0, 6, 0.026010101010101
6.06980460970531, 7, 2, 0, 20, 0.898989898989899
6.04384368931034, 11, 2, 4, 69, 0.110861739138859
6.01598980495594, 7, 3, 0, 15, 0.275252525252525
6.01598980495589, 7, 3, 0, 15, 0.275252525252525
5.99289579418838, 9, 3, 0, 10, 0.0808080808080808
5.95596395659413, 8, 10, 2, 2, 0.181818181818182
5.92667682926833, 7, 16, 0, 8, 0.0467171717171717
5.90489171626392, 10, 7, 0, 9, 0.0618686868686869
5.89034848484846, 8, 16, 1, 12, 0.313063063063063
5.88184925216073, 5, 6, 4, 49, 0.0692091058226616
5.85946636479545, 6, 26, 3, 2, 0.400252525252525
5.81171063457231, 6, 8, 4, 102, 0.786411515216059
5.81171063457215, 6, 8, 4, 102, 0.786411515216059
5.75852610310154, 7, 8, 0, 17, 0.444444444444444
5.71447740581816, 8, 17, 1, 12, 0.313063063063063
5.71345826390055, 7, 3, 1, 23, 0.698198198198198
5.70585000000004, 7, 9, 0, 3, 0.00795454545454546
5.70108531425525, 6, 6, 3, 2, 0.400252525252525
5.70075655797838, 10, 3, 0, 4, 0.0126262626262626
5.65282926829275, 8, 16, 0, 8, 0.0467171717171717
5.58897199849847, 6, 2, 0, 16, 0.351010101010101
5.57134761906998, 10, 3, 0, 3, 0.00795454545454546
5.55875000000003, 9, 4, 1, 17, 0.436936936936937
5.51667784288908, 5, 20, 4, 9, 0.0079337803296631
5.49925, 10, 1, 0, 9, 0.0618686868686869
5.49301279012709, 8, 5, 0, 16, 0.351010101010101
5.479625, 8, 4, 4, 15, 0.0180125300509641
5.46750000000002, 9, 1, 0, 15, 0.275252525252525
5.43894786081399, 11, 5, 2, 2, 0.181818181818182
5.43060697328848, 10, 11, 0, 5, 0.0184343434343434
5.42197885656962, 11, 3, 3, 3, 0.800505050505051
5.41611111111109, 10, 4, 0, 5, 0.0184343434343434
5.35615816979337, 7, 7, 0, 7, 0.0353535353535354
5.34608081916097, 9, 8, 3, 3, 0.800505050505051
5.34608081916089, 9, 8, 3, 3, 0.800505050505051
5.3386561979584, 12, 2, 0, 5, 0.0184343434343434
5.313, 8, 1, 4, 48, 0.067745494454136
5.29858681369122, 6, 2, 0, 15, 0.275252525252525
5.28538748710904, 11, 2, 4, 84, 0.293759463138283
5.20762500000006, 10, 9, 0, 9, 0.0618686868686869
5.20551676243865, 8, 3, 2, 1, 0.0454545454545454
5.16113551637702, 7, 11, 0, 3, 0.00795454545454546
5.07426666666665, 9, 9, 2, 1, 0.0454545454545454
5.07212408484779, 7, 7, 0, 10, 0.0808080808080808
5.03664747039649, 6, 40, 1, 21, 0.56981981981982
5.03083333333338, 8, 9, 0, 8, 0.0467171717171717
5.00966666666663, 8, 9, 1, 10, 0.240990990990991
5.00216273225893, 8, 3, 0, 6, 0.026010101010101
5.00146991193588, 10, 3, 4, 102, 0.786411515216059
4.96957997234509, 6, 28, 4, 94, 0.486490559366218
4.96059351287722, 11, 3, 3, 3, 0.800505050505051
4.929, 14, 1, 4, 88, 0.375097158937352
4.929, 14, 1, 4, 88, 0.375097158937352
4.88292587748372, 8, 2, 4, 41, 0.0589841673467433
4.85797737158761, 10, 7, 1, 14, 0.353603603603604
4.85797737158757, 10, 7, 1, 14, 0.353603603603604
4.84431704725453, 10, 5, 0, 5, 0.0184343434343434
4.84396875850096, 5, 3, 0, 8, 0.0467171717171717
4.84396875850094, 5, 3, 0, 8, 0.0467171717171717
4.84125708502092, 10, 2, 4, 80, 0.244079764845808
4.7413414634147, 7, 25, 0, 8, 0.0467171717171717
4.71172960300692, 4, 6, 2, 3, 0.363636363636364
4.69557142857147, 11, 4, 3, 3, 0.800505050505051
4.67426901866421, 8, 3, 4, 20, 0.0246350245742943
4.67227876736823, 11, 2, 3, 1, 0.0997474747474748
4.65951072300277, 5, 10, 0, 15, 0.275252525252525
4.65789923841396, 6, 23, 0, 3, 0.00795454545454546
4.65594074275013, 10, 5, 0, 7, 0.0353535353535354
4.65594074275003, 10, 5, 0, 7, 0.0353535353535354
4.65572727272729, 8, 1, 0, 5, 0.0184343434343434
4.63114285714286, 10, 1, 3, 1, 0.0997474747474748
4.61782533394964, 8, 6, 0, 16, 0.351010101010101
4.56337652767477, 6, 3, 0, 16, 0.351010101010101
4.55933333333334, 11, 1, 4, 72, 0.171932627919944
4.55119139830928, 11, 3, 4, 11, 0.00893715698736393
4.54583333333326, 10, 9, 0, 14, 0.217171717171717
4.52226341463401, 8, 25, 0, 8, 0.0467171717171717
4.51054897804398, 10, 3, 4, 73, 0.179360578437554
4.48694608001923, 6, 2, 4, 88, 0.375097158937352
4.48250000000002, 11, 1, 0, 6, 0.026010101010101
4.46876743707567, 6, 6, 1, 8, 0.202702702702703
4.45499999999998, 13, 1, 0, 11, 0.103535353535354
4.41650000000003, 14, 1, 4, 14, 0.0167757737040485
4.41604169548367, 6, 10, 3, 2, 0.400252525252525
4.40933333333332, 10, 1, 2, 3, 0.363636363636364
4.4052752467922, 5, 2, 0, 15, 0.275252525252525
4.40527524679218, 5, 2, 0, 15, 0.275252525252525
4.35255897145572, 10, 10, 0, 8, 0.0467171717171717
4.34403356498498, 5, 11, 4, 49, 0.0692091058226616
4.33927861388148, 11, 2, 0, 3, 0.00795454545454546
4.33638284325371, 12, 2, 4, 43, 0.0622011646212767
4.31063620476101, 9, 10, 4, 97, 0.601622068566827
4.28035304878255, 8, 2, 3, 1, 0.0997474747474748
4.25750143760969, 7, 19, 1, 4, 0.128378378378378
4.25501505579006, 7, 2, 0, 3, 0.00795454545454546
4.21944758469634, 7, 2, 4, 103, 0.865041948010276
4.2083061121232, 8, 3, 4, 55, 0.0776266165618163
4.19455742599863, 8, 2, 0, 3, 0.00795454545454546
4.16192227897324, 8, 10, 1, 18, 0.475225225225225
4.16000000000001, 8, 1, 0, 20, 0.898989898989899
4.15394848911939, 6, 39, 4, 75, 0.204510284651682
4.11186096167928, 10, 11, 0, 14, 0.217171717171717
4.0955303595415, 11, 3, 1, 14, 0.353603603603604
4.09159328754176, 8, 6, 0, 5, 0.0184343434343434
4.07666666666665, 10, 1, 0, 4, 0.0126262626262626
4.07258288359489, 9, 6, 0, 13, 0.170454545454545
4.04002508243038, 7, 6, 1, 23, 0.698198198198198
4.03668874460657, 8, 3, 0, 19, 0.70959595959596
4.035, 9, 1, 0, 17, 0.444444444444444
4.035, 9, 1, 0, 17, 0.444444444444444
4.03425631870371, 8, 8, 4, 73, 0.179360578437554
4.02654885478868, 12, 2, 1, 18, 0.475225225225225
4.02286120565949, 7, 3, 2, 5, 0.863636363636364
4.01188817419205, 9, 2, 3, 3, 0.800505050505051
3.988, 9, 1, 2, 1, 0.0454545454545454
3.96666931065968, 9, 6, 0, 13, 0.170454545454545
3.94111015257045, 8, 2, 3, 2, 0.400252525252525
3.93679429858528, 7, 11, 1, 8, 0.202702702702703
3.91749999999999, 11, 1, 0, 9, 0.0618686868686869
3.91383603386754, 12, 2, 0, 10, 0.0808080808080808
3.91383603386754, 12, 2, 0, 10, 0.0808080808080808
3.87389875883737, 7, 12, 0, 10, 0.0808080808080808
3.83500000000001, 10, 1, 0, 11, 0.103535353535354
3.83499999999999, 10, 1, 0, 11, 0.103535353535354
3.83000000000001, 11, 1, 0, 5, 0.0184343434343434
3.82246237605112, 11, 5, 4, 69, 0.110861739138859
3.8160928292537, 10, 3, 4, 21, 0.0272340315353993
3.81489963869737, 11, 3, 3, 1, 0.0997474747474748
3.80833333333334, 9, 1, 0, 11, 0.103535353535354
3.80355555555556, 10, 4, 4, 88, 0.375097158937352
3.79724998360878, 8, 5, 4, 59, 0.0828015312645006
3.78339392630193, 7, 6, 1, 1, 0.0337837837837838
3.77595021153619, 11, 2, 0, 2, 0.00416666666666667
3.77595021153615, 11, 2, 0, 2, 0.00416666666666667
3.77500000000003, 12, 4, 0, 5, 0.0184343434343434
3.77350231640118, 9, 21, 2, 2, 0.181818181818182
3.76919357912604, 7, 12, 1, 8, 0.202702702702703
3.76333333333332, 8, 1, 0, 15, 0.275252525252525
3.75388888888892, 9, 4, 0, 4, 0.0126262626262626
3.74666666666667, 6, 4, 0, 15, 0.275252525252525
3.72928116397787, 6, 2, 1, 24, 0.743243243243243
3.71236223088931, 10, 3, 0, 8, 0.0467171717171717
3.7108776159114, 12, 3, 0, 7, 0.0353535353535354
3.70740000000001, 6, 1, 4, 87, 0.357350407816721
3.70178404865239, 9, 7, 0, 18, 0.558080808080808
3.70178404865235, 9, 7, 0, 18, 0.558080808080808
3.70013045408293, 11, 7, 3, 3, 0.800505050505051
3.68633333333334, 8, 1, 0, 17, 0.444444444444444
3.67933333333335, 9, 1, 3, 3, 0.800505050505051
3.67050433637306, 7, 3, 3, 1, 0.0997474747474748
3.66139891298398, 8, 2, 4, 34, 0.0437591097547004
3.642011690267, 7, 20, 0, 17, 0.444444444444444
3.63175, 7, 1, 4, 82, 0.274718983341981
3.60000000000001, 8, 1, 0, 4, 0.0126262626262626
3.59999999999999, 8, 1, 0, 4, 0.0126262626262626
3.59, 10, 1, 0, 11, 0.103535353535354
3.58970260790825, 6, 10, 0, 17, 0.444444444444444
3.58145454545453, 11, 4, 1, 13, 0.326576576576577
3.56801913609715, 8, 5, 0, 7, 0.0353535353535354
3.53506250141195, 8, 2, 1, 1, 0.0337837837837838
3.50766931166555, 11, 6, 3, 3, 0.800505050505051
3.49385621484342, 10, 5, 4, 73, 0.179360578437554
3.47230480350409, 9, 6, 0, 16, 0.351010101010101
3.46901734028667, 8, 12, 3, 2, 0.400252525252525
3.46639912084769, 8, 6, 4, 59, 0.0828015312645006
3.44516452630835, 7, 3, 4, 103, 0.865041948010276
3.41136595515638, 7, 2, 4, 51, 0.0718603446010522
3.40200351136763, 10, 5, 4, 88, 0.375097158937352
3.38262640100254, 9, 7, 0, 7, 0.0353535353535354
3.36000000000001, 11, 1, 0, 11, 0.103535353535354
3.36, 11, 1, 0, 11, 0.103535353535354
3.35758029421465, 9, 5, 0, 4, 0.0126262626262626
3.3531111111111, 12, 1, 4, 21, 0.0272340315353993
3.32999999999998, 8, 1, 0, 15, 0.275252525252525
3.32587674531094, 10, 2, 0, 14, 0.217171717171717
3.32372839763377, 7, 11, 1, 12, 0.313063063063063
3.29666666666667, 11, 1, 0, 10, 0.0808080808080808
3.29419999999982, 8, 16, 1, 9, 0.227477477477477
3.29395649080754, 8, 12, 4, 73, 0.179360578437554
3.28766337287338, 12, 3, 1, 18, 0.475225225225225
3.27423063678437, 10, 7, 4, 102, 0.786411515216059
3.27095001941162, 9, 10, 2, 5, 0.863636363636364
3.26519999999994, 10, 4, 4, 65, 0.0928774452980315
3.26320833333338, 11, 9, 3, 3, 0.800505050505051
3.2584490613963, 9, 14, 4, 49, 0.0692091058226616
3.24444703631123, 7, 7, 0, 20, 0.898989898989899
3.22393551768985, 11, 2, 4, 72, 0.171932627919944
3.21531554930971, 12, 2, 1, 14, 0.353603603603604
3.21499999999998, 10, 1, 0, 5, 0.0184343434343434
3.21371428571427, 12, 4, 0, 7, 0.0353535353535354
3.17500000000007, 6, 4, 0, 14, 0.217171717171717
3.17499999999995, 6, 4, 0, 14, 0.217171717171717
3.17499346784103, 10, 3, 0, 9, 0.0618686868686869
3.16466666666668, 11, 1, 2, 3, 0.363636363636364
3.16366296880824, 8, 12, 4, 15, 0.0180125300509641
3.15787503235955, 7, 3, 4, 74, 0.194361280550399
3.15666259679424, 9, 3, 0, 15, 0.275252525252525
3.15460913684242, 9, 10, 0, 13, 0.170454545454545
3.1371945439933, 8, 13, 0, 16, 0.351010101010101
3.13687766205146, 7, 35, 1, 4, 0.128378378378378
3.13500000000001, 11, 1, 0, 14, 0.217171717171717
3.13499999999999, 11, 1, 0, 14, 0.217171717171717
3.13248304065645, 10, 2, 0, 2, 0.00416666666666667
3.12680565633685, 8, 5, 0, 19, 0.70959595959596
3.10025000000002, 10, 1, 2, 3, 0.363636363636364
3.09833333333333, 7, 1, 0, 6, 0.026010101010101
3.09369298245608, 9, 9, 0, 8, 0.0467171717171717
3.08634782608704, 7, 4, 4, 5, 0.00604237658698964
3.06, 6, 1, 0, 11, 0.103535353535354
3.0589941762564, 9, 3, 4, 60, 0.0833233322906506
3.05710545778191, 6, 2, 0, 18, 0.558080808080808
3.05666666666666, 8, 1, 0, 4, 0.0126262626262626
3.04972255125327, 10, 13, 2, 3, 0.363636363636364
3.04763022691402, 12, 2, 0, 8, 0.0467171717171717
3.02666666666667, 8, 4, 3, 1, 0.0997474747474748
3.02499999999998, 8, 1, 0, 16, 0.351010101010101
3.0245, 11, 1, 0, 14, 0.217171717171717
3.02224509346937, 8, 8, 3, 3, 0.800505050505051
3.01733333333334, 12, 1, 2, 2, 0.181818181818182
3.01086067429233, 12, 2, 2, 4, 0.590909090909091
3.01086067429231, 12, 2, 2, 4, 0.590909090909091
2.94156420973604, 8, 2, 0, 20, 0.898989898989899
2.92549500622159, 6, 14, 1, 8, 0.202702702702703
2.91061515071218, 9, 5, 0, 7, 0.0353535353535354
2.90954140212621, 10, 11, 0, 3, 0.00795454545454546
2.8959772897871, 11, 6, 1, 14, 0.353603603603604
2.88500000000001, 11, 1, 0, 19, 0.70959595959596
2.88499999999999, 11, 1, 0, 19, 0.70959595959596
2.88263864463719, 10, 2, 0, 4, 0.0126262626262626
2.87933881299162, 9, 2, 2, 5, 0.863636363636364
2.87933881299162, 9, 2, 2, 5, 0.863636363636364
2.87558341906473, 10, 5, 0, 8, 0.0467171717171717
2.86881294527748, 9, 13, 2, 5, 0.863636363636364
2.86392007878832, 11, 6, 0, 5, 0.0184343434343434
2.86078648227434, 8, 20, 2, 2, 0.181818181818182
2.84586909201545, 10, 2, 0, 2, 0.00416666666666667
2.84316043339096, 7, 5, 3, 1, 0.0997474747474748
2.84276086956521, 9, 4, 4, 6, 0.00648491626136443
2.83683333333335, 9, 4, 3, 3, 0.800505050505051
2.83524999999999, 8, 1, 4, 96, 0.578309095069458
2.83010829441771, 9, 10, 0, 7, 0.0353535353535354
2.82757294335621, 8, 3, 4, 82, 0.274718983341981
2.82757294335618, 8, 3, 4, 82, 0.274718983341981
2.82000000000001, 11, 1, 0, 11, 0.103535353535354
2.80702452241188, 9, 3, 3, 1, 0.0997474747474748
2.78536863867845, 7, 3, 4, 51, 0.0718603446010522
2.77969026752581, 8, 13, 0, 5, 0.0184343434343434
2.76466666666667, 11, 1, 0, 5, 0.0184343434343434
2.7632, 9, 1, 0, 18, 0.558080808080808
2.75753966993225, 10, 2, 2, 4, 0.590909090909091
2.75642132375474, 8, 5, 2, 5, 0.863636363636364
2.74898275862085, 10, 16, 2, 3, 0.363636363636364
2.74256931823171, 12, 5, 4, 43, 0.0622011646212767
2.73366666666668, 11, 1, 4, 76, 0.20691329301129
2.71973471095238, 9, 2, 0, 2, 0.00416666666666667
2.71794062665104, 9, 5, 3, 3, 0.800505050505051
2.71794062665104, 9, 5, 3, 3, 0.800505050505051
2.71249999999999, 12, 1, 0, 8, 0.0467171717171717
2.70821897194447, 11, 2, 0, 5, 0.0184343434343434
2.70732515975849, 11, 7, 1, 13, 0.326576576576577
2.69838511720265, 10, 6, 4, 21, 0.0272340315353993
2.69761237022672, 11, 2, 0, 4, 0.0126262626262626
2.69761237022668, 11, 2, 0, 4, 0.0126262626262626
2.69549104988313, 10, 2, 2, 3, 0.363636363636364
2.6948211375037, 9, 13, 0, 13, 0.170454545454545
2.69158097902828, 9, 6, 1, 10, 0.240990990990991
2.69158097902824, 9, 6, 1, 10, 0.240990990990991
2.69, 10, 1, 0, 11, 0.103535353535354
2.69, 10, 1, 0, 11, 0.103535353535354
2.68999999999998, 12, 1, 0, 5, 0.0184343434343434
2.68963573538542, 9, 10, 0, 16, 0.351010101010101
2.68666666666667, 9, 1, 0, 10, 0.0808080808080808
2.67687057131187, 11, 2, 2, 3, 0.363636363636364
2.667, 13, 1, 3, 3, 0.800505050505051
2.667, 13, 1, 3, 3, 0.800505050505051
2.6660246360453, 10, 6, 4, 65, 0.0928774452980315
2.66107851986541, 8, 2, 0, 15, 0.275252525252525
2.65836794387083, 10, 2, 0, 11, 0.103535353535354
2.65836794387083, 10, 2, 0, 11, 0.103535353535354
2.63722545111337, 7, 2, 4, 8, 0.00740754908006669
2.63475281699563, 9, 6, 3, 1, 0.0997474747474748
2.63358085503367, 7, 7, 2, 5, 0.863636363636364
2.63069650156253, 10, 3, 4, 37, 0.0486682110506046
2.63069650156253, 10, 3, 4, 37, 0.0486682110506046
2.61666666666667, 12, 1, 0, 9, 0.0618686868686869
2.60663129771402, 8, 2, 0, 17, 0.444444444444444
2.60168155024569, 9, 2, 3, 3, 0.800505050505051
2.59066666666669, 8, 1, 4, 17, 0.0191899869089483
2.59053952713843, 6, 6, 4, 88, 0.375097158937352
2.58797258164248, 11, 3, 0, 6, 0.026010101010101
2.58333333333333, 10, 1, 0, 10, 0.0808080808080808
2.58333333333333, 9, 1, 0, 20, 0.898989898989899
2.5775, 10, 1, 0, 9, 0.0618686868686869
2.57386331330069, 9, 5, 0, 13, 0.170454545454545
2.57209544923981, 13, 3, 0, 11, 0.103535353535354
2.56999999999999, 10, 1, 0, 14, 0.217171717171717
2.56250000000001, 9, 1, 2, 2, 0.181818181818182
2.55840000000001, 11, 1, 0, 5, 0.0184343434343434
2.55766169251003, 10, 3, 0, 2, 0.00416666666666667
2.54986746387596, 14, 3, 4, 14, 0.0167757737040485
2.53851334445971, 10, 2, 0, 11, 0.103535353535354
2.52246598142871, 5, 5, 4, 6, 0.00648491626136443
2.51625689501446, 8, 6, 2, 5, 0.863636363636364
2.515, 12, 1, 0, 9, 0.0618686868686869
2.515, 12, 1, 0, 9, 0.0618686868686869
2.50572367127874, 8, 23, 3, 2, 0.400252525252525
2.49611615381444, 6, 3, 0, 18, 0.558080808080808
2.49257691834726, 8, 5, 3, 2, 0.400252525252525
2.49150000000003, 7, 4, 3, 3, 0.800505050505051
2.49149999999997, 7, 4, 3, 3, 0.800505050505051
2.48918403810213, 9, 6, 0, 8, 0.0467171717171717
2.48594857398533, 9, 20, 1, 17, 0.436936936936937
2.48400000000001, 9, 1, 0, 5, 0.0184343434343434
2.46866666666668, 11, 1, 4, 51, 0.0718603446010522
2.46765278554348, 8, 12, 3, 3, 0.800505050505051
2.46471428571431, 10, 4, 3, 1, 0.0997474747474748
2.46459492953043, 9, 6, 1, 6, 0.164414414414414
2.45991877850179, 9, 7, 0, 7, 0.0353535353535354
2.45663408786629, 7, 6, 0, 3, 0.00795454545454546
2.45333333333333, 8, 1, 0, 10, 0.0808080808080808
2.44396491426147, 8, 29, 1, 18, 0.475225225225225
2.44105738222605, 8, 11, 4, 20, 0.0246350245742943
2.43668996796886, 13, 2, 4, 80, 0.244079764845808
2.4295, 12, 1, 4, 73, 0.179360578437554
2.42847222222218, 8, 16, 4, 55, 0.0776266165618163
2.41571246679365, 10, 2, 0, 16, 0.351010101010101
2.40999999999998, 12, 1, 0, 5, 0.0184343434343434
2.39618418028544, 7, 6, 3, 2, 0.400252525252525
2.38719249328577, 11, 2, 4, 32, 0.0409687585124503
2.38, 13, 1, 0, 5, 0.0184343434343434
2.37668690682246, 10, 2, 4, 61, 0.084023548930301
2.35466558135123, 8, 2, 0, 15, 0.275252525252525
2.33557369825918, 8, 2, 1, 4, 0.128378378378378
2.33109535531166, 11, 2, 0, 10, 0.0808080808080808
2.31506760160476, 10, 2, 3, 3, 0.800505050505051
2.31506760160472, 10, 2, 3, 3, 0.800505050505051
2.31450000000001, 13, 4, 0, 10, 0.0808080808080808
2.31449999999995, 13, 4, 0, 10, 0.0808080808080808
2.3131858448045, 12, 6, 1, 16, 0.414414414414414
2.3045366145079, 9, 7, 0, 8, 0.0467171717171717
2.28177152355658, 9, 7, 1, 6, 0.164414414414414
2.27999999999999, 12, 1, 0, 10, 0.0808080808080808
2.26435794386824, 10, 2, 4, 30, 0.0378992342401869
2.26392021109894, 7, 2, 2, 3, 0.363636363636364
2.26176967955037, 11, 3, 0, 9, 0.0618686868686869
2.25821621639732, 7, 2, 4, 8, 0.00740754908006669
2.25801690280064, 7, 3, 4, 73, 0.179360578437554
2.25801690280061, 7, 3, 4, 73, 0.179360578437554
2.24949999999998, 11, 1, 0, 4, 0.0126262626262626
2.23870006923661, 9, 2, 0, 11, 0.103535353535354
2.23775726019501, 11, 2, 2, 3, 0.363636363636364
2.22258203002911, 8, 3, 4, 56, 0.078725036164931
2.22, 8, 1, 0, 10, 0.0808080808080808
2.21966666666667, 7, 1, 3, 3, 0.800505050505051
2.21314814058348, 7, 41, 0, 7, 0.0353535353535354
2.20085922615086, 10, 3, 2, 3, 0.363636363636364
2.19910208949017, 7, 2, 0, 14, 0.217171717171717
2.19910208949013, 7, 2, 0, 14, 0.217171717171717
2.19766666666666, 11, 1, 4, 38, 0.0506681897441603
2.19085251037632, 7, 2, 0, 6, 0.026010101010101
2.18576807590206, 10, 2, 3, 3, 0.800505050505051
2.18333333333331, 14, 1, 0, 10, 0.0808080808080808
2.17266666666667, 8, 1, 3, 3, 0.800505050505051
2.16902316723449, 8, 6, 4, 48, 0.067745494454136
2.16900000000001, 10, 1, 3, 1, 0.0997474747474748
2.169, 10, 1, 3, 1, 0.0997474747474748
2.16374675043084, 6, 2, 0, 11, 0.103535353535354
2.163035525641, 9, 6, 4, 60, 0.0833233322906506
2.16269637335744, 11, 3, 2, 1, 0.0454545454545454
2.16138972782688, 8, 2, 0, 4, 0.0126262626262626
2.16000000000001, 9, 1, 0, 13, 0.170454545454545
2.16, 9, 1, 0, 13, 0.170454545454545
2.15700000000001, 13, 1, 4, 62, 0.0856939327900282
2.157, 13, 1, 4, 62, 0.0856939327900282
2.15560939880316, 9, 3, 1, 22, 0.632882882882883
2.15499999999992, 12, 4, 0, 8, 0.0467171717171717
2.15328556396963, 7, 3, 4, 8, 0.00740754908006669
2.14600000000002, 11, 1, 0, 4, 0.0126262626262626
2.13999999999999, 9, 1, 0, 14, 0.217171717171717
2.13357686110021, 12, 2, 2, 2, 0.181818181818182
2.13200000000001, 9, 1, 4, 99, 0.6623678444522
2.12899999999999, 9, 1, 0, 5, 0.0184343434343434
2.12665955617019, 11, 6, 3, 3, 0.800505050505051
2.12139999999999, 9, 4, 1, 3, 0.105855855855856
2.10265194536179, 13, 3, 1, 8, 0.202702702702703
2.09679184012942, 7, 3, 4, 82, 0.274718983341981
2.09644157265083, 9, 13, 4, 62, 0.0856939327900282
2.08242947059438, 11, 2, 4, 92, 0.455244555401909
2.08242947059438, 11, 2, 4, 92, 0.455244555401909
2.0804, 11, 1, 0, 6, 0.026010101010101
2.0761515680059, 8, 3, 1, 23, 0.698198198198198
2.0761515680059, 8, 3, 1, 23, 0.698198198198198
2.07515637227364, 7, 8, 3, 2, 0.400252525252525
2.07400000000001, 9, 1, 0, 17, 0.444444444444444
2.07225019736358, 7, 20, 1, 1, 0.0337837837837838
2.06950000000001, 10, 1, 0, 5, 0.0184343434343434
2.06731448157124, 7, 7, 4, 74, 0.194361280550399
2.04249999999999, 12, 1, 0, 8, 0.0467171717171717
2.04132678455027, 7, 5, 3, 1, 0.0997474747474748
2.03899999999997, 10, 1, 4, 38, 0.0506681897441603
2.03354410639476, 12, 5, 1, 14, 0.353603603603604
2.03, 6, 1, 0, 16, 0.351010101010101
2.03, 6, 1, 0, 16, 0.351010101010101
2.02833333333336, 9, 4, 4, 32, 0.0409687585124503
2.02755798437429, 10, 2, 4, 58, 0.081739484313027
2.01666666666665, 13, 1, 0, 11, 0.103535353535354
2.014, 9, 1, 0, 5, 0.0184343434343434
2.01233333333332, 10, 4, 0, 2, 0.00416666666666667
2.01060000000001, 9, 1, 3, 2, 0.400252525252525
2.00549625280128, 11, 2, 1, 4, 0.128378378378378
2.005, 9, 1, 0, 16, 0.351010101010101
2.005, 10, 1, 0, 16, 0.351010101010101
1.99404112294606, 11, 2, 0, 11, 0.103535353535354
1.99399999999997, 9, 4, 2, 1, 0.0454545454545454
1.98954902762743, 13, 3, 4, 80, 0.244079764845808
1.98555584157182, 7, 2, 3, 3, 0.800505050505051
1.97954543393174, 9, 2, 4, 38, 0.0506681897441603
1.97866666666668, 13, 1, 4, 92, 0.455244555401909
1.97450000000001, 12, 1, 4, 95, 0.534067194388448
1.97449999999999, 12, 1, 4, 95, 0.534067194388448
1.97191381375778, 10, 5, 2, 3, 0.363636363636364
1.9707236842105, 11, 16, 4, 11, 0.00893715698736393
1.9689041624758, 11, 7, 3, 3, 0.800505050505051
1.96183621470635, 8, 3, 3, 1, 0.0997474747474748
1.96000000000004, 10, 1, 0, 9, 0.0618686868686869
1.96000000000001, 8, 1, 4, 90, 0.412079181780135
1.95999999999999, 8, 1, 4, 90, 0.412079181780135
1.95000000000002, 12, 1, 0, 7, 0.0353535353535354
1.94483062495929, 10, 3, 3, 3, 0.800505050505051
1.93499770671701, 7, 2, 4, 15, 0.0180125300509641
1.93499770671697, 7, 2, 4, 15, 0.0180125300509641
1.93299423750362, 11, 2, 4, 76, 0.20691329301129
1.932, 12, 1, 4, 5, 0.00604237658698964
1.93199999999999, 12, 1, 4, 5, 0.00604237658698964
1.92666666666665, 7, 1, 0, 15, 0.275252525252525
1.92019583419675, 10, 6, 0, 14, 0.217171717171717
1.919750418768, 10, 3, 2, 3, 0.363636363636364
1.905, 9, 1, 0, 20, 0.898989898989899
1.90499999999999, 9, 1, 0, 20, 0.898989898989899
1.90446203170565, 11, 3, 0, 11, 0.103535353535354
1.89976021878786, 9, 2, 0, 10, 0.0808080808080808
1.89333333333335, 9, 1, 0, 13, 0.170454545454545
1.89283333333333, 11, 4, 2, 3, 0.363636363636364
1.89216666666665, 8, 1, 4, 25, 0.0319165363830463
1.8906561543225, 10, 6, 3, 1, 0.0997474747474748
1.88970689655184, 9, 16, 4, 62, 0.0856939327900282
1.88201170736707, 8, 15, 4, 55, 0.0776266165618163
1.88199999999998, 10, 1, 0, 5, 0.0184343434343434
1.88000000000001, 9, 1, 0, 7, 0.0353535353535354
1.88, 9, 1, 0, 7, 0.0353535353535354
1.87639999999999, 10, 1, 4, 35, 0.0452335812040479
1.875, 13, 1, 0, 9, 0.0618686868686869
1.875, 13, 1, 0, 9, 0.0618686868686869
1.875, 9, 1, 0, 16, 0.351010101010101
1.875, 9, 1, 0, 16, 0.351010101010101
1.87, 11, 1, 0, 10, 0.0808080808080808
1.86464058198893, 6, 8, 1, 24, 0.743243243243243
1.86346787856275, 7, 6, 3, 1, 0.0997474747474748
1.86333333333334, 8, 1, 0, 2, 0.00416666666666667
1.86275496390576, 10, 2, 3, 3, 0.800505050505051
1.86199999999999, 10, 1, 4, 2, 0.000339506812356317
1.85618111544463, 10, 3, 0, 5, 0.0184343434343434
1.855, 10, 1, 0, 14, 0.217171717171717
1.85499999999999, 10, 1, 0, 14, 0.217171717171717
1.85369999999998, 6, 4, 4, 87, 0.357350407816721
1.8502627441048, 12, 2, 0, 9, 0.0618686868686869
1.85007418229648, 11, 2, 3, 1, 0.0997474747474748
1.8475, 11, 1, 0, 10, 0.0808080808080808
1.84557250602621, 8, 14, 4, 41, 0.0589841673467433
1.84475608143733, 10, 5, 3, 2, 0.400252525252525
1.84475608143727, 10, 5, 3, 2, 0.400252525252525
1.84382581968396, 7, 3, 4, 8, 0.00740754908006669
1.84254460788999, 9, 6, 1, 19, 0.529279279279279
1.84, 14, 1, 0, 5, 0.0184343434343434
1.84, 14, 1, 0, 5, 0.0184343434343434
1.83322222222222, 10, 1, 2, 1, 0.0454545454545454
1.83187796779395, 8, 2, 4, 17, 0.0191899869089483
1.82669251806525, 10, 2, 0, 10, 0.0808080808080808
1.82669251806525, 9, 2, 0, 20, 0.898989898989899
1.82642857142856, 11, 1, 2, 5, 0.863636363636364
1.81999620268231, 9, 10, 0, 13, 0.170454545454545
1.81726442764944, 10, 2, 0, 14, 0.217171717171717
1.807, 12, 1, 3, 3, 0.800505050505051
1.80666666666667, 12, 1, 0, 15, 0.275252525252525
1.80550000000005, 10, 4, 1, 21, 0.56981981981982
1.8055, 10, 4, 1, 21, 0.56981981981982
1.80241518524453, 10, 2, 3, 3, 0.800505050505051
1.79666666666667, 9, 1, 0, 2, 0.00416666666666667
1.79400000000001, 10, 4, 4, 100, 0.705914182813912
1.79178605072231, 12, 10, 1, 16, 0.414414414414414
1.78993017205511, 10, 3, 2, 3, 0.363636363636364
1.78333333333333, 11, 1, 0, 2, 0.00416666666666667
1.78200000000001, 13, 1, 3, 3, 0.800505050505051
1.78200000000001, 13, 1, 3, 3, 0.800505050505051
1.76518231115968, 7, 39, 1, 12, 0.313063063063063
1.7585, 10, 1, 4, 79, 0.228732574440079
1.7585, 10, 1, 4, 79, 0.228732574440079
1.75701892989234, 12, 2, 4, 94, 0.486490559366218
1.75422222222221, 11, 4, 0, 14, 0.217171717171717
1.7542, 9, 1, 3, 3, 0.800505050505051
1.75051598013112, 11, 5, 4, 64, 0.0917218809839261
1.75, 11, 1, 0, 7, 0.0353535353535354
1.74648456429865, 8, 3, 0, 16, 0.351010101010101
1.74561094048918, 11, 2, 4, 51, 0.0718603446010522
1.74000000000001, 9, 1, 0, 19, 0.70959595959596
1.73999999999999, 9, 1, 0, 19, 0.70959595959596
1.73849999999999, 11, 1, 2, 5, 0.863636363636364
1.73476863651099, 8, 2, 0, 10, 0.0808080808080808
1.73399999999999, 9, 1, 4, 68, 0.0971476980300399
1.73399999999999, 9, 1, 4, 68, 0.0971476980300399
1.73211584678011, 9, 6, 1, 3, 0.105855855855856
1.72534054609517, 10, 2, 0, 8, 0.0467171717171717
1.72534054609517, 10, 2, 0, 8, 0.0467171717171717
1.72485060305445, 9, 14, 3, 1, 0.0997474747474748
1.72345309377945, 9, 29, 0, 8, 0.0467171717171717
1.72160463757653, 8, 5, 4, 56, 0.078725036164931
1.72011126360581, 9, 5, 0, 2, 0.00416666666666667
1.71894444384713, 9, 8, 3, 1, 0.0997474747474748
1.70825000000001, 11, 1, 4, 39, 0.051987603372886
1.70816666666667, 10, 4, 0, 16, 0.351010101010101
1.70780000000002, 11, 4, 0, 10, 0.0808080808080808
1.70701536951082, 9, 14, 1, 25, 0.835585585585586
1.70500000000001, 12, 1, 0, 13, 0.170454545454545
1.70499999999998, 12, 1, 0, 13, 0.170454545454545
1.70313844286232, 9, 5, 0, 11, 0.103535353535354
1.69899999999998, 8, 4, 3, 1, 0.0997474747474748
1.69000000000001, 8, 1, 0, 18, 0.558080808080808
1.69, 8, 1, 0, 18, 0.558080808080808
1.68799999999999, 11, 4, 4, 32, 0.0409687585124503
1.68666666666667, 8, 1, 0, 13, 0.170454545454545
1.68291413922398, 13, 2, 0, 5, 0.0184343434343434
1.67366666666666, 13, 1, 0, 11, 0.103535353535354
1.67183613298536, 13, 2, 1, 9, 0.227477477477477
1.66972786049849, 9, 5, 1, 22, 0.632882882882883
1.66877200360026, 9, 2, 0, 4, 0.0126262626262626
1.66877200360026, 9, 2, 0, 4, 0.0126262626262626
1.6503872272894, 8, 2, 2, 2, 0.181818181818182
1.64666666666668, 15, 1, 4, 12, 0.0115508595340253
1.63748083347563, 11, 3, 1, 4, 0.128378378378378
1.63693235071988, 8, 3, 4, 96, 0.578309095069458
1.63050000000001, 9, 1, 3, 3, 0.800505050505051
1.6305, 9, 1, 3, 3, 0.800505050505051
1.63016397334748, 13, 2, 0, 11, 0.103535353535354
1.62000000000002, 12, 1, 0, 8, 0.0467171717171717
1.61220346110535, 12, 2, 0, 10, 0.0808080808080808
1.60333333333332, 11, 1, 0, 4, 0.0126262626262626
1.60233333333335, 13, 1, 0, 13, 0.170454545454545
1.60083333333333, 7, 4, 2, 3, 0.363636363636364
1.59999999999999, 11, 1, 1, 14, 0.353603603603604
1.59799514931838, 11, 6, 4, 64, 0.0917218809839261
1.59206627073644, 10, 6, 2, 4, 0.590909090909091
1.58092801157346, 8, 10, 1, 1, 0.0337837837837838
1.58000000000001, 8, 1, 0, 13, 0.170454545454545
1.58, 8, 1, 0, 13, 0.170454545454545
1.57071120878299, 10, 19, 4, 80, 0.244079764845808
1.56977705423413, 8, 2, 0, 10, 0.0808080808080808
1.56954135197373, 7, 2, 3, 3, 0.800505050505051
1.56902405461187, 11, 5, 0, 14, 0.217171717171717
1.56765573389054, 10, 2, 3, 3, 0.800505050505051
1.56666666666666, 13, 1, 0, 11, 0.103535353535354
1.56616666666667, 9, 1, 3, 3, 0.800505050505051
1.56606260517689, 12, 3, 0, 8, 0.0467171717171717
1.56424999999999, 11, 1, 1, 5, 0.141891891891892
1.56364879546383, 12, 2, 1, 23, 0.698198198198198
1.5605, 12, 1, 3, 3, 0.800505050505051
1.56049999999999, 12, 1, 3, 3, 0.800505050505051
1.55882218488241, 10, 10, 3, 1, 0.0997474747474748
1.55398500278763, 11, 2, 4, 38, 0.0506681897441603
1.55307222412011, 12, 3, 0, 5, 0.0184343434343434
1.54999999999998, 10, 1, 0, 7, 0.0353535353535354
1.54920805116645, 10, 6, 0, 14, 0.217171717171717
1.54833333333332, 12, 1, 0, 16, 0.351010101010101
1.54830769230773, 9, 4, 0, 13, 0.170454545454545
1.54384980559063, 14, 2, 0, 10, 0.0808080808080808
1.538, 12, 1, 3, 3, 0.800505050505051
1.538, 12, 1, 3, 3, 0.800505050505051
1.53630733325799, 8, 2, 3, 3, 0.800505050505051
1.53099999999999, 8, 1, 3, 1, 0.0997474747474748
1.53033333333333, 11, 1, 3, 3, 0.800505050505051
1.52333333333333, 11, 1, 0, 9, 0.0618686868686869
1.52000000000001, 6, 1, 0, 13, 0.170454545454545
1.52, 6, 1, 0, 13, 0.170454545454545
1.51999999999998, 14, 1, 0, 2, 0.00416666666666667
1.51320851173922, 9, 2, 0, 14, 0.217171717171717
1.512, 7, 1, 3, 3, 0.800505050505051
1.512, 7, 1, 3, 3, 0.800505050505051
1.51057924430774, 11, 3, 3, 1, 0.0997474747474748
1.51000000000002, 14, 1, 0, 6, 0.026010101010101
1.50999999999999, 14, 1, 0, 6, 0.026010101010101
1.50543033714617, 9, 2, 0, 5, 0.0184343434343434
1.50314878213177, 10, 5, 4, 61, 0.084023548930301
1.5001111111111, 10, 4, 4, 78, 0.219710950157435
1.49933333333333, 9, 1, 3, 1, 0.0997474747474748
1.49460000000001, 10, 1, 2, 3, 0.363636363636364
1.49000000000001, 8, 1, 0, 16, 0.351010101010101
1.48999999999999, 12, 1, 0, 14, 0.217171717171717
1.48999999999998, 8, 1, 0, 16, 0.351010101010101
1.48812031883626, 10, 3, 0, 9, 0.0618686868686869
1.475189946456, 11, 5, 0, 11, 0.103535353535354
1.47227023463817, 8, 10, 0, 5, 0.0184343434343434
1.47173800494799, 9, 3, 4, 50, 0.0708643200456854
1.4682, 12, 1, 1, 2, 0.0788288288288288
1.46653946418087, 9, 2, 0, 17, 0.444444444444444
1.46479486618434, 10, 6, 4, 100, 0.705914182813912
1.46262394249498, 8, 38, 2, 1, 0.0454545454545454
1.46017550315024, 13, 2, 4, 31, 0.0395255744388036
1.45000000000002, 11, 1, 0, 7, 0.0353535353535354
1.44744758108888, 10, 2, 1, 5, 0.141891891891892
1.44, 9, 1, 0, 18, 0.558080808080808
1.44, 9, 1, 0, 18, 0.558080808080808
1.43872132771541, 8, 17, 0, 3, 0.00795454545454546
1.43459994888235, 12, 3, 4, 94, 0.486490559366218
1.43428795249935, 10, 7, 0, 14, 0.217171717171717
1.43424825450666, 9, 8, 4, 32, 0.0409687585124503
1.43210570810387, 10, 5, 4, 30, 0.0378992342401869
1.42737482265655, 10, 3, 4, 27, 0.0352394625411507
1.42599867539286, 13, 2, 0, 11, 0.103535353535354
1.42411305730971, 9, 2, 0, 5, 0.0184343434343434
1.41774909627902, 11, 2, 0, 9, 0.0618686868686869
1.41774909627902, 11, 2, 0, 9, 0.0618686868686869
1.41774909627902, 10, 2, 0, 16, 0.351010101010101
1.41611350300312, 7, 19, 4, 5, 0.00604237658698964
1.41581711944519, 11, 7, 2, 1, 0.0454545454545454
1.41499999999999, 9, 1, 0, 14, 0.217171717171717
1.41499999999999, 9, 1, 0, 14, 0.217171717171717
1.40233416844917, 13, 2, 4, 48, 0.067745494454136
1.40035426946186, 11, 2, 4, 68, 0.0971476980300399
1.39912861770776, 13, 2, 4, 92, 0.455244555401909
1.39759655301524, 7, 2, 4, 15, 0.0180125300509641
1.3975965530152, 7, 2, 4, 15, 0.0180125300509641
1.39441286090836, 11, 6, 0, 10, 0.0808080808080808
1.39333333333335, 9, 1, 0, 15, 0.275252525252525
1.39333333333333, 12, 1, 0, 3, 0.00795454545454546
1.39141414874696, 12, 3, 0, 5, 0.0184343434343434
1.38999999999999, 15, 1, 0, 10, 0.0808080808080808
1.387, 8, 1, 4, 47, 0.0673431543170252
1.387, 8, 1, 4, 47, 0.0673431543170252
1.38625, 9, 1, 4, 6, 0.00648491626136443
1.38592929112562, 10, 2, 0, 9, 0.0618686868686869
1.38240111134691, 10, 5, 3, 3, 0.800505050505051
1.38200000000001, 10, 1, 4, 34, 0.0437591097547004
1.38159999999999, 9, 4, 0, 18, 0.558080808080808
1.38083812230111, 12, 2, 3, 3, 0.800505050505051
1.37900000000002, 12, 1, 2, 5, 0.863636363636364
1.37885822331376, 12, 2, 0, 7, 0.0353535353535354
1.37650881425221, 13, 7, 1, 8, 0.202702702702703
1.37, 7, 1, 0, 14, 0.217171717171717
1.36999999999999, 7, 1, 0, 14, 0.217171717171717
1.36666666666667, 12, 1, 0, 14, 0.217171717171717
1.36500000000001, 11, 1, 0, 19, 0.70959595959596
1.36499999999998, 11, 1, 0, 19, 0.70959595959596
1.36250000000001, 8, 1, 0, 7, 0.0353535353535354
1.3625, 8, 1, 0, 7, 0.0353535353535354
1.36235906508609, 7, 2, 0, 15, 0.275252525252525
1.36080937788672, 9, 11, 1, 19, 0.529279279279279
1.36, 13, 1, 0, 7, 0.0353535353535354
1.35933333333334, 8, 1, 3, 2, 0.400252525252525
1.35450000000006, 10, 4, 0, 14, 0.217171717171717
1.35449999999994, 10, 4, 0, 14, 0.217171717171717
1.35269527240987, 12, 2, 3, 1, 0.0997474747474748
1.35269527240985, 12, 2, 3, 1, 0.0997474747474748
1.35259751958962, 11, 5, 0, 14, 0.217171717171717
1.35000000000001, 12, 1, 0, 3, 0.00795454545454546
1.34999999999999, 12, 1, 0, 3, 0.00795454545454546
1.3475355282886, 8, 3, 2, 2, 0.181818181818182
1.3455, 10, 1, 4, 17, 0.0191899869089483
1.3455, 10, 1, 4, 17, 0.0191899869089483
1.343, 11, 1, 3, 3, 0.800505050505051
1.343, 11, 1, 3, 3, 0.800505050505051
1.34174016729889, 10, 5, 4, 78, 0.219710950157435
1.33908346687201, 10, 2, 2, 2, 0.181818181818182
1.33878883904652, 9, 2, 0, 13, 0.170454545454545
1.33500000000001, 12, 1, 0, 7, 0.0353535353535354
1.33500000000001, 11, 1, 0, 19, 0.70959595959596
1.33499999999999, 12, 1, 0, 7, 0.0353535353535354
1.33499999999999, 11, 1, 0, 19, 0.70959595959596
1.33466666666666, 12, 1, 2, 5, 0.863636363636364
1.33102331058974, 13, 3, 0, 11, 0.103535353535354
1.33033333333333, 9, 1, 3, 1, 0.0997474747474748
1.32774921418964, 11, 5, 1, 5, 0.141891891891892
1.327, 8, 1, 4, 47, 0.0673431543170252
1.327, 8, 1, 4, 47, 0.0673431543170252
1.32674999999999, 10, 1, 4, 21, 0.0272340315353993
1.31757563561092, 8, 2, 0, 2, 0.00416666666666667
1.31716666666668, 10, 4, 3, 3, 0.800505050505051
1.31616142204856, 12, 2, 4, 48, 0.067745494454136
1.31500000000001, 8, 1, 0, 2, 0.00416666666666667
1.315, 8, 1, 0, 2, 0.00416666666666667
1.3133893837965, 8, 3, 1, 2, 0.0788288288288288
1.31, 14, 1, 0, 10, 0.0808080808080808
1.30533333333334, 12, 1, 4, 93, 0.471038215796977
1.30434814221961, 9, 19, 4, 6, 0.00648491626136443
1.30349999999999, 13, 1, 2, 5, 0.863636363636364
1.30239999999999, 10, 1, 1, 1, 0.0337837837837838
1.30033333333334, 11, 1, 4, 28, 0.0358931359772792
1.29666666666668, 9, 1, 0, 13, 0.170454545454545
1.28933333333333, 9, 1, 4, 23, 0.0296164402178925
1.285, 8, 1, 0, 10, 0.0808080808080808
1.27998554679341, 10, 3, 3, 3, 0.800505050505051
1.27986327394765, 8, 2, 0, 13, 0.170454545454545
1.27986327394765, 8, 2, 0, 13, 0.170454545454545
1.2792, 11, 4, 0, 5, 0.0184343434343434
1.2775062513437, 12, 2, 0, 15, 0.275252525252525
1.27449999999999, 10, 4, 3, 3, 0.800505050505051
1.27333333333333, 13, 1, 0, 5, 0.0184343434343434
1.27043518353182, 9, 2, 0, 2, 0.00416666666666667
1.26816666666666, 10, 1, 3, 3, 0.800505050505051
1.26430692476155, 11, 2, 4, 60, 0.0833233322906506
1.26100709311601, 11, 2, 0, 2, 0.00416666666666667
1.26000000000001, 7, 1, 0, 17, 0.444444444444444
1.25999999999999, 7, 1, 0, 17, 0.444444444444444
1.25808438508711, 13, 2, 0, 11, 0.103535353535354
1.25582164338732, 11, 2, 3, 3, 0.800505050505051
1.25, 11, 1, 0, 16, 0.351010101010101
1.25, 11, 1, 0, 16, 0.351010101010101
1.24841665434941, 8, 7, 1, 4, 0.128378378378378
1.24833333333333, 11, 1, 4, 3, 0.000573791508306289
1.24333333333334, 12, 1, 4, 66, 0.0931101613156405
1.24199999999996, 9, 4, 0, 5, 0.0184343434343434
1.24054813691364, 11, 2, 0, 1, 0.00126262626262626
1.23750000000001, 13, 1, 0, 4, 0.0126262626262626
1.2363965203589, 11, 5, 0, 5, 0.0184343434343434
1.23614285714285, 10, 4, 4, 27, 0.0352394625411507
1.235, 11, 1, 0, 10, 0.0808080808080808
1.235, 11, 1, 0, 10, 0.0808080808080808
1.23466666666667, 7, 1, 4, 82, 0.274718983341981
1.23166666666665, 11, 1, 2, 3, 0.363636363636364
1.23091077391231, 9, 3, 4, 99, 0.6623678444522
1.22533333333334, 9, 1, 0, 16, 0.351010101010101
1.22199999999999, 11, 1, 4, 65, 0.0928774452980315
1.215, 11, 1, 0, 9, 0.0618686868686869
1.215, 11, 1, 0, 9, 0.0618686868686869
1.205, 13, 1, 0, 13, 0.170454545454545
1.205, 13, 1, 0, 13, 0.170454545454545
1.20450000000001, 9, 1, 4, 87, 0.357350407816721
1.2045, 9, 1, 4, 87, 0.357350407816721
1.199, 10, 1, 0, 11, 0.103535353535354
1.19840457275493, 11, 2, 4, 37, 0.0486682110506046
1.19500000000001, 11, 1, 0, 9, 0.0618686868686869
1.19499999999999, 11, 1, 0, 9, 0.0618686868686869
1.19482638208792, 10, 3, 0, 5, 0.0184343434343434
1.19265343760131, 8, 2, 0, 13, 0.170454545454545
1.19222830587658, 13, 3, 4, 31, 0.0395255744388036
1.19096066682212, 10, 8, 3, 3, 0.800505050505051
1.19, 14, 1, 0, 7, 0.0353535353535354
1.19, 14, 1, 0, 7, 0.0353535353535354
1.18624233611854, 9, 2, 0, 13, 0.170454545454545
1.18550380236929, 12, 8, 4, 21, 0.0272340315353993
1.18216666666669, 13, 4, 1, 9, 0.227477477477477
1.18183600103116, 10, 3, 1, 5, 0.141891891891892
1.17923792481982, 12, 3, 0, 8, 0.0467171717171717
1.17492862761954, 11, 2, 2, 3, 0.363636363636364
1.16861180704097, 12, 2, 4, 47, 0.0673431543170252
1.16436916635383, 15, 2, 4, 12, 0.0115508595340253
1.16247058823529, 4, 4, 3, 1, 0.0997474747474748
1.15758728972523, 9, 3, 0, 16, 0.351010101010101
1.15000000000001, 14, 1, 0, 4, 0.0126262626262626
1.15000000000001, 14, 1, 0, 4, 0.0126262626262626
1.14787000812614, 10, 2, 4, 102, 0.786411515216059
1.14636119962257, 7, 6, 3, 3, 0.800505050505051
1.14598483846865, 9, 5, 2, 2, 0.181818181818182
1.14551298552221, 12, 2, 0, 8, 0.0467171717171717
1.14500105385685, 13, 3, 4, 48, 0.067745494454136
1.14338447310309, 11, 3, 4, 68, 0.0971476980300399
1.1425, 11, 1, 3, 3, 0.800505050505051
1.1425, 11, 1, 3, 3, 0.800505050505051
1.14000335662881, 9, 5, 4, 50, 0.0708643200456854
1.1395, 17, 1, 3, 1, 0.0997474747474748
1.1395, 17, 1, 3, 1, 0.0997474747474748
1.13800000000001, 15, 1, 0, 11, 0.103535353535354
1.13759338957294, 12, 2, 4, 28, 0.0358931359772792
1.13742857142859, 8, 4, 1, 2, 0.0788288288288288
1.13500000000001, 12, 1, 0, 2, 0.00416666666666667
1.13499999999999, 12, 1, 0, 2, 0.00416666666666667
1.13372787250245, 11, 2, 0, 4, 0.0126262626262626
1.13302076572124, 13, 2, 0, 13, 0.170454545454545
1.12933333333336, 11, 1, 4, 99, 0.6623678444522
1.12744960567347, 12, 3, 3, 3, 0.800505050505051
1.12666666666667, 11, 1, 0, 3, 0.00795454545454546
1.12666666666667, 9, 1, 0, 2, 0.00416666666666667
1.12514831022404, 12, 2, 1, 6, 0.164414414414414
1.12499999999997, 10, 1, 0, 4, 0.0126262626262626
1.12366666666668, 13, 1, 0, 10, 0.0808080808080808
1.12333333333332, 10, 1, 0, 10, 0.0808080808080808
1.12092554763165, 12, 3, 2, 3, 0.363636363636364
1.12092554763165, 12, 3, 2, 3, 0.363636363636364
1.11935003461836, 9, 8, 0, 11, 0.103535353535354
1.11000000000004, 12, 1, 0, 9, 0.0618686868686869
1.11, 11, 1, 0, 11, 0.103535353535354
1.10780062385896, 13, 2, 0, 11, 0.103535353535354
1.10566666666665, 12, 4, 1, 23, 0.698198198198198
1.10414723882281, 10, 2, 3, 2, 0.400252525252525
1.10414723882277, 10, 2, 3, 2, 0.400252525252525
1.0984, 8, 1, 3, 1, 0.0997474747474748
1.09707617101095, 12, 2, 1, 3, 0.105855855855856
1.09707617101091, 12, 2, 1, 3, 0.105855855855856
1.0948369995372, 12, 2, 0, 16, 0.351010101010101
1.08650543026712, 12, 5, 4, 73, 0.179360578437554
1.08450000000002, 10, 1, 1, 12, 0.313063063063063
1.08449999999999, 10, 1, 1, 12, 0.313063063063063
1.08433333333333, 12, 1, 3, 3, 0.800505050505051
1.08210907747582, 11, 2, 3, 3, 0.800505050505051
1.07968763598742, 8, 23, 4, 34, 0.0437591097547004
1.0796450033846, 11, 3, 0, 10, 0.0808080808080808
1.07916666666667, 12, 1, 3, 3, 0.800505050505051
1.07715933000751, 11, 2, 0, 9, 0.0618686868686869
1.077, 13, 1, 4, 73, 0.179360578437554
1.077, 13, 1, 4, 73, 0.179360578437554
1.0765, 11, 1, 4, 23, 0.0296164402178925
1.0765, 11, 1, 4, 23, 0.0296164402178925
1.07502620123108, 10, 3, 4, 2, 0.000339506812356317
1.07480230740358, 14, 2, 0, 2, 0.00416666666666667
1.07299999999998, 11, 4, 0, 4, 0.0126262626262626
1.07050000000001, 12, 1, 0, 2, 0.00416666666666667
1.0705, 12, 1, 0, 2, 0.00416666666666667
1.07039999999998, 10, 4, 1, 9, 0.227477477477477
1.06665462232785, 11, 3, 0, 10, 0.0808080808080808
1.065, 15, 1, 0, 11, 0.103535353535354
1.065, 15, 1, 0, 11, 0.103535353535354
1.065, 13, 1, 4, 71, 0.160308462840372
1.065, 13, 1, 4, 71, 0.160308462840372
1.065, 10, 1, 0, 13, 0.170454545454545
1.065, 10, 1, 0, 13, 0.170454545454545
1.06200000000001, 10, 1, 3, 3, 0.800505050505051
1.062, 10, 1, 3, 3, 0.800505050505051
1.06018876725903, 9, 2, 3, 1, 0.0997474747474748
1.06, 11, 1, 0, 10, 0.0808080808080808
1.06, 11, 1, 0, 10, 0.0808080808080808
1.05550000000001, 12, 1, 3, 1, 0.0997474747474748
1.0555, 12, 1, 3, 1, 0.0997474747474748
1.05399999999999, 12, 1, 4, 65, 0.0928774452980315
1.05358910396794, 12, 2, 0, 14, 0.217171717171717
1.05000000000001, 12, 1, 4, 88, 0.375097158937352
1.05, 12, 1, 4, 88, 0.375097158937352
1.04722514293727, 11, 2, 2, 2, 0.181818181818182
1.04327193642566, 12, 3, 3, 3, 0.800505050505051
1.04298326129108, 11, 3, 4, 99, 0.6623678444522
1.04298326129105, 11, 3, 4, 99, 0.6623678444522
1.04298250225017, 13, 2, 4, 71, 0.160308462840372
1.04298250225013, 13, 2, 4, 71, 0.160308462840372
1.04019999999997, 11, 4, 0, 6, 0.026010101010101
1.03666666666666, 12, 1, 0, 7, 0.0353535353535354
1.035, 11, 1, 0, 13, 0.170454545454545
1.035, 11, 1, 0, 13, 0.170454545454545
1.03266666666667, 13, 1, 3, 1, 0.0997474747474748
1.03220512820505, 9, 9, 0, 13, 0.170454545454545
1.02722159894217, 13, 3, 0, 11, 0.103535353535354
1.0253740780807, 11, 3, 3, 3, 0.800505050505051
1.02530483272049, 11, 2, 0, 7, 0.0353535353535354
1.02266666666668, 10, 1, 4, 102, 0.786411515216059
1.02000000000001, 12, 1, 0, 3, 0.00795454545454546
1.02, 12, 1, 0, 3, 0.00795454545454546
1.01950000000002, 10, 4, 4, 38, 0.0506681897441603
1.017, 11, 1, 1, 9, 0.227477477477477
1.0145, 12, 1, 0, 9, 0.0618686868686869
1.01377899218714, 10, 8, 4, 58, 0.081739484313027
1.01290331226633, 11, 3, 0, 1, 0.00126262626262626
1.00600698307719, 11, 5, 0, 4, 0.0126262626262626
1.00530000000001, 9, 4, 3, 2, 0.400252525252525
1.00500000000002, 14, 1, 0, 10, 0.0808080808080808
1.005, 14, 1, 0, 10, 0.0808080808080808
1.00372344298616, 11, 3, 2, 5, 0.863636363636364
1, 14, 1, 0, 10, 0.0808080808080808
1, 14, 1, 0, 10, 0.0808080808080808
0.99709222770088, 5, 32, 4, 6, 0.00648491626136443
0.99666666666667, 12, 1, 0, 11, 0.103535353535354
0.995000000000005, 9, 1, 0, 2, 0.00416666666666667
0.995000000000005, 9, 1, 0, 2, 0.00416666666666667
0.989999999999981, 11, 1, 0, 1, 0.00126262626262626
0.98666666666665, 11, 1, 0, 4, 0.0126262626262626
0.986258597343182, 11, 3, 4, 39, 0.051987603372886
0.985235448453265, 12, 2, 0, 3, 0.00795454545454546
0.985235448453244, 9, 2, 0, 15, 0.275252525252525
0.982878425849332, 15, 2, 0, 10, 0.0808080808080808
0.979500000000002, 11, 1, 3, 3, 0.800505050505051
0.979500000000002, 11, 1, 3, 3, 0.800505050505051
0.978493236222595, 11, 3, 4, 37, 0.0486682110506046
0.971333333333334, 11, 1, 4, 35, 0.0452335812040479
0.968562811592523, 9, 3, 0, 13, 0.170454545454545
0.967500000000001, 8, 1, 4, 82, 0.274718983341981
0.967500000000001, 8, 1, 4, 82, 0.274718983341981
0.966968523272609, 12, 2, 4, 18, 0.0200336255683399
0.966968523272609, 12, 2, 4, 18, 0.0200336255683399
0.9663792676216, 12, 2, 0, 14, 0.217171717171717
0.961665222413714, 13, 2, 0, 7, 0.0353535353535354
0.961193817892887, 8, 2, 3, 2, 0.400252525252525
0.960000000000008, 13, 1, 0, 4, 0.0126262626262626
0.960000000000008, 13, 1, 0, 4, 0.0126262626262626
0.959325207285503, 11, 3, 2, 3, 0.363636363636364
0.958333333333329, 12, 1, 0, 8, 0.0467171717171717
0.955248239987972, 9, 5, 1, 4, 0.128378378378378
0.955248239987876, 9, 5, 1, 4, 0.128378378378378
0.955000000000013, 11, 1, 0, 4, 0.0126262626262626
0.955000000000013, 9, 1, 0, 10, 0.0808080808080808
0.954999999999984, 11, 1, 0, 4, 0.0126262626262626
0.954999999999984, 9, 1, 0, 10, 0.0808080808080808
0.95424060121123, 10, 2, 4, 38, 0.0506681897441603
0.950000000000003, 13, 1, 0, 9, 0.0618686868686869
0.949999999999989, 13, 1, 0, 9, 0.0618686868686869
0.947500000000005, 13, 1, 4, 26, 0.0338774705003143
0.947499999999991, 13, 1, 4, 26, 0.0338774705003143
0.946674558652564, 12, 2, 1, 4, 0.128378378378378
0.943751850623643, 12, 2, 2, 5, 0.863636363636364
0.94250000000001, 13, 1, 3, 1, 0.0997474747474748
0.94250000000001, 13, 1, 3, 1, 0.0997474747474748
0.941000000000031, 10, 4, 0, 5, 0.0184343434343434
0.94068772123852, 9, 2, 3, 1, 0.0997474747474748
0.939333333333337, 11, 1, 0, 14, 0.217171717171717
0.938771537702359, 11, 3, 4, 24, 0.0306244453386102
0.93877153770231, 11, 3, 4, 24, 0.0306244453386102
0.938199999999995, 10, 4, 4, 35, 0.0452335812040479
0.935000000000016, 14, 1, 0, 7, 0.0353535353535354
0.935000000000002, 14, 1, 0, 7, 0.0353535353535354
0.935000000000002, 12, 1, 0, 11, 0.103535353535354
0.935000000000002, 12, 1, 0, 11, 0.103535353535354
0.933333333333337, 10, 1, 0, 14, 0.217171717171717
0.931666666666672, 10, 1, 0, 16, 0.351010101010101
0.930666666666696, 12, 4, 4, 48, 0.067745494454136
0.928841113072238, 12, 3, 4, 28, 0.0358931359772792
0.927724096916739, 11, 2, 4, 31, 0.0395255744388036
0.926309883354379, 14, 2, 0, 10, 0.0808080808080808
0.925333333333327, 12, 1, 4, 50, 0.0708643200456854
0.923760430703398, 11, 3, 1, 14, 0.353603603603604
0.923471755568818, 10, 3, 4, 70, 0.136274845408473
0.923471755568794, 10, 3, 4, 70, 0.136274845408473
0.923010051708853, 12, 2, 4, 93, 0.471038215796977
0.922750000000008, 10, 1, 0, 4, 0.0126262626262626
0.919474517802903, 11, 2, 4, 28, 0.0358931359772792
0.918679748334557, 12, 3, 1, 6, 0.164414414414414
0.917000000000002, 12, 1, 4, 39, 0.051987603372886
0.916881792938547, 9, 2, 0, 13, 0.170454545454545
0.911696343209854, 9, 2, 4, 23, 0.0296164402178925
0.910481374512063, 9, 3, 1, 6, 0.164414414414414
0.910481374512039, 9, 3, 1, 6, 0.164414414414414
0.908632213824711, 8, 2, 0, 10, 0.0808080808080808
0.903120158579897, 11, 3, 1, 5, 0.141891891891892
0.900382634710876, 13, 2, 0, 5, 0.0184343434343434
0.900000000000006, 10, 1, 0, 13, 0.170454545454545
0.899999999999991, 10, 1, 0, 13, 0.170454545454545
0.89516833759227, 11, 11, 1, 5, 0.141891891891892
0.89500000000001, 12, 1, 0, 5, 0.0184343434343434
0.894999999999982, 12, 1, 0, 5, 0.0184343434343434
0.893999999999977, 11, 4, 4, 60, 0.0833233322906506
0.885279630964136, 9, 10, 4, 38, 0.0506681897441603
0.885000000000019, 15, 1, 0, 9, 0.0618686868686869
0.884999999999991, 15, 1, 0, 9, 0.0618686868686869
0.88392326212932, 8, 3, 3, 1, 0.0997474747474748
0.882704965181208, 11, 2, 4, 3, 0.000573791508306289
0.87999438918667, 11, 2, 3, 1, 0.0997474747474748
0.87999438918663, 11, 2, 3, 1, 0.0997474747474748
0.879169431275278, 12, 2, 4, 66, 0.0931101613156405
0.878500000000003, 12, 1, 4, 73, 0.179360578437554
0.877099999999984, 9, 4, 3, 3, 0.800505050505051
0.876000000000005, 14, 1, 4, 88, 0.375097158937352
0.875999999999976, 14, 1, 4, 88, 0.375097158937352
0.875, 14, 1, 0, 7, 0.0353535353535354
0.875, 14, 1, 0, 7, 0.0353535353535354
0.875, 11, 1, 0, 8, 0.0467171717171717
0.875, 11, 1, 0, 8, 0.0467171717171717
0.875, 11, 4, 0, 7, 0.0353535353535354
0.874250000000004, 11, 1, 4, 72, 0.171932627919944
0.873977940225055, 10, 6, 1, 9, 0.227477477477477
0.870919852161443, 11, 2, 2, 3, 0.363636363636364
0.86644150921392, 9, 2, 0, 16, 0.351010101010101
0.864000000000004, 13, 1, 3, 1, 0.0997474747474748
0.863333333333316, 6, 1, 0, 7, 0.0353535353535354
0.862499999999997, 12, 1, 3, 2, 0.400252525252525
0.862499999999997, 12, 1, 3, 2, 0.400252525252525
0.860000000000014, 13, 1, 0, 14, 0.217171717171717
0.859999999999985, 13, 1, 0, 14, 0.217171717171717
0.859000000000009, 16, 1, 4, 69, 0.110861739138859
0.858999999999995, 16, 1, 4, 69, 0.110861739138859
0.852499999999992, 11, 1, 0, 1, 0.00126262626262626
0.847821030642679, 10, 2, 0, 11, 0.103535353535354
0.846202658285171, 8, 5, 4, 25, 0.0319165363830463
0.840000000000003, 13, 1, 3, 1, 0.0997474747474748
0.840000000000003, 13, 1, 3, 1, 0.0997474747474748
0.833333333333314, 13, 1, 0, 6, 0.026010101010101
0.83250000000001, 8, 1, 3, 3, 0.800505050505051
0.832499999999996, 8, 1, 3, 3, 0.800505050505051
0.831276315789523, 10, 16, 2, 3, 0.363636363636364
0.829436254331822, 13, 2, 2, 2, 0.181818181818182
0.826333333333366, 12, 4, 4, 47, 0.0673431543170252
0.824769349575956, 10, 2, 2, 5, 0.863636363636364
0.817000000000007, 12, 1, 3, 3, 0.800505050505051
0.816999999999993, 12, 1, 3, 3, 0.800505050505051
0.815000000000012, 11, 1, 0, 11, 0.103535353535354
0.814999999999998, 11, 1, 0, 11, 0.103535353535354
0.811666666666696, 10, 4, 4, 102, 0.786411515216059
0.806666666666672, 13, 1, 0, 7, 0.0353535353535354
0.800351810664154, 9, 3, 4, 6, 0.00648491626136443
0.800000000000011, 11, 1, 0, 17, 0.444444444444444
0.800000000000011, 11, 1, 0, 17, 0.444444444444444
0.798559258219989, 11, 2, 4, 99, 0.6623678444522
0.797898072020041, 10, 3, 4, 34, 0.0437591097547004
0.797000000000011, 11, 1, 4, 69, 0.110861739138859
0.796999999999997, 12, 1, 4, 22, 0.0286232599694077
0.796999999999997, 12, 1, 4, 22, 0.0286232599694077
0.796999999999997, 11, 1, 4, 69, 0.110861739138859
0.796673640136843, 11, 2, 0, 3, 0.00795454545454546
0.796673640136843, 9, 2, 0, 2, 0.00416666666666667
0.796666666666653, 13, 1, 0, 6, 0.026010101010101
0.794552319793273, 13, 2, 0, 10, 0.0808080808080808
0.79431661753291, 10, 2, 0, 10, 0.0808080808080808
0.789999999999992, 11, 1, 4, 23, 0.0296164402178925
0.787750000000003, 10, 1, 3, 2, 0.400252525252525
0.787666666666667, 9, 1, 3, 1, 0.0997474747474748
0.787500000000009, 14, 1, 4, 50, 0.0708643200456854
0.787499999999994, 14, 1, 4, 50, 0.0708643200456854
0.784888527117057, 11, 2, 0, 11, 0.103535353535354
0.784888527117037, 12, 2, 0, 9, 0.0618686868686869
0.775000000000034, 10, 4, 0, 7, 0.0353535353535354
0.775000000000006, 9, 1, 4, 99, 0.6623678444522
0.773120200065968, 10, 6, 2, 2, 0.181818181818182
0.772956540391083, 12, 3, 1, 4, 0.128378378378378
0.772867711836909, 11, 2, 1, 25, 0.835585585585586
0.772867711836889, 11, 2, 1, 25, 0.835585585585586
0.769999999999982, 13, 1, 0, 5, 0.0184343434343434
0.766739453066603, 12, 2, 3, 3, 0.800505050505051
0.766666666666652, 12, 1, 0, 4, 0.0126262626262626
0.766556200264026, 8, 3, 3, 1, 0.0997474747474748
0.765999469647363, 10, 3, 4, 21, 0.0272340315353993
0.765000000000015, 13, 1, 0, 8, 0.0467171717171717
0.764999999999986, 13, 1, 0, 8, 0.0467171717171717
0.763750000000002, 11, 1, 2, 4, 0.590909090909091
0.760281211131773, 11, 2, 4, 75, 0.204510284651682
0.75500000000001, 12, 1, 0, 3, 0.00795454545454546
0.754999999999995, 12, 1, 0, 3, 0.00795454545454546
0.752750000000006, 14, 1, 2, 4, 0.590909090909091
0.752576075888677, 13, 3, 2, 5, 0.863636363636364
0.748486487668428, 13, 5, 0, 11, 0.103535353535354
0.747299999999996, 10, 4, 2, 3, 0.363636363636364
0.745636341940108, 11, 6, 2, 5, 0.863636363636364
0.745290547370643, 12, 2, 4, 65, 0.0928774452980315
0.745000000000005, 10, 1, 0, 19, 0.70959595959596
0.74499999999999, 10, 1, 0, 19, 0.70959595959596
0.740499999999997, 11, 4, 2, 2, 0.181818181818182
0.738078058202542, 11, 2, 1, 1, 0.0337837837837838
0.734999999999999, 10, 1, 4, 31, 0.0395255744388036
0.734999999999999, 10, 1, 4, 31, 0.0395255744388036
0.734999999999999, 12, 1, 0, 14, 0.217171717171717
0.734999999999999, 12, 1, 0, 14, 0.217171717171717
0.734100000000012, 12, 4, 1, 2, 0.0788288288288288
0.733034029830051, 12, 2, 0, 7, 0.0353535353535354
0.730205602705311, 13, 2, 3, 1, 0.0997474747474748
0.730000000000004, 13, 1, 0, 9, 0.0618686868686869
0.730000000000004, 13, 1, 0, 9, 0.0618686868686869
0.728499999999997, 13, 1, 4, 35, 0.0452335812040479
0.728499999999997, 13, 1, 4, 35, 0.0452335812040479
0.72750000000002, 13, 1, 0, 1, 0.00126262626262626
0.724999999999994, 12, 1, 0, 9, 0.0618686868686869
0.724999999999994, 12, 1, 0, 9, 0.0618686868686869
0.723134534893432, 10, 2, 4, 102, 0.786411515216059
0.722945973085129, 11, 2, 2, 3, 0.363636363636364
0.722499999999997, 12, 1, 0, 1, 0.00126262626262626
0.721999999999994, 11, 1, 4, 26, 0.0338774705003143
0.714470958122152, 13, 3, 0, 4, 0.0126262626262626
0.713000000000008, 14, 1, 1, 22, 0.632882882882883
0.712999999999994, 14, 1, 1, 22, 0.632882882882883
0.711500000000001, 11, 1, 0, 14, 0.217171717171717
0.710499999999996, 11, 1, 3, 3, 0.800505050505051
0.710499999999996, 11, 1, 3, 3, 0.800505050505051
0.705522028949711, 11, 3, 4, 65, 0.0928774452980315
0.705000000000013, 13, 1, 0, 5, 0.0184343434343434
0.704999999999984, 13, 1, 0, 5, 0.0184343434343434
0.704749758582594, 12, 2, 0, 11, 0.103535353535354
0.702157033718238, 11, 2, 4, 68, 0.0971476980300399
0.702157033718238, 11, 2, 4, 68, 0.0971476980300399
0.701449926937048, 10, 2, 2, 4, 0.590909090909091
0.700411026152175, 9, 5, 3, 3, 0.800505050505051
0.700035713374689, 11, 2, 0, 1, 0.00126262626262626
0.699999999999989, 10, 1, 0, 3, 0.00795454545454546
0.699999999999989, 10, 1, 0, 3, 0.00795454545454546
0.699666666666673, 12, 1, 4, 22, 0.0286232599694077
0.697678690770736, 11, 2, 0, 4, 0.0126262626262626
0.694999999999993, 16, 1, 0, 9, 0.0618686868686869
0.694999999999993, 16, 1, 0, 9, 0.0618686868686869
0.694999999999993, 12, 1, 0, 1, 0.00126262626262626
0.694999999999993, 12, 1, 0, 1, 0.00126262626262626
0.691500000000005, 11, 1, 4, 83, 0.284343083536879
0.691500000000005, 11, 1, 4, 83, 0.284343083536879
0.691000000000003, 10, 1, 3, 1, 0.0997474747474748
0.691000000000003, 10, 1, 3, 1, 0.0997474747474748
0.689999999999998, 7, 1, 0, 9, 0.0618686868686869
0.689999999999998, 7, 1, 0, 9, 0.0618686868686869
0.687666666666658, 12, 1, 4, 31, 0.0395255744388036
0.686836386792523, 11, 2, 4, 35, 0.0452335812040479
0.686749999999989, 11, 1, 4, 86, 0.339097714835584
0.68589357775093, 14, 2, 0, 11, 0.103535353535354
0.68549999999999, 12, 1, 4, 28, 0.0358931359772792
0.68549999999999, 12, 1, 4, 28, 0.0358931359772792
0.685000000000002, 11, 1, 0, 5, 0.0184343434343434
0.685000000000002, 11, 1, 0, 5, 0.0184343434343434
0.680000000000007, 15, 1, 0, 7, 0.0353535353535354
0.680000000000007, 14, 1, 0, 7, 0.0353535353535354
0.680000000000007, 9, 1, 0, 11, 0.103535353535354
0.679999999999993, 9, 1, 0, 11, 0.103535353535354
0.679999999999978, 15, 1, 0, 7, 0.0353535353535354
0.679999999999978, 14, 1, 0, 7, 0.0353535353535354
0.677643998637115, 12, 2, 0, 8, 0.0467171717171717
0.675000000000011, 12, 1, 0, 8, 0.0467171717171717
0.674999999999983, 12, 1, 0, 8, 0.0467171717171717
0.674297026539488, 11, 2, 2, 3, 0.363636363636364
0.67342135398281, 10, 3, 2, 5, 0.863636363636364
0.668000000000006, 9, 1, 2, 5, 0.863636363636364
0.668000000000006, 9, 1, 2, 5, 0.863636363636364
0.667306770931196, 12, 2, 4, 24, 0.0306244453386102
0.664208969794546, 11, 2, 0, 14, 0.217171717171717
0.663857142857125, 8, 4, 3, 1, 0.0997474747474748
0.659999999999997, 11, 1, 0, 9, 0.0618686868686869
0.659999999999997, 11, 1, 0, 9, 0.0618686868686869
0.659999999999997, 12, 1, 0, 1, 0.00126262626262626
0.659999999999997, 12, 1, 0, 1, 0.00126262626262626
0.659966329107447, 10, 2, 0, 14, 0.217171717171717
0.659730626847044, 11, 2, 3, 1, 0.0997474747474748
0.659730626847004, 11, 2, 3, 1, 0.0997474747474748
0.658787817805471, 10, 2, 0, 16, 0.351010101010101
0.657024606337797, 15, 3, 0, 11, 0.103535353535354
0.656666666666681, 13, 1, 0, 6, 0.026010101010101
0.656000000000034, 11, 4, 4, 31, 0.0395255744388036
0.655346564803702, 7, 2, 3, 3, 0.800505050505051
0.655000000000001, 16, 1, 0, 9, 0.0618686868686869
0.654999999999987, 16, 1, 0, 9, 0.0618686868686869
0.654309474857968, 12, 2, 4, 50, 0.0708643200456854
0.650317369948515, 10, 5, 3, 1, 0.0997474747474748
0.650000000000006, 9, 1, 0, 1, 0.00126262626262626
0.650000000000006, 11, 1, 0, 8, 0.0467171717171717
0.649519052838329, 10, 3, 0, 4, 0.0126262626262626
0.648141932377541, 10, 8, 2, 1, 0.0454545454545454
0.64500000000001, 10, 1, 0, 1, 0.00126262626262626
0.644999999999996, 10, 1, 0, 1, 0.00126262626262626
0.644822663400175, 4, 13, 3, 1, 0.0997474747474748
0.644666666666666, 13, 1, 2, 3, 0.363636363636364
0.641999999999996, 8, 1, 4, 1, 0.000100050649348366
0.641999999999996, 8, 1, 4, 1, 0.000100050649348366
0.641487271892428, 10, 2, 3, 2, 0.400252525252525
0.640000000000015, 11, 1, 0, 7, 0.0353535353535354
0.640000000000001, 13, 1, 4, 40, 0.0550596271875607
0.640000000000001, 13, 1, 4, 40, 0.0550596271875607
0.639999999999986, 11, 1, 0, 7, 0.0353535353535354
0.638000000000005, 13, 1, 4, 19, 0.0217556379075293
0.637999999999991, 13, 1, 4, 19, 0.0217556379075293
0.636749656458502, 13, 2, 3, 2, 0.400252525252525
0.636749656458502, 13, 2, 3, 2, 0.400252525252525
0.635000000000005, 13, 1, 0, 8, 0.0467171717171717
0.634999999999991, 13, 1, 0, 7, 0.0353535353535354
0.634999999999991, 13, 1, 0, 7, 0.0353535353535354
0.634999999999991, 13, 1, 0, 8, 0.0467171717171717
0.629999999999995, 15, 1, 0, 1, 0.00126262626262626
0.629999999999995, 15, 1, 0, 1, 0.00126262626262626
0.629999999999995, 9, 1, 0, 14, 0.217171717171717
0.629999999999995, 9, 1, 0, 14, 0.217171717171717
0.625, 13, 1, 0, 11, 0.103535353535354
0.625, 13, 1, 0, 11, 0.103535353535354
0.625, 11, 1, 0, 11, 0.103535353535354
0.625, 11, 1, 0, 11, 0.103535353535354
0.625, 11, 1, 0, 1, 0.00126262626262626
0.625, 11, 1, 0, 1, 0.00126262626262626
0.620767009432691, 11, 3, 4, 75, 0.204510284651682
0.619708383031883, 10, 2, 4, 46, 0.0667300768973018
0.618577012182007, 10, 2, 3, 1, 0.0997474747474748
0.615000000000009, 12, 1, 0, 1, 0.00126262626262626
0.614999999999995, 12, 1, 0, 1, 0.00126262626262626
0.61399999999999, 12, 1, 1, 1, 0.0337837837837838
0.613333333333344, 12, 1, 0, 9, 0.0618686868686869
0.612499999999997, 10, 1, 4, 95, 0.534067194388448
0.612499999999997, 10, 1, 4, 95, 0.534067194388448
0.610468854424414, 6, 2, 0, 7, 0.0353535353535354
0.609999999999999, 12, 1, 0, 10, 0.0808080808080808
0.609999999999999, 12, 1, 0, 10, 0.0808080808080808
0.608000000000004, 11, 1, 0, 11, 0.103535353535354
0.602638210980126, 11, 3, 1, 1, 0.0337837837837838
0.599999999999994, 13, 1, 0, 3, 0.00795454545454546
0.599999999999994, 13, 1, 0, 3, 0.00795454545454546
0.599500000000006, 11, 1, 4, 24, 0.0306244453386102
0.599499999999992, 11, 1, 4, 24, 0.0306244453386102
0.595000000000013, 14, 1, 1, 9, 0.227477477477477
0.594999999999999, 10, 1, 0, 1, 0.00126262626262626
0.594999999999999, 10, 1, 0, 1, 0.00126262626262626
0.594999999999999, 15, 1, 0, 14, 0.217171717171717
0.594999999999999, 15, 1, 0, 14, 0.217171717171717
0.590282915219501, 11, 3, 2, 3, 0.363636363636364
0.589255650988816, 13, 2, 0, 6, 0.026010101010101
0.587165223765822, 11, 3, 1, 9, 0.227477477477477
0.585721848092874, 12, 3, 0, 9, 0.0618686868686869
0.585000000000008, 11, 1, 0, 5, 0.0184343434343434
0.58499999999998, 11, 1, 0, 5, 0.0184343434343434
0.572666666666677, 12, 1, 4, 48, 0.067745494454136
0.570399470157152, 13, 2, 0, 7, 0.0353535353535354
0.568666666666672, 9, 1, 4, 88, 0.375097158937352
0.568333333333342, 12, 1, 4, 85, 0.311682906050061
0.567141374693212, 10, 5, 3, 3, 0.800505050505051
0.5655, 11, 1, 4, 30, 0.0378992342401869
0.5655, 11, 1, 4, 30, 0.0378992342401869
0.564999999999998, 11, 1, 0, 7, 0.0353535353535354
0.564999999999998, 11, 1, 0, 7, 0.0353535353535354
0.56450000000001, 14, 1, 4, 56, 0.078725036164931
0.564499999999995, 14, 1, 4, 56, 0.078725036164931
0.563666666666677, 11, 1, 2, 3, 0.363636363636364
0.563328402345293, 13, 2, 0, 6, 0.026010101010101
0.562974392549663, 12, 6, 2, 5, 0.863636363636364
0.559333333333342, 14, 1, 2, 2, 0.181818181818182
0.558614357137367, 11, 2, 4, 23, 0.0296164402178925
0.557999999999993, 9, 1, 3, 3, 0.800505050505051
0.556964441314604, 9, 2, 3, 1, 0.0997474747474748
0.555000000000007, 12, 1, 0, 1, 0.00126262626262626
0.554999999999993, 12, 1, 0, 1, 0.00126262626262626
0.552159719243943, 7, 5, 4, 82, 0.274718983341981
0.550931067980997, 10, 6, 4, 38, 0.0506681897441603
0.550561216699216, 11, 3, 2, 3, 0.363636363636364
0.549200000000013, 8, 4, 3, 1, 0.0997474747474748
0.549186266721535, 10, 2, 4, 67, 0.0942557274601005
0.548007755419578, 9, 2, 4, 99, 0.6623678444522
0.547599999999989, 12, 1, 3, 3, 0.800505050505051
0.544472221513669, 13, 2, 0, 5, 0.0184343434343434
0.542115198909716, 12, 2, 0, 4, 0.0126262626262626
0.542000000000002, 14, 1, 3, 3, 0.800505050505051
0.541999999999987, 14, 1, 3, 3, 0.800505050505051
0.541997347779494, 11, 2, 4, 57, 0.0798737051896258
0.541997347779474, 11, 2, 4, 57, 0.0798737051896258
0.541499999999999, 9, 1, 4, 55, 0.0776266165618163
0.541499999999999, 9, 1, 4, 55, 0.0776266165618163
0.541166666666669, 10, 1, 3, 2, 0.400252525252525
0.537000000000006, 14, 1, 3, 3, 0.800505050505051
0.536999999999992, 14, 1, 3, 3, 0.800505050505051
0.535088229484937, 7, 3, 3, 3, 0.800505050505051
0.534999999999997, 13, 1, 0, 7, 0.0353535353535354
0.534999999999997, 13, 1, 0, 7, 0.0353535353535354
0.53457272657705, 13, 2, 0, 6, 0.026010101010101
0.53457272657705, 13, 2, 0, 6, 0.026010101010101
0.532749960894764, 10, 3, 0, 4, 0.0126262626262626
0.530499999999989, 11, 1, 3, 1, 0.0997474747474748
0.530499999999989, 11, 1, 3, 1, 0.0997474747474748
0.529430196846888, 12, 3, 4, 39, 0.051987603372886
0.523772164208839, 10, 3, 3, 2, 0.400252525252525
0.521852474563805, 11, 3, 3, 3, 0.800505050505051
0.520499999999998, 11, 1, 3, 1, 0.0997474747474748
0.520499999999998, 11, 1, 3, 1, 0.0997474747474748
0.52000000000001, 14, 1, 0, 8, 0.0467171717171717
0.52000000000001, 10, 1, 0, 6, 0.026010101010101
0.519999999999982, 14, 1, 0, 8, 0.0467171717171717
0.519999999999982, 10, 1, 0, 6, 0.026010101010101
0.519723484172122, 15, 2, 0, 9, 0.0618686868686869
0.519723484172122, 15, 2, 0, 9, 0.0618686868686869
0.515000000000015, 11, 1, 0, 1, 0.00126262626262626
0.514999999999986, 11, 1, 0, 1, 0.00126262626262626
0.514399999999995, 12, 1, 0, 15, 0.275252525252525
0.514121022751991, 10, 8, 3, 1, 0.0997474747474748
0.511500000000012, 13, 1, 2, 4, 0.590909090909091
0.511499999999984, 13, 1, 2, 4, 0.590909090909091
0.510531096016693, 11, 2, 4, 26, 0.0338774705003143
0.509258303810555, 9, 2, 4, 30, 0.0378992342401869
0.507202211483088, 12, 3, 4, 73, 0.179360578437554
0.505989775917823, 10, 3, 4, 46, 0.0667300768973018
0.505066015487089, 10, 3, 3, 1, 0.0997474747474748
0.505000000000024, 13, 1, 0, 6, 0.026010101010101
0.50500000000001, 11, 1, 0, 7, 0.0353535353535354
0.50500000000001, 6, 1, 0, 8, 0.0467171717171717
0.504999999999995, 13, 1, 0, 6, 0.026010101010101
0.504999999999995, 11, 1, 0, 7, 0.0353535353535354
0.504999999999995, 6, 1, 0, 8, 0.0467171717171717
0.504748472839049, 11, 3, 4, 72, 0.171932627919944
0.501000000000005, 12, 1, 3, 3, 0.800505050505051
0.500999999999991, 12, 1, 3, 3, 0.800505050505051
0.5, 8, 1, 0, 14, 0.217171717171717
0.5, 8, 1, 0, 14, 0.217171717171717
0.498830632579806, 13, 3, 3, 1, 0.0997474747474748
0.496000000000009, 10, 4, 2, 4, 0.590909090909091
0.494739044570172, 12, 2, 4, 22, 0.0286232599694077
0.494000000000014, 12, 1, 4, 18, 0.0200336255683399
0.494, 12, 1, 4, 18, 0.0200336255683399
0.492191104484151, 11, 3, 0, 1, 0.00126262626262626
0.491, 11, 1, 4, 46, 0.0667300768973018
0.491, 11, 1, 4, 46, 0.0667300768973018
0.490000000000009, 13, 1, 0, 11, 0.103535353535354
0.490000000000009, 12, 1, 0, 6, 0.026010101010101
0.489999999999995, 12, 1, 0, 6, 0.026010101010101
0.489999999999981, 13, 1, 0, 11, 0.103535353535354
0.487500000000011, 13, 1, 3, 3, 0.800505050505051
0.487500000000011, 13, 1, 3, 3, 0.800505050505051
0.486253763195953, 12, 2, 4, 31, 0.0395255744388036
0.485782358675167, 11, 2, 4, 100, 0.705914182813912
0.485782358675126, 11, 2, 4, 100, 0.705914182813912
0.485000000000014, 14, 4, 0, 11, 0.103535353535354
0.484666666666669, 14, 1, 1, 3, 0.105855855855856
0.482618005143711, 12, 5, 3, 3, 0.800505050505051
0.478875244714066, 13, 6, 2, 2, 0.181818181818182
0.469999999999999, 13, 1, 0, 9, 0.0618686868686869
0.469999999999999, 13, 1, 0, 9, 0.0618686868686869
0.469999999999999, 11, 1, 0, 7, 0.0353535353535354
0.469999999999999, 11, 1, 0, 7, 0.0353535353535354
0.468500000000006, 13, 1, 3, 2, 0.400252525252525
0.468499999999992, 13, 1, 3, 2, 0.400252525252525
0.467333333333357, 10, 1, 0, 7, 0.0353535353535354
0.466999999999999, 9, 1, 4, 61, 0.084023548930301
0.466999999999999, 9, 1, 4, 61, 0.084023548930301
0.464333452979166, 13, 2, 0, 6, 0.026010101010101
0.460000000000008, 10, 1, 0, 17, 0.444444444444444
0.460000000000008, 10, 1, 0, 17, 0.444444444444444
0.45961940777124, 9, 2, 0, 1, 0.00126262626262626
0.45961940777124, 11, 2, 0, 8, 0.0467171717171717
0.457999999999998, 14, 1, 4, 13, 0.0149040473935306
0.457999999999998, 14, 1, 4, 13, 0.0149040473935306
0.45750000000001, 11, 1, 2, 5, 0.863636363636364
0.457499999999996, 11, 1, 2, 5, 0.863636363636364
0.456333333333333, 10, 1, 3, 2, 0.400252525252525
0.455848171604947, 13, 2, 2, 3, 0.363636363636364
0.454999999999998, 13, 1, 0, 9, 0.0618686868686869
0.454999999999998, 13, 1, 0, 9, 0.0618686868686869
0.454807674554113, 10, 3, 3, 2, 0.400252525252525
0.45150000000001, 13, 1, 1, 3, 0.105855855855856
0.451499999999996, 13, 1, 1, 3, 0.105855855855856
0.450000000000017, 12, 1, 0, 3, 0.00795454545454546
0.450000000000017, 12, 1, 0, 5, 0.0184343434343434
0.450000000000003, 10, 1, 0, 10, 0.0808080808080808
0.450000000000003, 10, 1, 0, 10, 0.0808080808080808
0.449999999999989, 12, 1, 0, 3, 0.00795454545454546
0.449999999999989, 13, 1, 0, 8, 0.0467171717171717
0.449999999999989, 13, 1, 0, 8, 0.0467171717171717
0.449999999999989, 12, 1, 0, 5, 0.0184343434343434
0.445000000000007, 12, 1, 0, 9, 0.0618686868686869
0.445000000000007, 9, 1, 0, 11, 0.103535353535354
0.444999999999993, 12, 1, 0, 9, 0.0618686868686869
0.444999999999993, 9, 1, 0, 11, 0.103535353535354
0.440951268093594, 11, 3, 2, 4, 0.590909090909091
0.435000000000002, 13, 1, 0, 9, 0.0618686868686869
0.435000000000002, 12, 1, 0, 6, 0.026010101010101
0.435000000000002, 12, 1, 0, 6, 0.026010101010101
0.434999999999974, 13, 1, 0, 9, 0.0618686868686869
0.434600415132494, 14, 3, 2, 4, 0.590909090909091
0.434163563648543, 12, 2, 1, 1, 0.0337837837837838
0.434133333333364, 10, 9, 1, 1, 0.0337837837837838
0.433692159127716, 12, 2, 0, 9, 0.0618686868686869
0.430000000000007, 12, 1, 0, 3, 0.00795454545454546
0.429999999999993, 12, 1, 0, 3, 0.00795454545454546
0.429920922961424, 11, 2, 0, 11, 0.103535353535354
0.429000000000002, 11, 1, 3, 1, 0.0997474747474748
0.429000000000002, 11, 1, 3, 1, 0.0997474747474748
0.4255, 11, 1, 3, 1, 0.0997474747474748
0.4255, 11, 1, 3, 1, 0.0997474747474748
0.425000000000011, 9, 1, 0, 1, 0.00126262626262626
0.424999999999997, 9, 1, 0, 1, 0.00126262626262626
0.42349999999999, 9, 1, 4, 75, 0.204510284651682
0.423333333333332, 5, 1, 0, 7, 0.0353535353535354
0.423000000000002, 11, 1, 4, 60, 0.0833233322906506
0.423000000000002, 11, 1, 4, 60, 0.0833233322906506
0.422500000000014, 8, 1, 3, 3, 0.800505050505051
0.422499999999985, 8, 1, 3, 3, 0.800505050505051
0.422041858838989, 12, 5, 4, 24, 0.0306244453386102
0.420728534805975, 14, 2, 1, 9, 0.227477477477477
0.420022320835465, 13, 3, 0, 1, 0.00126262626262626
0.418333333333337, 12, 1, 4, 16, 0.0186420699741554
0.41713556948947, 12, 3, 0, 1, 0.00126262626262626
0.415999999999997, 10, 1, 3, 1, 0.0997474747474748
0.415999999999997, 10, 1, 3, 1, 0.0997474747474748
0.415807663870363, 9, 3, 4, 30, 0.0378992342401869
0.413333333333327, 12, 1, 0, 6, 0.026010101010101
0.412000000000006, 8, 1, 4, 104, 0.952055328905477
0.411999999999992, 8, 1, 4, 104, 0.952055328905477
0.410784716528419, 11, 3, 0, 14, 0.217171717171717
0.410333333333313, 15, 1, 0, 10, 0.0808080808080808
0.409183881691162, 12, 3, 4, 7, 0.00691788872168195
0.408142034100879, 12, 2, 4, 36, 0.0468471651172549
0.404936483359494, 12, 2, 4, 48, 0.067745494454136
0.404225188632486, 11, 5, 3, 3, 0.800505050505051
0.402500000000003, 12, 1, 4, 26, 0.0338774705003143
0.402499999999989, 12, 1, 4, 26, 0.0338774705003143
0.402108056234754, 9, 2, 4, 88, 0.375097158937352
0.401872353974351, 12, 2, 4, 85, 0.311682906050061
0.398572522328825, 11, 2, 2, 3, 0.363636363636364
0.396666666666661, 11, 1, 0, 7, 0.0353535353535354
0.396495297365969, 11, 3, 4, 86, 0.339097714835584
0.396000000000015, 16, 1, 4, 16, 0.0186420699741554
0.395999999999987, 16, 1, 4, 16, 0.0186420699741554
0.395508392943702, 14, 2, 2, 2, 0.181818181818182
0.395499999999998, 9, 1, 4, 87, 0.357350407816721
0.395499999999998, 9, 1, 4, 87, 0.357350407816721
0.39500000000001, 12, 1, 0, 5, 0.0184343434343434
0.394999999999982, 12, 1, 0, 5, 0.0184343434343434
0.391500000000008, 14, 1, 4, 34, 0.0437591097547004
0.391499999999994, 14, 1, 4, 34, 0.0437591097547004
0.388333333333321, 10, 4, 4, 67, 0.0942557274601005
0.38666666666667, 12, 1, 0, 2, 0.00416666666666667
0.385000000000005, 11, 1, 0, 11, 0.103535353535354
0.384999999999991, 11, 1, 0, 11, 0.103535353535354
0.384500000000003, 13, 1, 4, 15, 0.0180125300509641
0.384500000000003, 13, 1, 4, 15, 0.0180125300509641
0.38000000000001, 13, 1, 0, 16, 0.351010101010101
0.379999999999995, 13, 1, 0, 11, 0.103535353535354
0.379999999999995, 13, 1, 0, 11, 0.103535353535354
0.379999999999995, 13, 1, 0, 16, 0.351010101010101
0.37971634149718, 10, 2, 4, 69, 0.110861739138859
0.37971634149718, 10, 2, 4, 69, 0.110861739138859
0.375, 11, 1, 0, 11, 0.103535353535354
0.375, 11, 1, 0, 11, 0.103535353535354
0.375, 12, 1, 0, 3, 0.00795454545454546
0.375, 12, 1, 0, 3, 0.00795454545454546
0.375, 13, 1, 0, 13, 0.170454545454545
0.375, 13, 1, 0, 13, 0.170454545454545
0.367999999999995, 11, 1, 0, 9, 0.0618686868686869
0.366666666666674, 11, 1, 0, 3, 0.00795454545454546
0.365000000000009, 13, 1, 3, 3, 0.800505050505051
0.365000000000009, 13, 1, 3, 3, 0.800505050505051
0.365000000000009, 12, 1, 0, 4, 0.0126262626262626
0.364999999999981, 12, 1, 0, 4, 0.0126262626262626
0.363333333333316, 11, 1, 1, 4, 0.128378378378378
0.358333333333334, 13, 1, 4, 32, 0.0409687585124503
0.355999999999995, 12, 1, 4, 39, 0.051987603372886
0.353333333333353, 12, 1, 0, 9, 0.0618686868686869
0.347500000000011, 13, 1, 3, 2, 0.400252525252525
0.347499999999997, 13, 1, 3, 2, 0.400252525252525
0.347000000000008, 14, 1, 4, 47, 0.0673431543170252
0.34699999999998, 14, 1, 4, 47, 0.0673431543170252
0.346482322781415, 12, 2, 0, 14, 0.217171717171717
0.346482322781395, 12, 2, 0, 14, 0.217171717171717
0.344999999999999, 12, 1, 0, 3, 0.00795454545454546
0.344999999999999, 12, 1, 0, 3, 0.00795454545454546
0.342711086615082, 14, 2, 1, 3, 0.105855855855856
0.33450000000002, 16, 1, 3, 1, 0.0997474747474748
0.334499999999991, 16, 1, 3, 1, 0.0997474747474748
0.333246575376238, 12, 3, 4, 36, 0.0468471651172549
0.331999999999994, 9, 1, 4, 52, 0.0736969911266934
0.331999999999994, 12, 1, 1, 25, 0.835585585585586
0.33045456907449, 10, 2, 0, 7, 0.0353535353535354
0.322676394481481, 10, 2, 3, 2, 0.400252525252525
0.322161450207823, 9, 3, 3, 3, 0.800505050505051
0.320499999999996, 9, 1, 4, 3, 0.000573791508306289
0.320499999999996, 9, 1, 4, 3, 0.000573791508306289
0.315000000000012, 11, 1, 0, 11, 0.103535353535354
0.314999999999998, 11, 1, 0, 11, 0.103535353535354
0.313666666666649, 16, 1, 0, 10, 0.0808080808080808
0.310000000000002, 9, 1, 0, 11, 0.103535353535354
0.310000000000002, 9, 1, 0, 11, 0.103535353535354
0.30617723625381, 12, 2, 1, 1, 0.0337837837837838
0.30617723625377, 12, 2, 1, 1, 0.0337837837837838
0.305333333333323, 13, 1, 4, 72, 0.171932627919944
0.305000000000007, 12, 1, 0, 7, 0.0353535353535354
0.305000000000007, 12, 1, 0, 3, 0.00795454545454546
0.305000000000007, 12, 1, 0, 3, 0.00795454545454546
0.304999999999993, 12, 1, 0, 7, 0.0353535353535354
0.304000000000002, 15, 1, 3, 1, 0.0997474747474748
0.304000000000002, 15, 1, 3, 1, 0.0997474747474748
0.303773073197696, 10, 2, 4, 37, 0.0486682110506046
0.303666666666672, 12, 1, 1, 6, 0.164414414414414
0.299999999999997, 10, 1, 0, 11, 0.103535353535354
0.299999999999997, 10, 1, 0, 11, 0.103535353535354
0.299341870702294, 5, 2, 0, 7, 0.0353535353535354
0.296666666666667, 15, 1, 3, 3, 0.800505050505051
0.296000000000006, 8, 1, 3, 3, 0.800505050505051
0.295806336796365, 12, 2, 4, 16, 0.0186420699741554
0.295666666666648, 12, 1, 0, 7, 0.0353535353535354
0.295000000000002, 13, 1, 2, 5, 0.863636363636364
0.295000000000002, 13, 1, 2, 5, 0.863636363636364
0.293999999999997, 12, 1, 4, 36, 0.0468471651172549
0.293000000000006, 12, 1, 2, 5, 0.863636363636364
0.292999999999992, 12, 1, 2, 5, 0.863636363636364
0.292270802890455, 12, 2, 0, 6, 0.026010101010101
0.291333333333341, 13, 1, 4, 61, 0.084023548930301
0.290149482546865, 15, 2, 0, 10, 0.0808080808080808
0.287333333333336, 12, 1, 4, 90, 0.412079181780135
0.286666666666662, 12, 1, 0, 5, 0.0184343434343434
0.286500000000018, 13, 1, 1, 21, 0.56981981981982
0.286500000000004, 12, 1, 3, 3, 0.800505050505051
0.28649999999999, 13, 1, 1, 21, 0.56981981981982
0.28649999999999, 12, 1, 3, 3, 0.800505050505051
0.283333333333331, 13, 1, 0, 3, 0.00795454545454546
0.281499999999994, 13, 1, 4, 56, 0.078725036164931
0.281499999999994, 13, 1, 4, 56, 0.078725036164931
0.28048568987067, 11, 2, 0, 7, 0.0353535353535354
0.280000000000001, 11, 1, 0, 7, 0.0353535353535354
0.280000000000001, 14, 1, 4, 40, 0.0550596271875607
0.280000000000001, 14, 1, 4, 40, 0.0550596271875607
0.278999999999996, 10, 1, 3, 3, 0.800505050505051
0.27800000000002, 11, 4, 4, 40, 0.0550596271875607
0.277999999999963, 11, 4, 4, 40, 0.0550596271875607
0.277500000000003, 11, 1, 4, 70, 0.136274845408473
0.277499999999989, 11, 1, 4, 70, 0.136274845408473
0.275333333333336, 13, 1, 3, 3, 0.800505050505051
0.273799999999994, 12, 4, 3, 3, 0.800505050505051
0.273791745675436, 14, 2, 4, 51, 0.0718603446010522
0.273414622058811, 12, 2, 0, 2, 0.00416666666666667
0.27000000000001, 14, 1, 0, 4, 0.0126262626262626
0.27000000000001, 10, 1, 0, 1, 0.00126262626262626
0.269999999999996, 10, 1, 0, 1, 0.00126262626262626
0.269999999999982, 14, 1, 0, 4, 0.0126262626262626
0.267499999999998, 7, 1, 4, 13, 0.0149040473935306
0.267499999999998, 7, 1, 4, 13, 0.0149040473935306
0.262500000000003, 11, 1, 4, 28, 0.0358931359772792
0.262499999999989, 11, 1, 4, 28, 0.0358931359772792
0.260215295476646, 11, 2, 0, 9, 0.0618686868686869
0.260000000000005, 13, 1, 0, 13, 0.170454545454545
0.259999999999991, 14, 1, 0, 6, 0.026010101010101
0.259999999999991, 14, 1, 0, 6, 0.026010101010101
0.259999999999991, 13, 1, 0, 13, 0.170454545454545
0.259272486435073, 11, 2, 0, 3, 0.00795454545454546
0.257250000000028, 11, 1, 4, 55, 0.0776266165618163
0.257200000000012, 12, 4, 0, 15, 0.275252525252525
0.25691546383114, 11, 2, 1, 4, 0.128378378378378
0.25500000000001, 12, 1, 0, 18, 0.558080808080808
0.254999999999995, 13, 1, 0, 10, 0.0808080808080808
0.254999999999995, 13, 1, 0, 10, 0.0808080808080808
0.254999999999995, 12, 1, 0, 18, 0.558080808080808
0.25337992992517, 13, 2, 4, 32, 0.0409687585124503
0.250572930278616, 12, 8, 4, 7, 0.00691788872168195
0.25, 15, 1, 0, 9, 0.0618686868686869
0.25, 15, 1, 0, 9, 0.0618686868686869
0.249844396019221, 12, 2, 0, 9, 0.0618686868686869
0.249000000000009, 12, 1, 4, 20, 0.0246350245742943
0.248999999999995, 12, 1, 4, 20, 0.0246350245742943
0.247, 10, 1, 4, 19, 0.0217556379075293
0.247, 10, 1, 4, 19, 0.0217556379075293
0.246693522163707, 10, 3, 4, 50, 0.0708643200456854
0.245000000000005, 15, 1, 0, 10, 0.0808080808080808
0.244999999999976, 15, 1, 0, 10, 0.0808080808080808
0.244507839001825, 9, 3, 4, 75, 0.204510284651682
0.242017090764754, 10, 5, 3, 2, 0.400252525252525
0.240000000000009, 13, 1, 0, 4, 0.0126262626262626
0.240000000000009, 12, 1, 2, 5, 0.863636363636364
0.239999999999995, 12, 1, 2, 5, 0.863636363636364
0.239999999999981, 13, 1, 0, 4, 0.0126262626262626
0.237499999999997, 10, 1, 4, 32, 0.0409687585124503
0.237499999999997, 10, 1, 4, 32, 0.0409687585124503
0.234759451353949, 9, 2, 4, 52, 0.0736969911266934
0.234759451353949, 12, 2, 1, 25, 0.835585585585586
0.227500000000006, 12, 1, 3, 3, 0.800505050505051
0.227499999999992, 12, 1, 3, 3, 0.800505050505051
0.227000000000004, 13, 1, 3, 3, 0.800505050505051
0.226999999999975, 13, 1, 3, 3, 0.800505050505051
0.223550024230211, 14, 3, 4, 51, 0.0718603446010522
0.222499999999997, 11, 1, 4, 58, 0.081739484313027
0.222499999999997, 11, 1, 4, 58, 0.081739484313027
0.221795827032188, 16, 2, 0, 10, 0.0808080808080808
0.215903270522265, 13, 2, 4, 72, 0.171932627919944
0.215000000000003, 12, 1, 4, 57, 0.0798737051896258
0.214999999999989, 12, 1, 4, 57, 0.0798737051896258
0.214724759220309, 12, 2, 1, 6, 0.164414414414414
0.213642857142929, 10, 4, 4, 50, 0.0708643200456854
0.210000000000008, 12, 1, 0, 2, 0.00416666666666667
0.210000000000008, 14, 1, 0, 3, 0.00795454545454546
0.209775011751999, 15, 2, 3, 3, 0.800505050505051
0.209303607231213, 8, 2, 3, 3, 0.800505050505051
0.209067904970849, 12, 2, 0, 7, 0.0353535353535354
0.208596500450043, 12, 2, 0, 8, 0.0467171717171717
0.208596500450043, 12, 2, 0, 8, 0.0467171717171717
0.208000000000013, 12, 1, 4, 41, 0.0589841673467433
0.207999999999998, 12, 1, 4, 41, 0.0589841673467433
0.207889393668853, 12, 2, 4, 36, 0.0468471651172549
0.206003775585686, 13, 2, 4, 61, 0.084023548930301
0.205536695831536, 12, 3, 4, 39, 0.051987603372886
0.205500000000001, 8, 1, 3, 2, 0.400252525252525
0.205499999999986, 8, 1, 3, 2, 0.400252525252525
0.203175348460927, 12, 2, 4, 90, 0.412079181780135
0.20270394394014, 12, 2, 0, 5, 0.0184343434343434
0.201999999999998, 12, 1, 2, 5, 0.863636363636364
0.201999999999998, 12, 1, 2, 5, 0.863636363636364
0.200666666666677, 12, 1, 4, 21, 0.0272340315353993
0.200346921336207, 13, 2, 0, 3, 0.00795454545454546
0.200000000000003, 12, 1, 0, 13, 0.170454545454545
0.199999999999989, 12, 1, 0, 2, 0.00416666666666667
0.199999999999989, 12, 1, 0, 2, 0.00416666666666667
0.199999999999989, 12, 1, 0, 13, 0.170454545454545
0.198666666666654, 14, 1, 3, 3, 0.800505050505051
0.197989898732254, 11, 2, 0, 7, 0.0353535353535354
0.197282791951064, 10, 2, 3, 3, 0.800505050505051
0.196666666666658, 11, 1, 4, 34, 0.0437591097547004
0.195000000000007, 8, 1, 0, 15, 0.275252525252525
0.194999999999993, 8, 1, 0, 15, 0.275252525252525
0.194690067086688, 13, 2, 3, 3, 0.800505050505051
0.192333044482735, 14, 2, 4, 14, 0.0167757737040485
0.192333044482735, 14, 2, 4, 14, 0.0167757737040485
0.190000000000026, 13, 1, 0, 6, 0.026010101010101
0.190000000000012, 12, 1, 0, 9, 0.0618686868686869
0.189999999999998, 13, 1, 0, 6, 0.026010101010101
0.189999999999998, 12, 1, 0, 9, 0.0618686868686869
0.189999999999998, 13, 1, 3, 1, 0.0997474747474748
0.189999999999998, 13, 1, 3, 1, 0.0997474747474748
0.189999999999998, 13, 1, 4, 68, 0.0971476980300399
0.189999999999998, 13, 1, 4, 68, 0.0971476980300399
0.189999999999998, 10, 1, 0, 14, 0.217171717171717
0.189999999999998, 10, 1, 0, 14, 0.217171717171717
0.186000000000007, 11, 4, 4, 41, 0.0589841673467433
0.185999999999979, 11, 4, 4, 41, 0.0589841673467433
0.185000000000002, 11, 1, 0, 11, 0.103535353535354
0.185000000000002, 10, 1, 0, 14, 0.217171717171717
0.185000000000002, 10, 1, 0, 14, 0.217171717171717
0.184999999999988, 11, 1, 0, 11, 0.103535353535354
0.176666666666677, 13, 1, 3, 3, 0.800505050505051
0.176069588515467, 13, 2, 4, 61, 0.084023548930301
0.176069588515467, 13, 2, 4, 61, 0.084023548930301
0.175999999999988, 10, 1, 0, 14, 0.217171717171717
0.1755, 12, 1, 3, 3, 0.800505050505051
0.1755, 12, 1, 3, 3, 0.800505050505051
0.174999999999997, 12, 1, 4, 61, 0.084023548930301
0.174999999999997, 12, 1, 4, 61, 0.084023548930301
0.166666666666671, 10, 1, 0, 10, 0.0808080808080808
0.165999999999997, 11, 1, 3, 1, 0.0997474747474748
0.165999999999997, 11, 1, 3, 1, 0.0997474747474748
0.160000000000025, 11, 1, 0, 15, 0.275252525252525
0.159999999999997, 11, 1, 0, 15, 0.275252525252525
0.153410214384694, 14, 3, 2, 1, 0.0454545454545454
0.152500000000003, 12, 1, 4, 24, 0.0306244453386102
0.152500000000003, 12, 1, 4, 24, 0.0306244453386102
0.151886536598969, 10, 8, 4, 37, 0.0486682110506046
0.15100000000001, 16, 1, 3, 1, 0.0997474747474748
0.150999999999982, 16, 1, 3, 1, 0.0997474747474748
0.150000000000006, 12, 1, 0, 5, 0.0184343434343434
0.150000000000006, 12, 1, 0, 5, 0.0184343434343434
0.150000000000006, 12, 1, 0, 10, 0.0808080808080808
0.150000000000006, 13, 1, 0, 3, 0.00795454545454546
0.150000000000006, 14, 1, 3, 1, 0.0997474747474748
0.149999999999991, 13, 1, 0, 3, 0.00795454545454546
0.149999999999991, 14, 1, 3, 1, 0.0997474747474748
0.149999999999977, 12, 1, 0, 10, 0.0808080808080808
0.148523356748965, 11, 3, 4, 55, 0.0776266165618163
0.148500000000013, 13, 1, 4, 36, 0.0468471651172549
0.148499999999999, 13, 1, 4, 36, 0.0468471651172549
0.14849242404916, 12, 2, 0, 2, 0.00416666666666667
0.14849242404916, 14, 2, 0, 3, 0.00795454545454546
0.141892760758088, 12, 2, 4, 21, 0.0272340315353993
0.140478547195748, 14, 2, 3, 3, 0.800505050505051
0.140000000000015, 13, 1, 2, 3, 0.363636363636364
0.139999999999986, 13, 1, 2, 3, 0.363636363636364
0.139064333633389, 11, 2, 4, 34, 0.0437591097547004
0.137500000000017, 11, 1, 3, 3, 0.800505050505051
0.137500000000003, 11, 1, 4, 52, 0.0736969911266934
0.137499999999989, 11, 1, 3, 3, 0.800505050505051
0.137499999999989, 11, 1, 4, 52, 0.0736969911266934
0.135000000000005, 13, 1, 0, 8, 0.0467171717171717
0.134999999999991, 13, 1, 0, 8, 0.0467171717171717
0.132857142857119, 14, 4, 2, 1, 0.0454545454545454
0.13000000000001, 13, 1, 0, 7, 0.0353535353535354
0.129999999999995, 13, 1, 0, 7, 0.0353535353535354
0.12733333333334, 14, 1, 3, 1, 0.0997474747474748
0.125, 15, 1, 0, 11, 0.103535353535354
0.125, 15, 1, 0, 11, 0.103535353535354
0.125, 14, 1, 0, 11, 0.103535353535354
0.125, 14, 1, 0, 11, 0.103535353535354
0.125, 12, 1, 0, 7, 0.0353535353535354
0.125, 12, 1, 0, 7, 0.0353535353535354
0.12492219800963, 13, 2, 3, 3, 0.800505050505051
0.124450793488824, 10, 2, 0, 14, 0.217171717171717
0.122, 11, 1, 4, 40, 0.0550596271875607
0.121499999999998, 10, 1, 4, 101, 0.73090184972689
0.121499999999998, 10, 1, 4, 101, 0.73090184972689
0.120000000000005, 14, 1, 0, 8, 0.0467171717171717
0.120000000000005, 14, 1, 0, 8, 0.0467171717171717
0.118000000000009, 12, 1, 4, 37, 0.0486682110506046
0.117999999999995, 12, 1, 4, 37, 0.0486682110506046
0.117851130197751, 10, 2, 0, 10, 0.0808080808080808
0.115000000000009, 13, 1, 0, 13, 0.170454545454545
0.114999999999995, 13, 1, 0, 13, 0.170454545454545
0.109531593926254, 9, 3, 3, 3, 0.800505050505051
0.10499999999999, 15, 1, 0, 9, 0.0618686868686869
0.10499999999999, 15, 1, 0, 9, 0.0618686868686869
0.103499999999997, 14, 1, 4, 26, 0.0338774705003143
0.103499999999997, 14, 1, 4, 26, 0.0338774705003143
0.103000000000009, 12, 1, 4, 22, 0.0286232599694077
0.10299999999998, 12, 1, 4, 22, 0.0286232599694077
0.100999999999999, 12, 1, 4, 49, 0.0692091058226616
0.100999999999999, 12, 1, 4, 49, 0.0692091058226616
0.100000000000009, 9, 1, 4, 99, 0.6623678444522
0.0999999999999943, 9, 1, 4, 99, 0.6623678444522
0.0980000000000132, 12, 1, 4, 22, 0.0286232599694077
0.097999999999999, 15, 1, 2, 4, 0.590909090909091
0.097999999999999, 15, 1, 2, 4, 0.590909090909091
0.0979999999999848, 12, 1, 4, 22, 0.0286232599694077
0.0960000000000036, 15, 1, 2, 5, 0.863636363636364
0.0959999999999894, 15, 1, 2, 5, 0.863636363636364
0.0955000000000013, 15, 1, 4, 58, 0.081739484313027
0.0955000000000013, 15, 1, 4, 58, 0.081739484313027
0.0949999999999989, 13, 1, 3, 1, 0.0997474747474748
0.0949999999999989, 13, 1, 3, 1, 0.0997474747474748
0.0948571428571086, 9, 4, 3, 3, 0.800505050505051
0.092000000000013, 14, 1, 4, 2, 0.000339506812356317
0.0915000000000106, 12, 1, 3, 2, 0.400252525252525
0.0914999999999964, 12, 1, 3, 2, 0.400252525252525
0.0900382634710815, 14, 2, 3, 1, 0.0997474747474748
0.0862670273047487, 11, 2, 4, 40, 0.0550596271875607
0.0849999999999937, 12, 1, 0, 10, 0.0808080808080808
0.0849999999999937, 12, 1, 0, 10, 0.0808080808080808
0.0800000000000125, 13, 1, 0, 8, 0.0467171717171717
0.0799999999999841, 13, 1, 0, 8, 0.0467171717171717
0.0790000000000077, 12, 1, 4, 68, 0.0971476980300399
0.0789999999999935, 12, 1, 4, 68, 0.0971476980300399
0.0785000000000196, 12, 1, 4, 4, 0.00326307504602002
0.0784999999999911, 12, 1, 4, 4, 0.00326307504602002
0.078000000000003, 13, 1, 4, 46, 0.0667300768973018
0.078000000000003, 13, 1, 4, 46, 0.0667300768973018
0.0769999999999982, 10, 1, 4, 41, 0.0589841673467433
0.0769999999999982, 10, 1, 4, 41, 0.0589841673467433
0.0750000000000171, 12, 1, 0, 2, 0.00416666666666667
0.0749999999999886, 12, 1, 0, 2, 0.00416666666666667
0.0749999999999886, 10, 1, 0, 3, 0.00795454545454546
0.0749999999999886, 10, 1, 0, 3, 0.00795454545454546
0.0725000000000051, 9, 1, 1, 6, 0.164414414414414
0.0725000000000051, 9, 1, 1, 6, 0.164414414414414
0.0700000000000216, 14, 1, 0, 9, 0.0618686868686869
0.0700000000000216, 14, 1, 3, 1, 0.0997474747474748
0.0700000000000074, 12, 1, 0, 8, 0.0467171717171717
0.0699999999999932, 14, 1, 0, 9, 0.0618686868686869
0.0699999999999932, 12, 1, 0, 6, 0.026010101010101
0.0699999999999932, 12, 1, 0, 6, 0.026010101010101
0.0699999999999932, 12, 1, 0, 8, 0.0467171717171717
0.0699999999999932, 14, 1, 3, 1, 0.0997474747474748
0.0650538238691514, 14, 2, 4, 2, 0.000339506812356317
0.0650000000000119, 9, 1, 0, 11, 0.103535353535354
0.0649999999999977, 14, 1, 0, 7, 0.0353535353535354
0.0649999999999977, 14, 1, 0, 7, 0.0353535353535354
0.0649999999999977, 13, 1, 0, 3, 0.00795454545454546
0.0649999999999977, 13, 1, 0, 3, 0.00795454545454546
0.0649999999999977, 15, 1, 0, 2, 0.00416666666666667
0.0649999999999977, 15, 1, 0, 2, 0.00416666666666667
0.0649999999999977, 9, 1, 0, 11, 0.103535353535354
0.0649999999999977, 9, 1, 0, 13, 0.170454545454545
0.0649999999999977, 9, 1, 0, 13, 0.170454545454545
0.0600000000000023, 13, 1, 4, 71, 0.160308462840372
0.0600000000000023, 13, 1, 0, 6, 0.026010101010101
0.0600000000000023, 13, 1, 0, 6, 0.026010101010101
0.0600000000000023, 10, 1, 0, 13, 0.170454545454545
0.0600000000000023, 10, 1, 0, 13, 0.170454545454545
0.0599999999999881, 13, 1, 4, 71, 0.160308462840372
0.0550000000000068, 13, 1, 0, 7, 0.0353535353535354
0.0550000000000068, 13, 1, 0, 7, 0.0353535353535354
0.0550000000000068, 14, 1, 0, 2, 0.00416666666666667
0.0550000000000068, 14, 1, 0, 2, 0.00416666666666667
0.0550000000000068, 7, 1, 0, 3, 0.00795454545454546
0.0549999999999926, 7, 1, 0, 3, 0.00795454545454546
0.0534999999999997, 10, 1, 4, 63, 0.0888584396739231
0.0534999999999997, 10, 1, 4, 63, 0.0888584396739231
0.0500000000000114, 14, 1, 0, 11, 0.103535353535354
0.0499999999999972, 13, 1, 4, 40, 0.0550596271875607
0.0499999999999972, 13, 1, 4, 40, 0.0550596271875607
0.0499999999999972, 12, 1, 0, 14, 0.217171717171717
0.0499999999999972, 12, 1, 0, 14, 0.217171717171717
0.0499999999999829, 14, 1, 0, 11, 0.103535353535354
0.0450000000000159, 15, 1, 0, 10, 0.0808080808080808
0.0449999999999875, 15, 1, 0, 10, 0.0808080808080808
0.0433333333333508, 14, 1, 4, 76, 0.20691329301129
0.0350000000000108, 12, 1, 4, 31, 0.0395255744388036
0.0350000000000108, 12, 1, 3, 3, 0.800505050505051
0.0349999999999966, 12, 1, 4, 31, 0.0395255744388036
0.0349999999999966, 12, 1, 3, 3, 0.800505050505051
0.0320000000000107, 12, 1, 2, 3, 0.363636363636364
0.0319999999999823, 12, 1, 2, 3, 0.363636363636364
0.0306412938513892, 14, 2, 4, 76, 0.20691329301129
0.0250000000000057, 7, 1, 0, 11, 0.103535353535354
0.0249999999999915, 7, 1, 0, 11, 0.103535353535354
0.0200000000000102, 10, 1, 3, 1, 0.0997474747474748
0.019999999999996, 10, 1, 3, 1, 0.0997474747474748
0.019999999999996, 13, 1, 0, 4, 0.0126262626262626
0.019999999999996, 13, 1, 0, 4, 0.0126262626262626
0.0170000000000101, 13, 1, 4, 71, 0.160308462840372
0.0169999999999959, 13, 1, 4, 71, 0.160308462840372
0.0165000000000077, 14, 1, 4, 36, 0.0468471651172549
0.0164999999999935, 14, 1, 4, 36, 0.0468471651172549
0.00799999999999557, 12, 1, 4, 90, 0.412079181780135
0.00799999999999557, 12, 1, 4, 90, 0.412079181780135
0.007000000000005, 13, 1, 3, 1, 0.0997474747474748
0.00699999999999079, 13, 1, 3, 1, 0.0997474747474748
0.00650000000000261, 13, 1, 2, 4, 0.590909090909091
0.0064999999999884, 13, 1, 2, 4, 0.590909090909091
0.00499999999999545, 13, 1, 0, 10, 0.0808080808080808
0.00499999999999545, 13, 1, 0, 10, 0.0808080808080808
0.00499999999999545, 14, 1, 0, 6, 0.026010101010101
0.00499999999999545, 14, 1, 0, 6, 0.026010101010101
0.00499999999999545, 13, 1, 0, 10, 0.0808080808080808
0.00499999999999545, 13, 1, 0, 10, 0.0808080808080808
0.0035000000000025, 14, 1, 4, 93, 0.471038215796977
0.0035000000000025, 14, 1, 4, 93, 0.471038215796977
