172.536490617774
151.07214657771
144.089475307697
139.579036314978
133.369549537717
131.504105360725
129.957974128666
130.544169776712
129.293216274871
128.830315309306
128.83626696903
127.954155480364
127.327833591124
126.92554277731
126.716744798982
127.289437223191
126.979784464543
126.327415441921
126.53411338651
126.407580412413
126.549114053571
126.300644505569
126.239696762426
125.90244064968
126.003848672893
125.885712017653
125.688347463723
125.675326345413
125.549609021078
125.546862692686
125.485627617273
125.154175396215
124.903678299045
124.804214672081
124.757917063699
124.851968171467
124.966693006392
124.913858156314
124.791318942518
124.871428631552
124.736696925692
124.75114189921
124.707020547931
124.403230885683
124.456996677067
124.552597087632
124.598428490182
124.578756123772
124.687710632466
124.805333686074
124.817488097345
124.832152754219
124.469078563071
124.473156100398
124.391328182503
124.266085286805
124.301405145654
124.119386926846
124.078814109837
124.053360545111
123.980915458021
123.980853205284
123.992988888308
124.060728303845
124.114860090426
124.002558419438
124.04062847219
123.961880714756
124.097855314965
123.842618295855
123.822376447948
123.685595304941
