3.49285517150095
3.00083174007918
2.92671053260093
2.79369932697865
2.78045831108964
2.72619970407473
2.66822781771732
2.64512753021548
2.61997517359443
2.59620402706694
2.58070529720015
2.56325813708044
2.56134849914404
2.55459642858841
2.53971748706119
2.5453241918564
2.53570318162278
2.53747953278987
2.54326934213743
2.54074070328303
2.54930851051976
2.5402852386658
2.53831775921343
2.53552846567841
2.53005631449028
2.52560580775107
2.53050778511735
2.53840823121165
2.53280614369538
2.53510164847895
2.537358311521
2.53924420177721
2.5387210189433
2.53982746420459
2.53427102790598
