3.48064462907786
2.99395609164762
2.91762403941371
2.7840116304189
2.77228794547424
2.71785917023886
2.66011203625244
2.63712421679155
2.61251931496663
2.58891323813067
2.5728638288682
2.55523890169623
2.55321436782552
2.54636171242152
2.53184702807817
2.536220408888
2.52619597216166
2.52746360577766
2.53335659259824
2.5299643793523
2.5383745124658
2.52989449017562
2.52847399066235
2.52599394537545
2.5208259090463
2.51636267141812
2.52138354450099
2.52916906614335
2.52348383717063
2.52574242858918
2.52815390969375
2.52999624673155
2.52914634347435
2.53003470083833
2.52453142311822
