3.79284725214489
3.02570479164937
2.80048118155393
2.49916269302447
2.29095155512944
2.13426001697268
2.00586875534425
1.95506952656858
1.91729114826172
1.8896508020694
1.86462884114231
1.83415921057608
1.80791132853373
1.79548060073392
1.77504840631616
1.75479620504128
1.75504736950568
1.7355857145411
1.71856035968416
1.70072356225666
1.67956226660805
1.66943841720166
1.66656480731576
1.66181762911165
1.65306090934931
1.64770103453416
1.63859546198416
1.63017861267531
1.62829968706813
1.62565321362159
1.62438253378566
1.62246533516418
1.6198683175961
1.61842476804337
1.61187336102769
