norm, level, Npoints, dimSplit, MainGridIndexSplit
1306.84134404076, 0, 3760, -1, -1, -1
111.146226742077, 2, 808, 0, 14, 0.642857142857143
107.297809345635, 2, 867, 0, 14, 0.642857142857143
105.05531324152, 2, 873, 0, 12, 0.602040816326531
95.1564313089663, 3, 179, 0, 11, 0.571428571428571
89.1607748318297, 2, 1212, 0, 12, 0.602040816326531
70.9274519213046, 4, 122, 0, 11, 0.571428571428571
69.5326011133344, 3, 371, 17, 3097, 0.434321310729321
67.5543104840626, 5, 244, 1, 1, 0.5
63.4512161678627, 1, 1675, 18, 2347, 0.273276251960206
62.5346496077158, 3, 26, 17, 4927, 0.721327796108772
62.0991065468514, 3, 317, 4, 518, 0.100825551495466
61.6473153645256, 5, 293, 1, 1, 0.5
60.136007662545, 3, 496, 17, 3097, 0.434321310729321
57.1055574981138, 8, 18, 0, 15, 0.683673469387755
56.8714533321809, 1, 2085, 18, 2347, 0.273276251960206
55.6960583983515, 6, 21, 0, 1, 0.13265306122449
55.578026812418, 4, 496, 17, 2398, 0.346925133689839
55.2163781463504, 4, 145, 0, 16, 0.724489795918367
55.0072618219161, 6, 165, 0, 17, 0.744897959183674
54.8973544806744, 5, 70, 4, 164, 0.0207515676455993
54.6753747912405, 4, 53, 0, 22, 0.928571428571429
53.4142112072174, 4, 537, 17, 2398, 0.346925133689839
53.0924267993109, 5, 91, 1, 1, 0.5
52.4953824525091, 6, 168, 0, 19, 0.785714285714286
50.6976342426637, 4, 172, 0, 16, 0.724489795918367
50.6229906324108, 7, 197, 0, 5, 0.438775510204082
49.8969772389062, 3, 491, 4, 518, 0.100825551495466
49.2662202190676, 7, 208, 0, 5, 0.438775510204082
49.012567872224, 6, 69, 0, 2, 0.326530612244898
48.528187236461, 6, 212, 0, 17, 0.744897959183674
46.6360596743612, 5, 68, 0, 2, 0.326530612244898
44.6345800683837, 12, 44, 0, 17, 0.744897959183674
44.379070307478, 6, 17, 0, 10, 0.540816326530612
42.3314722592482, 5, 170, 0, 13, 0.622448979591837
41.9938706505833, 7, 39, 17, 391, 0.120448856525202
40.5096482598111, 4, 374, 0, 11, 0.571428571428571
40.1778557278792, 9, 35, 0, 6, 0.459183673469388
39.6108809144408, 3, 1033, 0, 11, 0.571428571428571
39.1004832065851, 4, 23, 0, 22, 0.928571428571429
37.7880805630179, 9, 10, 15, 4246, 0.688121272365805
36.690773477377, 7, 58, 10, 621, 0.0519371662734385
36.6122882604192, 8, 34, 6, 286, 0.0433241718501374
36.5517941811323, 5, 14, 0, 22, 0.928571428571429
34.5822653787805, 8, 31, 15, 1230, 0.4839849790148
33.1237878155943, 6, 11, 14, 3386, 0.0311969400005883
31.9207917282668, 7, 105, 0, 6, 0.459183673469388
31.8634886349862, 6, 456, 0, 19, 0.785714285714286
31.8544263569239, 6, 21, 0, 4, 0.418367346938776
31.6712878761927, 9, 101, 4, 382, 0.0699237605449542
30.2636690208198, 8, 67, 1, 1, 0.5
30.0556575461778, 6, 42, 0, 17, 0.744897959183674
30.0427642059673, 4, 44, 8, 271, 0.0369017584817562
29.9843627563657, 7, 119, 0, 6, 0.459183673469388
29.7805883622512, 4, 153, 9, 286, 0.147284959154253
29.533243895213, 8, 33, 1, 1, 0.5
29.3907410757399, 7, 26, 2, 2350, 0.796384569003766
28.2476309316446, 7, 78, 0, 21, 0.836734693877551
27.8261318681318, 6, 49, 0, 17, 0.744897959183674
27.7912340754255, 8, 76, 0, 15, 0.683673469387755
27.4852596516075, 5, 71, 0, 12, 0.602040816326531
27.2024482592549, 6, 224, 0, 2, 0.326530612244898
26.7643416075652, 10, 81, 2, 1110, 0.276991160510119
26.5880782868944, 12, 124, 0, 17, 0.744897959183674
26.3710318952507, 11, 33, 0, 14, 0.642857142857143
26.2971132664852, 7, 90, 0, 21, 0.836734693877551
26.0845049023898, 5, 377, 1, 1, 0.5
25.9822119283763, 13, 35, 6, 166, 0.0259655721105164
25.5753798260557, 5, 82, 0, 12, 0.602040816326531
25.1842642936661, 12, 10, 0, 10, 0.540816326530612
24.9488620844999, 4, 218, 9, 286, 0.147284959154253
24.5941501605546, 6, 48, 2, 889, 0.234886975119737
23.8639852813853, 8, 25, 16, 5049, 0.661159914607514
23.7510152939201, 6, 35, 0, 13, 0.622448979591837
23.5705971487037, 7, 71, 17, 3995, 0.57143873023097
23.4287753045429, 10, 20, 2, 1514, 0.372676078770435
23.4188169014085, 6, 36, 0, 13, 0.622448979591837
23.3805709129771, 8, 21, 0, 3, 0.397959183673469
22.3830067783638, 8, 74, 15, 1230, 0.4839849790148
22.2533621993306, 5, 426, 4, 164, 0.0207515676455993
22.0950779999484, 5, 624, 0, 13, 0.622448979591837
21.9844493623744, 5, 306, 0, 2, 0.326530612244898
21.8631113397384, 7, 10, 18, 122, 0.0991275764462548
21.7263766306016, 8, 130, 1, 1, 0.5
21.5620268723271, 6, 31, 17, 695, 0.16496472863807
20.8536171428571, 6, 49, 0, 4, 0.418367346938776
20.8456587469516, 7, 11, 18, 122, 0.0991275764462548
20.7338653846154, 8, 16, 2, 1593, 0.39552451052889
20.6388225465603, 8, 22, 11, 1841, 0.14244608674582
20.4849936113598, 7, 94, 17, 3995, 0.57143873023097
20.4496302626294, 7, 13, 14, 5174, 0.0941289403107595
20.2354363983132, 9, 58, 12, 655, 0.0451881159101733
20.0889278639397, 9, 140, 0, 6, 0.459183673469388
19.9009441954144, 11, 18, 17, 2994, 0.420027875753783
19.6484851654528, 8, 20, 2, 2233, 0.721459369062923
19.5553497689615, 8, 18, 13, 3968, 0.247733763814727
19.215044476537, 7, 34, 2, 1786, 0.452185981956974
19.0190524835443, 6, 15, 17, 3728, 0.532754010695187
18.9540427815242, 9, 282, 4, 382, 0.0699237605449542
18.9385546016584, 7, 35, 2, 1786, 0.452185981956974
18.8243955355171, 8, 11, 4, 460, 0.0875174809401362
18.3850524860541, 7, 231, 10, 621, 0.0519371662734385
18.1618599915339, 9, 72, 12, 655, 0.0451881159101733
18.0382860379439, 5, 10, 13, 713, 0.0391882942174759
18.0049020552926, 11, 44, 0, 9, 0.520408163265306
17.963447791831, 5, 24, 18, 309, 0.130500023247721
17.902200045809, 9, 10, 16, 4119, 0.57241184698059
17.6990619233396, 10, 11, 8, 1112, 0.0756297774598035
17.2932391672454, 8, 23, 2, 1593, 0.39552451052889
17.2251781816503, 10, 37, 2, 1514, 0.372676078770435
17.1513908236286, 4, 135, 8, 271, 0.0369017584817562
17.1260274359875, 12, 10, 0, 18, 0.76530612244898
16.990299912814, 10, 201, 2, 1110, 0.276991160510119
16.8388843593047, 6, 21, 17, 2670, 0.378242689725794
16.4564391179993, 7, 45, 16, 2432, 0.462315657742988
16.3423979900994, 9, 12, 16, 4119, 0.57241184698059
16.3098102414508, 9, 12, 0, 7, 0.479591836734694
16.2935283162018, 13, 89, 6, 166, 0.0259655721105164
16.274651917962, 14, 31, 2, 2148, 0.658911730241977
16.0331992418766, 10, 18, 2, 2005, 0.56278085573543
16.016890613974, 13, 21, 14, 1026, 0.0118085655383743
15.8675751259554, 10, 29, 13, 1995, 0.0783869365453868
15.8276852306615, 9, 57, 15, 4246, 0.688121272365805
15.7474221742846, 9, 22, 4, 169, 0.0218793702350341
15.6699588172489, 9, 13, 0, 7, 0.479591836734694
15.5834332569389, 14, 10, 15, 4013, 0.663643141153082
15.4266818733307, 6, 122, 2, 889, 0.234886975119737
15.4189009435308, 10, 43, 6, 211, 0.0324750470128743
15.304668914988, 13, 23, 14, 1026, 0.0118085655383743
15.1139756847587, 8, 39, 13, 2108, 0.0824020033941802
14.8582206224969, 14, 11, 15, 4013, 0.663643141153082
14.5908200095435, 11, 67, 0, 9, 0.520408163265306
14.1260081450183, 4, 794, 0, 22, 0.928571428571429
13.9610876030572, 7, 56, 4, 242, 0.0383452880407813
13.837273746155, 5, 54, 0, 12, 0.602040816326531
13.691724045011, 7, 29, 14, 5174, 0.0941289403107595
13.6580849576275, 12, 34, 0, 10, 0.540816326530612
13.5971693973288, 7, 12, 11, 597, 0.0535195056942089
13.3241112991608, 13, 12, 16, 2654, 0.476584545922999
13.2761958167654, 10, 58, 6, 211, 0.0324750470128743
13.1555823141837, 12, 11, 13, 3592, 0.168498282213668
13.1434545961699, 10, 27, 17, 4779, 0.691788030492661
13.1053123141846, 9, 69, 4, 718, 0.14638877610863
13.0885535126366, 5, 101, 2, 1451, 0.362460040272579
12.9646342728647, 11, 10, 0, 4, 0.418367346938776
12.9558274499063, 8, 46, 2, 2233, 0.721459369062923
12.8600097526786, 7, 66, 4, 242, 0.0383452880407813
12.8425179737181, 7, 417, 17, 391, 0.120448856525202
12.8247555998203, 8, 175, 1, 1, 0.5
12.6825504059093, 6, 405, 0, 1, 0.13265306122449
12.6678160819756, 12, 11, 0, 4, 0.418367346938776
12.5955111259193, 12, 12, 13, 3592, 0.168498282213668
12.4974276782496, 8, 60, 11, 1841, 0.14244608674582
12.4839127765733, 10, 10, 14, 2357, 0.0216671969881306
12.4537110970866, 8, 11, 2, 1838, 0.467084561040261
12.4488580614465, 9, 35, 0, 5, 0.438775510204082
12.3552534956717, 9, 13, 15, 1849, 0.524409100949856
12.3308483411259, 5, 68, 0, 12, 0.602040816326531
12.2973278745298, 9, 10, 4, 207, 0.0304506699147381
12.2621725539605, 9, 13, 0, 10, 0.540816326530612
12.1908839792325, 7, 82, 16, 2432, 0.462315657742988
12.1607233598842, 5, 117, 2, 1451, 0.362460040272579
12.1433408617293, 7, 21, 13, 1796, 0.0720331967382756
11.9235205965167, 8, 12, 2, 1838, 0.467084561040261
11.8981258641389, 14, 58, 2, 2148, 0.658911730241977
11.7344063313749, 11, 20, 0, 17, 0.744897959183674
11.7125633471608, 10, 34, 17, 4779, 0.691788030492661
11.7037559818775, 10, 27, 2, 1493, 0.37117666465683
11.6877106974313, 11, 168, 0, 14, 0.642857142857143
11.6641358330323, 9, 14, 2, 1504, 0.371668126642473
11.6353790208732, 6, 10, 15, 1933, 0.529779655400928
11.6193526800232, 7, 58, 2, 953, 0.246199701937407
11.4289, 9, 16, 4, 396, 0.0730816077953715
11.4016839622642, 7, 16, 2, 1933, 0.517775679457572
11.3481496112802, 8, 10, 1, 1, 0.5
11.2932489451477, 11, 36, 0, 20, 0.806122448979592
10.9939621801183, 8, 15, 2, 1109, 0.276727227221533
10.9885588558534, 7, 186, 2, 2350, 0.796384569003766
10.9788608457762, 9, 45, 0, 5, 0.438775510204082
10.9563447593034, 3, 847, 17, 4927, 0.721327796108772
10.9423903258526, 11, 23, 0, 17, 0.744897959183674
10.9085479401885, 8, 383, 6, 286, 0.0433241718501374
10.8803827679662, 5, 158, 0, 22, 0.928571428571429
10.8788328136133, 9, 18, 15, 2350, 0.555500331345262
10.7984320544584, 6, 19, 2, 648, 0.175986621312613
10.7854700284042, 9, 13, 4, 207, 0.0304506699147381
10.7817382002345, 6, 11, 15, 1896, 0.526935608570797
10.7635055555555, 6, 289, 0, 10, 0.540816326530612
10.7553970204903, 10, 40, 2, 2005, 0.56278085573543
10.6539795768137, 11, 47, 0, 5, 0.438775510204082
10.6529176396543, 6, 127, 17, 695, 0.16496472863807
10.6375021217927, 11, 63, 17, 2994, 0.420027875753783
10.5748938712185, 8, 18, 17, 1664, 0.269726362498578
10.5641291712634, 7, 10, 2, 1593, 0.39552451052889
10.5527592238828, 8, 80, 13, 2108, 0.0824020033941802
10.5335925627922, 10, 15, 2, 2208, 0.702711004425433
10.5328945664372, 8, 14, 2, 1993, 0.556774098133127
10.4663519848504, 10, 28, 0, 19, 0.785714285714286
10.4018167261542, 9, 61, 2, 1824, 0.462354239428448
10.3826185283714, 10, 11, 4, 489, 0.0940587359588578
10.3638806380002, 11, 11, 0, 10, 0.540816326530612
10.3438957760178, 10, 62, 2, 1790, 0.454015312681312
10.3332259112714, 11, 43, 0, 20, 0.806122448979592
10.255786453804, 6, 43, 16, 950, 0.35497386695458
10.1899870321292, 12, 17, 0, 4, 0.418367346938776
10.1757428926755, 8, 15, 2, 1993, 0.556774098133127
10.160189917025, 9, 13, 4, 448, 0.0848107547254928
10.1180441847275, 6, 53, 17, 3728, 0.532754010695187
9.98855694635626, 8, 15, 0, 10, 0.540816326530612
9.90766437398084, 7, 10, 2, 1737, 0.43561734223729
9.88002501804324, 6, 61, 17, 2670, 0.378242689725794
9.85566954759568, 12, 10, 17, 2791, 0.393133462282398
9.82201819567448, 9, 10, 2, 1978, 0.546057496501746
9.72106146528793, 9, 21, 15, 1849, 0.524409100949856
9.69269725618208, 8, 10, 2, 446, 0.132371645373773
9.68456161705747, 14, 11, 12, 1571, 0.0834707110671502
9.65723846264016, 9, 26, 2, 2087, 0.626147597865781
9.61021451387939, 7, 10, 18, 144, 0.103525622510557
9.56535140963474, 8, 22, 17, 1664, 0.269726362498578
9.44658732739208, 7, 11, 2, 1737, 0.43561734223729
9.42189387335078, 9, 11, 7, 1346, 0.100932129332945
9.4047953365343, 10, 75, 2, 1790, 0.454015312681312
9.3314831624145, 6, 10, 14, 3320, 0.0304315390641921
9.30947822755204, 7, 39, 15, 129, 0.261583278109123
9.30061435409386, 9, 137, 4, 718, 0.14638877610863
9.18951054191682, 8, 14, 13, 3480, 0.157136056956
9.12235875249289, 10, 20, 2, 2208, 0.702711004425433
9.10685565939972, 8, 47, 4, 460, 0.0875174809401362
9.07796549660995, 8, 22, 2, 1109, 0.276727227221533
9.06569040117742, 10, 45, 2, 1493, 0.37117666465683
8.79868636923577, 7, 40, 13, 1796, 0.0720331967382756
8.66808409276089, 4, 468, 0, 22, 0.928571428571429
8.63384800087909, 8, 154, 0, 3, 0.397959183673469
8.57076438259716, 9, 29, 15, 2350, 0.555500331345262
8.55913570906281, 9, 26, 2, 1504, 0.371668126642473
8.53953352027908, 12, 11, 0, 17, 0.744897959183674
8.43393320555987, 11, 75, 0, 5, 0.438775510204082
8.42837092472884, 7, 27, 6, 282, 0.0427455518588167
8.3528335579929, 5, 111, 18, 309, 0.130500023247721
8.35194899409711, 11, 12, 17, 915, 0.189512458755262
8.32090591985056, 9, 12, 2, 1906, 0.499004561950376
8.31341319905517, 8, 206, 16, 5049, 0.661159914607514
8.3061966160813, 15, 10, 17, 3763, 0.539552281260667
8.30159589793236, 10, 50, 8, 1112, 0.0756297774598035
8.27348546694616, 8, 15, 2, 1584, 0.394150237198667
8.2542151862431, 10, 19, 2, 1418, 0.353882208393534
8.21092923695244, 8, 10, 18, 2781, 0.301349635856157
8.15546523612461, 6, 68, 16, 950, 0.35497386695458
8.13643841065645, 9, 10, 13, 2738, 0.108758640672213
8.11050829377514, 10, 111, 13, 1995, 0.0783869365453868
8.10181817956748, 11, 18, 0, 10, 0.540816326530612
8.01959939174021, 11, 10, 9, 273, 0.14103796251802
7.98351094763658, 7, 23, 0, 5, 0.438775510204082
7.91818021177103, 10, 13, 12, 2135, 0.111495768765798
7.85384319487401, 9, 107, 2, 1824, 0.462354239428448
7.82881385037701, 8, 11, 18, 2781, 0.301349635856157
7.82317455065631, 12, 17, 0, 5, 0.438775510204082
7.82115065717636, 11, 10, 2, 956, 0.24621335365923
7.82115065717635, 11, 10, 2, 956, 0.24621335365923
7.81020011660217, 9, 22, 4, 448, 0.0848107547254928
7.78862143930904, 10, 14, 2, 837, 0.218643701436844
7.7628988915113, 13, 12, 2, 1356, 0.339404557399802
7.7301649599595, 8, 12, 2, 2418, 0.874586182182228
7.71276548410556, 10, 13, 2, 2158, 0.672085641801572
7.5853905598643, 8, 40, 0, 20, 0.806122448979592
7.5719037551696, 9, 15, 13, 3879, 0.217362059687901
7.5088109326356, 7, 26, 0, 5, 0.438775510204082
7.49770118788783, 7, 37, 2, 1933, 0.517775679457572
7.44818743168642, 8, 15, 2, 2113, 0.643189497275344
7.43907094699176, 12, 53, 0, 18, 0.76530612244898
7.40330955476242, 13, 11, 4, 528, 0.103081156674336
7.32098029521027, 7, 14, 1, 1, 0.5
7.2899417055327, 7, 21, 2, 1593, 0.39552451052889
7.24762179487178, 8, 16, 2, 1132, 0.284915985028612
7.2374329693839, 15, 18, 16, 4134, 0.573700095698476
7.22330728204948, 9, 11, 2, 1832, 0.46696169554385
7.22330728204948, 9, 11, 2, 1832, 0.46696169554385
7.20836794042951, 13, 41, 16, 2654, 0.476584545922999
7.19711390408694, 6, 233, 14, 3386, 0.0311969400005883
7.15674209448795, 8, 14, 2, 2418, 0.874586182182228
7.05022841713969, 7, 68, 15, 129, 0.261583278109123
7.02001741069268, 15, 14, 17, 3763, 0.539552281260667
7.01987241471507, 7, 10, 17, 2874, 0.403089088633519
6.96393369128645, 9, 50, 2, 2087, 0.626147597865781
6.95178379341453, 11, 10, 0, 19, 0.785714285714286
6.89188601208963, 9, 44, 4, 396, 0.0730816077953715
6.87114063990749, 10, 10, 8, 1759, 0.10667620589675
6.81005430905713, 13, 13, 4, 528, 0.103081156674336
6.78457957109672, 8, 50, 0, 20, 0.806122448979592
6.76899056603776, 13, 16, 2, 2112, 0.641687807874768
6.72579402408185, 12, 23, 0, 5, 0.438775510204082
6.70360222777895, 11, 11, 16, 3552, 0.534377837214438
6.69318572870793, 7, 11, 17, 2874, 0.403089088633519
6.68924197659867, 7, 175, 2, 953, 0.246199701937407
6.66667655990038, 12, 10, 0, 4, 0.418367346938776
6.61788819974828, 8, 19, 2, 2113, 0.643189497275344
6.60260124376969, 7, 12, 17, 3485, 0.494083513482762
6.55647920908654, 14, 24, 12, 1571, 0.0834707110671502
6.51866375425617, 8, 19, 15, 3414, 0.621520874751491
6.51642822007612, 10, 20, 2, 837, 0.218643701436844
6.49863605192607, 12, 23, 17, 2791, 0.393133462282398
6.42885818186442, 9, 132, 4, 169, 0.0218793702350341
6.4009907541147, 8, 168, 13, 3968, 0.247733763814727
6.2942663640296, 7, 56, 11, 597, 0.0535195056942089
6.29001364191136, 9, 21, 2, 1906, 0.499004561950376
6.27246454044636, 10, 12, 8, 1759, 0.10667620589675
6.231043828662, 10, 79, 0, 19, 0.785714285714286
6.13019999999997, 8, 25, 2, 446, 0.132371645373773
6.06584111703754, 8, 35, 1, 1, 0.5
6.05160396368874, 8, 30, 2, 2180, 0.685555340667342
6.01429141802055, 12, 14, 2, 842, 0.221922389961434
5.99440760224842, 10, 33, 4, 489, 0.0940587359588578
5.97755538007844, 7, 21, 1, 1, 0.5
5.95623246712696, 13, 10, 13, 556, 0.0342832898712695
5.92884998954086, 10, 22, 2, 2158, 0.672085641801572
5.88776571852603, 16, 10, 2, 2007, 0.563668217653952
5.84322099557802, 11, 23, 2, 1490, 0.371140260065301
5.7812915230353, 12, 24, 0, 17, 0.744897959183674
5.76774160231697, 14, 11, 2, 2045, 0.591108178519016
5.76768768094135, 9, 29, 2, 1978, 0.546057496501746
5.74828188244101, 11, 15, 15, 2156, 0.544317428760769
5.74621628479954, 7, 26, 15, 2424, 0.55973878948531
5.73328079326759, 13, 22, 2, 1356, 0.339404557399802
5.70573001815439, 12, 12, 2, 1128, 0.282517832561632
5.66075269376834, 9, 61, 0, 10, 0.540816326530612
5.65196315199047, 15, 14, 17, 2066, 0.3097764250768
5.63116311965588, 8, 13, 7, 259, 0.0200116516166618
5.6146759229043, 9, 21, 13, 2738, 0.108758640672213
5.52219216059226, 14, 12, 2, 2045, 0.591108178519016
5.51766396396211, 7, 63, 6, 282, 0.0427455518588167
5.48755035579861, 11, 28, 15, 1022, 0.469198696708637
5.48063376362808, 11, 10, 3, 560, 0.061668011294877
5.46763406655152, 11, 28, 17, 915, 0.189512458755262
5.39690116872637, 9, 10, 2, 2320, 0.779752221248905
5.39690116872635, 9, 10, 2, 2320, 0.779752221248905
5.37180680113187, 8, 11, 16, 3013, 0.498362083772974
5.31386411664531, 8, 53, 0, 10, 0.540816326530612
5.31241409590698, 10, 17, 14, 1838, 0.017570129443002
5.30149137201546, 10, 29, 12, 2135, 0.111495768765798
5.24867516076318, 12, 14, 2, 1142, 0.285555340667342
5.23784079842221, 8, 13, 2, 2091, 0.626488890911366
5.22396145015061, 13, 13, 13, 556, 0.0342832898712695
5.21459586161767, 12, 10, 2, 1497, 0.371374614623269
5.21459586161766, 12, 10, 2, 1497, 0.371374614623269
5.13417999538922, 11, 10, 17, 1697, 0.272499715553533
5.12907298469982, 15, 17, 17, 2066, 0.3097764250768
5.12380304926443, 9, 12, 17, 3232, 0.454161451814768
5.10860206404457, 10, 10, 2, 2080, 0.618980443908488
5.08823996775961, 10, 50, 2, 1418, 0.353882208393534
5.08514793414854, 11, 65, 0, 4, 0.418367346938776
5.08475801135392, 13, 10, 2, 2086, 0.625965574908135
5.06982374265202, 8, 12, 3, 397, 0.0452299314239613
5.02934300809136, 9, 34, 13, 3879, 0.217362059687901
5.01916048349858, 7, 10, 5, 162, 0.0303268659325293
5.00494314786203, 12, 11, 2, 2149, 0.659571563463442
5.00428700746526, 8, 41, 2, 1584, 0.394150237198667
4.97987080333214, 11, 34, 15, 1022, 0.469198696708637
4.95205518512316, 11, 13, 17, 546, 0.144882808055524
4.92993602506737, 7, 38, 18, 144, 0.103525622510557
4.91199999999995, 8, 49, 13, 3480, 0.157136056956
4.90939962525921, 5, 135, 13, 713, 0.0391882942174759
4.85501763064222, 15, 40, 16, 4134, 0.573700095698476
4.82180791466166, 9, 42, 7, 1346, 0.100932129332945
4.80595364816098, 12, 27, 0, 6, 0.459183673469388
4.80088591270947, 12, 23, 10, 506, 0.044610704085434
4.77191977865279, 11, 14, 17, 546, 0.144882808055524
4.74016259363974, 11, 22, 16, 3552, 0.534377837214438
4.73676902200157, 11, 35, 2, 1490, 0.371140260065301
4.71462762317697, 9, 19, 3, 340, 0.0394816458249294
4.69374472325136, 8, 14, 3, 397, 0.0452299314239613
4.66349431299108, 10, 12, 2, 2080, 0.618980443908488
4.54991283568247, 8, 39, 15, 3414, 0.621520874751491
4.50553791788267, 10, 10, 18, 689, 0.169584373023063
4.48735714305481, 11, 24, 0, 19, 0.785714285714286
4.45126077654446, 13, 37, 2, 2112, 0.641687807874768
4.44861004876865, 6, 44, 14, 3320, 0.0304315390641921
4.38139952152716, 9, 22, 3, 340, 0.0394816458249294
4.37027238346673, 6, 116, 2, 648, 0.175986621312613
4.30332121517427, 12, 24, 0, 4, 0.418367346938776
4.29740486756066, 13, 14, 2, 2086, 0.625965574908135
4.2958618491286, 10, 11, 18, 689, 0.169584373023063
4.27913019977987, 8, 60, 2, 2180, 0.685555340667342
4.27672211902215, 11, 12, 18, 4342, 0.477771656660754
4.21955954458433, 12, 13, 2, 1843, 0.467364421337641
4.15373374438359, 10, 13, 2, 2051, 0.594748637671926
4.15373374438355, 10, 13, 2, 2051, 0.594748637671926
4.14987962962962, 12, 16, 2, 2149, 0.659571563463442
4.13939971471291, 10, 28, 14, 1838, 0.017570129443002
4.12133505427561, 12, 23, 2, 1128, 0.282517832561632
4.10815362843821, 6, 11, 16, 1082, 0.367101808455819
4.08502321841765, 11, 18, 3, 560, 0.061668011294877
4.0606894736842, 8, 25, 7, 259, 0.0200116516166618
4.05106919818826, 12, 38, 0, 6, 0.459183673469388
4.0097996958701, 11, 40, 9, 273, 0.14103796251802
3.99712278587853, 12, 11, 10, 1153, 0.0869551719855954
3.98842713081369, 13, 21, 2, 2157, 0.670515693791879
3.92121658573647, 14, 10, 13, 696, 0.0387329773583344
3.87727858100333, 13, 11, 18, 1350, 0.214565190131131
3.85533975540804, 12, 15, 13, 2442, 0.0951508754501428
3.84191031709516, 10, 11, 17, 3060, 0.429812834224599
3.83845886784855, 12, 10, 9, 192, 0.102114368092263
3.82695370823063, 12, 12, 10, 1153, 0.0869551719855954
3.82521655160419, 11, 15, 18, 4342, 0.477771656660754
3.790528534128, 8, 10, 4, 561, 0.110524653764605
3.7789517124294, 6, 13, 16, 1082, 0.367101808455819
3.76932747435348, 6, 90, 15, 1896, 0.526935608570797
3.76313383460423, 11, 35, 15, 2156, 0.544317428760769
3.76014705797366, 7, 37, 17, 3485, 0.494083513482762
3.71539013986193, 10, 10, 18, 1928, 0.249091577703041
3.71221161777556, 13, 12, 18, 1350, 0.214565190131131
3.6817955535923, 8, 62, 2, 1132, 0.284915985028612
3.64682324300048, 12, 29, 2, 1142, 0.285555340667342
3.57413383079278, 10, 122, 14, 2357, 0.0216671969881306
3.55960810810811, 8, 16, 17, 4429, 0.63303561269769
3.55703915726222, 6, 107, 15, 1933, 0.529779655400928
3.55015926050185, 9, 15, 18, 1086, 0.199616201266085
3.54478445502432, 9, 11, 4, 253, 0.0408264537375378
3.54248550281028, 10, 11, 18, 1928, 0.249091577703041
3.5340434864181, 10, 13, 17, 3060, 0.429812834224599
3.50401751329402, 12, 12, 9, 192, 0.102114368092263
3.49482277891169, 9, 10, 13, 446, 0.0307959766546629
3.47407823746099, 10, 10, 6, 218, 0.0334876319976855
3.42324189797233, 11, 10, 2, 2074, 0.61590880649822
3.3993031225164, 16, 30, 2, 2007, 0.563668217653952
3.33313795466856, 10, 10, 2, 2331, 0.785394932935916
3.31944285987875, 11, 10, 4, 1189, 0.317882437858077
3.31944285987874, 11, 10, 4, 1189, 0.317882437858077
3.28269446041702, 13, 31, 2, 2157, 0.670515693791879
3.25835679770706, 12, 21, 13, 2442, 0.0951508754501428
3.19288761148418, 12, 52, 10, 506, 0.044610704085434
3.1878817532398, 9, 31, 17, 3232, 0.454161451814768
3.14287872238406, 13, 10, 12, 2669, 0.151390262666227
3.14211558801664, 9, 14, 4, 253, 0.0408264537375378
3.12456244196273, 11, 27, 17, 1697, 0.272499715553533
3.10708068567315, 8, 21, 17, 4429, 0.63303561269769
3.09108217495223, 12, 53, 2, 842, 0.221922389961434
3.0884984510348, 7, 90, 15, 2424, 0.55973878948531
3.06778566846227, 9, 17, 7, 166, 0.0145353917856103
3.05524564543521, 10, 11, 12, 823, 0.052075319632194
2.98052575165024, 9, 10, 2, 2084, 0.621915564100522
2.95606703979531, 13, 10, 2, 507, 0.14467184673667
2.94232130935766, 12, 12, 2, 2184, 0.6897873744326
2.94232130935761, 12, 12, 2, 2184, 0.6897873744326
2.90720267490311, 8, 17, 4, 561, 0.110524653764605
2.8799817949401, 8, 43, 2, 2091, 0.626488890911366
2.85351084992973, 9, 15, 13, 446, 0.0307959766546629
2.82724187130604, 8, 10, 7, 518, 0.0351004951937081
2.81849933374676, 13, 11, 2, 507, 0.14467184673667
2.80664732988122, 9, 24, 18, 1086, 0.199616201266085
2.7782909082877, 10, 10, 2, 2076, 0.617296731550267
2.76582989630763, 10, 11, 2, 1902, 0.498686021774496
2.762956911843, 7, 33, 5, 162, 0.0303268659325293
2.69566935503904, 8, 11, 7, 518, 0.0351004951937081
2.67252709454447, 7, 10, 2, 1019, 0.264292783927373
2.66078127875158, 9, 13, 15, 2154, 0.544206980340181
2.65051602333448, 11, 13, 11, 749, 0.0633329294887327
2.63507692307692, 10, 16, 2, 2331, 0.785394932935916
2.62626256169081, 11, 10, 18, 1197, 0.205963533484467
2.62491181737597, 8, 10, 4, 56, 0.0120223756033744
2.60915174267204, 12, 34, 2, 1843, 0.467364421337641
2.60709669495774, 11, 10, 2, 1901, 0.498526751686556
2.58704915288809, 15, 10, 17, 1360, 0.239375924451018
2.53622100296789, 10, 12, 2, 2076, 0.617296731550267
2.52522041948054, 9, 20, 2, 2346, 0.794928385342601
2.51900402033506, 9, 14, 2, 2084, 0.621915564100522
2.50404310210848, 11, 11, 18, 1197, 0.205963533484467
2.49840357142859, 7, 16, 2, 2076, 0.617296731550267
2.48714628753615, 10, 11, 9, 106, 0.0607880826525709
2.48348069536046, 11, 19, 2, 2074, 0.61590880649822
2.4674961326466, 11, 15, 11, 749, 0.0633329294887327
2.46009424052867, 10, 14, 2, 797, 0.210295673541825
2.44700057036837, 10, 10, 2, 2098, 0.627990580311942
2.41695085578372, 8, 10, 17, 1886, 0.29233985663898
2.39734174213261, 10, 21, 6, 218, 0.0334876319976855
2.38839538758026, 10, 18, 12, 823, 0.052075319632194
2.34882400090497, 9, 29, 7, 166, 0.0145353917856103
2.3331234997089, 10, 11, 2, 2098, 0.627990580311942
2.30007025760645, 8, 60, 16, 3013, 0.498362083772974
2.28008387006582, 13, 19, 12, 2669, 0.151390262666227
2.22941831352193, 9, 15, 7, 800, 0.051762307020099
2.22710136451489, 14, 31, 13, 696, 0.0387329773583344
2.19465672899153, 13, 13, 2, 1301, 0.326995142262318
2.17873582013538, 5, 15, 11, 1476, 0.113126968742428
2.15315972239021, 7, 10, 2, 1111, 0.277198211624441
2.08635535586026, 6, 11, 2, 2127, 0.64949204218382
2.07517499999999, 8, 16, 4, 56, 0.0120223756033744
2.06639593960997, 9, 11, 17, 2785, 0.39266412561156
2.03046605197709, 10, 10, 2, 1840, 0.467214252397584
2.02037919708155, 9, 10, 2, 2375, 0.817931536615056
1.9442916906743, 10, 18, 9, 106, 0.0607880826525709
1.86595758000286, 10, 12, 14, 2560, 0.0232461288761374
1.8151098909483, 4, 11, 2, 878, 0.232570732983698
1.78523352073386, 15, 21, 17, 1360, 0.239375924451018
1.78012031174599, 6, 12, 4, 562, 0.110750214282492
1.75875152969235, 8, 15, 8, 3500, 0.536449900214633
1.74256764123151, 9, 42, 2, 2346, 0.794928385342601
1.71906865290984, 11, 23, 2, 1901, 0.498526751686556
1.68774211648331, 13, 13, 17, 4857, 0.705811241324383
1.67791725130355, 11, 18, 6, 90, 0.0149717922754231
1.67020006818602, 11, 10, 2, 1417, 0.353210998737216
1.65139812246959, 7, 17, 2, 1111, 0.277198211624441
1.63510836881774, 8, 10, 2, 897, 0.236231669719343
1.62634899770646, 13, 14, 17, 4857, 0.705811241324383
1.60235519283284, 10, 33, 2, 797, 0.210295673541825
1.59369019946102, 8, 23, 17, 1886, 0.29233985663898
1.58258947368423, 13, 25, 2, 1301, 0.326995142262318
1.5801291600027, 7, 40, 2, 2076, 0.617296731550267
1.55901465903011, 8, 11, 2, 897, 0.236231669719343
1.55436724700445, 4, 15, 2, 878, 0.232570732983698
1.52467708815358, 11, 12, 2, 1417, 0.353210998737216
1.52192949537386, 7, 18, 9, 205, 0.108361364728496
1.52192949537383, 7, 18, 9, 205, 0.108361364728496
1.4688907830479, 10, 39, 2, 1902, 0.498686021774496
1.44938131538075, 7, 34, 2, 1019, 0.264292783927373
1.4286238308246, 9, 20, 2, 2375, 0.817931536615056
1.4253966553209, 11, 10, 15, 3430, 0.622307819748178
1.42539665532089, 11, 10, 15, 3430, 0.622307819748178
1.42420262289404, 10, 10, 11, 1791, 0.137448509813424
1.39936795135101, 9, 47, 15, 2154, 0.544206980340181
1.39041516803334, 8, 24, 8, 3500, 0.536449900214633
1.38624628298469, 5, 10, 16, 4125, 0.572816725149069
1.37863018954998, 8, 15, 12, 1291, 0.0715463237718431
1.37001369876906, 11, 27, 6, 90, 0.0149717922754231
1.36885802009822, 5, 38, 11, 1476, 0.113126968742428
1.33886112559755, 9, 11, 17, 3862, 0.55230970531346
1.33886112559755, 9, 11, 17, 3862, 0.55230970531346
1.33168878274214, 6, 27, 2, 2127, 0.64949204218382
1.32865562204302, 13, 11, 2, 2150, 0.66032240816373
1.32469520523732, 14, 10, 9, 160, 0.0867371456030754
1.31702088236742, 12, 10, 13, 3290, 0.142007119499979
1.30638059546556, 15, 13, 17, 969, 0.195955171236773
1.28715526344812, 9, 45, 7, 800, 0.051762307020099
1.27285800531768, 12, 10, 2, 1221, 0.307445876611188
1.27209090941689, 13, 12, 2, 2150, 0.66032240816373
1.26950991929314, 9, 10, 17, 2933, 0.411864262145864
1.2588598407946, 15, 14, 17, 969, 0.195955171236773
1.22494506843711, 8, 19, 12, 1291, 0.0715463237718431
1.21581841922627, 5, 13, 16, 4125, 0.572816725149069
1.21253374475436, 8, 18, 2, 1034, 0.267136892640584
1.2104302147222, 9, 11, 17, 2933, 0.411864262145864
1.19233072075913, 10, 29, 2, 1840, 0.467214252397584
1.17584024330594, 16, 10, 7, 300, 0.0224002330323332
1.13051426351019, 17, 10, 17, 2832, 0.397314825349869
1.12909123856312, 18, 10, 13, 1239, 0.0549381182995985
1.12909123856311, 18, 10, 13, 1239, 0.0549381182995985
1.12521475774358, 10, 33, 14, 2560, 0.0232461288761374
1.12111968292166, 16, 11, 7, 300, 0.0224002330323332
1.11637032100304, 12, 13, 2, 1221, 0.307445876611188
1.09743189697698, 9, 39, 17, 2785, 0.39266412561156
1.09677803918042, 8, 22, 2, 1034, 0.267136892640584
1.033225178254, 10, 19, 11, 1791, 0.137448509813424
1.01159927642452, 10, 11, 17, 2487, 0.357719877119126
0.981649406920086, 12, 18, 13, 3290, 0.142007119499979
0.861018336338826, 11, 15, 7, 246, 0.019196038450335
0.858201711771975, 14, 14, 4, 263, 0.0430820589164073
0.853073895350317, 9, 10, 2, 1980, 0.547650197381145
0.833748879092754, 5, 10, 2, 1986, 0.553975495159327
0.833677419354785, 11, 16, 7, 246, 0.019196038450335
0.824035582313904, 6, 56, 4, 562, 0.110750214282492
0.806183828585976, 14, 27, 9, 160, 0.0867371456030754
0.799394301956163, 17, 20, 17, 2832, 0.397314825349869
0.778805363181168, 14, 17, 4, 263, 0.0430820589164073
0.748195300978486, 9, 13, 2, 1980, 0.547650197381145
0.688673898367016, 11, 12, 9, 281, 0.144882268140317
0.620273233809512, 9, 10, 2, 1445, 0.362255264445228
0.602592893566691, 10, 31, 17, 2487, 0.357719877119126
0.591407323547747, 9, 11, 2, 1445, 0.362255264445228
0.560355601381828, 14, 10, 14, 989, 0.0114937150221799
0.548166458400825, 14, 10, 3, 263, 0.0317164179104478
0.534278102591797, 14, 11, 14, 989, 0.0114937150221799
0.520588534142966, 11, 21, 9, 281, 0.144882268140317
0.51258134623597, 14, 11, 4, 577, 0.114133622050796
0.505890019093761, 13, 10, 2, 1928, 0.51361190430143
0.50040522422308, 14, 12, 3, 263, 0.0317164179104478
0.473538642226612, 9, 11, 2, 623, 0.171385991058122
0.473538642226606, 9, 11, 2, 623, 0.171385991058122
0.454354801700791, 14, 14, 4, 577, 0.114133622050796
0.452163815118468, 5, 34, 2, 1986, 0.553975495159327
0.443801245883602, 12, 13, 2, 2136, 0.657751333886986
0.42765758131795, 12, 14, 2, 2136, 0.657751333886986
0.383426166295427, 10, 10, 15, 1403, 0.496576098961785
0.383426166295382, 10, 10, 15, 1403, 0.496576098961785
0.326550603160459, 13, 24, 2, 1928, 0.51361190430143
0.324750857234239, 12, 10, 14, 1786, 0.0172412410057034
0.309637793198264, 12, 11, 14, 1786, 0.0172412410057034
0.256618832122667, 10, 10, 17, 2260, 0.332219251336898
0.256618832122667, 10, 10, 17, 2260, 0.332219251336898
0.152000146198756, 14, 10, 14, 716, 0.00946356424153781
0.128463570279243, 14, 14, 14, 716, 0.00946356424153781
0.00705431170345684, 11, 10, 2, 1381, 0.344200862333762
0.00414243446701983, 11, 29, 2, 1381, 0.344200862333762
