3.92659591073631
3.64933435472879
3.50631913855349
3.46649494705388
3.43032166420511
3.41274875118981
3.37881881786618
3.37124847244011
3.36228681590003
3.3386016597194
3.32099971960935
3.3139053045068
3.3161234215213
3.32065575421302
3.31845494291084
3.31567108527572
3.31229209321895
3.30903846201193
3.29839021741169
3.30362798497748
3.293478243364
3.29328243808536
3.28619798830144
3.28859091345826
3.29412125656132
3.29679320085811
3.29544591690095
3.29832545095756
3.29933066346732
3.2992533150407
3.30117785093391
3.30166398506055
3.29654046627281
3.3038953595315
3.29605127216632
3.28925819956079
