228.35166376329
227.491011521943
226.010349794764
225.37156837462
223.983388310989
222.715193881751
220.458823988045
218.477561929105
215.719152082009
211.931211711954
208.323030109574
204.887408898709
200.352447625749
195.659907897215
191.149876195453
186.181588995893
180.967312085684
176.042954133697
170.963256158947
165.28735554292
161.103915632219
156.402144915939
151.895138299616
146.181984259081
139.941629469151
132.283696655738
123.584108236312
114.435143896386
105.222136297818
95.4949065232668
86.6526564192144
81.7794882131993
81.4937228290166
