126.206103686885
102.365444651191
91.4199803244867
86.5290773007427
83.7310800850415
80.2932237984665
78.427740159058
76.5066330982406
75.059024835817
74.2651838048768
73.6492500144692
72.9361840146901
72.1722717623497
71.6197778621611
71.3468862108434
70.5417979634099
70.4297366782339
70.3064535251931
70.1407312523708
70.0720857347426
69.7029237152348
69.6650615715233
69.5662824533173
69.4900183246998
69.3069661437696
69.3368225937969
69.2578910954663
69.3489020094159
69.3137532317064
69.1370171045422
69.2269304962467
69.3957004894522
69.5050880182184
69.5874472737984
69.3909915269121
