norm, level, Npoints, dimSplit, MainGridIndexSplit
931.229573105989, 0, 659, -1, -1, -1
110.668120534988, 2, 84, 3, 86, 0.430511182108626
98.3853413983047, 2, 165, 3, 85, 0.429313099041534
96.4541005529891, 3, 88, 7, 4, 0.0549450549450549
86.8517622454231, 1, 254, 5, 130, 0.423401162790698
81.7933845542504, 3, 43, 2, 33, 0.476261869065467
81.5768155722991, 2, 240, 3, 85, 0.429313099041534
77.7924978928944, 2, 170, 3, 86, 0.430511182108626
75.2152513605764, 5, 32, 7, 4, 0.0549450549450549
73.3905660968647, 3, 152, 7, 4, 0.0549450549450549
68.7809201526694, 1, 405, 5, 130, 0.423401162790698
67.8035752049214, 4, 18, 7, 4, 0.0549450549450549
64.02144796863, 5, 18, 7, 4, 0.0549450549450549
60.0374594988395, 4, 8, 0, 268, 0.898401826484018
54.4058593218276, 4, 27, 2, 107, 0.699650174912544
52.6508125249177, 3, 3, 5, 124, 0.410901162790698
48.5593082991578, 3, 122, 2, 33, 0.476261869065467
47.4369204208117, 6, 6, 4, 44, 0.262422360248447
45.484020982717, 4, 40, 7, 4, 0.0549450549450549
45.2700000000001, 5, 36, 7, 4, 0.0549450549450549
42.0910641089916, 6, 39, 7, 5, 0.112637362637363
41.8060765274067, 3, 26, 2, 11, 0.391554222888556
40.9419970463535, 5, 108, 7, 4, 0.0549450549450549
37.0063690115641, 4, 54, 0, 105, 0.253538812785388
36.6249179364325, 8, 14, 7, 4, 0.0549450549450549
35.9649173501066, 5, 5, 7, 4, 0.0549450549450549
35.3624101271392, 7, 8, 7, 5, 0.112637362637363
34.0596244303035, 5, 12, 5, 127, 0.41671511627907
33.0708333333334, 9, 9, 3, 141, 0.556309904153355
32.9775888161593, 4, 68, 0, 105, 0.253538812785388
31.9647755958878, 7, 3, 0, 56, 0.124429223744292
31.8246666666667, 7, 4, 7, 4, 0.0549450549450549
31.6444581395516, 6, 69, 7, 5, 0.112637362637363
31.6291011570041, 7, 10, 7, 5, 0.112637362637363
31.4915991704098, 6, 38, 3, 125, 0.517172523961661
31.4711969137683, 5, 42, 0, 198, 0.48162100456621
31.1565726027758, 9, 5, 2, 48, 0.522988505747126
30.5819454322277, 5, 7, 4, 77, 0.368012422360248
30.5300681281789, 7, 5, 3, 176, 0.703274760383387
29.8457285178469, 6, 3, 0, 252, 0.676940639269406
29.44, 4, 25, 7, 2, 0.010989010989011
27.9905922927071, 3, 58, 2, 11, 0.391554222888556
27.9727431275413, 8, 24, 7, 4, 0.0549450549450549
27.8305555555555, 5, 4, 5, 12, 0.063953488372093
26.2126644716577, 8, 3, 5, 106, 0.370930232558139
25.4310369430741, 5, 10, 7, 4, 0.0549450549450549
25.0298414630036, 7, 13, 6, 229, 0.56823883592574
24.9672499591648, 9, 3, 2, 1, 0.0612193903048476
24.4867324620225, 6, 6, 3, 14, 0.193690095846645
24.3810190838703, 4, 11, 4, 88, 0.419254658385093
24.2659068627451, 6, 64, 3, 125, 0.517172523961661
24.2059117647059, 5, 25, 1, 14, 0.117278797996661
23.8926069364495, 4, 140, 2, 107, 0.699650174912544
23.0722222222222, 10, 4, 1, 57, 0.32943795214246
22.7879594675502, 6, 26, 4, 44, 0.262422360248447
22.760908496633, 9, 19, 3, 141, 0.556309904153355
22.5866666666667, 4, 1, 5, 128, 0.419622093023256
22.4313127173205, 7, 2, 6, 268, 0.683266432513798
22.3976072940839, 8, 2, 7, 5, 0.112637362637363
22.3976072940839, 8, 2, 7, 5, 0.112637362637363
22.2972581562333, 5, 28, 5, 127, 0.41671511627907
21.6592953486488, 6, 3, 5, 157, 0.484593023255814
21.5633333333333, 8, 1, 7, 4, 0.0549450549450549
21.5190954595323, 10, 10, 6, 33, 0.18941294530858
21.5122085887839, 8, 8, 0, 93, 0.203995433789954
21.4543604651163, 4, 16, 5, 192, 0.590697674418605
21.3166201298443, 8, 11, 1, 33, 0.272537562604341
21.1, 6, 1, 2, 139, 0.874312843578211
20.8786573758124, 4, 15, 4, 88, 0.419254658385093
20.636422912348, 10, 5, 1, 57, 0.32943795214246
20.1947192373714, 5, 102, 0, 198, 0.48162100456621
19.7567318610211, 7, 11, 7, 5, 0.112637362637363
19.6036427987231, 9, 7, 7, 5, 0.112637362637363
19.1909960748116, 7, 11, 7, 4, 0.0549450549450549
18.8366666666667, 8, 1, 7, 8, 0.259615384615385
18.6, 9, 1, 7, 7, 0.245879120879121
18.5454568089861, 4, 63, 7, 2, 0.010989010989011
18.536, 7, 1, 7, 2, 0.010989010989011
18.4568346885741, 5, 43, 1, 14, 0.117278797996661
18.4531299663649, 9, 8, 7, 8, 0.259615384615385
18.4429985464185, 7, 12, 0, 61, 0.129908675799087
18.2544628905937, 8, 15, 1, 33, 0.272537562604341
18.0925229099458, 5, 20, 4, 77, 0.368012422360248
18.0920451793205, 7, 3, 1, 13, 0.111435726210351
18.0291365940836, 5, 5, 1, 59, 0.332081246521981
17.7370336105959, 6, 2, 4, 74, 0.358695652173913
17.668, 12, 4, 1, 11, 0.0695603784084586
17.3903689700903, 6, 8, 2, 140, 0.884307846076962
17.3827272727273, 11, 1, 4, 10, 0.116459627329193
17.3, 5, 1, 5, 89, 0.32718023255814
17.2978153161243, 6, 5, 4, 74, 0.358695652173913
17.1730952380952, 8, 4, 4, 22, 0.184782608695652
17.1652565417141, 8, 28, 5, 72, 0.261337209302326
17.1652565417139, 8, 28, 5, 72, 0.261337209302326
16.875564826875, 8, 13, 0, 93, 0.203995433789954
16.8550686408833, 9, 2, 4, 8, 0.100931677018634
16.8277271786775, 7, 2, 3, 43, 0.320686900958467
16.5155743864349, 4, 27, 5, 192, 0.590697674418605
16.4897301372703, 9, 2, 7, 4, 0.0549450549450549
16.4778209704293, 10, 8, 0, 149, 0.371575342465753
16.3656809048213, 5, 19, 7, 3, 0.0260989010989011
16.2819289781647, 6, 5, 5, 224, 0.705813953488372
16.24, 11, 1, 2, 62, 0.563718140929535
16.155, 7, 4, 7, 3, 0.0260989010989011
16.155, 7, 4, 7, 3, 0.0260989010989011
15.9711851644001, 4, 2, 5, 128, 0.419622093023256
15.9465791979033, 7, 21, 1, 71, 0.364913745130774
15.9122622136953, 7, 6, 7, 2, 0.010989010989011
15.7906727403327, 6, 6, 4, 74, 0.358695652173913
15.6626965757132, 6, 7, 0, 82, 0.163584474885845
15.524, 8, 1, 7, 2, 0.010989010989011
15.2892556701195, 9, 8, 2, 1, 0.0612193903048476
15.2475792249859, 8, 2, 7, 4, 0.0549450549450549
15.0672669957833, 6, 2, 0, 235, 0.590867579908676
15.0326189056911, 7, 19, 7, 5, 0.112637362637363
14.8971478567067, 7, 21, 3, 176, 0.703274760383387
14.8495866448236, 10, 21, 6, 33, 0.18941294530858
14.7318921902904, 7, 7, 7, 2, 0.010989010989011
14.612763856055, 8, 7, 6, 201, 0.516181635725038
14.5268268801884, 9, 23, 2, 48, 0.522988505747126
14.4258615918311, 12, 6, 1, 11, 0.0695603784084586
14.424, 6, 1, 0, 130, 0.336872146118721
14.2738989361277, 7, 18, 5, 235, 0.736337209302325
14.2505586635129, 6, 8, 0, 128, 0.322374429223744
14.2432311409081, 6, 3, 6, 35, 0.202082288008028
14.1509649122806, 4, 144, 0, 268, 0.898401826484018
14.0523329395001, 10, 11, 0, 149, 0.371575342465753
13.856406460551, 7, 3, 2, 32, 0.47376311844078
13.7837584109297, 8, 21, 2, 30, 0.470014992503748
13.7609216083389, 8, 3, 3, 174, 0.662539936102236
13.7397817061747, 7, 3, 3, 43, 0.320686900958467
13.4833333333333, 9, 1, 0, 235, 0.590867579908676
13.4668480393831, 8, 22, 2, 30, 0.470014992503748
13.3918375061316, 9, 15, 7, 5, 0.112637362637363
13.3766666666667, 8, 1, 7, 5, 0.112637362637363
13.3195347349506, 8, 2, 7, 8, 0.259615384615385
13.155, 8, 4, 2, 20, 0.441029485257371
13.1521861300698, 9, 2, 7, 7, 0.245879120879121
13.0483333333334, 9, 16, 7, 8, 0.259615384615385
13.0142857142857, 8, 1, 1, 159, 0.590567612687813
12.7950972055706, 10, 2, 7, 3, 0.0260989010989011
12.7950972055706, 10, 2, 7, 3, 0.0260989010989011
12.7460871555853, 6, 10, 0, 128, 0.322374429223744
12.7001298243418, 6, 15, 2, 140, 0.884307846076962
12.644, 6, 1, 3, 69, 0.391373801916933
12.6274294865998, 7, 23, 5, 235, 0.736337209302325
12.5955920780215, 8, 2, 6, 75, 0.297415955845459
12.5295502169231, 7, 26, 0, 61, 0.129908675799087
12.5216079960026, 12, 5, 1, 83, 0.388564273789649
12.335, 6, 4, 6, 35, 0.202082288008028
12.3325, 5, 4, 0, 274, 0.962328767123288
12.3325, 5, 4, 0, 274, 0.962328767123288
12.1552414120622, 5, 11, 1, 59, 0.332081246521981
12.0596793723817, 7, 56, 6, 229, 0.56823883592574
12.0059988477983, 7, 3, 7, 2, 0.010989010989011
12.0059988477983, 7, 3, 7, 2, 0.010989010989011
11.8357142857143, 6, 1, 1, 43, 0.294101279910963
11.8066666666667, 8, 1, 6, 210, 0.527972905168088
11.6061439690991, 5, 23, 5, 12, 0.063953488372093
11.5420566671995, 9, 3, 0, 136, 0.342922374429224
11.4798785925636, 8, 2, 1, 18, 0.139259877573734
11.425, 8, 1, 6, 174, 0.471650777722027
11.4123076923077, 11, 1, 5, 271, 0.881686046511628
11.3925, 9, 1, 1, 27, 0.260434056761269
11.3905263408426, 10, 7, 7, 6, 0.197802197802198
11.3524347837816, 6, 13, 1, 43, 0.294101279910963
11.2912056027909, 7, 6, 3, 28, 0.284744408945687
11.2333333333333, 8, 1, 5, 36, 0.144476744186047
11.1440474781696, 7, 43, 1, 71, 0.364913745130774
10.9768577015465, 9, 5, 7, 3, 0.0260989010989011
10.9507996663865, 6, 30, 3, 14, 0.193690095846645
10.9072222222222, 5, 4, 4, 101, 0.572981366459627
10.8853506541713, 8, 8, 6, 195, 0.503135975915705
10.7543592832376, 5, 44, 7, 3, 0.0260989010989011
10.6761538461538, 9, 1, 6, 300, 0.878198695434019
10.5826902738642, 12, 7, 1, 83, 0.388564273789649
10.5685416267973, 6, 15, 1, 43, 0.294101279910963
10.4536250977282, 7, 7, 3, 28, 0.284744408945687
10.39, 10, 1, 2, 112, 0.714142928535732
10.3749843373376, 8, 3, 1, 55, 0.326655537006121
10.2952053889177, 9, 6, 5, 269, 0.866279069767442
10.29, 8, 1, 7, 3, 0.0260989010989011
10.29, 8, 1, 7, 3, 0.0260989010989011
10.0226086956522, 10, 4, 3, 131, 0.53314696485623
9.99571428571427, 9, 4, 0, 136, 0.342922374429224
9.99334729120551, 8, 2, 4, 2, 0.0559006211180124
9.90232336373641, 8, 2, 5, 200, 0.599563953488372
9.8475, 9, 1, 3, 43, 0.320686900958467
9.83166666666666, 7, 1, 1, 10, 0.0639955481357819
9.79795897113271, 7, 6, 2, 32, 0.47376311844078
9.76740738988602, 6, 18, 0, 82, 0.163584474885845
9.76408221940503, 9, 7, 7, 6, 0.197802197802198
9.68333333333332, 10, 4, 6, 111, 0.385474159558454
9.66543478260868, 8, 16, 6, 201, 0.516181635725038
9.45873170967205, 8, 2, 7, 5, 0.112637362637363
9.40037607846979, 6, 15, 5, 224, 0.705813953488372
9.28305822900525, 8, 11, 6, 195, 0.503135975915705
9.268, 7, 4, 7, 2, 0.010989010989011
9.22743589743594, 7, 36, 0, 56, 0.124429223744292
9.20642739249777, 5, 3, 0, 83, 0.168721461187215
9.16940718503656, 10, 2, 6, 77, 0.300175614651279
9.00941315496329, 9, 7, 4, 8, 0.100931677018634
8.8727758903288, 7, 2, 5, 223, 0.700872093023256
8.82333333333334, 8, 1, 7, 5, 0.112637362637363
8.80540789881211, 9, 2, 0, 265, 0.857305936073059
8.79828471239376, 7, 13, 6, 268, 0.683266432513798
8.77, 8, 9, 2, 20, 0.441029485257371
8.72333333333333, 8, 1, 6, 282, 0.729177119919719
8.71633320318406, 10, 7, 7, 5, 0.112637362637363
8.68872483671003, 7, 7, 5, 167, 0.509593023255814
8.67, 11, 1, 6, 129, 0.413447064726543
8.66333333333334, 14, 1, 5, 60, 0.224709302325581
8.66103663284921, 10, 5, 6, 111, 0.385474159558454
8.655, 9, 1, 3, 143, 0.559904153354633
8.63386088268144, 10, 3, 0, 170, 0.423858447488584
8.61306567112447, 9, 8, 4, 6, 0.0854037267080745
8.58318181818182, 6, 1, 3, 103, 0.46685303514377
8.56952380952382, 11, 9, 7, 11, 0.615384615384615
8.5622237241292, 10, 5, 6, 266, 0.672604114400401
8.48174584033264, 6, 2, 7, 2, 0.010989010989011
8.48174584033263, 6, 2, 7, 2, 0.010989010989011
8.40599999999999, 9, 9, 5, 269, 0.866279069767442
8.35836123177078, 10, 13, 7, 6, 0.197802197802198
8.3301747747598, 8, 17, 4, 22, 0.184782608695652
8.28590909090909, 8, 4, 5, 176, 0.540406976744186
8.24486506863513, 9, 8, 7, 4, 0.0549450549450549
8.18166666666666, 9, 9, 7, 3, 0.0260989010989011
8.12000000000002, 11, 4, 2, 62, 0.563718140929535
8.09012064701963, 10, 3, 6, 78, 0.304064224786754
8.08290376865475, 8, 3, 7, 5, 0.112637362637363
8.07329613872109, 6, 41, 0, 252, 0.676940639269406
7.96615188898426, 8, 5, 6, 75, 0.297415955845459
7.9431661753289, 8, 2, 5, 36, 0.144476744186047
7.93567945001141, 11, 3, 1, 138, 0.515720645520312
7.9356794500114, 11, 3, 1, 138, 0.515720645520312
7.91428571428571, 11, 1, 5, 197, 0.596656976744186
7.90341570981526, 8, 33, 5, 106, 0.370930232558139
7.85124229377464, 13, 2, 2, 86, 0.629185407296352
7.845, 11, 1, 2, 134, 0.860569715142429
7.80505395160727, 9, 3, 5, 221, 0.691860465116279
7.77333333333333, 10, 1, 4, 75, 0.361801242236025
7.762, 8, 4, 7, 2, 0.010989010989011
7.71666666666667, 9, 1, 3, 165, 0.630990415335463
7.68708333333334, 10, 9, 7, 5, 0.112637362637363
7.67486701745738, 11, 7, 2, 8, 0.382308845577211
7.53733333333335, 10, 4, 4, 18, 0.167701863354037
7.53716717694748, 8, 10, 3, 174, 0.662539936102236
7.49674609413976, 10, 2, 2, 137, 0.871814092953523
7.48967502632791, 10, 2, 6, 154, 0.449322629202208
7.47714285714287, 10, 4, 0, 170, 0.423858447488584
7.44589397164887, 11, 3, 5, 108, 0.378197674418605
7.42142531738317, 11, 12, 7, 11, 0.615384615384615
7.36, 7, 1, 4, 13, 0.133540372670807
7.29482065121093, 7, 3, 7, 5, 0.112637362637363
7.29482065121091, 7, 3, 7, 5, 0.112637362637363
7.16333333333333, 7, 1, 0, 274, 0.962328767123288
7.13333333333334, 8, 1, 5, 105, 0.365552325581395
7.11, 9, 1, 5, 238, 0.741860465116279
7.09, 9, 1, 7, 3, 0.0260989010989011
7.09, 9, 1, 7, 3, 0.0260989010989011
7.09, 8, 1, 0, 131, 0.338127853881279
7.05679448296907, 3, 167, 5, 124, 0.410901162790698
7.04037413971807, 10, 3, 0, 125, 0.310616438356164
7.03333333333335, 6, 9, 2, 139, 0.874312843578211
7.01874191005767, 6, 2, 7, 2, 0.010989010989011
6.99, 10, 1, 7, 3, 0.0260989010989011
6.99, 10, 1, 7, 3, 0.0260989010989011
6.90424874940431, 9, 14, 7, 6, 0.197802197802198
6.865, 9, 1, 7, 3, 0.0260989010989011
6.865, 9, 1, 7, 3, 0.0260989010989011
6.835, 11, 1, 7, 3, 0.0260989010989011
6.835, 11, 1, 7, 3, 0.0260989010989011
6.75625, 7, 1, 5, 98, 0.35406976744186
6.7382866475421, 6, 10, 0, 235, 0.590867579908676
6.62791099568083, 8, 6, 1, 18, 0.139259877573734
6.59622682549148, 8, 3, 6, 174, 0.471650777722027
6.5774629417428, 9, 3, 1, 27, 0.260434056761269
6.54555555555556, 9, 1, 5, 246, 0.759738372093023
6.53366665816371, 10, 2, 5, 127, 0.41671511627907
6.50529415809411, 9, 3, 2, 42, 0.498500749625187
6.50459671271492, 11, 2, 5, 165, 0.502761627906977
6.5, 10, 1, 7, 2, 0.010989010989011
6.5, 10, 1, 7, 2, 0.010989010989011
6.46666666666667, 8, 9, 0, 155, 0.392694063926941
6.46666666666666, 8, 9, 0, 155, 0.392694063926941
6.46127120006839, 10, 3, 5, 226, 0.714970930232558
6.44624999999998, 8, 4, 6, 231, 0.571249372804817
6.43285714285715, 8, 1, 5, 248, 0.770058139534884
6.405, 14, 1, 7, 6, 0.197802197802198
6.405, 14, 1, 7, 6, 0.197802197802198
6.38190476190475, 10, 9, 6, 266, 0.672604114400401
6.35688996286706, 6, 2, 7, 10, 0.409340659340659
6.35688996286706, 6, 2, 7, 10, 0.409340659340659
6.34, 9, 4, 6, 253, 0.637230306071249
6.34, 9, 4, 6, 253, 0.637230306071249
6.32199999999999, 6, 4, 3, 69, 0.391373801916933
6.28067956533919, 11, 2, 0, 101, 0.249657534246575
6.26355852589563, 8, 7, 5, 176, 0.540406976744186
6.2390388326693, 8, 2, 7, 5, 0.112637362637363
6.1960231701471, 10, 2, 5, 188, 0.583866279069767
6.16455691838432, 10, 2, 3, 36, 0.299121405750799
6.15647837045871, 10, 3, 2, 83, 0.62543728135932
6.14713079467184, 8, 3, 5, 165, 0.502761627906977
6.145, 7, 1, 4, 106, 0.664596273291926
6.145, 7, 1, 4, 106, 0.664596273291926
6.12590174767944, 14, 2, 5, 60, 0.224709302325581
6.118, 7, 1, 3, 18, 0.23482428115016
6.11529405125652, 10, 3, 6, 154, 0.449322629202208
6.09714285714286, 10, 4, 0, 125, 0.310616438356164
6.06737397891378, 13, 3, 0, 170, 0.423858447488584
6.05283404695686, 10, 2, 6, 163, 0.462744606121425
6.05283404695684, 10, 2, 6, 163, 0.462744606121425
6.02992997932441, 9, 5, 0, 235, 0.590867579908676
6.0257135989633, 6, 3, 2, 69, 0.591954022988506
6.00720768999785, 6, 39, 5, 157, 0.484593023255814
5.99000000000001, 8, 9, 1, 55, 0.326655537006121
5.97000000000001, 7, 1, 3, 50, 0.343849840255591
5.86177650936972, 11, 12, 2, 8, 0.382308845577211
5.83073193695569, 7, 7, 0, 125, 0.310616438356164
5.83015551385179, 5, 14, 4, 101, 0.572981366459627
5.775, 14, 1, 3, 67, 0.386182108626198
5.775, 14, 1, 3, 67, 0.386182108626198
5.74333333333333, 11, 1, 0, 174, 0.429908675799087
5.73333333333333, 7, 1, 7, 5, 0.112637362637363
5.73077877197623, 6, 3, 7, 2, 0.010989010989011
5.71547606649411, 8, 6, 7, 5, 0.112637362637363
5.68666666666665, 9, 4, 0, 233, 0.579794520547945
5.68545677584484, 9, 3, 3, 43, 0.320686900958467
5.66750000000002, 11, 4, 7, 8, 0.259615384615385
5.66749999999999, 11, 4, 7, 8, 0.259615384615385
5.665, 11, 1, 7, 3, 0.0260989010989011
5.665, 11, 1, 7, 3, 0.0260989010989011
5.63, 12, 1, 7, 8, 0.259615384615385
5.63, 12, 1, 7, 8, 0.259615384615385
5.61349418872084, 13, 3, 0, 242, 0.634132420091324
5.6075, 6, 1, 4, 58, 0.309006211180124
5.55166666666666, 13, 4, 2, 86, 0.629185407296352
5.51666666666667, 11, 1, 7, 5, 0.112637362637363
5.51225169508795, 10, 3, 0, 101, 0.249657534246575
5.49690101273449, 11, 10, 4, 10, 0.116459627329193
5.485, 10, 1, 7, 2, 0.010989010989011
5.485, 10, 1, 7, 2, 0.010989010989011
5.47074035209131, 5, 10, 5, 89, 0.32718023255814
5.45650732815618, 9, 2, 3, 165, 0.630990415335463
5.44825774904235, 9, 2, 4, 47, 0.271739130434783
5.44825774904235, 9, 2, 4, 47, 0.271739130434783
5.44738103147195, 9, 20, 4, 6, 0.0854037267080745
5.4238888888889, 7, 4, 0, 247, 0.648401826484018
5.40812245010911, 8, 3, 6, 290, 0.756773707977923
5.39666666666667, 7, 1, 2, 122, 0.774612693653173
5.365, 10, 1, 7, 2, 0.010989010989011
5.365, 10, 1, 7, 2, 0.010989010989011
5.355, 11, 1, 7, 3, 0.0260989010989011
5.355, 11, 1, 7, 3, 0.0260989010989011
5.33471648731211, 10, 3, 5, 127, 0.41671511627907
5.32357142857143, 8, 4, 5, 165, 0.502761627906977
5.31305989446543, 8, 6, 1, 159, 0.590567612687813
5.29395970659014, 10, 6, 6, 77, 0.300175614651279
5.28010185086951, 8, 5, 6, 210, 0.527972905168088
5.26504211934895, 11, 6, 5, 108, 0.378197674418605
5.20430590953298, 7, 2, 4, 13, 0.133540372670807
5.18999999999999, 10, 1, 7, 6, 0.197802197802198
5.17460742472316, 9, 2, 3, 167, 0.636581469648562
5.145, 9, 1, 5, 259, 0.810755813953488
5.145, 9, 1, 5, 259, 0.810755813953488
5.11761424450453, 12, 5, 6, 120, 0.40178123432012
5.10199999999999, 9, 1, 6, 201, 0.516181635725038
5.08630929281951, 9, 5, 0, 233, 0.579794520547945
5.08342584523394, 7, 38, 1, 13, 0.111435726210351
5.06524157589964, 7, 2, 0, 274, 0.962328767123288
5.05934901938975, 6, 2, 7, 10, 0.409340659340659
5.05934901938975, 6, 2, 7, 10, 0.409340659340659
5.04874241767194, 8, 2, 3, 190, 0.821884984025559
5.04402837246404, 8, 2, 5, 105, 0.365552325581395
5.03897918729578, 9, 5, 2, 42, 0.498500749625187
5.035, 9, 1, 7, 3, 0.0260989010989011
5.035, 9, 1, 7, 3, 0.0260989010989011
5.03333964679516, 10, 3, 3, 36, 0.299121405750799
5.02783261345827, 10, 3, 5, 157, 0.484593023255814
5.02666666666667, 9, 1, 7, 4, 0.0549450549450549
5.01338707861262, 9, 2, 7, 4, 0.0549450549450549
5.01338707861261, 9, 2, 7, 4, 0.0549450549450549
5.00562683387404, 11, 3, 6, 129, 0.413447064726543
5.00487915063891, 10, 5, 5, 226, 0.714970930232558
4.9969665798362, 9, 3, 3, 143, 0.559904153354633
4.9511616818682, 8, 8, 5, 200, 0.599563953488372
4.90786868202484, 8, 7, 7, 5, 0.112637362637363
4.90786868202481, 8, 7, 7, 5, 0.112637362637363
4.888464880603, 12, 2, 1, 36, 0.276850306065665
4.86142857142856, 13, 4, 0, 242, 0.634132420091324
4.85127370318454, 7, 5, 0, 247, 0.648401826484018
4.825, 7, 1, 5, 123, 0.409302325581395
4.825, 7, 1, 5, 123, 0.409302325581395
4.80799999999999, 6, 9, 0, 130, 0.336872146118721
4.80500000000001, 13, 1, 6, 205, 0.520572002007025
4.755, 14, 1, 7, 8, 0.259615384615385
4.755, 14, 1, 7, 8, 0.259615384615385
4.71090909090911, 8, 9, 4, 2, 0.0559006211180124
4.68357142857143, 8, 4, 6, 290, 0.756773707977923
4.67818675263365, 8, 3, 2, 31, 0.471514242878561
4.67083333333334, 10, 9, 6, 78, 0.304064224786754
4.63, 9, 1, 5, 54, 0.199273255813954
4.63, 9, 1, 5, 54, 0.199273255813954
4.59868825842102, 10, 19, 3, 131, 0.53314696485623
4.56366716577798, 11, 2, 6, 52, 0.249247365780231
4.54518301572826, 10, 11, 4, 18, 0.167701863354037
4.53, 10, 1, 4, 90, 0.442546583850932
4.52999999999999, 10, 1, 4, 90, 0.442546583850932
4.525, 13, 1, 5, 108, 0.378197674418605
4.525, 13, 1, 5, 108, 0.378197674418605
4.515, 11, 1, 7, 8, 0.259615384615385
4.515, 11, 1, 7, 8, 0.259615384615385
4.50326004361375, 9, 2, 6, 262, 0.658805820371299
4.5, 9, 1, 7, 8, 0.259615384615385
4.5, 9, 1, 7, 8, 0.259615384615385
4.48, 11, 1, 7, 8, 0.259615384615385
4.48, 11, 1, 7, 8, 0.259615384615385
4.445, 11, 1, 5, 55, 0.200726744186047
4.4363879451644, 7, 8, 5, 223, 0.700872093023256
4.42547829768324, 10, 2, 3, 121, 0.50758785942492
4.39685499975708, 7, 5, 1, 10, 0.0639955481357819
4.39333333333333, 12, 1, 6, 142, 0.42686904164576
4.36, 8, 1, 4, 48, 0.274844720496894
4.358, 10, 1, 3, 173, 0.651357827476038
4.35328760397966, 10, 6, 2, 83, 0.62543728135932
4.34517117039133, 8, 2, 3, 71, 0.395766773162939
4.34517117039133, 8, 2, 3, 71, 0.395766773162939
4.345, 13, 1, 7, 2, 0.010989010989011
4.345, 13, 1, 7, 2, 0.010989010989011
4.34456077565194, 12, 3, 7, 2, 0.010989010989011
4.34456077565193, 12, 3, 7, 2, 0.010989010989011
4.32999999999999, 12, 1, 1, 2, 0.0342237061769616
4.32517345280229, 12, 7, 6, 120, 0.40178123432012
4.302, 11, 1, 2, 132, 0.83208395802099
4.2875, 12, 1, 5, 193, 0.593313953488372
4.26977180303587, 10, 5, 0, 101, 0.249657534246575
4.23910515321336, 8, 2, 3, 33, 0.292731629392971
4.22504926992968, 9, 3, 3, 167, 0.636581469648562
4.22319525063665, 10, 2, 5, 254, 0.79578488372093
4.1790010768125, 8, 2, 3, 65, 0.384584664536741
4.1735207584045, 9, 3, 0, 226, 0.539840182648402
4.17193000900063, 14, 2, 0, 265, 0.857305936073059
4.17193000900062, 14, 2, 0, 265, 0.857305936073059
4.145, 10, 1, 5, 88, 0.321511627906977
4.145, 10, 1, 5, 88, 0.321511627906977
4.12950360212944, 9, 2, 3, 95, 0.451277955271566
4.12295009190233, 7, 14, 0, 125, 0.310616438356164
4.12228092201393, 8, 3, 3, 190, 0.821884984025559
4.11333333333333, 11, 1, 5, 262, 0.826162790697675
4.09500000000001, 11, 1, 6, 192, 0.499498243853487
4.095, 11, 1, 6, 192, 0.499498243853487
4.07, 11, 1, 3, 84, 0.427316293929712
4.07, 11, 1, 3, 84, 0.427316293929712
4.06377893336532, 7, 32, 5, 167, 0.509593023255814
4.06114994661474, 11, 2, 0, 174, 0.429908675799087
4.055, 11, 1, 6, 115, 0.390491721023582
4.05407887880287, 7, 2, 7, 5, 0.112637362637363
4.05142857142857, 8, 4, 2, 31, 0.471514242878561
4.03993674317914, 13, 2, 2, 83, 0.62543728135932
4.0324084714172, 7, 7, 3, 145, 0.567092651757188
4.01582258884637, 9, 2, 7, 1, 0.00274725274725275
4.00969761952196, 11, 3, 5, 249, 0.774709302325581
3.99, 12, 1, 6, 232, 0.572252885097843
3.97202864685397, 13, 7, 0, 170, 0.423858447488584
3.96666666666668, 11, 1, 7, 5, 0.112637362637363
3.955, 7, 1, 7, 7, 0.245879120879121
3.955, 7, 1, 7, 7, 0.245879120879121
3.94, 9, 1, 7, 2, 0.010989010989011
3.94, 9, 1, 7, 2, 0.010989010989011
3.92705087456585, 10, 7, 2, 112, 0.714142928535732
3.91745537931794, 6, 41, 4, 74, 0.358695652173913
3.90799999999999, 11, 1, 6, 132, 0.415830406422479
3.90087240954578, 11, 2, 7, 5, 0.112637362637363
3.88908729652601, 11, 2, 1, 122, 0.473288814691152
3.86787409309041, 12, 2, 7, 6, 0.197802197802198
3.86787409309041, 12, 2, 7, 6, 0.197802197802198
3.8160195958034, 7, 2, 2, 122, 0.774612693653173
3.81051177665154, 11, 3, 0, 193, 0.466095890410959
3.81051177665153, 11, 3, 0, 193, 0.466095890410959
3.8, 10, 1, 7, 5, 0.112637362637363
3.76, 13, 1, 1, 145, 0.53158041179744
3.74942663885989, 9, 13, 5, 221, 0.691860465116279
3.74837304706992, 10, 8, 2, 137, 0.871814092953523
3.67112292594718, 12, 3, 4, 23, 0.187888198757764
3.66988419435819, 10, 2, 7, 6, 0.197802197802198
3.64400000000001, 11, 4, 0, 242, 0.634132420091324
3.627457787487, 12, 2, 5, 110, 0.379796511627907
3.6, 11, 1, 7, 2, 0.010989010989011
3.6, 11, 1, 7, 2, 0.010989010989011
3.5975, 9, 1, 7, 6, 0.197802197802198
3.5850313806158, 8, 2, 7, 4, 0.0549450549450549
3.58503138061579, 8, 2, 7, 4, 0.0549450549450549
3.57727564518962, 10, 6, 5, 188, 0.583866279069767
3.55625000000001, 7, 9, 3, 145, 0.567092651757188
3.55439008676438, 9, 2, 7, 4, 0.0549450549450549
3.50839065669717, 11, 5, 2, 134, 0.860569715142429
3.49441250427022, 11, 3, 0, 219, 0.522260273972603
3.48681818181817, 11, 4, 5, 214, 0.657994186046511
3.48, 11, 1, 6, 100, 0.361264425489212
3.48, 11, 1, 6, 100, 0.361264425489212
3.47685319115931, 11, 7, 5, 165, 0.502761627906977
3.45666666666666, 12, 4, 1, 36, 0.276850306065665
3.456, 12, 1, 6, 292, 0.768564977420973
3.4421958108161, 13, 2, 3, 180, 0.730431309904153
3.43, 12, 1, 5, 262, 0.826162790697675
3.43, 12, 1, 5, 262, 0.826162790697675
3.40444444444445, 9, 1, 5, 280, 0.940988372093023
3.39969862300657, 5, 22, 0, 83, 0.168721461187215
3.39666666666666, 11, 1, 7, 10, 0.409340659340659
3.39, 11, 1, 7, 2, 0.010989010989011
3.39, 11, 1, 7, 2, 0.010989010989011
3.35716444137305, 11, 7, 0, 101, 0.249657534246575
3.35142857142857, 10, 1, 5, 261, 0.823255813953488
3.35, 13, 1, 7, 6, 0.197802197802198
3.35, 13, 1, 7, 6, 0.197802197802198
3.3375, 9, 1, 3, 71, 0.395766773162939
3.29444945911433, 11, 12, 5, 271, 0.881686046511628
3.28263651837572, 6, 13, 1, 43, 0.294101279910963
3.25708030432833, 12, 3, 3, 162, 0.620607028753994
3.23749163448082, 6, 3, 4, 58, 0.309006211180124
3.23279527847033, 9, 5, 0, 226, 0.539840182648402
3.23099361309973, 11, 6, 5, 197, 0.596656976744186
3.21666666666667, 12, 1, 4, 68, 0.340062111801242
3.21, 13, 1, 6, 52, 0.249247365780231
3.21, 13, 1, 6, 52, 0.249247365780231
3.185, 10, 1, 6, 140, 0.423858504766683
3.185, 10, 1, 6, 140, 0.423858504766683
3.17928571428571, 12, 4, 4, 23, 0.187888198757764
3.12682618640691, 12, 2, 4, 31, 0.21583850931677
3.11, 10, 1, 3, 173, 0.651357827476038
3.10655579201289, 12, 2, 6, 142, 0.42686904164576
3.1058984207472, 11, 5, 5, 249, 0.774709302325581
3.1, 10, 1, 7, 5, 0.112637362637363
3.1, 9, 1, 1, 16, 0.128964941569282
3.09333333333333, 11, 1, 5, 115, 0.392732558139535
3.08416407727533, 8, 8, 6, 282, 0.729177119919719
3.08298556597335, 8, 2, 4, 48, 0.274844720496894
3.08194014849338, 9, 12, 6, 300, 0.878198695434019
3.08, 11, 1, 5, 157, 0.484593023255814
3.06, 11, 1, 2, 68, 0.590954522738631
3.05, 9, 1, 7, 8, 0.259615384615385
3.05, 9, 1, 7, 8, 0.259615384615385
3.03266350488878, 10, 3, 3, 159, 0.608226837060703
3.005, 14, 1, 5, 222, 0.695639534883721
3.005, 14, 1, 5, 222, 0.695639534883721
2.99530432510621, 11, 2, 6, 282, 0.729177119919719
2.97531354090061, 11, 6, 0, 242, 0.634132420091324
2.955, 8, 4, 3, 65, 0.384584664536741
2.91999999999999, 12, 1, 4, 58, 0.309006211180124
2.90856589328067, 11, 2, 5, 262, 0.826162790697675
2.88333333333334, 9, 1, 4, 45, 0.265527950310559
2.874, 14, 1, 0, 131, 0.338127853881279
2.8727299822678, 12, 3, 0, 193, 0.466095890410959
2.85666666666667, 13, 4, 2, 83, 0.62543728135932
2.84811172676973, 9, 5, 6, 262, 0.658805820371299
2.84666666666667, 10, 1, 4, 30, 0.211180124223602
2.84398347393229, 10, 2, 3, 40, 0.307507987220447
2.82135605693432, 12, 2, 6, 232, 0.572252885097843
2.82071428571429, 12, 4, 3, 162, 0.620607028753994
2.81933575184522, 13, 2, 5, 163, 0.5
2.81054111041511, 13, 3, 3, 180, 0.730431309904153
2.80485689870663, 11, 2, 7, 5, 0.112637362637363
2.79891823126473, 10, 5, 3, 121, 0.50758785942492
2.78666666666667, 6, 1, 6, 215, 0.533241344706473
2.77791949751858, 14, 2, 6, 127, 0.411063723030607
2.77416804345613, 13, 3, 6, 205, 0.520572002007025
2.76375, 12, 1, 1, 146, 0.536310517529215
2.75385733775125, 10, 10, 5, 157, 0.484593023255814
2.75333333333334, 9, 1, 1, 70, 0.361296605453534
2.75, 5, 1, 7, 5, 0.112637362637363
2.75, 5, 1, 7, 5, 0.112637362637363
2.74828835621172, 10, 8, 4, 75, 0.361801242236025
2.70676028676349, 11, 5, 0, 219, 0.522260273972603
2.69306668377619, 11, 2, 4, 102, 0.580745341614907
2.68700576850889, 10, 2, 7, 5, 0.112637362637363
2.65973164980598, 11, 2, 6, 229, 0.56823883592574
2.65872149726142, 13, 2, 1, 145, 0.53158041179744
2.64811489554361, 13, 2, 7, 8, 0.259615384615385
2.64811489554361, 13, 2, 7, 8, 0.259615384615385
2.645, 9, 1, 7, 5, 0.112637362637363
2.645, 9, 1, 7, 5, 0.112637362637363
2.64, 14, 1, 6, 127, 0.411063723030607
2.64, 14, 1, 6, 127, 0.411063723030607
2.63578679313982, 11, 7, 5, 214, 0.657994186046511
2.62620293136967, 8, 6, 5, 248, 0.770058139534884
2.60921052631579, 6, 16, 2, 69, 0.591954022988506
2.595, 7, 1, 7, 11, 0.615384615384615
2.595, 7, 1, 7, 11, 0.615384615384615
2.59, 11, 1, 1, 182, 0.864496382860323
2.59, 11, 1, 1, 182, 0.864496382860323
2.585, 9, 1, 7, 8, 0.259615384615385
2.585, 9, 1, 7, 8, 0.259615384615385
2.575, 9, 1, 2, 30, 0.470014992503748
2.57, 14, 1, 6, 172, 0.46939287506272
2.57, 14, 1, 6, 172, 0.46939287506272
2.56632194654789, 11, 3, 5, 55, 0.200726744186047
2.555, 13, 1, 4, 57, 0.305900621118012
2.55362247076859, 7, 7, 5, 98, 0.35406976744186
2.55304289035653, 12, 3, 4, 31, 0.21583850931677
2.55100000000002, 9, 4, 6, 201, 0.516181635725038
2.54611468712625, 11, 3, 1, 17, 0.135642737896494
2.54611468712625, 11, 3, 1, 17, 0.135642737896494
2.53851334445971, 7, 2, 3, 59, 0.368610223642173
2.53851334445971, 7, 2, 3, 59, 0.368610223642173
2.52201418623203, 12, 2, 5, 265, 0.834447674418604
2.48785714285715, 12, 4, 0, 193, 0.466095890410959
2.47538927915052, 12, 3, 5, 193, 0.593313953488372
2.4675, 12, 1, 0, 124, 0.309931506849315
2.4625, 8, 1, 0, 195, 0.474771689497717
2.455, 13, 1, 7, 8, 0.259615384615385
2.455, 13, 1, 7, 8, 0.259615384615385
2.44744850133086, 8, 6, 3, 33, 0.292731629392971
2.44565574028726, 11, 3, 6, 282, 0.729177119919719
2.43826291479543, 10, 6, 5, 254, 0.79578488372093
2.43645348413574, 8, 28, 6, 231, 0.571249372804817
2.41, 12, 1, 6, 295, 0.776969392875063
2.41, 12, 1, 6, 234, 0.578273958855996
2.41, 12, 1, 6, 295, 0.776969392875063
2.40180603343031, 11, 2, 7, 10, 0.409340659340659
2.4, 14, 1, 5, 112, 0.390116279069767
2.39284934753529, 8, 2, 4, 72, 0.352484472049689
2.37666666666667, 10, 1, 3, 80, 0.420127795527157
2.355, 12, 1, 6, 147, 0.438158554942298
2.355, 12, 1, 6, 147, 0.438158554942298
2.355, 13, 1, 7, 8, 0.259615384615385
2.355, 13, 1, 7, 8, 0.259615384615385
2.34115534156393, 11, 3, 6, 115, 0.390491721023582
2.33634408932068, 12, 3, 0, 189, 0.460730593607306
2.32210278268068, 10, 3, 3, 40, 0.307507987220447
2.32, 10, 1, 3, 123, 0.511980830670927
2.31420335998331, 9, 8, 5, 246, 0.759738372093023
2.28183358288899, 11, 8, 6, 52, 0.249247365780231
2.28, 8, 1, 2, 127, 0.815342328835582
2.28, 8, 1, 2, 127, 0.815342328835582
2.27452681281673, 12, 2, 4, 68, 0.340062111801242
2.27187330926118, 10, 3, 0, 130, 0.336872146118721
2.27187330926117, 10, 3, 0, 130, 0.336872146118721
2.24837941637967, 9, 10, 5, 238, 0.741860465116279
2.24536559755125, 11, 6, 1, 122, 0.473288814691152
2.245, 11, 1, 3, 35, 0.297923322683706
2.245, 11, 1, 3, 35, 0.297923322683706
2.23657584287522, 9, 31, 0, 265, 0.857305936073059
2.21333333333333, 11, 1, 3, 173, 0.651357827476038
2.20731252237388, 9, 7, 3, 95, 0.451277955271566
2.1920310216783, 10, 2, 3, 121, 0.50758785942492
2.19203102167829, 10, 2, 7, 5, 0.112637362637363
2.19203102167829, 9, 2, 1, 16, 0.128964941569282
2.18731697647039, 11, 2, 5, 115, 0.392732558139535
2.179, 10, 4, 3, 173, 0.651357827476038
2.17788888605457, 11, 2, 5, 157, 0.484593023255814
2.16846079563874, 13, 2, 0, 242, 0.634132420091324
2.165, 16, 1, 7, 5, 0.112637362637363
2.165, 16, 1, 7, 5, 0.112637362637363
2.151, 11, 4, 2, 132, 0.83208395802099
2.14750000000001, 10, 1, 3, 34, 0.295127795527157
2.13546247918338, 10, 2, 5, 112, 0.390116279069767
2.13546247918337, 10, 2, 5, 112, 0.390116279069767
2.11, 14, 1, 6, 183, 0.480556949322629
2.11, 14, 1, 6, 183, 0.480556949322629
2.1075, 13, 1, 6, 254, 0.640993477170095
2.10666666666667, 12, 1, 1, 136, 0.510990539788536
2.08666666666666, 11, 1, 6, 37, 0.204465629703964
2.07701759340967, 9, 3, 7, 6, 0.197802197802198
2.07333333333333, 7, 1, 1, 9, 0.0584307178631052
2.07, 13, 1, 6, 52, 0.249247365780231
2.07, 13, 1, 6, 52, 0.249247365780231
2.06475180106472, 12, 2, 4, 58, 0.309006211180124
2.06, 7, 1, 7, 11, 0.615384615384615
2.06, 7, 1, 7, 11, 0.615384615384615
2.05333333333333, 10, 1, 7, 13, 0.993131868131868
2.03882455242121, 9, 2, 4, 45, 0.265527950310559
2.02666666666666, 13, 1, 7, 13, 0.993131868131868
2.02586092809946, 9, 2, 5, 187, 0.581104651162791
2.02586092809946, 9, 2, 5, 187, 0.581104651162791
2.0128973037777, 10, 2, 4, 30, 0.211180124223602
2.01000000000001, 13, 1, 7, 8, 0.259615384615385
2.01, 13, 1, 7, 8, 0.259615384615385
2.005, 10, 1, 7, 6, 0.197802197802198
2.005, 11, 1, 7, 12, 0.862637362637363
2.005, 11, 1, 7, 12, 0.862637362637363
2.005, 10, 1, 7, 6, 0.197802197802198
2.00111219075793, 13, 2, 4, 45, 0.265527950310559
2.00111219075793, 13, 2, 4, 45, 0.265527950310559
2.00000000000001, 11, 1, 5, 104, 0.3625
1.98999999999998, 7, 9, 3, 50, 0.343849840255591
1.98666666666667, 8, 1, 1, 7, 0.0509181969949917
1.97787868223322, 13, 2, 0, 229, 0.555936073059361
1.97666666666667, 10, 1, 5, 165, 0.502761627906977
1.97047089690651, 6, 2, 6, 215, 0.533241344706473
1.97, 12, 1, 6, 263, 0.659809332664325
1.96641219561844, 8, 13, 0, 131, 0.338127853881279
1.95400000000001, 11, 4, 6, 132, 0.415830406422479
1.95375331093768, 8, 3, 4, 72, 0.352484472049689
1.945, 12, 1, 7, 8, 0.259615384615385
1.945, 12, 1, 7, 8, 0.259615384615385
1.93982960305509, 11, 2, 1, 76, 0.375208681135225
1.93333333333333, 9, 1, 6, 235, 0.580155544405419
1.93000000000001, 10, 1, 2, 2, 0.208645677161419
1.92690652342037, 9, 3, 3, 71, 0.395766773162939
1.91625937701554, 9, 2, 0, 116, 0.29189497716895
1.91625937701554, 9, 2, 0, 116, 0.29189497716895
1.905, 11, 1, 7, 8, 0.259615384615385
1.905, 11, 1, 7, 8, 0.259615384615385
1.90000000000001, 12, 1, 7, 8, 0.259615384615385
1.9, 12, 1, 7, 8, 0.259615384615385
1.87300382787556, 6, 21, 3, 103, 0.46685303514377
1.86, 17, 1, 1, 22, 0.210628825820812
1.86, 17, 1, 1, 22, 0.210628825820812
1.85711953713449, 10, 8, 3, 159, 0.608226837060703
1.83679864212185, 7, 3, 3, 74, 0.402156549520767
1.82666666666667, 13, 1, 5, 265, 0.834447674418604
1.82, 11, 1, 6, 176, 0.474034119417963
1.82, 11, 1, 6, 176, 0.474034119417963
1.79555933717974, 10, 3, 3, 173, 0.651357827476038
1.795, 12, 1, 7, 2, 0.010989010989011
1.795, 12, 1, 7, 2, 0.010989010989011
1.78333333333333, 12, 4, 5, 265, 0.834447674418604
1.78310449291483, 13, 5, 5, 163, 0.5
1.782, 12, 1, 3, 182, 0.738817891373802
1.78, 10, 1, 4, 90, 0.442546583850932
1.78, 10, 1, 4, 90, 0.442546583850932
1.77, 12, 1, 6, 173, 0.470020070245861
1.76771509770853, 12, 6, 1, 2, 0.0342237061769616
1.76669182372025, 11, 3, 2, 68, 0.590954522738631
1.75691055374985, 14, 5, 6, 127, 0.411063723030607
1.73333333333333, 9, 1, 7, 5, 0.112637362637363
1.73205080756888, 9, 3, 7, 7, 0.245879120879121
1.73205080756888, 9, 3, 7, 7, 0.245879120879121
1.72799999999999, 12, 4, 6, 292, 0.768564977420973
1.72, 11, 1, 7, 8, 0.259615384615385
1.72, 11, 1, 7, 8, 0.259615384615385
1.715, 14, 1, 5, 223, 0.700872093023256
1.715, 14, 1, 5, 223, 0.700872093023256
1.71235250539818, 9, 11, 7, 1, 0.00274725274725275
1.70412734265958, 12, 2, 6, 234, 0.578273958855996
1.70324492228984, 11, 5, 4, 102, 0.580745341614907
1.69705627484772, 14, 2, 5, 112, 0.390116279069767
1.68216199564484, 11, 5, 6, 229, 0.56823883592574
1.68055711662004, 10, 2, 3, 80, 0.420127795527157
1.675, 12, 1, 7, 8, 0.259615384615385
1.675, 12, 1, 7, 8, 0.259615384615385
1.67, 12, 1, 2, 68, 0.590954522738631
1.67, 12, 1, 7, 13, 0.993131868131868
1.665, 13, 1, 7, 13, 0.993131868131868
1.665, 13, 1, 7, 13, 0.993131868131868
1.66405795839234, 11, 2, 6, 148, 0.43941294530858
1.66, 11, 1, 6, 294, 0.774460612142499
1.65204474874377, 12, 6, 0, 189, 0.460730593607306
1.6475, 11, 1, 1, 154, 0.582081246521981
1.64544826719044, 8, 3, 6, 283, 0.732689412945309
1.64544826719043, 8, 3, 6, 283, 0.732689412945309
1.64048773235279, 10, 2, 3, 123, 0.511980830670927
1.63666666666667, 11, 1, 6, 166, 0.466256899147015
1.6351042780202, 7, 14, 3, 18, 0.23482428115016
1.63, 14, 1, 7, 13, 0.993131868131868
1.62224843966637, 12, 10, 5, 110, 0.379796511627907
1.61, 13, 1, 3, 44, 0.321485623003195
1.61, 13, 1, 3, 44, 0.321485623003195
1.60277537068951, 9, 2, 4, 75, 0.361801242236025
1.59333333333334, 10, 1, 0, 133, 0.341552511415525
1.59071428571428, 7, 4, 3, 74, 0.402156549520767
1.56506300902622, 11, 2, 3, 173, 0.651357827476038
1.565, 15, 1, 3, 190, 0.821884984025559
1.565, 15, 1, 3, 190, 0.821884984025559
1.56, 13, 1, 6, 130, 0.41432513798294
1.56, 13, 1, 6, 130, 0.41432513798294
1.545, 9, 1, 6, 250, 0.629076768690416
1.545, 9, 1, 6, 250, 0.629076768690416
1.545, 11, 1, 0, 240, 0.624429223744292
1.545, 11, 1, 0, 240, 0.624429223744292
1.544, 11, 1, 2, 62, 0.563718140929535
1.535, 8, 1, 5, 280, 0.940988372093023
1.535, 8, 1, 5, 280, 0.940988372093023
1.535, 12, 1, 6, 214, 0.532112393376819
1.53333333333333, 13, 4, 0, 242, 0.634132420091324
1.52, 13, 1, 3, 44, 0.321485623003195
1.515, 14, 1, 7, 13, 0.993131868131868
1.515, 14, 1, 7, 13, 0.993131868131868
1.50666666666667, 12, 1, 5, 205, 0.616569767441861
1.49482373542837, 13, 2, 0, 251, 0.668949771689498
1.48963828569966, 12, 2, 1, 136, 0.510990539788536
1.48666666666667, 13, 1, 6, 247, 0.621048670346212
1.47999999999999, 12, 1, 3, 24, 0.266773162939297
1.47549615007593, 11, 2, 6, 37, 0.204465629703964
1.47512993777949, 13, 3, 4, 57, 0.305900621118012
1.47078210486801, 15, 2, 7, 10, 0.409340659340659
1.47, 15, 1, 1, 166, 0.660127991096272
1.47, 15, 1, 1, 166, 0.660127991096272
1.46606805966011, 7, 2, 1, 9, 0.0584307178631052
1.465, 10, 1, 6, 278, 0.716256899147015
1.465, 10, 1, 6, 278, 0.716256899147015
1.45192592403637, 10, 2, 7, 13, 0.993131868131868
1.45, 12, 1, 1, 147, 0.541875347801892
1.45, 12, 1, 1, 147, 0.541875347801892
1.44333333333334, 11, 1, 4, 23, 0.187888198757764
1.437, 14, 4, 0, 131, 0.338127853881279
1.435, 11, 1, 0, 60, 0.129452054794521
1.435, 11, 1, 0, 60, 0.129452054794521
1.43306974320475, 13, 2, 7, 13, 0.993131868131868
1.43189123190276, 7, 2, 6, 44, 0.232062217762168
1.43189123190275, 7, 2, 6, 44, 0.232062217762168
1.4246117892254, 12, 3, 0, 124, 0.309931506849315
1.42172503787945, 8, 3, 0, 195, 0.474771689497717
1.42, 7, 1, 7, 6, 0.197802197802198
1.42, 7, 1, 7, 6, 0.197802197802198
1.41421356237308, 11, 2, 5, 104, 0.3625
1.40478547195727, 8, 2, 1, 7, 0.0509181969949917
1.3977144041454, 10, 2, 5, 165, 0.502761627906977
1.39666666666667, 9, 1, 4, 58, 0.309006211180124
1.3930003589375, 12, 2, 6, 263, 0.659809332664325
1.3825, 15, 1, 5, 213, 0.653488372093023
1.37166666666667, 11, 4, 1, 76, 0.375208681135225
1.36821498489747, 10, 6, 5, 261, 0.823255813953488
1.36707311029399, 9, 2, 6, 235, 0.580155544405419
1.345, 11, 1, 4, 23, 0.187888198757764
1.34333333333333, 12, 1, 0, 229, 0.555936073059361
1.33333333333333, 10, 1, 5, 78, 0.278633720930233
1.33, 10, 1, 5, 170, 0.515116279069767
1.33, 10, 1, 5, 170, 0.515116279069767
1.325, 12, 1, 5, 261, 0.823255813953488
1.325, 12, 1, 5, 261, 0.823255813953488
1.31, 12, 1, 1, 182, 0.864496382860323
1.31, 12, 1, 1, 182, 0.864496382860323
1.29164838696742, 13, 2, 5, 265, 0.834447674418604
1.28333333333332, 13, 1, 4, 57, 0.305900621118012
1.27333333333333, 14, 1, 4, 57, 0.305900621118012
1.26556970043797, 10, 6, 3, 121, 0.50758785942492
1.26, 13, 1, 5, 62, 0.227616279069767
1.26, 14, 1, 4, 57, 0.305900621118012
1.25092031426989, 13, 5, 0, 229, 0.555936073059361
1.24666666666667, 9, 1, 4, 107, 0.684782608695652
1.24666666666667, 14, 1, 3, 190, 0.821884984025559
1.2425, 13, 1, 3, 120, 0.502396166134185
1.2398597030847, 10, 3, 3, 34, 0.295127795527157
1.23132809960988, 9, 5, 1, 70, 0.361296605453534
1.2275, 14, 1, 0, 217, 0.511986301369863
1.22565175405668, 9, 2, 7, 5, 0.112637362637363
1.22051846906686, 13, 3, 0, 251, 0.668949771689498
1.21676569231712, 13, 3, 6, 254, 0.640993477170095
1.21, 13, 1, 7, 13, 0.993131868131868
1.20365287641976, 9, 8, 5, 280, 0.940988372093023
1.20088855991444, 15, 3, 7, 10, 0.409340659340659
1.2, 11, 1, 7, 7, 0.245879120879121
1.2, 11, 1, 7, 7, 0.245879120879121
1.195, 7, 1, 2, 144, 0.914542728635682
1.195, 7, 1, 2, 144, 0.914542728635682
1.18086832458154, 12, 2, 7, 13, 0.993131868131868
1.18086832458153, 12, 2, 2, 68, 0.590954522738631
1.17666666666667, 11, 4, 6, 148, 0.43941294530858
1.17379725676968, 11, 2, 6, 294, 0.774460612142499
1.17333333333334, 14, 1, 0, 189, 0.460730593607306
1.15965512114594, 11, 2, 4, 14, 0.141304347826087
1.15965512114594, 11, 2, 4, 14, 0.141304347826087
1.15729809854198, 11, 2, 6, 166, 0.466256899147015
1.15258405333408, 14, 2, 7, 13, 0.993131868131868
1.15157500841239, 9, 5, 2, 30, 0.470014992503748
1.15000000000001, 14, 1, 5, 223, 0.700872093023256
1.15, 13, 1, 0, 187, 0.454337899543379
1.15, 11, 1, 7, 7, 0.245879120879121
1.15, 11, 1, 7, 7, 0.245879120879121
1.15, 13, 1, 0, 187, 0.454337899543379
1.15, 14, 1, 5, 223, 0.700872093023256
1.145, 11, 1, 7, 8, 0.259615384615385
1.145, 11, 1, 7, 8, 0.259615384615385
1.1425, 13, 1, 3, 160, 0.611421725239617
1.14197745161628, 12, 2, 4, 75, 0.361801242236025
1.14197745161627, 12, 2, 4, 75, 0.361801242236025
1.135, 10, 1, 5, 65, 0.234883720930233
1.135, 10, 1, 5, 65, 0.234883720930233
1.13490638380441, 12, 2, 5, 143, 0.451598837209302
1.1349063838044, 12, 2, 5, 143, 0.451598837209302
1.13333333333334, 9, 4, 4, 75, 0.361801242236025
1.13, 10, 1, 1, 29, 0.263912075681692
1.13, 10, 1, 1, 29, 0.263912075681692
1.12665680469056, 10, 2, 0, 133, 0.341552511415525
1.125, 13, 1, 5, 202, 0.607267441860465
1.125, 13, 1, 5, 202, 0.607267441860465
1.11428601953599, 10, 3, 2, 2, 0.208645677161419
1.11333333333333, 12, 1, 6, 46, 0.236954340190667
1.09333333333333, 12, 1, 3, 123, 0.511980830670927
1.09, 9, 4, 0, 75, 0.148858447488584
1.09, 9, 4, 0, 75, 0.148858447488584
1.08470180234018, 10, 2, 6, 174, 0.471650777722027
1.07904494809067, 12, 2, 0, 229, 0.555936073059361
1.07126677349763, 13, 2, 7, 10, 0.409340659340659
1.07126677349761, 13, 2, 7, 10, 0.409340659340659
1.06537421698774, 12, 2, 5, 205, 0.616569767441861
1.051232081364, 13, 2, 6, 247, 0.621048670346212
1.04459931227924, 12, 7, 1, 146, 0.536310517529215
1.03923048454133, 9, 3, 5, 64, 0.231976744186047
1.02190997646564, 12, 3, 6, 173, 0.470020070245861
1.02059078751258, 11, 2, 4, 23, 0.187888198757764
1.015, 15, 1, 5, 65, 0.234883720930233
1.01499999999999, 15, 1, 5, 65, 0.234883720930233
1.00762716319083, 10, 2, 6, 109, 0.380832915203211
1.00762716319083, 10, 2, 6, 109, 0.380832915203211
1, 13, 1, 5, 209, 0.643604651162791
1, 13, 1, 5, 209, 0.643604651162791
0.987592471057212, 9, 2, 4, 58, 0.309006211180124
0.980000000000004, 9, 1, 7, 10, 0.409340659340659
0.980000000000004, 9, 1, 7, 10, 0.409340659340659
0.980000000000004, 11, 1, 1, 181, 0.828464106844741
0.979999999999997, 15, 1, 6, 209, 0.52646763672855
0.953333333333333, 16, 1, 5, 168, 0.5125
0.951184568489905, 11, 3, 1, 154, 0.582081246521981
0.949880109393929, 12, 2, 0, 229, 0.555936073059361
0.942809041582062, 10, 2, 5, 78, 0.278633720930233
0.932000000000002, 10, 1, 6, 257, 0.64764174611139
0.920000000000002, 8, 1, 1, 20, 0.150806900389538
0.920000000000002, 12, 1, 6, 262, 0.658805820371299
0.907453702522745, 13, 2, 4, 57, 0.305900621118012
0.900382634710871, 14, 2, 4, 57, 0.305900621118012
0.899999999999991, 9, 4, 5, 64, 0.231976744186047
0.891000000000005, 12, 4, 3, 182, 0.738817891373802
0.890954544295054, 13, 2, 5, 62, 0.227616279069767
0.886232663206069, 12, 3, 6, 214, 0.532112393376819
0.886000000000003, 12, 1, 6, 216, 0.53549924736578
0.885655312936861, 10, 3, 6, 174, 0.471650777722027
0.885000000000002, 11, 1, 6, 261, 0.657802308078274
0.884999999999998, 11, 1, 6, 261, 0.657802308078274
0.881526453879226, 14, 2, 3, 190, 0.821884984025559
0.881526453879221, 9, 2, 4, 107, 0.684782608695652
0.881036510783369, 12, 3, 0, 229, 0.555936073059361
0.880000000000003, 9, 1, 5, 209, 0.643604651162791
0.880000000000003, 9, 1, 5, 209, 0.643604651162791
0.877572409168233, 13, 3, 3, 44, 0.321485623003195
0.866912913734707, 14, 2, 0, 230, 0.565068493150685
0.860000000000003, 10, 1, 3, 127, 0.522364217252396
0.855599205235728, 13, 2, 7, 13, 0.993131868131868
0.854478398400644, 12, 3, 3, 24, 0.266773162939297
0.853333333333332, 14, 1, 0, 244, 0.638584474885845
0.849999999999994, 12, 1, 7, 7, 0.245879120879121
0.849999999999994, 12, 1, 7, 7, 0.245879120879121
0.829671956592215, 14, 2, 0, 189, 0.460730593607306
0.816666666666663, 13, 1, 1, 73, 0.369504730105732
0.805, 15, 1, 5, 236, 0.739244186046512
0.805, 15, 1, 5, 236, 0.739244186046512
0.803333333333342, 11, 1, 0, 199, 0.482077625570776
0.800000000000004, 8, 1, 7, 7, 0.245879120879121
0.799999999999997, 8, 1, 7, 7, 0.245879120879121
0.798186747154652, 15, 3, 5, 213, 0.653488372093023
0.790000000000001, 12, 1, 5, 264, 0.832558139534884
0.78724554972102, 12, 2, 6, 46, 0.236954340190667
0.785000000000004, 15, 1, 7, 10, 0.409340659340659
0.784999999999997, 15, 1, 7, 10, 0.409340659340659
0.776536112060042, 11, 3, 4, 23, 0.187888198757764
0.773103414097292, 12, 2, 3, 123, 0.511980830670927
0.771999999999998, 11, 4, 2, 62, 0.563718140929535
0.760000000000002, 11, 1, 6, 228, 0.563221274460612
0.76, 13, 1, 3, 123, 0.511980830670927
0.750000000000007, 10, 1, 7, 7, 0.245879120879121
0.75, 10, 1, 7, 7, 0.245879120879121
0.75, 9, 1, 4, 69, 0.343167701863354
0.75, 9, 1, 4, 69, 0.343167701863354
0.75, 10, 1, 5, 149, 0.465406976744186
0.745000000000001, 13, 1, 0, 195, 0.474771689497717
0.744999999999999, 13, 1, 0, 195, 0.474771689497717
0.735000000000007, 12, 1, 7, 9, 0.299450549450549
0.734999999999999, 12, 1, 7, 9, 0.299450549450549
0.727461339178925, 14, 3, 4, 57, 0.305900621118012
0.723333333333336, 14, 1, 1, 2, 0.0342237061769616
0.717357709468116, 13, 3, 3, 120, 0.502396166134185
0.708697455430273, 14, 3, 0, 217, 0.511986301369863
0.707831430026485, 14, 3, 0, 230, 0.565068493150685
0.7072540797573, 12, 3, 1, 29, 0.263912075681692
0.707254079757276, 12, 3, 1, 29, 0.263912075681692
0.700000000000001, 10, 1, 6, 282, 0.729177119919719
0.699999999999999, 10, 1, 6, 282, 0.729177119919719
0.692964645562824, 15, 2, 6, 209, 0.52646763672855
0.690000000000005, 9, 1, 7, 5, 0.112637362637363
0.689999999999998, 9, 1, 7, 5, 0.112637362637363
0.68666666666666, 7, 1, 0, 232, 0.57865296803653
0.683333333333332, 13, 1, 6, 217, 0.538133467134972
0.67410846473118, 16, 2, 5, 168, 0.5125
0.659622682549151, 13, 3, 3, 160, 0.611421725239617
0.650538238691625, 8, 2, 1, 20, 0.150806900389538
0.650538238691625, 12, 2, 6, 262, 0.658805820371299
0.649999999999999, 12, 1, 6, 140, 0.423858504766683
0.649999999999999, 12, 1, 6, 140, 0.423858504766683
0.640000000000001, 10, 1, 7, 5, 0.112637362637363
0.640000000000001, 10, 1, 7, 5, 0.112637362637363
0.640000000000001, 11, 1, 7, 10, 0.409340659340659
0.640000000000001, 11, 1, 7, 10, 0.409340659340659
0.636396103067897, 9, 2, 3, 66, 0.38538338658147
0.636396103067897, 11, 2, 7, 7, 0.245879120879121
0.636396103067897, 11, 2, 7, 7, 0.245879120879121
0.603397786612524, 14, 2, 0, 244, 0.638584474885845
0.594999999999999, 8, 1, 3, 51, 0.34464856230032
0.594999999999999, 8, 1, 3, 51, 0.34464856230032
0.59, 11, 1, 3, 53, 0.353833865814696
0.585000000000001, 14, 1, 6, 217, 0.538133467134972
0.584999999999994, 14, 1, 6, 217, 0.538133467134972
0.577470537969021, 13, 2, 1, 73, 0.369504730105732
0.57, 14, 1, 6, 186, 0.489588559959859
0.57, 14, 1, 6, 186, 0.489588559959859
0.568042447553189, 11, 2, 0, 199, 0.482077625570776
0.565, 12, 1, 6, 130, 0.41432513798294
0.565, 12, 1, 6, 130, 0.41432513798294
0.560000000000001, 7, 1, 0, 80, 0.161415525114155
0.56, 7, 1, 0, 80, 0.161415525114155
0.551543289325518, 14, 2, 1, 22, 0.210628825820812
0.551543289325498, 14, 2, 1, 22, 0.210628825820812
0.540000000000006, 14, 1, 7, 12, 0.862637362637363
0.539999999999999, 15, 1, 7, 13, 0.993131868131868
0.539999999999999, 15, 1, 7, 13, 0.993131868131868
0.539999999999999, 14, 1, 7, 12, 0.862637362637363
0.537401153701777, 13, 2, 3, 123, 0.511980830670927
0.537401153701775, 11, 2, 6, 228, 0.563221274460612
0.530330085889901, 10, 2, 5, 149, 0.465406976744186
0.511473905058266, 14, 2, 1, 2, 0.0342237061769616
0.510000000000002, 12, 1, 6, 74, 0.296287004515805
0.510000000000002, 12, 1, 6, 74, 0.296287004515805
0.490000000000002, 16, 1, 1, 12, 0.0890372843628269
0.490000000000002, 16, 1, 1, 12, 0.0890372843628269
0.490000000000002, 13, 1, 0, 150, 0.373287671232877
0.49, 11, 1, 5, 272, 0.891860465116279
0.49, 11, 1, 5, 272, 0.891860465116279
0.489999999999998, 12, 1, 7, 13, 0.993131868131868
0.489999999999998, 12, 1, 7, 13, 0.993131868131868
0.489999999999995, 11, 4, 1, 181, 0.828464106844741
0.486666666666672, 13, 1, 0, 154, 0.390182648401826
0.485546656414763, 7, 2, 0, 232, 0.57865296803653
0.48318963381081, 13, 2, 6, 217, 0.538133467134972
0.480832611206857, 12, 2, 0, 220, 0.524543378995434
0.480832611206847, 12, 2, 0, 220, 0.524543378995434
0.466000000000001, 10, 4, 6, 257, 0.64764174611139
0.465, 12, 1, 6, 257, 0.64764174611139
0.465, 12, 1, 6, 257, 0.64764174611139
0.460000000000001, 10, 1, 3, 66, 0.38538338658147
0.456106712659805, 12, 3, 5, 264, 0.832558139534884
0.445, 10, 1, 4, 23, 0.187888198757764
0.445, 15, 1, 6, 217, 0.538133467134972
0.445, 15, 1, 6, 217, 0.538133467134972
0.444999999999999, 10, 1, 4, 23, 0.187888198757764
0.442999999999998, 12, 4, 6, 216, 0.53549924736578
0.439999999999998, 15, 1, 7, 13, 0.993131868131868
0.439999999999998, 15, 1, 7, 13, 0.993131868131868
0.43, 9, 1, 6, 299, 0.874435524335173
0.43, 9, 1, 6, 299, 0.874435524335173
0.43, 10, 4, 3, 127, 0.522364217252396
0.427799602617859, 8, 2, 3, 60, 0.369408945686901
0.427799602617859, 8, 2, 3, 60, 0.369408945686901
0.41719300090006, 11, 2, 3, 53, 0.353833865814696
0.413333333333327, 15, 1, 3, 175, 0.687300319488818
0.402492235949946, 9, 5, 3, 66, 0.38538338658147
0.395000000000001, 13, 1, 5, 212, 0.648691860465116
0.395, 13, 1, 5, 212, 0.648691860465116
0.390000000000001, 11, 1, 2, 7, 0.378810594702649
0.390000000000001, 14, 1, 7, 13, 0.993131868131868
0.389999999999993, 14, 1, 7, 13, 0.993131868131868
0.365000000000002, 11, 1, 0, 156, 0.395091324200913
0.364999999999995, 11, 1, 0, 156, 0.395091324200913
0.358752705160817, 9, 8, 3, 173, 0.651357827476038
0.356666666666669, 13, 1, 6, 126, 0.410561966884094
0.350000000000001, 7, 1, 6, 288, 0.751003512293026
0.350000000000001, 14, 1, 6, 220, 0.548168590065228
0.349999999999998, 14, 1, 6, 220, 0.548168590065228
0.349999999999994, 7, 1, 6, 288, 0.751003512293026
0.346666666666664, 16, 1, 3, 190, 0.821884984025559
0.346482322781405, 13, 2, 0, 150, 0.373287671232877
0.344999999999999, 14, 1, 1, 16, 0.128964941569282
0.344999999999999, 14, 1, 1, 16, 0.128964941569282
0.344999999999999, 13, 1, 7, 10, 0.409340659340659
0.344999999999999, 13, 1, 7, 10, 0.409340659340659
0.344125300177452, 13, 2, 0, 154, 0.390182648401826
0.338235294117659, 9, 9, 3, 173, 0.651357827476038
0.326666666666666, 13, 1, 3, 121, 0.50758785942492
0.325000000000003, 13, 1, 4, 20, 0.178571428571429
0.324999999999999, 13, 1, 4, 20, 0.178571428571429
0.310000000000002, 14, 1, 6, 296, 0.779854490717511
0.309999999999995, 14, 1, 6, 296, 0.779854490717511
0.305000000000003, 11, 1, 3, 130, 0.530750798722045
0.295000000000002, 13, 1, 7, 13, 0.993131868131868
0.295000000000002, 13, 1, 7, 13, 0.993131868131868
0.292270802890445, 15, 2, 3, 175, 0.687300319488818
0.289913780286487, 10, 2, 6, 195, 0.503135975915705
0.289913780286482, 10, 2, 6, 195, 0.503135975915705
0.274999999999999, 14, 1, 5, 162, 0.497674418604651
0.274999999999999, 14, 1, 5, 162, 0.497674418604651
0.270000000000003, 15, 1, 6, 209, 0.52646763672855
0.27, 15, 1, 6, 209, 0.52646763672855
0.26558112382722, 10, 3, 3, 66, 0.38538338658147
0.252201418623194, 13, 2, 6, 126, 0.410561966884094
0.25, 9, 1, 6, 173, 0.470020070245861
0.25, 9, 1, 6, 173, 0.470020070245861
0.245130350811335, 16, 2, 3, 190, 0.821884984025559
0.245000000000005, 12, 1, 7, 12, 0.862637362637363
0.244999999999997, 12, 1, 7, 12, 0.862637362637363
0.243333333333332, 12, 1, 4, 14, 0.141304347826087
0.240000000000002, 12, 1, 4, 53, 0.293478260869565
0.239999999999995, 12, 1, 4, 53, 0.293478260869565
0.230988215187606, 13, 2, 3, 121, 0.50758785942492
0.23, 12, 1, 3, 146, 0.568290734824281
0.225166604983946, 11, 3, 2, 7, 0.378810594702649
0.225000000000001, 9, 1, 0, 74, 0.148173515981735
0.225000000000001, 9, 1, 2, 35, 0.479510244877561
0.224999999999998, 9, 1, 0, 74, 0.148173515981735
0.224999999999998, 9, 1, 2, 35, 0.479510244877561
0.219999999999999, 13, 1, 6, 262, 0.658805820371299
0.215, 10, 1, 4, 91, 0.454968944099379
0.215, 10, 1, 4, 91, 0.454968944099379
0.210000000000001, 12, 1, 3, 173, 0.651357827476038
0.210000000000001, 17, 1, 3, 173, 0.651357827476038
0.209999999999999, 12, 1, 3, 173, 0.651357827476038
0.209999999999997, 17, 1, 3, 173, 0.651357827476038
0.200000000000003, 10, 1, 7, 7, 0.245879120879121
0.200000000000003, 10, 1, 7, 7, 0.245879120879121
0.200000000000003, 15, 1, 4, 18, 0.167701863354037
0.199999999999996, 15, 1, 4, 18, 0.167701863354037
0.196666666666666, 11, 1, 6, 299, 0.874435524335173
0.190000000000001, 12, 1, 5, 198, 0.596947674418605
0.190000000000001, 12, 1, 5, 198, 0.596947674418605
0.190000000000001, 9, 1, 4, 78, 0.37111801242236
0.189999999999998, 9, 1, 4, 78, 0.37111801242236
0.176091832102836, 11, 3, 3, 130, 0.530750798722045
0.175000000000001, 10, 1, 6, 257, 0.64764174611139
0.175000000000001, 10, 1, 6, 257, 0.64764174611139
0.172062650088726, 12, 2, 4, 14, 0.141304347826087
0.163333333333334, 9, 1, 0, 230, 0.565068493150685
0.162634559672904, 12, 2, 3, 146, 0.568290734824281
0.160000000000004, 12, 1, 0, 36, 0.106735159817352
0.15556349186104, 12, 2, 1, 124, 0.477045075125209
0.15556349186104, 12, 2, 1, 124, 0.477045075125209
0.15556349186104, 13, 2, 6, 262, 0.658805820371299
0.15414927829866, 10, 2, 2, 135, 0.86431784107946
0.15, 14, 1, 6, 178, 0.47704465629704
0.15, 14, 1, 6, 178, 0.47704465629704
0.146666666666668, 12, 1, 5, 155, 0.482703488372093
0.146666666666665, 11, 1, 5, 275, 0.914244186046512
0.145000000000001, 14, 1, 6, 213, 0.530983442047165
0.145, 14, 1, 6, 213, 0.530983442047165
0.139064333633353, 11, 2, 6, 299, 0.874435524335173
0.125862358683345, 10, 3, 2, 135, 0.86431784107946
0.120000000000005, 10, 1, 5, 114, 0.392005813953488
0.115494107593803, 9, 2, 0, 230, 0.565068493150685
0.113137084989845, 12, 2, 0, 36, 0.106735159817352
0.105000000000004, 11, 1, 6, 291, 0.762418464626192
0.105, 12, 1, 6, 295, 0.776969392875063
0.104999999999999, 12, 1, 6, 295, 0.776969392875063
0.104999999999997, 11, 1, 6, 291, 0.762418464626192
0.103708994574028, 12, 2, 5, 155, 0.482703488372093
0.103708994574028, 11, 2, 5, 275, 0.914244186046512
0.103333333333332, 15, 1, 3, 182, 0.738817891373802
0.100000000000001, 14, 1, 7, 10, 0.409340659340659
0.100000000000001, 16, 1, 6, 292, 0.768564977420973
0.100000000000001, 9, 1, 2, 137, 0.871814092953523
0.100000000000001, 14, 1, 6, 260, 0.656046161565479
0.100000000000001, 14, 1, 6, 260, 0.656046161565479
0.0999999999999979, 16, 1, 6, 292, 0.768564977420973
0.0999999999999979, 9, 1, 2, 137, 0.871814092953523
0.0999999999999943, 14, 1, 7, 10, 0.409340659340659
0.096666666666664, 11, 1, 4, 59, 0.312111801242236
0.0850000000000009, 13, 1, 6, 157, 0.45471650777722
0.0850000000000009, 13, 1, 6, 157, 0.45471650777722
0.0800000000000018, 14, 1, 3, 143, 0.559904153354633
0.0799999999999983, 14, 1, 3, 143, 0.559904153354633
0.076666666666668, 11, 1, 5, 200, 0.599563953488372
0.0730677007226138, 15, 2, 3, 182, 0.738817891373802
0.0683536555146977, 11, 2, 4, 59, 0.312111801242236
0.0600000000000023, 10, 4, 5, 114, 0.392005813953488
0.0600000000000023, 13, 1, 5, 68, 0.241133720930233
0.0549999999999997, 14, 1, 5, 209, 0.643604651162791
0.0549999999999997, 14, 1, 5, 209, 0.643604651162791
0.0549999999999997, 13, 1, 6, 252, 0.633467134972403
0.0549999999999997, 13, 1, 6, 252, 0.633467134972403
0.0542115198909696, 11, 2, 5, 200, 0.599563953488372
0.0533333333333346, 14, 1, 3, 153, 0.587060702875399
0.0500000000000043, 15, 1, 0, 150, 0.373287671232877
0.0499999999999972, 15, 1, 0, 150, 0.373287671232877
0.0450000000000017, 13, 1, 6, 254, 0.640993477170095
0.0450000000000017, 13, 1, 6, 254, 0.640993477170095
0.0449999999999999, 10, 1, 4, 69, 0.343167701863354
0.0449999999999999, 10, 1, 4, 69, 0.343167701863354
0.0424264068711945, 13, 2, 5, 68, 0.241133720930233
0.0399999999999991, 12, 1, 6, 178, 0.47704465629704
0.0399999999999991, 12, 1, 6, 178, 0.47704465629704
0.0377123616632784, 14, 2, 3, 153, 0.587060702875399
0.0350000000000037, 9, 1, 3, 15, 0.194888178913738
0.0349999999999966, 9, 1, 3, 15, 0.194888178913738
0.0300000000000011, 15, 1, 6, 183, 0.480556949322629
0.0300000000000011, 15, 1, 6, 183, 0.480556949322629
0.0300000000000011, 9, 1, 5, 255, 0.797529069767442
0.029999999999994, 9, 1, 5, 255, 0.797529069767442
0.0249999999999986, 15, 1, 6, 82, 0.317360762669343
0.0249999999999986, 15, 1, 6, 82, 0.317360762669343
0.0200000000000031, 10, 1, 5, 115, 0.392732558139535
0.0200000000000031, 7, 1, 6, 5, 0.047917711991972
0.0199999999999996, 15, 1, 0, 177, 0.442351598173516
0.0199999999999996, 15, 1, 0, 177, 0.442351598173516
0.0199999999999996, 12, 1, 3, 121, 0.50758785942492
0.0199999999999996, 12, 1, 3, 121, 0.50758785942492
0.019999999999996, 10, 1, 5, 115, 0.392732558139535
0.019999999999996, 7, 1, 6, 5, 0.047917711991972
0.0133333333333319, 14, 1, 3, 123, 0.511980830670927
0.0100000000000051, 11, 1, 4, 29, 0.206521739130435
0.0100000000000016, 13, 1, 6, 272, 0.691545408931259
0.00999999999999801, 13, 1, 6, 272, 0.691545408931259
0.00999999999999801, 11, 1, 4, 29, 0.206521739130435
0.00942809041582211, 14, 2, 3, 123, 0.511980830670927
0.00500000000000256, 12, 1, 4, 49, 0.277950310559006
0.00500000000000256, 12, 1, 4, 49, 0.277950310559006
0.00500000000000256, 12, 1, 5, 84, 0.310901162790698
0.00500000000000256, 13, 1, 4, 18, 0.167701863354037
0.00500000000000256, 13, 1, 4, 18, 0.167701863354037
0.00500000000000256, 8, 1, 6, 45, 0.23607626693427
0.00500000000000256, 11, 1, 0, 183, 0.447602739726027
0.00500000000000256, 13, 1, 5, 178, 0.548837209302326
0.00500000000000256, 13, 1, 5, 178, 0.548837209302326
0.00500000000000256, 10, 1, 3, 139, 0.551517571884984
0.00500000000000256, 8, 1, 6, 70, 0.289136979427998
0.00500000000000256, 11, 1, 4, 8, 0.100931677018634
0.00499999999999901, 12, 1, 2, 49, 0.530234882558721
0.00499999999999901, 12, 1, 2, 49, 0.530234882558721
0.00499999999999901, 10, 1, 3, 139, 0.551517571884984
0.00499999999999545, 12, 1, 5, 84, 0.310901162790698
0.00499999999999545, 8, 1, 6, 45, 0.23607626693427
0.00499999999999545, 11, 1, 0, 183, 0.447602739726027
0.00499999999999545, 8, 1, 6, 70, 0.289136979427998
0.00499999999999545, 11, 1, 4, 8, 0.100931677018634
