norm, level, Npoints, dimSplit, MainGridIndexSplit
898.328628287421, 0, 659, -1, -1, -1
151.075521803019, 1, 153, 0, 232, 0.57865296803653
115.252021460363, 4, 85, 7, 4, 0.0549450549450549
106.179926470588, 2, 64, 7, 4, 0.0549450549450549
90.0403975664437, 2, 89, 7, 4, 0.0549450549450549
83.0738924504105, 1, 506, 0, 232, 0.57865296803653
80.5680036228258, 2, 164, 3, 85, 0.429313099041534
70.9768057354639, 3, 30, 2, 33, 0.476261869065467
69.7612127407356, 4, 232, 7, 4, 0.0549450549450549
67.0474229036916, 5, 17, 7, 5, 0.112637362637363
60.5652709517071, 5, 22, 7, 4, 0.0549450549450549
57.526374570563, 4, 11, 3, 121, 0.50758785942492
57.2357368421051, 3, 25, 5, 250, 0.779360465116279
55.7919413492159, 2, 342, 3, 85, 0.429313099041534
49.1275154886499, 6, 68, 0, 93, 0.203995433789954
47.9066243297573, 5, 77, 7, 5, 0.112637362637363
43.4329803326248, 6, 87, 0, 93, 0.203995433789954
43.2461826988321, 3, 23, 1, 27, 0.260434056761269
41.6754417565205, 5, 44, 7, 5, 0.112637362637363
39.7786387152558, 5, 51, 7, 4, 0.0549450549450549
39.6116210838602, 3, 39, 6, 108, 0.378198695434019
35.8169316875268, 4, 61, 2, 83, 0.62543728135932
35.4924920554713, 5, 13, 6, 122, 0.407049673858505
34.9840364940241, 3, 50, 6, 108, 0.378198695434019
33.7656475945962, 5, 155, 7, 5, 0.112637362637363
33.5834012585346, 3, 134, 2, 33, 0.476261869065467
32.7703184016634, 6, 35, 1, 12, 0.0890372843628269
32.740994438092, 4, 73, 2, 83, 0.62543728135932
32.3906578350496, 3, 41, 1, 27, 0.260434056761269
32.3694038824968, 6, 13, 7, 3, 0.0260989010989011
31.7999452346958, 4, 10, 3, 120, 0.502396166134185
31.5020833333333, 8, 1, 4, 61, 0.31832298136646
30.5513949001956, 4, 39, 3, 121, 0.50758785942492
30.4840161612986, 5, 2, 1, 139, 0.519894268224819
30.1315094339623, 6, 1, 4, 61, 0.31832298136646
29.9150710086962, 6, 42, 1, 12, 0.0890372843628269
28.4565545551509, 7, 11, 6, 202, 0.516934269944807
27.9488300444451, 7, 5, 2, 138, 0.873563218390805
27.9445480336183, 5, 32, 7, 2, 0.010989010989011
27.4662694271771, 4, 2, 7, 1, 0.00274725274725275
26.9010526315789, 8, 4, 1, 19, 0.144546466332777
26.8925537179124, 6, 23, 7, 5, 0.112637362637363
26.6778276591283, 7, 12, 2, 140, 0.884307846076962
26.2916666666667, 6, 1, 7, 4, 0.0549450549450549
26.225, 8, 1, 7, 4, 0.0549450549450549
26.0943312481366, 9, 7, 1, 51, 0.321368948247079
25.296375203916, 7, 43, 5, 123, 0.409302325581395
25.1136044406214, 9, 2, 7, 4, 0.0549450549450549
25.0969818136334, 5, 26, 6, 122, 0.407049673858505
25.0911594202899, 4, 9, 7, 2, 0.010989010989011
25.0072642780887, 7, 44, 5, 123, 0.409302325581395
24.938, 4, 9, 3, 58, 0.367811501597444
24.613679154702, 7, 3, 3, 14, 0.193690095846645
24.3734466507455, 6, 28, 7, 5, 0.112637362637363
23.4735465116279, 8, 16, 1, 6, 0.0488313856427379
21.7137155480136, 5, 53, 7, 2, 0.010989010989011
21.2629411764706, 6, 4, 4, 27, 0.200310559006211
20.9616531607712, 6, 31, 7, 3, 0.0260989010989011
20.5051721605387, 9, 3, 7, 4, 0.0549450549450549
20.3677586206897, 5, 4, 3, 123, 0.511980830670927
20.3367786678356, 8, 11, 5, 43, 0.170058139534884
20.3062493193627, 8, 5, 0, 105, 0.253538812785388
20.2996153846154, 6, 1, 5, 36, 0.144476744186047
20.1176832830679, 4, 14, 7, 2, 0.010989010989011
19.5972727272727, 8, 1, 4, 69, 0.343167701863354
19.3149906825042, 7, 11, 4, 9, 0.108695652173913
19.2651785058053, 7, 24, 6, 202, 0.516934269944807
18.8469121098832, 10, 7, 4, 62, 0.321428571428571
18.8042982675061, 5, 3, 6, 231, 0.571249372804817
18.8035714285715, 9, 9, 0, 148, 0.368150684931507
18.7280440078586, 5, 5, 5, 280, 0.940988372093023
18.6735708212736, 4, 29, 3, 120, 0.502396166134185
18.0699445297648, 8, 27, 1, 6, 0.0488313856427379
18.0652660308313, 6, 17, 4, 10, 0.116459627329193
18.0652660308313, 6, 17, 4, 10, 0.116459627329193
17.6512095051057, 8, 11, 0, 93, 0.203995433789954
17.6442857142857, 5, 9, 3, 79, 0.416134185303514
17.6345360160113, 8, 8, 0, 136, 0.342922374429224
17.5729660133589, 6, 6, 6, 4, 0.0464124435524335
17.3835131086901, 9, 2, 2, 77, 0.612193903048476
17.2426127785021, 7, 8, 7, 5, 0.112637362637363
17.0472821860839, 7, 6, 3, 30, 0.289536741214057
16.9364930581109, 6, 8, 0, 108, 0.256506849315069
16.35, 7, 1, 7, 5, 0.112637362637363
16.35, 7, 1, 7, 5, 0.112637362637363
16.3257532401156, 4, 21, 3, 58, 0.367811501597444
16.0733962553436, 3, 317, 5, 250, 0.779360465116279
16.0578874485302, 7, 3, 5, 236, 0.739244186046512
15.9161417541784, 7, 2, 5, 271, 0.881686046511628
15.8750984358766, 6, 7, 0, 83, 0.168721461187215
15.2803996602023, 5, 12, 3, 79, 0.416134185303514
15.1478343138822, 8, 2, 6, 247, 0.621048670346212
15.1410108094979, 8, 3, 7, 4, 0.0549450549450549
15.1118618634501, 7, 8, 2, 29, 0.469515242378811
15.09, 10, 1, 4, 89, 0.436335403726708
14.8144286856182, 10, 7, 1, 85, 0.391346688925988
14.7633794386306, 7, 8, 3, 30, 0.289536741214057
14.7045495848762, 7, 11, 7, 5, 0.112637362637363
14.7025, 8, 4, 0, 246, 0.643264840182648
14.7025, 8, 4, 0, 246, 0.643264840182648
14.6592857142857, 7, 9, 4, 18, 0.167701863354037
14.5272727272727, 14, 1, 0, 208, 0.500342465753425
14.370303030303, 5, 9, 1, 139, 0.519894268224819
14.3144601652201, 9, 8, 3, 149, 0.575878594249201
14.036069606553, 13, 2, 6, 33, 0.18941294530858
13.9518181818182, 10, 1, 5, 97, 0.349709302325581
13.9367736180222, 11, 12, 2, 46, 0.508495752123938
13.9099688972414, 6, 2, 5, 127, 0.41671511627907
13.8916438450073, 8, 15, 1, 19, 0.144546466332777
13.71641365198, 8, 5, 1, 23, 0.225375626043406
13.6995699677413, 11, 2, 3, 120, 0.502396166134185
13.6571390584865, 8, 13, 5, 169, 0.513953488372093
13.4742411276829, 13, 2, 4, 22, 0.184782608695652
13.3900189767201, 11, 13, 2, 46, 0.508495752123938
13.3770460864871, 9, 8, 0, 193, 0.466095890410959
13.3363043478261, 7, 4, 4, 91, 0.454968944099379
13.296646820408, 5, 6, 6, 231, 0.571249372804817
13.2699835442741, 8, 3, 7, 2, 0.010989010989011
13.1775, 8, 1, 0, 180, 0.445433789954338
13.1055170825115, 6, 2, 0, 274, 0.962328767123288
13.0015384615385, 11, 1, 0, 218, 0.517123287671233
12.8027853466666, 6, 14, 0, 108, 0.256506849315069
12.7055549239664, 6, 3, 7, 6, 0.197802197802198
12.57, 9, 1, 1, 19, 0.144546466332777
12.464992311804, 6, 3, 4, 53, 0.293478260869565
12.464992311804, 6, 3, 4, 53, 0.293478260869565
12.4245777929608, 6, 3, 5, 158, 0.488372093023256
12.3946402971965, 10, 10, 1, 85, 0.391346688925988
12.3494345325445, 7, 56, 2, 140, 0.884307846076962
12.2563727603649, 7, 26, 2, 138, 0.873563218390805
12.2177097430682, 10, 13, 1, 136, 0.510990539788536
12.0971919055622, 8, 17, 0, 136, 0.342922374429224
12.028, 11, 1, 1, 2, 0.0342237061769616
12.0136007745983, 5, 7, 0, 249, 0.655821917808219
12.0136007745983, 5, 7, 0, 249, 0.655821917808219
11.9184, 12, 1, 5, 20, 0.0880813953488372
11.7945576429137, 6, 13, 4, 27, 0.200310559006211
11.7579907816864, 6, 5, 7, 4, 0.0549450549450549
11.7505372217614, 11, 5, 3, 49, 0.340255591054313
11.7505372217614, 11, 5, 3, 49, 0.340255591054313
11.7182987092837, 4, 11, 7, 4, 0.0549450549450549
11.694903336479, 8, 2, 7, 10, 0.409340659340659
11.5924853575872, 8, 7, 1, 23, 0.225375626043406
11.5887783738574, 8, 3, 5, 130, 0.423401162790698
11.4921428571429, 8, 4, 7, 2, 0.010989010989011
11.1996227180491, 9, 38, 1, 51, 0.321368948247079
11.186, 7, 4, 4, 53, 0.293478260869565
11.0973333333333, 9, 1, 6, 163, 0.462744606121425
11.0107375193874, 8, 20, 5, 169, 0.513953488372093
10.9685714285714, 6, 1, 6, 1, 0.0137982940291019
10.9223123925293, 9, 12, 0, 193, 0.466095890410959
10.84, 11, 1, 6, 272, 0.691545408931259
10.7006098891605, 6, 3, 0, 274, 0.962328767123288
10.6883381416764, 8, 30, 0, 93, 0.203995433789954
10.6, 7, 1, 0, 38, 0.109018264840183
10.515, 5, 4, 3, 43, 0.320686900958467
10.503364127745, 9, 2, 7, 4, 0.0549450549450549
10.4978160591541, 12, 2, 2, 48, 0.522988505747126
10.3871616191748, 4, 14, 7, 4, 0.0549450549450549
10.366651713803, 7, 17, 2, 29, 0.469515242378811
10.1825342476077, 9, 3, 5, 152, 0.477325581395349
10.0547724792534, 8, 45, 5, 43, 0.170058139534884
10.0045812868313, 7, 41, 4, 9, 0.108695652173913
9.97090909090909, 10, 1, 5, 235, 0.736337209302325
9.90843509603858, 8, 21, 0, 105, 0.253538812785388
9.87515438131155, 6, 19, 6, 4, 0.0464124435524335
9.84345074545127, 9, 5, 4, 21, 0.18167701863354
9.84281509424983, 9, 10, 7, 4, 0.0549450549450549
9.81984491364372, 9, 33, 0, 148, 0.368150684931507
9.77918250583588, 10, 26, 4, 62, 0.321428571428571
9.68216401431004, 8, 3, 6, 82, 0.317360762669343
9.60576923076924, 9, 4, 4, 13, 0.133540372670807
9.55126272643685, 11, 5, 6, 106, 0.376944305067737
9.52237131997883, 16, 2, 5, 110, 0.379796511627907
9.38475596522901, 9, 11, 7, 4, 0.0549450549450549
9.37359696167912, 10, 5, 5, 236, 0.739244186046512
9.37359696167911, 10, 5, 5, 236, 0.739244186046512
9.35, 11, 1, 7, 3, 0.0260989010989011
9.35, 11, 1, 7, 3, 0.0260989010989011
9.32727272727273, 8, 1, 4, 13, 0.133540372670807
9.29666666666667, 10, 1, 7, 5, 0.112637362637363
9.28844828288678, 9, 19, 3, 149, 0.575878594249201
9.26384615384616, 12, 1, 5, 221, 0.691860465116279
9.13741705443934, 10, 3, 5, 237, 0.740697674418604
9.13333075425753, 7, 6, 4, 53, 0.293478260869565
9.05, 14, 1, 4, 58, 0.309006211180124
9.05, 8, 1, 5, 235, 0.736337209302325
9.05, 8, 1, 5, 235, 0.736337209302325
8.98418404547475, 6, 6, 7, 6, 0.197802197802198
8.85666666666667, 9, 1, 3, 143, 0.559904153354633
8.82999999999999, 10, 4, 6, 282, 0.729177119919719
8.8103157894737, 10, 25, 1, 136, 0.510990539788536
8.79526718143913, 7, 10, 5, 236, 0.739244186046512
8.78550321078231, 6, 6, 5, 158, 0.488372093023256
8.71907007987956, 11, 6, 6, 106, 0.376944305067737
8.69175655434502, 9, 8, 2, 77, 0.612193903048476
8.59530213256054, 9, 3, 7, 2, 0.010989010989011
8.58546154845505, 5, 6, 3, 43, 0.320686900958467
8.57596089854271, 9, 3, 7, 4, 0.0549450549450549
8.56023469304434, 12, 2, 5, 193, 0.593313953488372
8.52642857142861, 7, 25, 3, 14, 0.193690095846645
8.50295904376824, 8, 2, 0, 274, 0.962328767123288
8.40031250000001, 6, 25, 0, 83, 0.168721461187215
8.27333333333334, 8, 1, 4, 78, 0.37111801242236
8.22011633129362, 7, 2, 5, 262, 0.826162790697675
8.14710344827581, 5, 25, 3, 123, 0.511980830670927
8.01930073682817, 9, 13, 0, 153, 0.38972602739726
7.99413616476683, 9, 3, 4, 53, 0.293478260869565
7.97071428571428, 11, 1, 3, 190, 0.821884984025559
7.92080136201572, 7, 7, 5, 123, 0.409302325581395
7.77119624795692, 6, 5, 7, 5, 0.112637362637363
7.76810015383427, 5, 5, 5, 273, 0.90203488372093
7.6555622853831, 7, 33, 4, 18, 0.167701863354037
7.64642943487305, 10, 2, 3, 95, 0.451277955271566
7.64100000000001, 8, 4, 2, 77, 0.612193903048476
7.58220355636073, 10, 7, 7, 8, 0.259615384615385
7.55897149088419, 7, 2, 3, 34, 0.295127795527157
7.52692425054679, 9, 5, 1, 43, 0.294101279910963
7.44, 10, 1, 4, 109, 0.801242236024845
7.20013901614766, 9, 6, 5, 152, 0.477325581395349
7.18187703181017, 5, 34, 5, 280, 0.940988372093023
7.17713382904347, 10, 2, 5, 165, 0.502761627906977
7.135, 13, 1, 0, 43, 0.113470319634703
7.0912728053573, 5, 6, 5, 273, 0.90203488372093
7.09, 9, 1, 7, 3, 0.0260989010989011
7.09, 9, 1, 7, 3, 0.0260989010989011
7.07182298668665, 7, 5, 5, 236, 0.739244186046512
7.04559778501073, 10, 3, 0, 263, 0.817351598173516
7.03335545020219, 7, 2, 4, 68, 0.340062111801242
7.0126750623005, 9, 17, 0, 153, 0.38972602739726
6.98940235880961, 12, 3, 5, 193, 0.593313953488372
6.95000000000001, 9, 1, 7, 2, 0.010989010989011
6.93166666666666, 9, 1, 5, 110, 0.379796511627907
6.89333333333333, 11, 1, 5, 246, 0.759738372093023
6.74800000000001, 12, 1, 5, 236, 0.739244186046512
6.70799999999997, 11, 4, 6, 33, 0.18941294530858
6.68687500000004, 10, 9, 7, 8, 0.259615384615385
6.63771237025258, 12, 2, 3, 158, 0.604233226837061
6.63645313874694, 9, 11, 4, 21, 0.18167701863354
6.62701787771522, 7, 10, 5, 123, 0.409302325581395
6.6225, 9, 1, 7, 2, 0.010989010989011
6.59045332279959, 9, 3, 7, 2, 0.010989010989011
6.59045332279958, 9, 3, 7, 2, 0.010989010989011
6.57601956606984, 10, 3, 3, 151, 0.58426517571885
6.57373604243094, 10, 2, 7, 5, 0.112637362637363
6.56863844782715, 8, 23, 4, 61, 0.31832298136646
6.51144330218355, 10, 2, 1, 49, 0.318030050083472
6.49038461538462, 6, 4, 0, 178, 0.442694063926941
6.44857142857143, 11, 1, 4, 41, 0.253105590062112
6.40384615384614, 9, 9, 4, 13, 0.133540372670807
6.385, 10, 1, 7, 3, 0.0260989010989011
6.385, 10, 1, 7, 3, 0.0260989010989011
6.36653846153845, 11, 4, 0, 176, 0.441438356164384
6.35181818181817, 13, 9, 4, 22, 0.184782608695652
6.34416204080571, 11, 2, 0, 69, 0.142465753424658
6.33567675943147, 9, 2, 7, 3, 0.0260989010989011
6.30610683949094, 9, 2, 0, 28, 0.1
6.29833333333333, 8, 1, 0, 136, 0.342922374429224
6.27, 10, 1, 7, 3, 0.0260989010989011
6.27, 10, 1, 7, 3, 0.0260989010989011
6.26260905870886, 9, 2, 3, 143, 0.559904153354633
6.24375287787721, 10, 8, 6, 282, 0.729177119919719
6.23885037486875, 8, 6, 2, 77, 0.612193903048476
6.22072720382789, 6, 10, 5, 127, 0.41671511627907
6.22000000000001, 6, 1, 3, 16, 0.200079872204473
6.21988521720407, 4, 39, 7, 1, 0.00274725274725275
6.20061936422484, 7, 8, 3, 146, 0.568290734824281
6.19720177456815, 8, 10, 4, 69, 0.343167701863354
6.19223124669132, 9, 5, 4, 53, 0.293478260869565
6.19, 8, 1, 6, 183, 0.480556949322629
6.1718743776371, 7, 3, 3, 34, 0.295127795527157
6.14367007192469, 6, 8, 7, 5, 0.112637362637363
6.125, 6, 1, 7, 6, 0.197802197802198
6.11911609815531, 7, 19, 4, 91, 0.454968944099379
6.11344319962998, 11, 2, 7, 10, 0.409340659340659
6.11, 14, 1, 5, 249, 0.774709302325581
6.06712654308412, 17, 3, 5, 74, 0.269476744186047
6.014, 11, 4, 1, 2, 0.0342237061769616
6.01, 7, 1, 7, 2, 0.010989010989011
5.98888888888889, 5, 1, 6, 68, 0.282363271450075
5.971, 14, 1, 5, 108, 0.378197674418605
5.97000000000001, 10, 1, 3, 183, 0.746805111821086
5.915, 8, 1, 7, 3, 0.0260989010989011
5.915, 8, 1, 7, 3, 0.0260989010989011
5.90434162290768, 12, 2, 2, 90, 0.639430284857571
5.85130861431868, 8, 2, 6, 80, 0.312970396387356
5.85130861431868, 8, 2, 6, 80, 0.312970396387356
5.83999999999999, 7, 1, 5, 217, 0.664825581395349
5.81175324480889, 7, 15, 5, 271, 0.881686046511628
5.7625, 9, 1, 4, 104, 0.605590062111801
5.7402928496724, 8, 2, 2, 137, 0.871814092953523
5.71285714285712, 15, 9, 3, 151, 0.58426517571885
5.68042447553193, 7, 2, 0, 259, 0.765981735159817
5.64666666666666, 13, 1, 0, 79, 0.158333333333333
5.61023809523809, 9, 9, 1, 43, 0.294101279910963
5.6, 11, 1, 0, 156, 0.395091324200913
5.59076696186609, 7, 8, 5, 236, 0.739244186046512
5.51303030303028, 8, 9, 7, 10, 0.409340659340659
5.5, 10, 1, 7, 2, 0.010989010989011
5.5, 10, 1, 7, 2, 0.010989010989011
5.47705906486321, 11, 6, 6, 33, 0.18941294530858
5.44028910796396, 9, 3, 3, 167, 0.636581469648562
5.414080921285, 8, 2, 3, 130, 0.530750798722045
5.40936687607709, 12, 2, 0, 100, 0.239954337899543
5.36456197516328, 8, 14, 5, 130, 0.423401162790698
5.33865619795843, 12, 2, 1, 150, 0.562604340567613
5.33865619795843, 12, 2, 1, 150, 0.562604340567613
5.28500000000001, 10, 4, 0, 265, 0.857305936073059
5.285, 10, 4, 0, 265, 0.857305936073059
5.26087445202791, 10, 2, 4, 109, 0.801242236024845
5.25663181134079, 18, 2, 2, 18, 0.433533233383308
5.25428571428571, 17, 4, 5, 74, 0.269476744186047
5.22501993616612, 11, 3, 4, 37, 0.239130434782609
5.2085485502201, 12, 2, 3, 148, 0.573083067092652
5.17998661516932, 11, 3, 0, 69, 0.142465753424658
5.15480843484994, 12, 2, 7, 10, 0.409340659340659
5.14666666666667, 12, 1, 3, 67, 0.386182108626198
5.095, 7, 1, 0, 277, 0.990068493150685
5.095, 7, 1, 0, 277, 0.990068493150685
5.08992156985761, 16, 7, 5, 110, 0.379796511627907
5.06658602655644, 11, 5, 6, 96, 0.353612644254892
5.04333333333333, 10, 1, 6, 252, 0.633467134972403
5.02666666666666, 8, 1, 7, 8, 0.259615384615385
5.00857142857143, 9, 1, 6, 126, 0.410561966884094
5.00237566630145, 11, 15, 3, 120, 0.502396166134185
4.99, 10, 1, 6, 127, 0.411063723030607
4.98347102248549, 10, 2, 0, 139, 0.348173515981735
4.98198997129401, 10, 6, 0, 263, 0.817351598173516
4.98062684307909, 8, 7, 0, 180, 0.445433789954338
4.97333333333334, 7, 4, 4, 68, 0.340062111801242
4.96250000000001, 9, 9, 7, 2, 0.010989010989011
4.94747941390569, 15, 12, 3, 151, 0.58426517571885
4.92382021966232, 10, 2, 1, 136, 0.510990539788536
4.9143921292465, 9, 2, 7, 2, 0.010989010989011
4.90918569282794, 8, 6, 0, 274, 0.962328767123288
4.895, 10, 1, 3, 152, 0.585463258785943
4.87432274497927, 11, 2, 5, 246, 0.759738372093023
4.84285714285715, 11, 1, 1, 47, 0.312047857540345
4.841082007155, 8, 12, 6, 82, 0.317360762669343
4.8325, 13, 1, 5, 201, 0.600436046511628
4.78625, 11, 1, 1, 175, 0.723010573177518
4.76388888888889, 12, 4, 5, 198, 0.596947674418605
4.76375, 8, 1, 6, 282, 0.729177119919719
4.755, 10, 1, 7, 8, 0.259615384615385
4.755, 10, 1, 7, 8, 0.259615384615385
4.74588637664241, 7, 6, 5, 262, 0.826162790697675
4.74046411229955, 7, 5, 0, 38, 0.109018264840183
4.71142857142857, 9, 4, 3, 167, 0.636581469648562
4.64994802838338, 10, 6, 3, 151, 0.58426517571885
4.646, 6, 1, 6, 250, 0.629076768690416
4.63154941677189, 9, 2, 7, 5, 0.112637362637363
4.63154941677188, 8, 2, 2, 76, 0.609445277361319
4.63154941677187, 9, 2, 7, 5, 0.112637362637363
4.63, 11, 1, 4, 88, 0.419254658385093
4.63, 10, 1, 4, 90, 0.442546583850932
4.63, 11, 1, 4, 88, 0.419254658385093
4.62919239416794, 12, 2, 2, 79, 0.61944027986007
4.62916666666667, 16, 1, 1, 145, 0.53158041179744
4.625, 13, 1, 0, 120, 0.30365296803653
4.47790053454507, 6, 6, 6, 1, 0.0137982940291019
4.4762838079622, 12, 11, 2, 48, 0.522988505747126
4.44333333333333, 11, 1, 5, 157, 0.484593023255814
4.44, 7, 1, 6, 154, 0.449322629202208
4.41195229550948, 10, 10, 5, 97, 0.349709302325581
4.4, 11, 1, 1, 163, 0.648998330550918
4.3925, 13, 1, 3, 143, 0.559904153354633
4.3825, 13, 1, 0, 131, 0.338127853881279
4.32692307692307, 6, 9, 0, 178, 0.442694063926941
4.3241655475409, 12, 7, 5, 212, 0.648691860465116
4.31683087001687, 9, 5, 1, 148, 0.550918196994992
4.30451253047311, 15, 2, 0, 22, 0.0953196347031963
4.29202190115568, 18, 3, 2, 18, 0.433533233383308
4.275, 8, 1, 4, 97, 0.506211180124224
4.26095175712461, 12, 5, 5, 198, 0.596947674418605
4.2535897918872, 7, 17, 3, 146, 0.568290734824281
4.25276208285079, 12, 3, 3, 148, 0.573083067092652
4.24971175493115, 7, 2, 7, 2, 0.010989010989011
4.2475, 7, 1, 2, 94, 0.654672663668166
4.245, 9, 4, 0, 125, 0.310616438356164
4.24435897435898, 11, 9, 0, 176, 0.441438356164384
4.23556961930742, 12, 2, 6, 166, 0.466256899147015
4.23203421965885, 13, 22, 6, 33, 0.18941294530858
4.22980218450225, 10, 14, 5, 237, 0.740697674418604
4.19805790861461, 12, 5, 3, 158, 0.604233226837061
4.18521298051934, 10, 13, 4, 89, 0.436335403726708
4.17848854889528, 6, 52, 4, 61, 0.31832298136646
4.175, 12, 4, 2, 90, 0.639430284857571
4.165, 9, 1, 7, 11, 0.615384615384615
4.165, 9, 1, 7, 11, 0.615384615384615
4.1437201482082, 10, 6, 5, 165, 0.502761627906977
4.12950360212944, 12, 2, 6, 282, 0.729177119919719
4.11939417066799, 13, 3, 0, 43, 0.113470319634703
4.11819833798961, 10, 5, 1, 49, 0.318030050083472
4.11666666666667, 9, 1, 6, 258, 0.648770697441044
4.11111882581859, 10, 2, 2, 40, 0.491754122938531
4.09713488742001, 11, 7, 6, 272, 0.691545408931259
4.094, 12, 1, 6, 34, 0.196061214249874
4.074, 11, 4, 3, 173, 0.651357827476038
4.05992307692305, 6, 25, 5, 36, 0.144476744186047
4.05737871044841, 13, 2, 5, 185, 0.575436046511628
4.04833333333334, 12, 1, 4, 85, 0.395962732919255
4.04488649064745, 12, 8, 5, 212, 0.648691860465116
4.03, 12, 1, 6, 227, 0.55920722528851
4.03, 12, 1, 6, 227, 0.55920722528851
4.01666666666667, 7, 4, 0, 259, 0.765981735159817
4.00703381567963, 9, 5, 7, 3, 0.0260989010989011
4.00548795127518, 11, 8, 6, 96, 0.353612644254892
3.99279629110004, 13, 2, 0, 79, 0.158333333333333
3.97572886399464, 17, 5, 6, 204, 0.519192172604114
3.96666666666668, 9, 1, 7, 5, 0.112637362637363
3.95979797464467, 11, 2, 0, 156, 0.395091324200913
3.955, 11, 1, 7, 7, 0.245879120879121
3.955, 11, 1, 7, 7, 0.245879120879121
3.94070940740482, 9, 6, 1, 148, 0.550918196994992
3.932, 8, 1, 0, 84, 0.177397260273973
3.87333333333333, 10, 1, 3, 35, 0.297923322683706
3.86648097137963, 11, 5, 7, 10, 0.409340659340659
3.85333333333333, 8, 1, 7, 10, 0.409340659340659
3.8275, 10, 1, 6, 204, 0.519192172604114
3.82499999999999, 12, 4, 0, 100, 0.239954337899543
3.8235021577083, 9, 3, 7, 2, 0.010989010989011
3.805, 10, 1, 5, 190, 0.586482558139535
3.805, 10, 1, 5, 190, 0.586482558139535
3.73, 19, 1, 5, 87, 0.31656976744186
3.72, 11, 1, 1, 179, 0.794101279910963
3.7125, 7, 1, 5, 254, 0.79578488372093
3.7, 8, 1, 0, 186, 0.451826484018265
3.69994714676965, 8, 5, 4, 78, 0.37111801242236
3.69464702869792, 11, 6, 4, 37, 0.239130434782609
3.68932963084081, 8, 2, 3, 35, 0.297923322683706
3.645, 12, 4, 7, 10, 0.409340659340659
3.63924290050676, 12, 2, 3, 67, 0.386182108626198
3.6335187027543, 7, 2, 0, 56, 0.124429223744292
3.63, 12, 1, 6, 215, 0.533241344706473
3.62932730222373, 17, 6, 6, 204, 0.519192172604114
3.60341615692665, 9, 2, 6, 203, 0.518063221274461
3.586, 10, 1, 0, 107, 0.25513698630137
3.57379816628378, 8, 3, 6, 183, 0.480556949322629
3.55439008676437, 8, 2, 7, 8, 0.259615384615385
3.53843546229593, 14, 3, 5, 130, 0.423401162790698
3.53333333333334, 10, 1, 4, 52, 0.288819875776397
3.52846283812087, 10, 2, 6, 127, 0.411063723030607
3.52846283812087, 13, 2, 0, 129, 0.333219178082192
3.52125929178753, 9, 3, 6, 235, 0.580155544405419
3.51, 11, 1, 6, 300, 0.878198695434019
3.51, 11, 1, 6, 300, 0.878198695434019
3.50451613398103, 16, 3, 0, 221, 0.526826484018265
3.50451613398103, 16, 3, 0, 221, 0.526826484018265
3.49310749906155, 11, 2, 6, 92, 0.344957350727546
3.48666666666666, 6, 1, 4, 90, 0.442546583850932
3.48166666666667, 10, 4, 1, 136, 0.510990539788536
3.48, 10, 1, 5, 65, 0.234883720930233
3.4660279860382, 9, 6, 0, 125, 0.310616438356164
3.435, 13, 1, 1, 177, 0.744296048970506
3.435, 13, 1, 1, 177, 0.744296048970506
3.43354562205781, 9, 6, 3, 173, 0.651357827476038
3.428, 12, 1, 7, 10, 0.409340659340659
3.37399999999998, 12, 4, 5, 236, 0.739244186046512
3.35671446506848, 10, 3, 2, 40, 0.491754122938531
3.3475, 11, 1, 1, 51, 0.321368948247079
3.34365159387398, 8, 7, 3, 143, 0.559904153354633
3.32698092620521, 9, 3, 4, 104, 0.605590062111801
3.32640707069955, 11, 6, 3, 173, 0.651357827476038
3.31666666666667, 7, 1, 0, 259, 0.765981735159817
3.30666666666667, 13, 1, 6, 62, 0.261540391369794
3.30552844561971, 8, 42, 6, 247, 0.621048670346212
3.305, 12, 1, 7, 8, 0.259615384615385
3.305, 12, 1, 7, 8, 0.259615384615385
3.275, 8, 4, 2, 76, 0.609445277361319
3.2739043968937, 10, 2, 4, 90, 0.442546583850932
3.27333333333333, 15, 1, 0, 1, 0.0071917808219178
3.27333333333331, 12, 4, 2, 79, 0.61944027986007
3.24966073582446, 9, 2, 2, 68, 0.590954522738631
3.23666666666667, 17, 1, 7, 3, 0.0260989010989011
3.2, 9, 1, 6, 289, 0.753888610135474
3.2, 9, 1, 6, 289, 0.753888610135474
3.19965818486913, 14, 8, 4, 58, 0.309006211180124
3.194, 13, 1, 6, 227, 0.55920722528851
3.185, 5, 1, 5, 280, 0.940988372093023
3.185, 5, 1, 5, 280, 0.940988372093023
3.17011080542832, 14, 21, 0, 208, 0.500342465753425
3.16552904735683, 11, 3, 6, 204, 0.519192172604114
3.15307830697518, 10, 10, 5, 235, 0.736337209302325
3.14655896708346, 10, 3, 3, 126, 0.519568690095847
3.14250000000001, 9, 16, 1, 19, 0.144546466332777
3.1025, 11, 1, 2, 122, 0.774612693653173
3.09993557280722, 9, 5, 5, 110, 0.379796511627907
3.095, 19, 1, 5, 101, 0.357703488372093
3.095, 19, 1, 5, 101, 0.357703488372093
3.05, 9, 1, 7, 8, 0.259615384615385
3.05, 9, 1, 7, 8, 0.259615384615385
3.04, 7, 4, 5, 273, 0.90203488372093
3.02333333333333, 10, 1, 6, 215, 0.533241344706473
2.98, 7, 1, 5, 113, 0.391133720930233
2.97272727272725, 9, 9, 0, 28, 0.1
2.96588708858282, 9, 14, 6, 163, 0.462744606121425
2.94954261757524, 8, 10, 4, 13, 0.133540372670807
2.94217697179034, 9, 3, 6, 203, 0.518063221274461
2.92000000000002, 7, 4, 5, 217, 0.664825581395349
2.92, 12, 4, 6, 282, 0.729177119919719
2.91092291588463, 9, 2, 6, 258, 0.648770697441044
2.89394798167399, 8, 7, 3, 130, 0.530750798722045
2.88923830792824, 13, 2, 4, 46, 0.268633540372671
2.885, 7, 1, 5, 241, 0.748982558139535
2.88097784325623, 13, 3, 0, 129, 0.333219178082192
2.875, 11, 1, 5, 160, 0.493313953488372
2.875, 11, 1, 5, 160, 0.493313953488372
2.87014642483617, 8, 8, 2, 137, 0.871814092953523
2.865, 8, 1, 7, 8, 0.259615384615385
2.86499999999999, 8, 1, 7, 8, 0.259615384615385
2.81670029565724, 8, 5, 0, 136, 0.342922374429224
2.81166666666667, 11, 1, 7, 3, 0.0260989010989011
2.80592230826158, 10, 3, 5, 203, 0.613953488372093
2.80592230826158, 10, 3, 5, 203, 0.613953488372093
2.80485689870663, 9, 2, 7, 5, 0.112637362637363
2.8, 11, 1, 6, 246, 0.616783743100853
2.79749963125132, 8, 10, 3, 143, 0.559904153354633
2.79004517585886, 13, 3, 5, 201, 0.600436046511628
2.74142857142858, 11, 4, 6, 204, 0.519192172604114
2.74086032342035, 14, 5, 5, 130, 0.423401162790698
2.74003877709787, 6, 2, 5, 68, 0.241133720930233
2.73918327243725, 6, 5, 7, 6, 0.197802197802198
2.7388602657959, 10, 2, 3, 35, 0.297923322683706
2.73247506850474, 14, 5, 5, 249, 0.774709302325581
2.72741187029097, 13, 2, 3, 156, 0.591453674121406
2.72471813017217, 8, 2, 7, 10, 0.409340659340659
2.71905866063974, 7, 5, 5, 273, 0.90203488372093
2.704, 11, 1, 1, 13, 0.111435726210351
2.70199925980745, 10, 3, 5, 226, 0.714970930232558
2.68700576850888, 10, 2, 5, 112, 0.390116279069767
2.68540043956824, 9, 3, 4, 75, 0.361801242236025
2.682, 10, 1, 4, 26, 0.197204968944099
2.67710627357227, 8, 2, 3, 173, 0.651357827476038
2.67424203532716, 12, 12, 5, 221, 0.691860465116279
2.67024499500202, 13, 3, 0, 120, 0.30365296803653
2.66, 11, 1, 0, 219, 0.522260273972603
2.644, 10, 1, 2, 132, 0.83208395802099
2.63750829382583, 19, 2, 5, 87, 0.31656976744186
2.63261826164842, 11, 6, 4, 41, 0.253105590062112
2.63043722601396, 11, 2, 1, 179, 0.794101279910963
2.62270365894552, 10, 17, 3, 95, 0.451277955271566
2.60030769230774, 11, 25, 0, 218, 0.517123287671233
2.56962604283191, 15, 2, 5, 223, 0.700872093023256
2.54034118443436, 11, 3, 1, 163, 0.648998330550918
2.53930436668522, 6, 6, 3, 16, 0.200079872204473
2.53601105741544, 13, 3, 3, 143, 0.559904153354633
2.53023755472354, 13, 3, 0, 131, 0.338127853881279
2.52590742770461, 10, 3, 6, 167, 0.466758655293527
2.52590742770461, 10, 3, 6, 167, 0.466758655293527
2.52538136138054, 8, 2, 3, 50, 0.343849840255591
2.51666666666667, 17, 1, 7, 3, 0.0260989010989011
2.5, 18, 1, 6, 83, 0.319869543401907
2.49844396019246, 10, 2, 4, 52, 0.288819875776397
2.49726544889049, 13, 2, 1, 145, 0.53158041179744
2.49, 9, 1, 6, 207, 0.52295534370296
2.48999999999999, 9, 1, 6, 207, 0.52295534370296
2.48521146819877, 15, 6, 0, 22, 0.0953196347031963
2.47, 11, 4, 6, 92, 0.344957350727546
2.46817240078566, 8, 3, 4, 97, 0.506211180124224
2.4654456437371, 6, 2, 4, 90, 0.442546583850932
2.46073159852918, 10, 2, 5, 65, 0.234883720930233
2.455, 11, 1, 7, 8, 0.259615384615385
2.455, 11, 1, 7, 8, 0.259615384615385
2.4494178900302, 10, 2, 2, 73, 0.6031984007996
2.43283321253226, 12, 24, 5, 20, 0.0880813953488372
2.41, 10, 1, 6, 247, 0.621048670346212
2.4075, 12, 1, 5, 141, 0.445494186046512
2.39666666666667, 11, 1, 1, 167, 0.661797440178075
2.38666666666667, 16, 1, 7, 3, 0.0260989010989011
2.37333333333333, 10, 1, 4, 90, 0.442546583850932
2.36880771697494, 12, 2, 2, 125, 0.804347826086957
2.35905319990881, 13, 3, 4, 46, 0.268633540372671
2.355, 13, 1, 7, 11, 0.615384615384615
2.3546655813512, 9, 2, 4, 57, 0.305900621118012
2.3546655813512, 9, 2, 4, 57, 0.305900621118012
2.33816642312352, 13, 2, 6, 62, 0.261540391369794
2.33333333333333, 7, 1, 7, 5, 0.112637362637363
2.32666666666667, 14, 1, 4, 85, 0.395962732919255
2.32299999999999, 6, 4, 6, 250, 0.629076768690416
2.31459619708397, 15, 2, 0, 1, 0.0071917808219178
2.30666666666667, 11, 1, 6, 138, 0.422227797290517
2.30520532088328, 9, 7, 6, 235, 0.580155544405419
2.29803900430478, 7, 5, 0, 56, 0.124429223744292
2.28866894844046, 17, 2, 7, 3, 0.0260989010989011
2.265, 9, 1, 6, 17, 0.143251379829403
2.265, 9, 1, 6, 17, 0.143251379829403
2.25544723330479, 10, 5, 6, 252, 0.633467134972403
2.24, 10, 1, 2, 95, 0.65992003998001
2.24, 10, 1, 2, 95, 0.65992003998001
2.23333333333333, 14, 1, 4, 100, 0.563664596273292
2.22495318302805, 10, 6, 3, 126, 0.519568690095847
2.22, 7, 4, 6, 154, 0.449322629202208
2.21067838917051, 11, 13, 3, 190, 0.821884984025559
2.21, 8, 1, 0, 63, 0.131164383561644
2.20980815532329, 10, 3, 6, 204, 0.519192172604114
2.205, 11, 1, 0, 250, 0.660844748858447
2.205, 11, 1, 0, 250, 0.660844748858447
2.20333333333333, 11, 1, 5, 214, 0.657994186046511
2.18584811915192, 8, 3, 3, 173, 0.651357827476038
2.18, 7, 1, 6, 101, 0.364149523331661
2.18, 7, 1, 6, 101, 0.364149523331661
2.16999999999999, 9, 1, 2, 78, 0.616691654172913
2.16666666666666, 14, 1, 1, 143, 0.52754590984975
2.14341287436649, 7, 3, 5, 254, 0.79578488372093
2.13781950178732, 10, 2, 6, 215, 0.533241344706473
2.13619599600161, 8, 3, 0, 186, 0.451826484018265
2.1300354554952, 8, 6, 3, 35, 0.297923322683706
2.12495918386267, 10, 11, 0, 139, 0.348173515981735
2.11778480965371, 6, 2, 3, 121, 0.50758785942492
2.11778480965371, 6, 2, 3, 121, 0.50758785942492
2.11739197255305, 5, 8, 6, 68, 0.282363271450075
2.115, 11, 1, 4, 88, 0.419254658385093
2.11499999999999, 11, 1, 4, 88, 0.419254658385093
2.11071374184183, 10, 8, 3, 183, 0.746805111821086
2.10717820793591, 7, 2, 5, 113, 0.391133720930233
2.10071428571428, 5, 1, 1, 76, 0.375208681135225
2.09809087823509, 15, 3, 5, 223, 0.700872093023256
2.08333333333334, 13, 1, 7, 12, 0.862637362637363
2.08010223606918, 9, 5, 4, 75, 0.361801242236025
2.06, 11, 1, 7, 11, 0.615384615384615
2.06, 11, 1, 7, 11, 0.615384615384615
2.05526590960481, 9, 5, 2, 68, 0.590954522738631
2.055, 10, 1, 6, 157, 0.45471650777722
2.055, 10, 1, 6, 157, 0.45471650777722
2.05, 12, 1, 4, 26, 0.197204968944099
2.05, 12, 1, 4, 26, 0.197204968944099
2.04700000000001, 12, 4, 6, 34, 0.196061214249874
2.04474072338043, 9, 6, 6, 126, 0.410561966884094
2.04, 12, 1, 7, 5, 0.112637362637363
2.03983005682732, 9, 17, 3, 173, 0.651357827476038
2.03, 8, 1, 3, 143, 0.559904153354633
2.0286893552242, 13, 8, 5, 185, 0.575436046511628
2.0225, 6, 1, 3, 20, 0.254792332268371
1.99994133247287, 10, 3, 2, 73, 0.6031984007996
1.99404112294607, 11, 2, 7, 8, 0.259615384615385
1.99404112294606, 11, 2, 7, 8, 0.259615384615385
1.99033333333333, 14, 9, 5, 108, 0.378197674418605
1.98711907600483, 11, 5, 5, 157, 0.484593023255814
1.98, 13, 1, 6, 115, 0.390491721023582
1.98, 13, 1, 6, 115, 0.390491721023582
1.97989898732234, 11, 2, 6, 246, 0.616783743100853
1.97708814953214, 11, 6, 1, 47, 0.312047857540345
1.966, 8, 4, 0, 84, 0.177397260273973
1.965, 14, 1, 6, 110, 0.383090817862519
1.965, 14, 1, 6, 110, 0.383090817862519
1.955, 12, 1, 0, 230, 0.565068493150685
1.95, 7, 1, 6, 183, 0.480556949322629
1.94, 9, 1, 6, 204, 0.519192172604114
1.935, 12, 1, 6, 284, 0.737706974410437
1.935, 12, 1, 6, 284, 0.737706974410437
1.93268002611227, 11, 3, 1, 51, 0.321368948247079
1.91999999999999, 14, 1, 4, 71, 0.349378881987578
1.91060199937088, 10, 6, 5, 226, 0.714970930232558
1.905, 8, 1, 7, 7, 0.245879120879121
1.905, 8, 1, 7, 7, 0.245879120879121
1.905, 9, 1, 7, 8, 0.259615384615385
1.905, 9, 1, 7, 8, 0.259615384615385
1.904, 10, 1, 1, 51, 0.321368948247079
1.90000000000001, 11, 1, 7, 8, 0.259615384615385
1.9, 11, 1, 7, 8, 0.259615384615385
1.89999999999999, 10, 4, 5, 112, 0.390116279069767
1.89666666666667, 11, 1, 7, 8, 0.259615384615385
1.89420431844087, 12, 10, 6, 166, 0.466256899147015
1.89370888294197, 7, 3, 1, 29, 0.263912075681692
1.89370888294197, 7, 3, 1, 29, 0.263912075681692
1.88985988114737, 15, 3, 6, 171, 0.468765679879579
1.88428571428572, 9, 1, 5, 216, 0.6625
1.88333333333334, 8, 1, 2, 32, 0.47376311844078
1.88333333333333, 11, 1, 2, 36, 0.482008995502249
1.865, 13, 1, 7, 11, 0.615384615384615
1.865, 8, 1, 7, 3, 0.0260989010989011
1.86499999999999, 13, 1, 7, 11, 0.615384615384615
1.86499999999999, 8, 1, 7, 3, 0.0260989010989011
1.86, 9, 1, 5, 233, 0.732267441860465
1.86, 9, 1, 5, 233, 0.732267441860465
1.85618111544465, 10, 3, 0, 192, 0.463812785388128
1.85618111544464, 10, 3, 0, 192, 0.463812785388128
1.85013609538017, 10, 7, 3, 152, 0.585463258785943
1.82716392258604, 11, 2, 6, 164, 0.463873557451079
1.82332534291674, 10, 2, 5, 110, 0.379796511627907
1.81046970578233, 12, 5, 4, 85, 0.395962732919255
1.81, 12, 1, 6, 176, 0.474034119417963
1.81, 16, 1, 6, 242, 0.591445057701957
1.81, 12, 1, 6, 176, 0.474034119417963
1.81, 16, 1, 6, 242, 0.591445057701957
1.8090324589404, 11, 7, 1, 175, 0.723010573177518
1.80052825829771, 8, 7, 6, 282, 0.729177119919719
1.79300000000001, 10, 4, 0, 107, 0.25513698630137
1.7925, 13, 1, 0, 131, 0.338127853881279
1.79122921016081, 11, 3, 2, 122, 0.774612693653173
1.77955206598615, 17, 2, 7, 3, 0.0260989010989011
1.77333333333333, 11, 1, 5, 112, 0.390116279069767
1.76776695296637, 18, 2, 6, 83, 0.319869543401907
1.76, 12, 1, 7, 10, 0.409340659340659
1.75500000000001, 10, 1, 7, 7, 0.245879120879121
1.755, 10, 1, 7, 7, 0.245879120879121
1.74666666666666, 7, 1, 6, 73, 0.293527345709985
1.73712565911495, 9, 2, 2, 114, 0.71664167916042
1.73, 13, 1, 2, 62, 0.563718140929535
1.72496672549984, 13, 5, 3, 156, 0.591453674121406
1.72, 9, 1, 7, 8, 0.259615384615385
1.72, 9, 1, 7, 8, 0.259615384615385
1.714, 12, 4, 7, 10, 0.409340659340659
1.7125, 7, 1, 0, 137, 0.34337899543379
1.70412734265958, 10, 2, 6, 247, 0.621048670346212
1.7, 11, 1, 3, 173, 0.651357827476038
1.7, 11, 1, 3, 173, 0.651357827476038
1.69705627484772, 9, 2, 7, 7, 0.245879120879121
1.695, 17, 1, 5, 120, 0.406395348837209
1.69469925224376, 11, 2, 1, 167, 0.661797440178075
1.69139942059823, 10, 2, 0, 276, 0.976369863013699
1.6876281844319, 16, 2, 7, 3, 0.0260989010989011
1.67820009401607, 10, 2, 4, 90, 0.442546583850932
1.6775, 13, 4, 6, 254, 0.640993477170095
1.67749999999999, 13, 4, 6, 254, 0.640993477170095
1.66565552661207, 7, 3, 5, 241, 0.748982558139535
1.66523646969432, 10, 2, 0, 116, 0.29189497716895
1.66523646969431, 10, 2, 0, 116, 0.29189497716895
1.665, 9, 1, 3, 123, 0.511980830670927
1.665, 9, 1, 3, 123, 0.511980830670927
1.66, 11, 1, 7, 8, 0.259615384615385
1.66, 11, 1, 7, 8, 0.259615384615385
1.64991582276862, 7, 2, 7, 5, 0.112637362637363
1.6452017775607, 14, 2, 4, 85, 0.395962732919255
1.6375, 14, 1, 4, 18, 0.167701863354037
1.63105964193697, 11, 2, 6, 138, 0.422227797290517
1.628, 8, 1, 2, 147, 0.925287356321839
1.62666666666667, 12, 1, 4, 49, 0.277950310559006
1.60540409910667, 7, 7, 2, 94, 0.654672663668166
1.60513239329346, 12, 2, 5, 197, 0.596656976744186
1.60513239329346, 12, 2, 5, 197, 0.596656976744186
1.6, 16, 1, 6, 269, 0.687029603612644
1.6, 9, 1, 3, 19, 0.244808306709265
1.6, 16, 1, 6, 269, 0.687029603612644
1.59999999999999, 9, 1, 7, 7, 0.245879120879121
1.59999999999999, 9, 1, 7, 7, 0.245879120879121
1.59719141249984, 8, 5, 3, 50, 0.343849840255591
1.597, 13, 4, 6, 227, 0.55920722528851
1.58196212554746, 6, 6, 5, 68, 0.241133720930233
1.57920514464996, 14, 2, 4, 100, 0.563664596273292
1.56977705423413, 9, 2, 4, 31, 0.21583850931677
1.56666666666666, 14, 1, 6, 198, 0.506146512794782
1.55799194121436, 11, 2, 5, 214, 0.657994186046511
1.55333333333333, 12, 1, 3, 173, 0.651357827476038
1.55, 13, 1, 7, 5, 0.112637362637363
1.55, 13, 1, 7, 5, 0.112637362637363
1.55, 10, 1, 6, 207, 0.52295534370296
1.55, 10, 1, 6, 207, 0.52295534370296
1.535, 8, 1, 6, 178, 0.47704465629704
1.535, 8, 1, 6, 178, 0.47704465629704
1.53206469257086, 14, 2, 1, 143, 0.52754590984975
1.52, 12, 1, 3, 44, 0.321485623003195
1.50666666666666, 11, 1, 7, 7, 0.245879120879121
1.5, 15, 1, 1, 70, 0.361296605453534
1.5, 15, 1, 1, 70, 0.361296605453534
1.49816554492485, 12, 5, 2, 125, 0.804347826086957
1.49187309558599, 11, 3, 6, 164, 0.463873557451079
1.48325842507486, 7, 5, 0, 259, 0.765981735159817
1.47785317267988, 11, 2, 6, 229, 0.56823883592574
1.47313912747198, 13, 2, 7, 12, 0.862637362637363
1.47000000000001, 9, 1, 7, 13, 0.993131868131868
1.47, 9, 1, 7, 13, 0.993131868131868
1.46666666666667, 12, 1, 3, 143, 0.559904153354633
1.45, 10, 1, 5, 32, 0.133430232558139
1.45, 10, 1, 5, 32, 0.133430232558139
1.44249783362056, 12, 2, 7, 5, 0.112637362637363
1.43833333333333, 18, 1, 4, 39, 0.246894409937888
1.43542676580869, 8, 2, 3, 143, 0.559904153354633
1.425, 13, 1, 3, 149, 0.575878594249201
1.425, 13, 1, 3, 149, 0.575878594249201
1.40666666666667, 15, 1, 3, 146, 0.568290734824281
1.39574626594121, 16, 11, 1, 145, 0.53158041179744
1.38997077307403, 12, 3, 5, 141, 0.445494186046512
1.3875, 11, 1, 6, 300, 0.878198695434019
1.3856406460551, 9, 3, 7, 7, 0.245879120879121
1.38102184390159, 10, 3, 0, 276, 0.976369863013699
1.37885822331377, 7, 2, 6, 183, 0.480556949322629
1.375, 8, 1, 1, 163, 0.648998330550918
1.375, 12, 1, 0, 85, 0.181849315068493
1.375, 12, 1, 0, 85, 0.181849315068493
1.375, 8, 1, 1, 163, 0.648998330550918
1.37201103702351, 12, 7, 6, 215, 0.533241344706473
1.37178715550189, 9, 2, 6, 204, 0.519192172604114
1.37, 11, 1, 7, 12, 0.862637362637363
1.35965988394158, 13, 3, 7, 11, 0.615384615384615
1.35764501987817, 14, 2, 4, 71, 0.349378881987578
1.352, 11, 4, 1, 13, 0.111435726210351
1.34114586165049, 11, 2, 7, 8, 0.259615384615385
1.34099999999999, 10, 4, 4, 26, 0.197204968944099
1.33633273745171, 15, 6, 6, 171, 0.468765679879579
1.33333333333334, 14, 1, 7, 13, 0.993131868131868
1.33333333333333, 10, 1, 5, 78, 0.278633720930233
1.33171777123467, 11, 2, 2, 36, 0.482008995502249
1.33171777123466, 8, 2, 2, 32, 0.47376311844078
1.326, 12, 1, 6, 140, 0.423858504766683
1.32200000000002, 10, 4, 2, 132, 0.83208395802099
1.32, 10, 1, 6, 191, 0.498243853487205
1.32, 10, 1, 6, 191, 0.498243853487205
1.32, 11, 1, 5, 223, 0.700872093023256
1.32, 11, 1, 5, 223, 0.700872093023256
1.3075, 11, 1, 3, 134, 0.541932907348243
1.28171759760097, 9, 3, 4, 31, 0.21583850931677
1.28, 11, 1, 6, 115, 0.390491721023582
1.28, 11, 1, 6, 115, 0.390491721023582
1.266, 8, 1, 6, 228, 0.563221274460612
1.25741555934739, 11, 5, 7, 3, 0.0260989010989011
1.25393602530415, 11, 2, 5, 112, 0.390116279069767
1.25285008414149, 9, 3, 2, 78, 0.616691654172913
1.252, 12, 1, 1, 48, 0.314830272676683
1.24450793488833, 12, 2, 7, 10, 0.409340659340659
1.2413030787577, 7, 3, 0, 237, 0.611872146118721
1.2413030787577, 7, 3, 0, 237, 0.611872146118721
1.24097240098239, 13, 2, 5, 226, 0.714970930232558
1.24097240098239, 13, 2, 5, 226, 0.714970930232558
1.23507984447251, 7, 2, 6, 73, 0.293527345709985
1.22833333333334, 9, 4, 2, 114, 0.71664167916042
1.22329473145273, 13, 2, 2, 62, 0.563718140929535
1.215, 20, 1, 6, 56, 0.255017561465128
1.215, 18, 1, 5, 157, 0.484593023255814
1.215, 18, 1, 5, 157, 0.484593023255814
1.215, 20, 1, 6, 56, 0.255017561465128
1.209152595829, 12, 2, 1, 166, 0.660127991096272
1.20915259582899, 12, 2, 1, 166, 0.660127991096272
1.20666206260632, 11, 3, 6, 229, 0.56823883592574
1.2, 12, 1, 7, 5, 0.112637362637363
1.2, 9, 1, 6, 299, 0.874435524335173
1.19999999999999, 12, 1, 7, 5, 0.112637362637363
1.1895881640299, 11, 5, 0, 219, 0.522260273972603
1.185, 10, 1, 5, 65, 0.234883720930233
1.185, 10, 1, 5, 65, 0.234883720930233
1.17428571428571, 13, 1, 4, 26, 0.197204968944099
1.16769091943601, 6, 3, 3, 20, 0.254792332268371
1.16333333333334, 14, 1, 1, 94, 0.406928213689483
1.15317219982489, 10, 5, 5, 110, 0.379796511627907
1.15022703073012, 12, 2, 4, 49, 0.277950310559006
1.13137084989848, 9, 2, 3, 19, 0.244808306709265
1.13, 8, 1, 7, 5, 0.112637362637363
1.13, 8, 1, 7, 5, 0.112637362637363
1.12871977626572, 12, 3, 0, 230, 0.565068493150685
1.11681106031614, 13, 10, 1, 145, 0.53158041179744
1.10780062385892, 14, 2, 6, 198, 0.506146512794782
1.105, 8, 4, 0, 63, 0.131164383561644
1.09837253344311, 12, 2, 3, 173, 0.651357827476038
1.095, 13, 1, 3, 143, 0.559904153354633
1.095, 13, 1, 3, 143, 0.559904153354633
1.09, 13, 1, 5, 191, 0.589098837209302
1.08000000000001, 9, 1, 7, 13, 0.993131868131868
1.08, 12, 1, 0, 189, 0.460730593607306
1.08, 12, 1, 0, 189, 0.460730593607306
1.08, 9, 1, 7, 13, 0.993131868131868
1.07666666666667, 10, 1, 7, 8, 0.259615384615385
1.07400000000001, 19, 1, 6, 222, 0.552433517310587
1.06537421698774, 11, 2, 7, 7, 0.245879120879121
1.06, 12, 1, 5, 190, 0.586482558139535
1.06, 12, 1, 5, 190, 0.586482558139535
1.055, 13, 1, 0, 195, 0.474771689497717
1.04666666666667, 9, 1, 5, 270, 0.875
1.04651803615609, 18, 2, 6, 187, 0.490842950326141
1.04651803615608, 18, 2, 6, 187, 0.490842950326141
1.045, 16, 1, 5, 215, 0.660610465116279
1.045, 16, 1, 5, 215, 0.660610465116279
1.04298250225016, 9, 2, 5, 229, 0.719186046511628
1.04298250225015, 9, 2, 5, 229, 0.719186046511628
1.03708994574027, 12, 2, 3, 143, 0.559904153354633
1.0349003575224, 13, 3, 0, 131, 0.338127853881279
1.03, 13, 1, 0, 79, 0.158333333333333
1.03, 13, 1, 0, 79, 0.158333333333333
1.02666666666667, 11, 1, 3, 154, 0.588258785942492
0.994663538869077, 15, 2, 3, 146, 0.568290734824281
0.988712335987233, 7, 3, 0, 137, 0.34337899543379
0.980000000000004, 17, 1, 0, 189, 0.460730593607306
0.980000000000004, 8, 1, 1, 141, 0.524485253199777
0.98, 14, 1, 4, 19, 0.173913043478261
0.98, 14, 1, 4, 19, 0.173913043478261
0.979999999999997, 17, 1, 0, 189, 0.460730593607306
0.978608706276418, 17, 3, 5, 120, 0.406395348837209
0.975000000000001, 9, 1, 6, 265, 0.66783743100853
0.974999999999994, 9, 1, 6, 265, 0.66783743100853
0.970000000000002, 14, 1, 4, 31, 0.21583850931677
0.968736290225563, 11, 2, 7, 12, 0.862637362637363
0.963333333333331, 14, 1, 5, 167, 0.509593023255814
0.952000000000002, 10, 4, 1, 51, 0.321368948247079
0.945411065798014, 14, 3, 4, 18, 0.167701863354037
0.942809041582062, 10, 2, 5, 78, 0.278633720930233
0.94280904158206, 14, 2, 7, 13, 0.993131868131868
0.939999999999998, 13, 1, 5, 259, 0.810755813953488
0.939999999999998, 13, 1, 5, 259, 0.810755813953488
0.9375, 10, 1, 2, 123, 0.794352823588206
0.933380951166248, 12, 2, 4, 45, 0.265527950310559
0.933380951166238, 12, 2, 4, 45, 0.265527950310559
0.926666666666669, 11, 1, 6, 74, 0.296287004515805
0.920000000000002, 8, 1, 6, 203, 0.518063221274461
0.916666666666671, 14, 1, 6, 295, 0.776969392875063
0.914999999999999, 9, 1, 7, 8, 0.259615384615385
0.914999999999999, 9, 1, 7, 8, 0.259615384615385
0.90666666666667, 13, 1, 5, 258, 0.807703488372093
0.893333333333338, 12, 1, 4, 29, 0.206521739130435
0.885000000000005, 14, 1, 7, 10, 0.409340659340659
0.884999999999998, 14, 1, 7, 10, 0.409340659340659
0.883333333333336, 15, 1, 5, 158, 0.488372093023256
0.880000000000003, 11, 1, 7, 8, 0.259615384615385
0.880000000000003, 11, 1, 6, 201, 0.516181635725038
0.880000000000003, 14, 1, 0, 228, 0.544748858447489
0.879999999999999, 11, 1, 6, 201, 0.516181635725038
0.879999999999995, 11, 1, 7, 8, 0.259615384615385
0.877572409168233, 12, 3, 3, 44, 0.321485623003195
0.863333333333333, 11, 1, 2, 34, 0.478010994502749
0.852063671329789, 9, 2, 0, 103, 0.251826484018265
0.852063671329789, 9, 2, 0, 103, 0.251826484018265
0.850000000000001, 13, 1, 6, 9, 0.091570496738585
0.850000000000001, 13, 1, 6, 9, 0.091570496738585
0.849999999999994, 10, 1, 7, 7, 0.245879120879121
0.849999999999994, 10, 1, 7, 7, 0.245879120879121
0.848528137423857, 9, 2, 6, 299, 0.874435524335173
0.840000000000002, 11, 1, 3, 173, 0.651357827476038
0.835000000000001, 7, 1, 6, 100, 0.361264425489212
0.835000000000001, 7, 1, 6, 100, 0.361264425489212
0.830000000000002, 14, 1, 3, 143, 0.559904153354633
0.829999999999998, 14, 1, 3, 143, 0.559904153354633
0.822600888780348, 14, 2, 1, 94, 0.406928213689483
0.82, 14, 1, 3, 53, 0.353833865814696
0.82, 17, 1, 5, 203, 0.613953488372093
0.82, 17, 1, 5, 203, 0.613953488372093
0.819999999999997, 14, 1, 3, 53, 0.353833865814696
0.814000000000004, 8, 4, 2, 147, 0.925287356321839
0.801073498500597, 11, 3, 6, 300, 0.878198695434019
0.800000000000004, 8, 1, 7, 7, 0.245879120879121
0.799999999999997, 8, 1, 7, 7, 0.245879120879121
0.796673640136843, 16, 2, 5, 72, 0.261337209302326
0.780000000000001, 13, 1, 6, 293, 0.771073758153537
0.780000000000001, 13, 1, 6, 293, 0.771073758153537
0.769256421602622, 9, 6, 5, 216, 0.6625
0.766666666666666, 8, 1, 5, 282, 0.962645348837209
0.761318301077517, 10, 2, 7, 8, 0.259615384615385
0.754885476965438, 11, 3, 3, 134, 0.541932907348243
0.750000000000007, 13, 1, 7, 7, 0.245879120879121
0.75, 13, 1, 7, 7, 0.245879120879121
0.74010509764192, 9, 2, 5, 270, 0.875
0.735000000000007, 13, 1, 7, 9, 0.299450549450549
0.734999999999999, 13, 1, 7, 9, 0.299450549450549
0.725962962018192, 11, 2, 3, 154, 0.588258785942492
0.725000000000001, 12, 1, 1, 166, 0.660127991096272
0.724999999999998, 12, 1, 1, 166, 0.660127991096272
0.710000000000001, 10, 1, 0, 92, 0.202054794520548
0.709999999999999, 10, 1, 0, 92, 0.202054794520548
0.699999999999999, 12, 1, 5, 239, 0.744186046511628
0.699999999999999, 12, 1, 5, 239, 0.744186046511628
0.685000000000002, 13, 1, 6, 190, 0.497365780230808
0.685000000000002, 13, 1, 6, 190, 0.497365780230808
0.685000000000002, 13, 1, 7, 12, 0.862637362637363
0.685000000000002, 13, 1, 7, 12, 0.862637362637363
0.681179532543044, 14, 2, 5, 167, 0.509593023255814
0.674999999999997, 9, 1, 3, 66, 0.38538338658147
0.663000000000004, 12, 4, 6, 140, 0.423858504766683
0.66, 11, 1, 5, 130, 0.423401162790698
0.655252283899531, 11, 2, 6, 74, 0.296287004515805
0.653333333333332, 12, 1, 4, 14, 0.141304347826087
0.650538238691625, 8, 2, 6, 203, 0.518063221274461
0.649999999999999, 13, 1, 1, 160, 0.593350027824151
0.648181216087662, 14, 2, 6, 295, 0.776969392875063
0.645000000000003, 11, 1, 0, 96, 0.216095890410959
0.644999999999996, 11, 1, 0, 96, 0.216095890410959
0.643242221527423, 18, 5, 4, 39, 0.246894409937888
0.641110148275798, 13, 2, 5, 258, 0.807703488372093
0.634999999999998, 13, 1, 7, 13, 0.993131868131868
0.634999999999998, 13, 1, 7, 13, 0.993131868131868
0.633333333333333, 12, 1, 6, 283, 0.732689412945309
0.632999999999999, 8, 4, 6, 228, 0.563221274460612
0.631682057859981, 12, 2, 4, 29, 0.206521739130435
0.629311793416686, 13, 3, 5, 191, 0.589098837209302
0.625999999999991, 12, 4, 1, 48, 0.314830272676683
0.625082394568908, 10, 2, 5, 280, 0.940988372093023
0.625, 16, 1, 5, 157, 0.484593023255814
0.625, 16, 1, 5, 157, 0.484593023255814
0.624610990048117, 15, 2, 5, 158, 0.488372093023256
0.622253967444159, 14, 2, 0, 228, 0.544748858447489
0.620000000000005, 15, 1, 3, 190, 0.821884984025559
0.619999999999997, 15, 1, 3, 190, 0.821884984025559
0.610468854424388, 11, 2, 2, 34, 0.478010994502749
0.609104533995055, 13, 3, 0, 195, 0.474771689497717
0.599999999999994, 8, 1, 6, 121, 0.404039136979428
0.5939696961967, 11, 2, 3, 173, 0.651357827476038
0.585000000000001, 12, 1, 6, 217, 0.538133467134972
0.584999999999994, 12, 1, 6, 217, 0.538133467134972
0.582633313249426, 5, 13, 1, 76, 0.375208681135225
0.57, 12, 1, 6, 172, 0.46939287506272
0.57, 12, 1, 6, 172, 0.46939287506272
0.57, 14, 1, 6, 196, 0.50413948820873
0.57, 14, 1, 6, 196, 0.50413948820873
0.57, 9, 1, 5, 276, 0.922674418604651
0.57, 9, 1, 5, 276, 0.922674418604651
0.567500000000003, 13, 1, 2, 52, 0.53448275862069
0.56666666666667, 16, 1, 3, 143, 0.559904153354633
0.56333333333334, 16, 4, 5, 72, 0.261337209302326
0.560029761113932, 14, 3, 4, 31, 0.21583850931677
0.558614357137377, 14, 2, 5, 177, 0.545639534883721
0.542115198909686, 8, 2, 5, 282, 0.962645348837209
0.541265877365274, 10, 3, 2, 123, 0.794352823588206
0.540000000000003, 13, 1, 6, 285, 0.74372804816859
0.539999999999999, 13, 1, 6, 285, 0.74372804816859
0.536999999999978, 19, 4, 6, 222, 0.552433517310587
0.515000000000001, 12, 1, 5, 240, 0.747383720930232
0.515000000000001, 12, 1, 5, 240, 0.747383720930232
0.510377637963638, 10, 3, 5, 280, 0.940988372093023
0.510000000000002, 10, 1, 6, 14, 0.120421475163071
0.509999999999998, 10, 1, 6, 14, 0.120421475163071
0.505581348548381, 9, 2, 3, 121, 0.50758785942492
0.505581348548381, 9, 2, 3, 121, 0.50758785942492
0.495, 9, 1, 5, 144, 0.455087209302326
0.495, 9, 1, 5, 144, 0.455087209302326
0.494974746830585, 8, 2, 0, 125, 0.310616438356164
0.49497474683058, 8, 2, 0, 125, 0.310616438356164
0.489999999999998, 13, 1, 7, 13, 0.993131868131868
0.489999999999998, 13, 1, 7, 13, 0.993131868131868
0.489999999999995, 8, 4, 1, 141, 0.524485253199777
0.485075251893977, 15, 2, 0, 80, 0.161415525114155
0.479400135373277, 13, 6, 4, 26, 0.197204968944099
0.475000000000001, 15, 1, 5, 242, 0.75014534883721
0.475000000000001, 15, 1, 5, 242, 0.75014534883721
0.464766966697644, 11, 3, 1, 142, 0.52615470228158
0.464766966697644, 11, 3, 1, 142, 0.52615470228158
0.461976430375213, 12, 2, 4, 14, 0.141304347826087
0.456106712659796, 14, 3, 5, 177, 0.545639534883721
0.453333333333333, 12, 1, 6, 213, 0.530983442047165
0.453333333333333, 7, 1, 3, 76, 0.406549520766773
0.447834294751475, 12, 2, 6, 283, 0.732689412945309
0.446666666666665, 13, 1, 4, 14, 0.141304347826087
0.445, 15, 1, 0, 203, 0.487557077625571
0.445, 15, 1, 0, 203, 0.487557077625571
0.440000000000001, 9, 1, 3, 123, 0.511980830670927
0.44, 13, 1, 6, 217, 0.538133467134972
0.44, 13, 1, 6, 217, 0.538133467134972
0.44, 9, 1, 3, 123, 0.511980830670927
0.439999999999998, 15, 1, 6, 254, 0.640993477170095
0.439999999999998, 15, 1, 6, 254, 0.640993477170095
0.439999999999998, 12, 1, 7, 8, 0.259615384615385
0.439999999999998, 12, 1, 7, 8, 0.259615384615385
0.439999999999998, 15, 1, 7, 13, 0.993131868131868
0.439999999999998, 15, 1, 7, 13, 0.993131868131868
0.434163563648543, 12, 2, 6, 234, 0.578273958855996
0.43, 15, 1, 6, 291, 0.762418464626192
0.43, 15, 1, 6, 291, 0.762418464626192
0.425000000000004, 14, 1, 6, 200, 0.514801806322127
0.424999999999997, 14, 1, 6, 200, 0.514801806322127
0.420000000000002, 12, 1, 5, 146, 0.459593023255814
0.4175, 14, 1, 4, 14, 0.141304347826087
0.416666666666664, 10, 1, 3, 73, 0.399361022364217
0.410000000000004, 13, 1, 3, 110, 0.478035143769968
0.409999999999997, 13, 1, 3, 110, 0.478035143769968
0.400693842672374, 16, 2, 3, 143, 0.559904153354633
0.400000000000006, 15, 1, 5, 195, 0.595639534883721
0.399999999999999, 15, 1, 5, 195, 0.595639534883721
0.399515331370398, 11, 2, 6, 126, 0.410561966884094
0.399515331370398, 11, 2, 6, 126, 0.410561966884094
0.396062284664075, 15, 3, 0, 80, 0.161415525114155
0.395000000000001, 12, 1, 6, 234, 0.578273958855996
0.395, 12, 1, 6, 234, 0.578273958855996
0.390000000000001, 18, 1, 5, 188, 0.583866279069767
0.389711431703, 9, 3, 3, 66, 0.38538338658147
0.383333333333335, 12, 1, 2, 107, 0.699650174912544
0.381051177665151, 11, 3, 5, 130, 0.423401162790698
0.379999999999999, 10, 1, 6, 11, 0.101605619668841
0.375, 12, 1, 6, 192, 0.499498243853487
0.375, 12, 1, 6, 192, 0.499498243853487
0.365, 11, 1, 5, 106, 0.370930232558139
0.365, 11, 1, 5, 106, 0.370930232558139
0.363333333333337, 15, 1, 6, 266, 0.672604114400401
0.359999999999999, 10, 1, 6, 195, 0.503135975915705
0.359999999999999, 10, 1, 6, 195, 0.503135975915705
0.357088924499203, 20, 2, 3, 123, 0.511980830670927
0.357088924499203, 20, 2, 3, 123, 0.511980830670927
0.355, 13, 1, 5, 248, 0.770058139534884
0.354999999999999, 13, 1, 5, 248, 0.770058139534884
0.354493065282433, 12, 3, 6, 234, 0.578273958855996
0.34641016151378, 8, 3, 6, 121, 0.404039136979428
0.344999999999999, 16, 1, 7, 10, 0.409340659340659
0.344999999999999, 16, 1, 7, 10, 0.409340659340659
0.340000000000002, 12, 1, 6, 219, 0.546287004515805
0.34, 12, 1, 6, 219, 0.546287004515805
0.327646277765104, 13, 3, 2, 52, 0.53448275862069
0.326666666666668, 10, 1, 6, 291, 0.762418464626192
0.325000000000001, 12, 1, 6, 257, 0.64764174611139
0.324999999999999, 12, 1, 6, 257, 0.64764174611139
0.324999999999989, 13, 4, 1, 160, 0.593350027824151
0.320555074137911, 7, 2, 3, 76, 0.406549520766773
0.320555074137901, 12, 2, 6, 213, 0.530983442047165
0.315841028929995, 13, 2, 4, 14, 0.141304347826087
0.313333333333336, 14, 1, 2, 64, 0.571714142928536
0.305, 14, 1, 0, 251, 0.668949771689498
0.305, 14, 1, 0, 251, 0.668949771689498
0.3, 10, 1, 6, 285, 0.74372804816859
0.3, 10, 1, 6, 285, 0.74372804816859
0.296984848098349, 12, 2, 5, 146, 0.459593023255814
0.295000000000002, 13, 1, 7, 13, 0.993131868131868
0.295000000000002, 13, 1, 7, 13, 0.993131868131868
0.294627825494398, 10, 2, 3, 73, 0.399361022364217
0.275771644662754, 18, 2, 5, 188, 0.583866279069767
0.271057599454843, 12, 2, 2, 107, 0.699650174912544
0.26870057685089, 10, 2, 6, 11, 0.101605619668841
0.265000000000001, 12, 1, 2, 107, 0.699650174912544
0.265000000000001, 12, 1, 2, 107, 0.699650174912544
0.260000000000005, 8, 1, 0, 264, 0.844748858447489
0.260000000000002, 15, 1, 4, 66, 0.333850931677019
0.259999999999998, 15, 1, 4, 66, 0.333850931677019
0.259999999999998, 14, 1, 1, 182, 0.864496382860323
0.25691546383111, 15, 2, 6, 266, 0.672604114400401
0.255000000000003, 10, 1, 1, 16, 0.128964941569282
0.254999999999995, 10, 1, 1, 16, 0.128964941569282
0.25, 9, 1, 6, 301, 0.940291018564977
0.25, 9, 1, 6, 301, 0.940291018564977
0.25, 8, 1, 5, 68, 0.241133720930233
0.25, 8, 1, 5, 68, 0.241133720930233
0.245000000000005, 9, 1, 7, 12, 0.862637362637363
0.245000000000001, 18, 1, 6, 260, 0.656046161565479
0.245000000000001, 18, 1, 6, 260, 0.656046161565479
0.244999999999999, 10, 1, 6, 216, 0.53549924736578
0.244999999999999, 10, 1, 6, 216, 0.53549924736578
0.244999999999997, 9, 1, 7, 12, 0.862637362637363
0.241043737386665, 14, 3, 4, 14, 0.141304347826087
0.236666666666665, 15, 1, 6, 172, 0.46939287506272
0.230988215187606, 10, 2, 6, 291, 0.762418464626192
0.23, 15, 1, 5, 62, 0.227616279069767
0.229999999999997, 15, 1, 5, 62, 0.227616279069767
0.221560124771779, 14, 2, 2, 64, 0.571714142928536
0.219203102167831, 10, 2, 4, 91, 0.454968944099379
0.219203102167826, 10, 2, 4, 91, 0.454968944099379
0.216666666666669, 12, 1, 4, 29, 0.206521739130435
0.200000000000003, 11, 1, 7, 7, 0.245879120879121
0.200000000000003, 11, 1, 7, 7, 0.245879120879121
0.195, 15, 1, 5, 170, 0.515116279069767
0.194999999999999, 15, 1, 5, 170, 0.515116279069767
0.183847763108506, 14, 2, 1, 182, 0.864496382860323
0.183847763108506, 8, 2, 0, 264, 0.844748858447489
0.170000000000002, 17, 1, 5, 237, 0.740697674418604
0.17, 11, 1, 2, 132, 0.83208395802099
0.17, 10, 1, 5, 270, 0.875
0.17, 10, 1, 5, 270, 0.875
0.169999999999995, 17, 1, 5, 237, 0.740697674418604
0.167348604880815, 15, 2, 6, 172, 0.46939287506272
0.155000000000001, 12, 1, 6, 192, 0.499498243853487
0.155000000000001, 12, 1, 6, 192, 0.499498243853487
0.153206469257087, 12, 2, 4, 29, 0.206521739130435
0.146666666666665, 16, 1, 2, 26, 0.456521739130435
0.146666666666665, 8, 1, 0, 124, 0.309931506849315
0.140000000000001, 15, 1, 6, 274, 0.695935775213246
0.137885822331382, 9, 2, 2, 107, 0.699650174912544
0.137885822331382, 11, 2, 3, 162, 0.620607028753994
0.137885822331372, 9, 2, 2, 107, 0.699650174912544
0.137885822331372, 11, 2, 3, 162, 0.620607028753994
0.136666666666663, 8, 1, 6, 292, 0.768564977420973
0.125, 11, 1, 4, 86, 0.400621118012422
0.125, 11, 1, 4, 86, 0.400621118012422
0.120208152801714, 11, 2, 2, 132, 0.83208395802099
0.120000000000005, 16, 1, 6, 287, 0.749749121926744
0.120000000000001, 11, 1, 3, 190, 0.821884984025559
0.119999999999997, 16, 1, 6, 287, 0.749749121926744
0.119999999999997, 11, 1, 3, 190, 0.821884984025559
0.115000000000002, 13, 1, 6, 40, 0.215378825890617
0.115000000000002, 16, 1, 1, 63, 0.33889816360601
0.114999999999998, 13, 1, 6, 40, 0.215378825890617
0.114999999999998, 16, 1, 1, 63, 0.33889816360601
0.112499999999997, 14, 1, 4, 8, 0.100931677018634
0.109999999999999, 13, 1, 6, 227, 0.55920722528851
0.109999999999999, 13, 1, 6, 227, 0.55920722528851
0.106066017177984, 9, 2, 3, 53, 0.353833865814696
0.106066017177981, 9, 2, 3, 53, 0.353833865814696
0.103708994574028, 16, 2, 2, 26, 0.456521739130435
0.103708994574028, 8, 2, 0, 124, 0.309931506849315
0.100000000000001, 11, 1, 5, 110, 0.379796511627907
0.0999999999999943, 11, 1, 5, 110, 0.379796511627907
0.098994949366107, 15, 2, 6, 274, 0.695935775213246
0.096637926762164, 8, 2, 6, 292, 0.768564977420973
0.0950000000000024, 11, 1, 5, 164, 0.501889534883721
0.0949999999999989, 11, 1, 5, 164, 0.501889534883721
0.0850000000000009, 11, 1, 5, 232, 0.727180232558139
0.0850000000000009, 11, 1, 5, 232, 0.727180232558139
0.0649999999999977, 14, 1, 4, 62, 0.321428571428571
0.0649999999999977, 14, 1, 4, 62, 0.321428571428571
0.0649519052838477, 14, 3, 4, 8, 0.100931677018634
0.0600000000000023, 12, 1, 6, 78, 0.304064224786754
0.0599999999999952, 12, 1, 6, 78, 0.304064224786754
0.0500000000000007, 15, 1, 5, 167, 0.509593023255814
0.0500000000000007, 15, 1, 5, 167, 0.509593023255814
0.0449999999999999, 12, 1, 6, 151, 0.444054189663823
0.0449999999999999, 12, 1, 6, 151, 0.444054189663823
0.0400000000000063, 13, 1, 3, 83, 0.425319488817891
0.0400000000000009, 12, 1, 5, 238, 0.741860465116279
0.0399999999999991, 12, 1, 5, 238, 0.741860465116279
0.0399999999999991, 13, 1, 3, 83, 0.425319488817891
0.0399999999999991, 12, 1, 7, 5, 0.112637362637363
0.0399999999999991, 12, 1, 7, 5, 0.112637362637363
0.0300000000000011, 14, 1, 6, 128, 0.412192674360261
0.0299999999999994, 13, 1, 5, 213, 0.653488372093023
0.0299999999999994, 13, 1, 5, 213, 0.653488372093023
0.0299999999999976, 14, 1, 6, 128, 0.412192674360261
0.0249999999999986, 12, 1, 6, 82, 0.317360762669343
0.0249999999999986, 12, 1, 6, 82, 0.317360762669343
0.0200000000000031, 12, 1, 4, 6, 0.0854037267080745
0.0200000000000031, 12, 1, 5, 115, 0.392732558139535
0.0199999999999996, 9, 1, 6, 186, 0.489588559959859
0.0199999999999996, 9, 1, 6, 186, 0.489588559959859
0.019999999999996, 12, 1, 4, 6, 0.0854037267080745
0.019999999999996, 12, 1, 5, 115, 0.392732558139535
0.0100000000000051, 13, 1, 5, 248, 0.770058139534884
0.00999999999999801, 13, 1, 5, 248, 0.770058139534884
0.00500000000000256, 10, 1, 6, 45, 0.23607626693427
0.00500000000000256, 7, 1, 0, 216, 0.510958904109589
0.00500000000000256, 7, 1, 0, 216, 0.510958904109589
0.00500000000000256, 14, 1, 2, 53, 0.535982008995502
0.00500000000000256, 11, 1, 5, 15, 0.0699127906976744
0.00500000000000256, 13, 1, 2, 102, 0.683658170914543
0.00500000000000256, 16, 1, 4, 43, 0.259316770186335
0.00500000000000256, 16, 1, 6, 97, 0.355745107877572
0.00500000000000256, 16, 1, 6, 97, 0.355745107877572
0.00500000000000256, 15, 1, 6, 185, 0.489086803813347
0.00500000000000256, 15, 1, 6, 185, 0.489086803813347
0.00500000000000256, 21, 1, 5, 84, 0.310901162790698
0.00500000000000256, 13, 1, 0, 238, 0.62134703196347
0.00500000000000256, 13, 1, 0, 238, 0.62134703196347
0.00500000000000078, 11, 1, 6, 281, 0.727922729553437
0.00499999999999901, 13, 1, 2, 102, 0.683658170914543
0.00499999999999901, 13, 1, 5, 227, 0.715697674418605
0.00499999999999901, 13, 1, 5, 227, 0.715697674418605
0.00499999999999901, 16, 1, 4, 43, 0.259316770186335
0.00499999999999901, 19, 1, 6, 155, 0.4519568489714
0.00499999999999901, 19, 1, 6, 155, 0.4519568489714
0.00499999999999901, 11, 1, 6, 281, 0.727922729553437
0.00499999999999545, 10, 1, 6, 45, 0.23607626693427
0.00499999999999545, 14, 1, 2, 53, 0.535982008995502
0.00499999999999545, 11, 1, 5, 15, 0.0699127906976744
0.00499999999999545, 21, 1, 5, 84, 0.310901162790698
