229.598271935496
229.191320150151
228.518843294174
228.198159484007
227.276871108301
226.413827090363
225.077913938299
223.549897051446
221.157773759691
218.261308775127
214.590454733947
210.551333231988
205.665814404472
200.959977623778
194.472937412694
188.200931682928
181.728686008542
174.215806339429
167.122099000951
159.337866895079
152.732224769936
145.942265883051
138.938648427185
131.878361112601
124.618764298006
117.115807417155
109.267733282853
101.56298932093
93.573950444123
86.3401960717189
80.1637548444246
76.6300447155421
