127.175488201141
102.041089838169
94.7399640547581
88.7643497941029
84.114036673445
81.4921629395715
79.8587095694822
77.9832069601568
76.8975855858372
75.9876759836217
75.8263133846371
75.3665404536613
74.9115302397731
74.4726265992948
74.2682470417404
73.6716731353929
73.3909890797261
72.728891840922
72.4938257735127
72.5319343749258
72.4151458882555
72.0645992129345
71.9074777246419
72.1395666958797
71.7908045513208
71.7581027423989
71.4553930831554
71.4677542094522
71.1369995494168
71.1183338570939
70.7863882888228
70.6840331301373
70.702657833207
70.783247665811
70.5239997794623
70.4915492012892
