128.741607921474
104.611070593255
95.6042316650141
91.1291637074364
87.9628320885976
85.316507630374
82.7481119616087
79.7287930005725
78.8268678727867
78.0335752513134
77.5866754116741
76.1531931757566
76.335573964434
75.7254248599177
75.6159512547367
74.9751666604606
75.0732297813731
74.8354644169728
74.5136429453002
74.2664249512509
73.8102922828463
73.8041498114192
73.4718561824917
73.3355916956426
73.3598790528601
73.4124325025074
73.2247589674624
73.3276844300915
72.9443245524615
72.7977552567062
72.4638046586826
72.4708606927831
72.5499811366201
72.5795861194211
72.6566451725972
72.7394902638523
