6.76000330688585
6.17738506931912
6.00265478157505
5.91035648995115
5.83823252342866
5.81603591005812
5.79313794954039
5.78514428931665
5.75674446359725
5.7397154284713
5.74050981932956
5.73428438729204
5.72013784624213
5.72424574086952
5.71431151115886
5.71406851541397
5.72064630201916
5.71834099657941
5.71998130121267
5.70986242454917
5.69512834076317
5.70034770001907
5.69726698634475
5.69146425902665
5.69165625257751
5.68313931226865
5.68353003911959
5.6826020001258
5.68136752931066
5.67967335496103
5.68201911083248
5.67232804245583
5.66045817887154
5.64225056204375
5.642925045023
5.64239588322877
