norm, level, Npoints, dimSplit, MainGridIndexSplit
3878.18199811114, 0, 962, -1, -1, -1
73.1265909835672, 2, 177, 0, 11, 0.103535353535354
61.1648197947076, 2, 253, 0, 11, 0.103535353535354
51.9397849146675, 2, 226, 1, 19, 0.529279279279279
44.6368617298656, 2, 306, 1, 19, 0.529279279279279
41.0764594561887, 1, 430, 2, 3, 0.363636363636364
39.9114938217419, 3, 10, 4, 104, 0.952055328905477
36.9293288253712, 1, 532, 2, 3, 0.363636363636364
32.9677151309564, 4, 23, 4, 100, 0.705914182813912
28.304294137242, 4, 40, 4, 60, 0.0833233322906506
27.3197904549622, 3, 43, 0, 16, 0.351010101010101
26.2687052932995, 3, 69, 0, 15, 0.275252525252525
22.8888692199344, 4, 15, 4, 6, 0.00648491626136443
21.7084026373036, 4, 68, 4, 60, 0.0833233322906506
20.9967141537031, 3, 108, 0, 15, 0.275252525252525
20.2351699625449, 3, 107, 3, 2, 0.400252525252525
19.8684743589744, 5, 9, 0, 4, 0.0126262626262626
19.1878036072556, 3, 119, 3, 2, 0.400252525252525
19.1227908334809, 5, 54, 0, 9, 0.0618686868686869
19.0099229878537, 8, 8, 0, 9, 0.0618686868686869
18.4513059360731, 6, 9, 0, 13, 0.170454545454545
18.1224211092863, 7, 5, 0, 4, 0.0126262626262626
17.528140351066, 9, 6, 0, 6, 0.026010101010101
17.528140351066, 9, 6, 0, 6, 0.026010101010101
17.4680755326939, 4, 52, 1, 24, 0.743243243243243
17.359455735476, 9, 5, 0, 5, 0.0184343434343434
17.2509542669057, 4, 84, 4, 100, 0.705914182813912
16.7529368560825, 4, 28, 4, 6, 0.00648491626136443
16.4882417879055, 4, 19, 4, 32, 0.0409687585124503
16.3990476190477, 8, 9, 4, 76, 0.20691329301129
16.2963342389547, 4, 78, 3, 3, 0.800505050505051
15.9813641741891, 7, 5, 0, 13, 0.170454545454545
15.4435038943755, 6, 78, 1, 6, 0.164414414414414
15.3889621552377, 4, 67, 1, 24, 0.743243243243243
15.3435257836073, 6, 5, 0, 10, 0.0808080808080808
15.3092296833845, 7, 3, 0, 12, 0.132575757575758
14.8698769345524, 7, 12, 0, 10, 0.0808080808080808
14.4611809269478, 5, 41, 2, 1, 0.0454545454545454
14.3701510481003, 8, 14, 0, 9, 0.0618686868686869
14.2019918359659, 8, 12, 4, 76, 0.20691329301129
14.1433298149939, 6, 93, 1, 6, 0.164414414414414
14.120870176986, 5, 43, 2, 1, 0.0454545454545454
13.9835560156555, 6, 5, 0, 10, 0.0808080808080808
13.9090697367663, 4, 18, 4, 89, 0.391602757964068
13.8506180376544, 8, 10, 0, 9, 0.0618686868686869
13.8366000000001, 5, 4, 1, 20, 0.560810810810811
13.8049260615483, 7, 3, 4, 71, 0.160308462840372
13.7794444444445, 8, 4, 0, 7, 0.0353535353535354
13.7238547662445, 9, 8, 0, 5, 0.0184343434343434
13.6836363636363, 9, 4, 2, 2, 0.181818181818182
13.4990266439226, 9, 3, 0, 10, 0.0808080808080808
13.4935513790418, 5, 21, 4, 34, 0.0437591097547004
13.0035744951627, 5, 73, 1, 14, 0.353603603603604
12.9749526684617, 8, 13, 0, 5, 0.0184343434343434
12.9676460985524, 6, 7, 0, 10, 0.0808080808080808
12.765181773186, 6, 6, 0, 10, 0.0808080808080808
12.5095441163937, 10, 6, 0, 11, 0.103535353535354
12.3247097879838, 8, 5, 0, 7, 0.0353535353535354
11.9201939852084, 7, 8, 4, 54, 0.0761223229857679
11.7059087651433, 8, 14, 0, 9, 0.0618686868686869
11.5815873819487, 10, 7, 0, 11, 0.103535353535354
11.4679082849106, 7, 8, 0, 17, 0.444444444444444
11.4284684557399, 7, 35, 3, 3, 0.800505050505051
11.2746115267888, 5, 3, 4, 90, 0.412079181780135
11.1321036314357, 5, 7, 0, 7, 0.0353535353535354
11.0467294459068, 3, 263, 0, 16, 0.351010101010101
10.9821319353196, 7, 22, 0, 10, 0.0808080808080808
10.8828051383948, 5, 12, 4, 14, 0.0167757737040485
10.8006666666667, 8, 1, 2, 2, 0.181818181818182
10.7460807434894, 5, 171, 0, 9, 0.0618686868686869
10.7174509803921, 7, 9, 4, 61, 0.084023548930301
10.5816004897234, 4, 185, 3, 3, 0.800505050505051
10.4982078932127, 5, 112, 1, 14, 0.353603603603604
10.3438568140634, 9, 7, 2, 2, 0.181818181818182
10.3190466776256, 7, 21, 0, 5, 0.0184343434343434
10.3116910495914, 6, 18, 0, 12, 0.132575757575758
10.1640348561704, 4, 50, 4, 32, 0.0409687585124503
10.1092699483637, 8, 2, 0, 7, 0.0353535353535354
9.95292078230133, 6, 2, 0, 15, 0.275252525252525
9.90833377137651, 7, 2, 0, 12, 0.132575757575758
9.85904731959412, 6, 20, 2, 4, 0.590909090909091
9.76160911428031, 11, 2, 0, 7, 0.0353535353535354
9.76160911428029, 11, 2, 0, 7, 0.0353535353535354
9.73279763291792, 7, 12, 4, 54, 0.0761223229857679
9.65869562881038, 9, 5, 0, 11, 0.103535353535354
9.54918407960201, 5, 9, 4, 91, 0.438747575486957
9.50297916885785, 9, 6, 0, 3, 0.00795454545454546
9.47856556581084, 10, 3, 0, 3, 0.00795454545454546
9.46099999999996, 6, 9, 3, 3, 0.800505050505051
9.42478571428569, 5, 16, 4, 14, 0.0167757737040485
9.37495026984055, 7, 8, 0, 12, 0.132575757575758
9.3132371922978, 8, 3, 0, 12, 0.132575757575758
9.25555555555553, 7, 4, 1, 16, 0.414414414414414
9.08974180330095, 5, 43, 0, 4, 0.0126262626262626
9.01959392537345, 5, 47, 4, 34, 0.0437591097547004
8.88034662932778, 5, 11, 0, 7, 0.0353535353535354
8.87785524108402, 7, 58, 3, 3, 0.800505050505051
8.83718734342869, 9, 7, 0, 10, 0.0808080808080808
8.71155554421826, 9, 2, 0, 14, 0.217171717171717
8.68717278269334, 8, 29, 0, 5, 0.0184343434343434
8.45494771036526, 10, 6, 0, 5, 0.0184343434343434
8.40985665091203, 9, 2, 0, 15, 0.275252525252525
8.27842055669925, 7, 5, 1, 16, 0.414414414414414
8.27171569846995, 7, 24, 0, 4, 0.0126262626262626
8.19826683975364, 7, 19, 0, 13, 0.170454545454545
8.09645387773926, 3, 243, 4, 104, 0.952055328905477
7.93727361881897, 8, 2, 0, 8, 0.0467171717171717
7.84516996345875, 5, 5, 2, 1, 0.0454545454545454
7.82776053278202, 10, 7, 0, 5, 0.0184343434343434
7.67452467824796, 6, 3, 2, 1, 0.0454545454545454
7.67090202781973, 6, 34, 4, 9, 0.0079337803296631
7.64526573551673, 6, 6, 0, 17, 0.444444444444444
7.6414799765118, 8, 14, 4, 58, 0.081739484313027
7.62261110119096, 8, 2, 0, 4, 0.0126262626262626
7.56154411751857, 6, 34, 2, 4, 0.590909090909091
7.56086915785386, 11, 7, 4, 64, 0.0917218809839261
7.5207877247001, 13, 2, 0, 9, 0.0618686868686869
7.38543611723463, 6, 22, 0, 13, 0.170454545454545
7.33238583607346, 9, 13, 4, 13, 0.0149040473935306
7.25294203564654, 7, 20, 0, 17, 0.444444444444444
7.23147014591641, 9, 5, 1, 11, 0.272522522522523
7.22091981675464, 8, 3, 0, 5, 0.0184343434343434
7.21543498919733, 10, 3, 0, 10, 0.0808080808080808
7.21132380040596, 7, 43, 0, 5, 0.0184343434343434
7.21000000000004, 10, 4, 0, 6, 0.026010101010101
7.20999999999998, 10, 4, 0, 6, 0.026010101010101
7.10722222222228, 9, 4, 2, 2, 0.181818181818182
7.07814068604382, 6, 7, 0, 17, 0.444444444444444
7.05337276863574, 7, 12, 4, 87, 0.357350407816721
7.0364615384615, 7, 9, 0, 6, 0.026010101010101
7.02885897631172, 5, 18, 2, 1, 0.0454545454545454
6.96857142857144, 7, 1, 0, 7, 0.0353535353535354
6.92815319148941, 6, 25, 0, 13, 0.170454545454545
6.91999999999997, 10, 1, 0, 5, 0.0184343434343434
6.91923972602774, 6, 64, 0, 13, 0.170454545454545
6.9030954572918, 8, 20, 4, 63, 0.0888584396739231
6.85186470969766, 7, 2, 0, 15, 0.275252525252525
6.84809347353131, 6, 2, 0, 18, 0.558080808080808
6.7505863968215, 6, 42, 0, 12, 0.132575757575758
6.7331574049623, 10, 6, 0, 13, 0.170454545454545
6.65957692307688, 10, 4, 0, 4, 0.0126262626262626
6.57373604243095, 10, 2, 0, 11, 0.103535353535354
6.53130963555975, 10, 2, 0, 2, 0.00416666666666667
6.47007584623662, 10, 5, 0, 8, 0.0467171717171717
6.45327489884011, 9, 3, 3, 1, 0.0997474747474748
6.43716970566637, 8, 23, 4, 63, 0.0888584396739231
6.43047058823541, 7, 25, 4, 61, 0.084023548930301
6.40693010089392, 6, 8, 4, 96, 0.578309095069458
6.36273142997562, 6, 5, 4, 8, 0.00740754908006669
6.3617386950809, 10, 2, 0, 4, 0.0126262626262626
6.3576551025778, 8, 11, 0, 14, 0.217171717171717
6.35689280803429, 9, 5, 2, 2, 0.181818181818182
6.35425000000001, 6, 4, 0, 17, 0.444444444444444
6.30361904761912, 8, 4, 0, 10, 0.0808080808080808
6.23924227404948, 8, 21, 4, 58, 0.081739484313027
6.22199999999998, 9, 1, 1, 15, 0.38963963963964
6.17375061959603, 7, 15, 4, 71, 0.160308462840372
6.16541916178267, 7, 21, 2, 2, 0.181818181818182
6.16541916178267, 7, 21, 2, 2, 0.181818181818182
6.14069746310088, 13, 3, 0, 9, 0.0618686868686869
6.12651114220074, 10, 3, 0, 4, 0.0126262626262626
6.09694491411189, 8, 7, 0, 12, 0.132575757575758
6.02671202424085, 7, 3, 0, 4, 0.0126262626262626
5.99462784499586, 4, 3, 0, 8, 0.0467171717171717
5.95642857142855, 9, 4, 4, 88, 0.375097158937352
5.8403741816528, 8, 5, 0, 4, 0.0126262626262626
5.82974185749248, 14, 2, 4, 27, 0.0352394625411507
5.80181113963561, 8, 2, 0, 15, 0.275252525252525
5.7205791701249, 7, 6, 0, 12, 0.132575757575758
5.61880482098592, 7, 13, 4, 75, 0.204510284651682
5.5995786002163, 10, 2, 1, 25, 0.835585585585586
5.59957860021626, 10, 2, 1, 25, 0.835585585585586
5.58905190976075, 10, 5, 0, 10, 0.0808080808080808
5.57645052131417, 9, 15, 0, 11, 0.103535353535354
5.54737288072262, 5, 10, 2, 1, 0.0454545454545454
5.53299999999999, 8, 1, 3, 2, 0.400252525252525
5.52573644920953, 14, 2, 4, 59, 0.0828015312645006
5.46231089680312, 6, 27, 3, 3, 0.800505050505051
5.42670844237264, 6, 6, 2, 1, 0.0454545454545454
5.41441580421031, 7, 14, 4, 75, 0.204510284651682
5.40797901375671, 9, 5, 0, 7, 0.0353535353535354
5.375, 9, 1, 4, 69, 0.110861739138859
5.36109090909099, 8, 4, 0, 11, 0.103535353535354
5.35463745011956, 8, 5, 1, 5, 0.141891891891892
5.32005993786768, 6, 7, 0, 15, 0.275252525252525
5.30571428571437, 10, 4, 0, 4, 0.0126262626262626
5.21928571428575, 7, 4, 0, 4, 0.0126262626262626
5.19442037189903, 7, 3, 0, 12, 0.132575757575758
5.18600000000001, 10, 1, 0, 6, 0.026010101010101
5.12086730935299, 10, 2, 0, 6, 0.026010101010101
5.09475778730494, 7, 23, 4, 87, 0.357350407816721
5.06452352948268, 6, 78, 4, 9, 0.0079337803296631
5.05642857142863, 9, 4, 0, 11, 0.103535353535354
4.98647368421054, 7, 1, 0, 18, 0.558080808080808
4.98628015946919, 5, 6, 4, 26, 0.0338774705003143
4.9503282250911, 7, 12, 3, 2, 0.400252525252525
4.95001942655626, 10, 11, 0, 3, 0.00795454545454546
4.93542857142855, 16, 1, 1, 7, 0.184684684684685
4.93185051171251, 6, 24, 2, 2, 0.181818181818182
4.89317892581092, 10, 2, 0, 5, 0.0184343434343434
4.89275000000001, 8, 4, 4, 70, 0.136274845408473
4.89275000000001, 8, 4, 4, 70, 0.136274845408473
4.84385714285712, 13, 1, 4, 54, 0.0761223229857679
4.84233333333333, 6, 4, 0, 18, 0.558080808080808
4.83773306932086, 10, 5, 4, 97, 0.601622068566827
4.83773306932086, 10, 5, 4, 97, 0.601622068566827
4.82796796710153, 10, 2, 0, 7, 0.0353535353535354
4.75612151647831, 7, 13, 3, 2, 0.400252525252525
4.74167918885711, 6, 12, 4, 83, 0.284343083536879
4.7371589587009, 8, 3, 0, 15, 0.275252525252525
4.7272016639264, 8, 7, 0, 5, 0.0184343434343434
4.72041580089444, 9, 3, 4, 21, 0.0272340315353993
4.71731220847092, 8, 5, 0, 12, 0.132575757575758
4.66789390728836, 9, 12, 1, 11, 0.272522522522523
4.64833333333334, 10, 4, 0, 11, 0.103535353535354
4.63666666666668, 11, 1, 0, 8, 0.0467171717171717
4.62620000000001, 11, 1, 4, 70, 0.136274845408473
4.61833333333328, 10, 4, 0, 2, 0.00416666666666667
4.61219999999997, 5, 36, 1, 20, 0.560810810810811
4.61014189947918, 8, 3, 0, 7, 0.0353535353535354
4.61014189947915, 8, 3, 0, 7, 0.0353535353535354
4.60750778621156, 8, 2, 0, 14, 0.217171717171717
4.58258706045687, 8, 6, 0, 8, 0.0467171717171717
4.56845454545453, 11, 4, 0, 7, 0.0353535353535354
4.53999999999999, 7, 1, 0, 4, 0.0126262626262626
4.53396868096811, 10, 2, 4, 68, 0.0971476980300399
4.52100296148738, 8, 10, 0, 7, 0.0353535353535354
4.48809999999992, 6, 4, 0, 18, 0.558080808080808
4.48300000000003, 9, 4, 0, 13, 0.170454545454545
4.48299999999995, 9, 4, 0, 13, 0.170454545454545
4.45123718756933, 12, 2, 2, 4, 0.590909090909091
4.45123718756931, 12, 2, 2, 4, 0.590909090909091
4.43971794871797, 10, 9, 0, 4, 0.0126262626262626
4.43499999999999, 10, 1, 0, 8, 0.0467171717171717
4.41333333333333, 11, 1, 0, 15, 0.275252525252525
4.40091657120044, 8, 6, 0, 4, 0.0126262626262626
4.39666666666666, 10, 1, 0, 10, 0.0808080808080808
4.37666666666667, 13, 1, 0, 3, 0.00795454545454546
4.37642001323358, 7, 3, 4, 23, 0.0296164402178925
4.34911076531509, 10, 2, 0, 2, 0.00416666666666667
4.32300000000001, 9, 1, 2, 1, 0.0454545454545454
4.31733333333332, 7, 1, 4, 1, 0.000100050649348366
4.30576666666659, 8, 9, 0, 16, 0.351010101010101
4.30528059473522, 8, 18, 4, 75, 0.204510284651682
4.30500000000001, 13, 1, 4, 73, 0.179360578437554
4.30500000000001, 13, 1, 4, 73, 0.179360578437554
4.29669507217, 8, 2, 4, 78, 0.219710950157435
4.29098700512917, 6, 19, 4, 55, 0.0776266165618163
4.29048230043784, 10, 3, 3, 1, 0.0997474747474748
4.245, 7, 1, 4, 87, 0.357350407816721
4.23302403489513, 10, 2, 1, 15, 0.38963963963964
4.22466010061326, 9, 7, 3, 1, 0.0997474747474748
4.22425591080843, 8, 2, 0, 12, 0.132575757575758
4.20175040877279, 13, 8, 0, 11, 0.103535353535354
4.16525301129071, 6, 11, 4, 99, 0.6623678444522
4.15920208693928, 7, 2, 0, 13, 0.170454545454545
4.1555251316771, 8, 8, 4, 36, 0.0468471651172549
4.14945934415222, 10, 7, 3, 2, 0.400252525252525
4.14358322937259, 6, 34, 2, 2, 0.181818181818182
4.12649999999999, 7, 1, 3, 3, 0.800505050505051
4.10666666666671, 9, 9, 0, 14, 0.217171717171717
4.09768379697603, 9, 2, 0, 17, 0.444444444444444
4.096, 8, 1, 0, 14, 0.217171717171717
4.09131983594536, 11, 2, 0, 8, 0.0467171717171717
4.06880000000001, 8, 1, 0, 3, 0.00795454545454546
4.06333333333332, 9, 1, 0, 20, 0.898989898989899
4.05720304993846, 6, 5, 0, 4, 0.0126262626262626
4.04687309347874, 6, 5, 0, 17, 0.444444444444444
4.04425000000001, 10, 1, 1, 25, 0.835585585585586
4.0235168310567, 10, 5, 0, 4, 0.0126262626262626
4.01358484601798, 15, 7, 0, 8, 0.0467171717171717
4.00453359153275, 9, 7, 4, 85, 0.311682906050061
3.99204974072578, 9, 34, 0, 3, 0.00795454545454546
3.94599852089723, 6, 13, 4, 8, 0.00740754908006669
3.9410389680261, 9, 45, 4, 13, 0.0149040473935306
3.93407901234603, 4, 225, 4, 89, 0.391602757964068
3.92534279890172, 10, 5, 4, 80, 0.244079764845808
3.9244051232548, 4, 7, 0, 8, 0.0467171717171717
3.89471249131431, 8, 11, 0, 16, 0.351010101010101
3.86666666666665, 10, 1, 0, 9, 0.0618686868686869
3.85133868854426, 10, 3, 4, 27, 0.0352394625411507
3.84986461484816, 5, 60, 2, 1, 0.0454545454545454
3.84524667609244, 9, 2, 0, 10, 0.0808080808080808
3.83676139471816, 8, 8, 3, 3, 0.800505050505051
3.8354211647629, 6, 10, 3, 3, 0.800505050505051
3.81861232066774, 8, 8, 2, 2, 0.181818181818182
3.79090196078442, 7, 9, 1, 23, 0.698198198198198
3.78666666666663, 11, 1, 1, 7, 0.184684684684685
3.78630045177498, 8, 10, 1, 5, 0.141891891891892
3.77000000000001, 10, 1, 0, 15, 0.275252525252525
3.77, 10, 1, 0, 15, 0.275252525252525
3.76717620116348, 9, 10, 4, 88, 0.375097158937352
3.7620143540396, 8, 3, 0, 14, 0.217171717171717
3.76160789464001, 5, 58, 4, 91, 0.438747575486957
3.76100223049352, 9, 10, 0, 15, 0.275252525252525
3.75450000000001, 11, 1, 4, 97, 0.601622068566827
3.75449999999999, 11, 1, 4, 97, 0.601622068566827
3.75400000000002, 12, 1, 1, 14, 0.353603603603604
3.75399999999999, 12, 1, 1, 14, 0.353603603603604
3.75324999999987, 8, 16, 3, 2, 0.400252525252525
3.73620000000001, 8, 1, 0, 19, 0.70959595959596
3.73333333333332, 11, 1, 0, 3, 0.00795454545454546
3.72946153846141, 7, 36, 1, 2, 0.0788288288288288
3.7293627532219, 8, 8, 0, 12, 0.132575757575758
3.71200000000002, 12, 1, 0, 4, 0.0126262626262626
3.7037027180501, 6, 6, 0, 4, 0.0126262626262626
3.69333333333336, 8, 9, 4, 61, 0.084023548930301
3.68118531635307, 11, 3, 0, 7, 0.0353535353535354
3.6730098693034, 7, 6, 0, 12, 0.132575757575758
3.6686279479982, 6, 12, 0, 17, 0.444444444444444
3.66451830486175, 6, 6, 0, 18, 0.558080808080808
3.65947916666667, 10, 9, 3, 2, 0.400252525252525
3.65693059460223, 6, 11, 3, 3, 0.800505050505051
3.64571428571423, 9, 4, 0, 5, 0.0184343434343434
3.63999999999999, 13, 1, 4, 71, 0.160308462840372
3.625, 12, 1, 0, 5, 0.0184343434343434
3.625, 12, 1, 0, 5, 0.0184343434343434
3.62407382772469, 8, 12, 3, 3, 0.800505050505051
3.62400000000002, 10, 4, 0, 11, 0.103535353535354
3.59830043214854, 7, 6, 1, 8, 0.202702702702703
3.59830043214851, 7, 6, 1, 8, 0.202702702702703
3.59227337489787, 9, 3, 1, 15, 0.38963963963964
3.58237594171173, 10, 3, 0, 6, 0.026010101010101
3.56957692307697, 9, 4, 4, 29, 0.0366148142052202
3.5669294470174, 7, 2, 3, 3, 0.800505050505051
3.55922198310249, 9, 2, 1, 11, 0.272522522522523
3.55129685518303, 9, 5, 3, 3, 0.800505050505051
3.53666666666666, 7, 1, 0, 3, 0.00795454545454546
3.53627274186452, 11, 32, 4, 64, 0.0917218809839261
3.53471973068354, 6, 28, 4, 55, 0.0776266165618163
3.53129126524562, 6, 2, 3, 3, 0.800505050505051
3.53129126524562, 6, 2, 3, 3, 0.800505050505051
3.5, 12, 1, 0, 5, 0.0184343434343434
3.5, 12, 1, 0, 5, 0.0184343434343434
3.49029115556487, 8, 14, 0, 4, 0.0126262626262626
3.48189750772159, 8, 13, 3, 3, 0.800505050505051
3.45624965147676, 10, 3, 1, 15, 0.38963963963964
3.45500000000001, 12, 1, 0, 8, 0.0467171717171717
3.45499999999998, 12, 1, 0, 8, 0.0467171717171717
3.45342702947873, 11, 7, 0, 7, 0.0353535353535354
3.45281045363673, 7, 42, 1, 2, 0.0788288288288288
3.44909050813882, 8, 3, 0, 12, 0.132575757575758
3.43170371681482, 8, 10, 3, 3, 0.800505050505051
3.42023201329991, 6, 7, 0, 17, 0.444444444444444
3.39597428337341, 7, 3, 0, 13, 0.170454545454545
3.38751030622674, 5, 13, 4, 26, 0.0338774705003143
3.38063326193492, 7, 3, 4, 16, 0.0186420699741554
3.37, 11, 1, 0, 8, 0.0467171717171717
3.36999999999998, 11, 1, 0, 8, 0.0467171717171717
3.36580303072935, 14, 6, 4, 27, 0.0352394625411507
3.36229274454207, 10, 2, 0, 2, 0.00416666666666667
3.36229274454203, 10, 2, 0, 2, 0.00416666666666667
3.35700885462059, 8, 20, 3, 2, 0.400252525252525
3.35682156833916, 8, 6, 0, 8, 0.0467171717171717
3.35682156833912, 8, 6, 0, 8, 0.0467171717171717
3.34333333333332, 9, 1, 0, 9, 0.0618686868686869
3.34054865753116, 11, 3, 0, 8, 0.0467171717171717
3.33535714285713, 10, 4, 4, 27, 0.0352394625411507
3.33218850007022, 10, 5, 0, 7, 0.0353535353535354
3.32842430187814, 9, 3, 1, 2, 0.0788288288288288
3.27861844210162, 11, 2, 0, 8, 0.0467171717171717
3.25076272041852, 10, 2, 0, 5, 0.0184343434343434
3.24804449175316, 8, 2, 4, 90, 0.412079181780135
3.24067037817793, 11, 2, 0, 5, 0.0184343434343434
3.24042528735635, 11, 9, 0, 5, 0.0184343434343434
3.21026478658694, 10, 2, 0, 3, 0.00795454545454546
3.20841792449666, 11, 3, 0, 10, 0.0808080808080808
3.20600000000002, 10, 4, 4, 68, 0.0971476980300399
3.19852049131057, 8, 12, 4, 61, 0.084023548930301
3.19796622233315, 9, 10, 0, 11, 0.103535353535354
3.19447903942618, 8, 3, 3, 2, 0.400252525252525
3.18799999999996, 11, 4, 0, 7, 0.0353535353535354
3.18559461666551, 12, 2, 3, 2, 0.400252525252525
3.13963076385322, 9, 3, 0, 10, 0.0808080808080808
3.13369230394153, 10, 3, 4, 88, 0.375097158937352
3.12841717666458, 10, 2, 4, 70, 0.136274845408473
3.12069792763665, 11, 2, 0, 15, 0.275252525252525
3.11697569769165, 9, 6, 0, 13, 0.170454545454545
3.11697569769154, 9, 6, 0, 13, 0.170454545454545
3.10891281461688, 10, 2, 0, 10, 0.0808080808080808
3.10325769689425, 9, 3, 4, 69, 0.110861739138859
3.10242857142862, 10, 4, 0, 6, 0.026010101010101
3.09477067899312, 13, 2, 0, 3, 0.00795454545454546
3.09023753132338, 9, 7, 4, 21, 0.0272340315353993
3.07577307680522, 10, 2, 0, 8, 0.0467171717171717
3.07100000000001, 6, 1, 4, 104, 0.952055328905477
3.06542606083423, 15, 12, 0, 8, 0.0467171717171717
3.0642470527031, 7, 10, 0, 15, 0.275252525252525
3.06309846183747, 6, 35, 4, 96, 0.578309095069458
3.05770437141031, 8, 17, 0, 10, 0.0808080808080808
3.0560144930338, 6, 2, 0, 8, 0.0467171717171717
3.05324999999999, 12, 1, 4, 54, 0.0761223229857679
3.05167083709224, 10, 2, 0, 15, 0.275252525252525
3.05016821673222, 6, 29, 4, 83, 0.284343083536879
3.03382912920044, 10, 6, 3, 1, 0.0997474747474748
3.02333333333333, 10, 1, 0, 14, 0.217171717171717
3.02127395866933, 12, 3, 0, 8, 0.0467171717171717
3.02127395866931, 12, 3, 0, 8, 0.0467171717171717
3.007994902478, 10, 3, 0, 4, 0.0126262626262626
3.00799490247797, 10, 3, 0, 4, 0.0126262626262626
3.00209255020562, 14, 2, 1, 13, 0.326576576576577
2.99000000000001, 9, 1, 0, 14, 0.217171717171717
2.97409112167063, 9, 2, 2, 2, 0.181818181818182
2.95898360928211, 10, 6, 0, 11, 0.103535353535354
2.95183333333333, 10, 1, 4, 85, 0.311682906050061
2.95093337458676, 8, 2, 4, 34, 0.0437591097547004
2.9277142857143, 7, 4, 4, 16, 0.0186420699741554
2.91238569790015, 7, 3, 3, 3, 0.800505050505051
2.8963093757401, 8, 2, 0, 14, 0.217171717171717
2.88807002161149, 8, 40, 4, 75, 0.204510284651682
2.87321055422136, 9, 2, 0, 20, 0.898989898989899
2.85066672242702, 8, 17, 4, 36, 0.0468471651172549
2.85025520364379, 9, 18, 0, 7, 0.0353535353535354
2.84848072696923, 5, 47, 4, 90, 0.412079181780135
2.84490737268964, 7, 6, 0, 7, 0.0353535353535354
2.8333768722145, 9, 2, 0, 18, 0.558080808080808
2.8323979420344, 7, 3, 0, 16, 0.351010101010101
2.83163285806202, 9, 14, 4, 85, 0.311682906050061
2.82489159084026, 11, 2, 0, 13, 0.170454545454545
2.82489159084024, 11, 2, 0, 13, 0.170454545454545
2.80880905960756, 12, 3, 0, 7, 0.0353535353535354
2.80880905960756, 12, 3, 0, 7, 0.0353535353535354
2.79140507479975, 7, 7, 0, 14, 0.217171717171717
2.77857142857141, 11, 4, 0, 10, 0.0808080808080808
2.77563651158514, 10, 10, 4, 80, 0.244079764845808
2.76872173430502, 8, 58, 0, 14, 0.217171717171717
2.76733309885169, 11, 2, 0, 6, 0.026010101010101
2.76384470539781, 11, 2, 0, 4, 0.0126262626262626
2.76333333333332, 9, 1, 0, 14, 0.217171717171717
2.75061916295076, 10, 5, 0, 2, 0.00416666666666667
2.74999999999999, 11, 1, 0, 7, 0.0353535353535354
2.73414622058803, 10, 2, 0, 9, 0.0618686868686869
2.73068925410218, 11, 2, 0, 6, 0.026010101010101
2.72099999999999, 9, 1, 3, 2, 0.400252525252525
2.71882557366229, 12, 2, 0, 8, 0.0467171717171717
2.71882557366225, 12, 2, 0, 8, 0.0467171717171717
2.71385714285714, 10, 4, 4, 88, 0.375097158937352
2.71115618472784, 11, 2, 0, 12, 0.132575757575758
2.70489689678224, 10, 5, 4, 49, 0.0692091058226616
2.70183333333334, 7, 1, 4, 19, 0.0217556379075293
2.69333333333334, 11, 1, 0, 3, 0.00795454545454546
2.6907770046752, 9, 2, 3, 2, 0.400252525252525
2.68983419563365, 9, 2, 2, 1, 0.0454545454545454
2.68983419563361, 9, 2, 2, 1, 0.0454545454545454
2.6865527667043, 10, 29, 0, 8, 0.0467171717171717
2.68364911313413, 9, 13, 2, 5, 0.863636363636364
2.67999898313171, 7, 8, 4, 23, 0.0296164402178925
2.67922759391586, 10, 2, 0, 5, 0.0184343434343434
2.66390694699008, 15, 2, 2, 2, 0.181818181818182
2.66333333333334, 13, 1, 0, 9, 0.0618686868686869
2.66333333333333, 12, 1, 0, 12, 0.132575757575758
2.66225703116738, 11, 2, 0, 13, 0.170454545454545
2.6622570311673, 11, 2, 0, 13, 0.170454545454545
2.6607187155604, 11, 3, 2, 1, 0.0454545454545454
2.66071871556035, 11, 3, 2, 1, 0.0454545454545454
2.65000000000001, 7, 1, 0, 13, 0.170454545454545
2.64999999999999, 7, 1, 0, 13, 0.170454545454545
2.64096161507672, 10, 39, 0, 13, 0.170454545454545
2.63986531642979, 11, 2, 0, 3, 0.00795454545454546
2.63952859891493, 9, 2, 0, 9, 0.0618686868686869
2.63749999999999, 11, 1, 0, 5, 0.0184343434343434
2.63432631331045, 10, 8, 0, 7, 0.0353535353535354
2.628, 8, 1, 0, 3, 0.00795454545454546
2.62285714285714, 8, 1, 1, 1, 0.0337837837837838
2.61247153921615, 9, 7, 4, 40, 0.0550596271875607
2.60624999999999, 11, 1, 0, 14, 0.217171717171717
2.60333333333335, 10, 1, 0, 15, 0.275252525252525
2.60133333333334, 11, 1, 4, 53, 0.0751545691169847
2.59775000000002, 9, 4, 2, 4, 0.590909090909091
2.59775000000002, 9, 4, 2, 4, 0.590909090909091
2.59337665511276, 13, 21, 0, 11, 0.103535353535354
2.59299999999996, 10, 4, 0, 6, 0.026010101010101
2.58883860704627, 10, 3, 0, 13, 0.170454545454545
2.58783333333332, 14, 1, 4, 70, 0.136274845408473
2.58093975133094, 11, 2, 0, 2, 0.00416666666666667
2.58065742960182, 10, 7, 0, 7, 0.0353535353535354
2.57430000000005, 12, 4, 0, 7, 0.0353535353535354
2.57386868351902, 13, 2, 4, 71, 0.160308462840372
2.56491199762402, 13, 2, 4, 69, 0.110861739138859
2.56054844385602, 10, 3, 0, 8, 0.0467171717171717
2.56043365467648, 10, 8, 0, 6, 0.026010101010101
2.548, 10, 1, 0, 3, 0.00795454545454546
2.54127127503877, 7, 69, 0, 6, 0.026010101010101
2.53992755802207, 10, 2, 0, 10, 0.0808080808080808
2.5272424909169, 8, 18, 0, 11, 0.103535353535354
2.512, 7, 1, 0, 12, 0.132575757575758
2.51135820092106, 10, 3, 0, 8, 0.0467171717171717
2.51000000000002, 13, 1, 0, 9, 0.0618686868686869
2.50999999999999, 13, 1, 0, 9, 0.0618686868686869
2.50389594869182, 11, 3, 0, 9, 0.0618686868686869
2.50080098279642, 7, 2, 0, 3, 0.00795454545454546
2.48849999999999, 13, 1, 3, 2, 0.400252525252525
2.48760165621425, 11, 2, 0, 2, 0.00416666666666667
2.4762879477153, 13, 2, 4, 71, 0.160308462840372
2.45292857142857, 7, 4, 0, 16, 0.351010101010101
2.45012499681137, 12, 2, 0, 5, 0.0184343434343434
2.44916666666667, 8, 1, 1, 17, 0.436936936936937
2.44209604597616, 6, 32, 4, 99, 0.6623678444522
2.4354, 7, 1, 4, 27, 0.0352394625411507
2.43333333333334, 7, 1, 0, 17, 0.444444444444444
2.43000000000001, 7, 1, 0, 16, 0.351010101010101
2.42999999999999, 7, 1, 0, 16, 0.351010101010101
2.42833523221154, 9, 3, 2, 2, 0.181818181818182
2.41900862068968, 9, 16, 2, 5, 0.863636363636364
2.39666666666668, 8, 1, 0, 3, 0.00795454545454546
2.39434212851783, 9, 8, 3, 1, 0.0997474747474748
2.39426356109763, 10, 2, 4, 49, 0.0692091058226616
2.38766666666666, 8, 1, 4, 85, 0.311682906050061
2.38243588581099, 7, 3, 3, 3, 0.800505050505051
2.38156986040721, 7, 3, 0, 13, 0.170454545454545
2.38156986040721, 7, 3, 0, 13, 0.170454545454545
2.3811820856457, 11, 2, 4, 5, 0.00604237658698964
2.3811820856457, 11, 2, 4, 5, 0.00604237658698964
2.37971794871793, 9, 9, 4, 29, 0.0366148142052202
2.37293250653187, 10, 2, 0, 3, 0.00795454545454546
2.36579884323809, 9, 6, 0, 17, 0.444444444444444
2.352, 11, 1, 0, 9, 0.0618686868686869
2.33494882617012, 10, 3, 1, 25, 0.835585585585586
2.31577470838595, 11, 2, 0, 3, 0.00795454545454546
2.31577470838593, 11, 2, 0, 3, 0.00795454545454546
2.31344252864283, 9, 3, 0, 18, 0.558080808080808
2.31310000000002, 11, 4, 4, 70, 0.136274845408473
2.30575216821426, 9, 10, 0, 5, 0.0184343434343434
2.30166666666668, 8, 1, 4, 7, 0.00691788872168195
2.29668012221427, 8, 7, 4, 78, 0.219710950157435
2.29235226292715, 9, 12, 3, 3, 0.800505050505051
2.27542287793662, 13, 6, 1, 9, 0.227477477477477
2.27454117647063, 7, 25, 1, 23, 0.698198198198198
2.27000000000001, 7, 4, 0, 4, 0.0126262626262626
2.26933333333332, 10, 1, 4, 43, 0.0622011646212767
2.2595180135005, 11, 3, 0, 6, 0.026010101010101
2.25051580675398, 8, 6, 4, 45, 0.0660434784542375
2.245, 12, 1, 0, 13, 0.170454545454545
2.24199999999999, 10, 4, 0, 13, 0.170454545454545
2.23749999999998, 8, 1, 0, 9, 0.0618686868686869
2.23666666666668, 8, 1, 0, 14, 0.217171717171717
2.23333333333332, 9, 1, 0, 5, 0.0184343434343434
2.22500000000001, 10, 1, 0, 16, 0.351010101010101
2.22499999999999, 10, 1, 0, 16, 0.351010101010101
2.22159999999997, 7, 4, 0, 14, 0.217171717171717
2.20978725862808, 9, 2, 2, 4, 0.590909090909091
2.20899999999999, 8, 1, 0, 17, 0.444444444444444
2.19995061762762, 10, 2, 4, 32, 0.0409687585124503
2.19304117422286, 12, 2, 4, 67, 0.0942557274601005
2.17374336556144, 11, 20, 0, 5, 0.0184343434343434
2.1728, 12, 1, 4, 52, 0.0736969911266934
2.17152492502389, 6, 2, 4, 104, 0.952055328905477
2.14621050225743, 10, 2, 4, 6, 0.00648491626136443
2.14156470430289, 9, 10, 3, 1, 0.0997474747474748
2.13781950178733, 10, 2, 0, 14, 0.217171717171717
2.13704397920954, 12, 3, 4, 15, 0.0180125300509641
2.13600000000001, 8, 1, 4, 23, 0.0296164402178925
2.1345, 11, 1, 4, 21, 0.0272340315353993
2.1345, 11, 1, 4, 21, 0.0272340315353993
2.12273455712202, 10, 2, 2, 5, 0.863636363636364
2.12273455712202, 10, 2, 2, 5, 0.863636363636364
2.11424927574776, 9, 2, 0, 14, 0.217171717171717
2.1128350621854, 8, 2, 4, 29, 0.0366148142052202
2.1128350621854, 8, 2, 4, 29, 0.0366148142052202
2.11142084862306, 11, 2, 0, 9, 0.0618686868686869
2.11142084862298, 10, 2, 0, 2, 0.00416666666666667
2.11126743350564, 9, 5, 2, 5, 0.863636363636364
2.10732848254209, 11, 3, 0, 2, 0.00416666666666667
2.10617574284917, 7, 10, 3, 1, 0.0997474747474748
2.10533973030482, 8, 2, 0, 17, 0.444444444444444
2.08357276874875, 8, 7, 4, 45, 0.0660434784542375
2.08333333333333, 9, 1, 0, 6, 0.026010101010101
2.07384216692911, 10, 3, 0, 10, 0.0808080808080808
2.06400000000001, 15, 1, 4, 59, 0.0828015312645006
2.06400000000001, 15, 1, 4, 59, 0.0828015312645006
2.06025000000001, 9, 1, 3, 2, 0.400252525252525
2.0575, 11, 1, 0, 10, 0.0808080808080808
2.05700000000002, 10, 1, 1, 10, 0.240990990990991
2.05491777004988, 9, 6, 1, 11, 0.272522522522523
2.05002890633902, 8, 7, 3, 2, 0.400252525252525
2.04766666666667, 8, 1, 0, 18, 0.558080808080808
2.04000000000001, 10, 1, 0, 15, 0.275252525252525
2.03999999999999, 10, 1, 0, 15, 0.275252525252525
2.0382352967703, 9, 8, 1, 2, 0.0788288288288288
2.03439999999998, 8, 4, 0, 3, 0.00795454545454546
2.03111824700911, 11, 3, 0, 2, 0.00416666666666667
2.03034972356978, 10, 5, 0, 3, 0.00795454545454546
2.0275, 9, 1, 0, 4, 0.0126262626262626
2.02599999999998, 13, 1, 0, 6, 0.026010101010101
2.02188064270209, 13, 3, 4, 71, 0.160308462840372
2.01488027699227, 16, 6, 1, 7, 0.184684684684685
2.01483006231297, 9, 2, 1, 9, 0.227477477477477
2.00333333333333, 14, 1, 0, 8, 0.0467171717171717
1.99300000000001, 11, 1, 0, 15, 0.275252525252525
1.98999999999999, 9, 1, 0, 2, 0.00416666666666667
1.98666666666668, 13, 1, 0, 12, 0.132575757575758
1.98566666666667, 8, 4, 4, 52, 0.0736969911266934
1.98350000000001, 12, 1, 4, 16, 0.0186420699741554
1.98350000000001, 12, 1, 4, 16, 0.0186420699741554
1.98333333333332, 10, 1, 0, 12, 0.132575757575758
1.97749639782267, 13, 6, 4, 54, 0.0761223229857679
1.97749482426627, 9, 2, 2, 5, 0.863636363636364
1.976717006807, 7, 2, 4, 2, 0.000339506812356317
1.97671700680696, 7, 2, 4, 2, 0.000339506812356317
1.9762368785143, 9, 5, 4, 51, 0.0718603446010522
1.9605, 11, 1, 1, 10, 0.240990990990991
1.95490801147609, 10, 3, 4, 49, 0.0692091058226616
1.9543333333333, 11, 4, 0, 4, 0.0126262626262626
1.95, 14, 1, 0, 10, 0.0808080808080808
1.95, 14, 1, 0, 10, 0.0808080808080808
1.93950946198384, 11, 5, 0, 9, 0.0618686868686869
1.93407846790144, 11, 2, 0, 4, 0.0126262626262626
1.93330437334631, 9, 5, 2, 1, 0.0454545454545454
1.93300000000001, 14, 1, 4, 76, 0.20691329301129
1.93300000000001, 14, 1, 4, 76, 0.20691329301129
1.93279327209429, 6, 5, 0, 8, 0.0467171717171717
1.93077016297185, 7, 5, 4, 1, 0.000100050649348366
1.93004610286476, 10, 5, 0, 15, 0.275252525252525
1.92725000000002, 10, 1, 4, 70, 0.136274845408473
1.92403755160862, 9, 2, 3, 2, 0.400252525252525
1.91762645012571, 8, 8, 3, 2, 0.400252525252525
1.9170300106494, 9, 13, 4, 40, 0.0550596271875607
1.90689269128817, 7, 15, 0, 14, 0.217171717171717
1.90447426399576, 11, 2, 0, 3, 0.00795454545454546
1.90342857142858, 9, 1, 1, 10, 0.240990990990991
1.90266666666668, 9, 4, 3, 2, 0.400252525252525
1.89842171289733, 7, 5, 4, 87, 0.357350407816721
1.89333333333333, 8, 1, 0, 10, 0.0808080808080808
1.88366666666667, 15, 4, 2, 2, 0.181818181818182
1.88326106056019, 12, 2, 0, 12, 0.132575757575758
1.88326106056019, 13, 2, 0, 9, 0.0618686868686869
1.87171164980081, 9, 2, 0, 1, 0.00126262626262626
1.8681, 8, 4, 0, 19, 0.70959595959596
1.86500000000001, 9, 1, 0, 10, 0.0808080808080808
1.86499999999999, 9, 1, 0, 10, 0.0808080808080808
1.85999999999999, 8, 1, 0, 15, 0.275252525252525
1.85899999999999, 10, 1, 4, 7, 0.00691788872168195
1.85899999999999, 10, 1, 4, 7, 0.00691788872168195
1.845, 10, 1, 3, 1, 0.0997474747474748
1.84083465368899, 10, 2, 0, 15, 0.275252525252525
1.83942044012661, 11, 2, 4, 53, 0.0751545691169847
1.83663915345393, 11, 2, 0, 16, 0.351010101010101
1.83566666666667, 9, 1, 4, 19, 0.0217556379075293
1.83316958328693, 9, 3, 3, 2, 0.400252525252525
1.83, 12, 1, 0, 14, 0.217171717171717
1.83, 12, 1, 0, 14, 0.217171717171717
1.82857142857142, 12, 1, 0, 8, 0.0467171717171717
1.82645681580485, 10, 2, 4, 41, 0.0589841673467433
1.82009285477418, 10, 2, 0, 10, 0.0808080808080808
1.82009285477416, 10, 2, 0, 10, 0.0808080808080808
1.81666666666666, 12, 1, 0, 3, 0.00795454545454546
1.8139288041891, 7, 6, 0, 14, 0.217171717171717
1.81366666666668, 13, 4, 4, 69, 0.110861739138859
1.809, 11, 1, 0, 5, 0.0184343434343434
1.80619249908478, 10, 6, 4, 70, 0.136274845408473
1.79625215750275, 10, 3, 4, 32, 0.0409687585124503
1.79278563916968, 14, 19, 4, 59, 0.0828015312645006
1.79000000000001, 13, 1, 0, 10, 0.0808080808080808
1.78999999999999, 13, 1, 0, 10, 0.0808080808080808
1.78799999999998, 13, 1, 0, 6, 0.026010101010101
1.77955206598617, 12, 2, 0, 8, 0.0467171717171717
1.77500000000001, 9, 1, 0, 14, 0.217171717171717
1.76279470940326, 12, 3, 4, 54, 0.0761223229857679
1.76253498236563, 13, 10, 1, 9, 0.227477477477477
1.76000000000001, 7, 1, 0, 18, 0.558080808080808
1.76000000000001, 7, 1, 0, 18, 0.558080808080808
1.75500000000001, 12, 1, 0, 9, 0.0618686868686869
1.755, 12, 1, 0, 9, 0.0618686868686869
1.75237353704434, 10, 3, 4, 6, 0.00648491626136443
1.74513953596841, 11, 2, 0, 12, 0.132575757575758
1.74033333333335, 10, 4, 2, 5, 0.863636363636364
1.73400000000001, 12, 1, 4, 31, 0.0395255744388036
1.73399999999999, 12, 1, 4, 31, 0.0395255744388036
1.72887608000108, 12, 2, 1, 5, 0.141891891891892
1.72728766784805, 9, 3, 2, 5, 0.863636363636364
1.72403253062897, 8, 6, 0, 10, 0.0808080808080808
1.72403253062876, 8, 6, 0, 10, 0.0808080808080808
1.72396790380025, 10, 3, 0, 2, 0.00416666666666667
1.72396790380015, 11, 3, 0, 9, 0.0618686868686869
1.72062650088727, 7, 2, 0, 17, 0.444444444444444
1.7190026914852, 8, 3, 0, 17, 0.444444444444444
1.70874999999999, 8, 1, 3, 2, 0.400252525252525
1.70599999999999, 9, 1, 1, 26, 0.943693693693694
1.70372217817829, 8, 6, 4, 34, 0.0437591097547004
1.70366666666665, 11, 1, 0, 12, 0.132575757575758
1.7027719469592, 12, 7, 3, 2, 0.400252525252525
1.69469925224376, 8, 2, 0, 3, 0.00795454545454546
1.69344881495991, 11, 5, 1, 7, 0.184684684684685
1.68833529121308, 8, 2, 4, 85, 0.311682906050061
1.68050997616795, 9, 2, 4, 30, 0.0378992342401869
1.68047418352127, 9, 3, 1, 7, 0.184684684684685
1.67750584341792, 10, 13, 4, 49, 0.0692091058226616
1.67022500622776, 9, 7, 4, 51, 0.0718603446010522
1.66938446434484, 9, 5, 0, 9, 0.0618686868686869
1.666, 9, 1, 0, 13, 0.170454545454545
1.64571428571428, 9, 1, 0, 12, 0.132575757575758
1.64510185702891, 9, 3, 1, 9, 0.227477477477477
1.629881130635, 10, 2, 0, 13, 0.170454545454545
1.629881130635, 10, 2, 0, 13, 0.170454545454545
1.62875, 11, 4, 0, 8, 0.0467171717171717
1.62875, 11, 4, 0, 8, 0.0467171717171717
1.620335189089, 11, 8, 0, 5, 0.0184343434343434
1.60466098877268, 10, 2, 4, 43, 0.0622011646212767
1.595, 10, 1, 0, 19, 0.70959595959596
1.595, 10, 1, 0, 19, 0.70959595959596
1.5915, 11, 1, 4, 50, 0.0708643200456854
1.59045565405012, 8, 3, 0, 13, 0.170454545454545
1.59, 8, 1, 0, 13, 0.170454545454545
1.58999999999999, 8, 1, 0, 13, 0.170454545454545
1.5877132402715, 11, 3, 0, 7, 0.0353535353535354
1.58757142857147, 9, 4, 3, 2, 0.400252525252525
1.5815621672539, 8, 2, 0, 14, 0.217171717171717
1.57920514464997, 9, 2, 0, 5, 0.0184343434343434
1.57916845628746, 11, 3, 0, 4, 0.0126262626262626
1.572, 12, 1, 1, 16, 0.414414414414414
1.57199999999999, 12, 1, 1, 16, 0.414414414414414
1.5685, 9, 1, 4, 35, 0.0452335812040479
1.566, 8, 1, 4, 13, 0.0149040473935306
1.56199887964109, 8, 2, 0, 17, 0.444444444444444
1.54959510840732, 12, 5, 0, 5, 0.0184343434343434
1.54100000000001, 14, 1, 0, 10, 0.0808080808080808
1.54031427168468, 9, 2, 0, 7, 0.0353535353535354
1.53766666666667, 11, 1, 2, 5, 0.863636363636364
1.53700000000001, 10, 1, 3, 2, 0.400252525252525
1.53699999999999, 10, 1, 3, 2, 0.400252525252525
1.53242424242423, 10, 9, 0, 5, 0.0184343434343434
1.53028361223802, 12, 5, 4, 62, 0.0856939327900282
1.52824616254489, 9, 3, 0, 1, 0.00126262626262626
1.52276133498768, 11, 3, 0, 5, 0.0184343434343434
1.52249999999998, 11, 1, 0, 4, 0.0126262626262626
1.51949999999999, 10, 4, 4, 7, 0.00691788872168195
1.51949999999994, 10, 4, 4, 7, 0.00691788872168195
1.51541765420183, 12, 6, 0, 4, 0.0126262626262626
1.51500000000001, 14, 1, 0, 6, 0.026010101010101
1.51499999999999, 14, 1, 0, 6, 0.026010101010101
1.51333333333332, 11, 1, 0, 4, 0.0126262626262626
1.51038008461446, 8, 2, 4, 23, 0.0296164402178925
1.50260191002143, 10, 2, 3, 3, 0.800505050505051
1.50260191002141, 10, 2, 3, 3, 0.800505050505051
1.50189480324022, 10, 2, 3, 1, 0.0997474747474748
1.50104627510279, 14, 8, 1, 13, 0.326576576576577
1.49960958919315, 11, 3, 0, 16, 0.351010101010101
1.49637937034697, 10, 2, 4, 48, 0.067745494454136
1.49518412095486, 9, 5, 0, 9, 0.0618686868686869
1.49000000000001, 11, 1, 2, 2, 0.181818181818182
1.48999999999999, 11, 1, 2, 2, 0.181818181818182
1.48500000000001, 11, 1, 0, 4, 0.0126262626262626
1.48499999999999, 11, 1, 0, 4, 0.0126262626262626
1.48000000000002, 8, 1, 0, 8, 0.0467171717171717
1.47743933885632, 8, 3, 3, 3, 0.800505050505051
1.47743933885622, 8, 3, 3, 3, 0.800505050505051
1.47333333333333, 8, 1, 0, 15, 0.275252525252525
1.47313912747198, 9, 2, 0, 6, 0.026010101010101
1.46666666666667, 9, 1, 0, 18, 0.558080808080808
1.46120000000001, 11, 1, 3, 3, 0.800505050505051
1.45961480265658, 11, 7, 0, 6, 0.026010101010101
1.455, 10, 1, 0, 9, 0.0618686868686869
1.455, 10, 1, 0, 9, 0.0618686868686869
1.4545186489007, 10, 2, 1, 10, 0.240990990990991
1.453, 10, 1, 4, 73, 0.179360578437554
1.45266666666667, 12, 1, 1, 16, 0.414414414414414
1.44791898560965, 8, 2, 0, 18, 0.558080808080808
1.446, 11, 1, 4, 60, 0.0833233322906506
1.446, 11, 1, 4, 60, 0.0833233322906506
1.44, 11, 1, 0, 18, 0.558080808080808
1.44, 11, 1, 0, 18, 0.558080808080808
1.4375, 14, 1, 0, 5, 0.0184343434343434
1.43673614487838, 13, 3, 3, 2, 0.400252525252525
1.43542676580871, 10, 2, 0, 10, 0.0808080808080808
1.43259833868395, 13, 2, 0, 6, 0.026010101010101
1.42490046435999, 11, 3, 0, 12, 0.132575757575758
1.42341621329259, 9, 11, 2, 5, 0.863636363636364
1.422, 13, 1, 3, 2, 0.400252525252525
1.41998339615205, 7, 22, 3, 1, 0.0997474747474748
1.41657058497705, 14, 2, 0, 8, 0.0467171717171717
1.41499999999999, 13, 1, 0, 9, 0.0618686868686869
1.41499999999999, 13, 1, 0, 9, 0.0618686868686869
1.41162140816866, 12, 3, 1, 5, 0.141891891891892
1.40714249456126, 9, 2, 0, 2, 0.00416666666666667
1.40478547195728, 13, 2, 0, 12, 0.132575757575758
1.40407836517607, 8, 8, 4, 52, 0.0736969911266934
1.4028998538741, 10, 2, 0, 14, 0.217171717171717
1.40242844935335, 10, 2, 0, 12, 0.132575757575758
1.40000000000001, 11, 1, 0, 5, 0.0184343434343434
1.39999999999999, 11, 1, 0, 5, 0.0184343434343434
1.39695142300542, 12, 6, 4, 62, 0.0856939327900282
1.39599999999999, 13, 1, 0, 8, 0.0467171717171717
1.39500000000001, 11, 1, 0, 5, 0.0184343434343434
1.395, 11, 1, 0, 5, 0.0184343434343434
1.39300035893748, 11, 2, 0, 13, 0.170454545454545
1.39087903859395, 9, 2, 4, 45, 0.0660434784542375
1.38762634740048, 12, 2, 4, 41, 0.0589841673467433
1.38700102261487, 12, 5, 4, 67, 0.0942557274601005
1.38679534659349, 9, 3, 0, 12, 0.132575757575758
1.38679534659349, 9, 3, 0, 12, 0.132575757575758
1.38333333333333, 11, 1, 0, 9, 0.0618686868686869
1.38, 13, 1, 0, 10, 0.0808080808080808
1.38, 13, 1, 0, 10, 0.0808080808080808
1.37885822331378, 9, 2, 4, 82, 0.274718983341981
1.37885822331378, 9, 2, 4, 82, 0.274718983341981
1.3721306497561, 9, 3, 4, 30, 0.0378992342401869
1.37, 12, 1, 0, 4, 0.0126262626262626
1.37, 12, 1, 0, 4, 0.0126262626262626
1.36866666666668, 12, 1, 3, 2, 0.400252525252525
1.36500000000001, 8, 1, 0, 19, 0.70959595959596
1.36499999999998, 8, 1, 0, 19, 0.70959595959596
1.35340237919104, 11, 2, 4, 11, 0.00893715698736393
1.35299999999998, 11, 1, 0, 3, 0.00795454545454546
1.351, 9, 1, 4, 76, 0.20691329301129
1.351, 9, 1, 4, 76, 0.20691329301129
1.35000000000001, 12, 1, 0, 7, 0.0353535353535354
1.34999999999999, 12, 1, 0, 7, 0.0353535353535354
1.34909434642485, 9, 5, 3, 1, 0.0997474747474748
1.345, 9, 1, 0, 5, 0.0184343434343434
1.345, 9, 1, 0, 5, 0.0184343434343434
1.33999999999999, 5, 1, 0, 9, 0.0618686868686869
1.33961379695791, 10, 8, 0, 5, 0.0184343434343434
1.33878883904652, 8, 2, 0, 10, 0.0808080808080808
1.33795127433705, 9, 5, 2, 5, 0.863636363636364
1.33187490223681, 10, 3, 1, 10, 0.240990990990991
1.33, 13, 1, 0, 4, 0.0126262626262626
1.33, 13, 1, 0, 4, 0.0126262626262626
1.32723942828714, 11, 2, 4, 39, 0.051987603372886
1.32600861110886, 8, 12, 4, 90, 0.412079181780135
1.32009999831663, 10, 5, 4, 85, 0.311682906050061
1.31999999999999, 14, 1, 0, 8, 0.0467171717171717
1.31999999999999, 14, 1, 0, 8, 0.0467171717171717
1.315, 11, 1, 0, 6, 0.026010101010101
1.315, 11, 1, 0, 6, 0.026010101010101
1.31399999999999, 8, 4, 0, 3, 0.00795454545454546
1.31144737684068, 8, 2, 3, 2, 0.400252525252525
1.31033333333332, 10, 1, 4, 26, 0.0338774705003143
1.30991531214809, 10, 2, 4, 6, 0.00648491626136443
1.30991531214807, 10, 2, 4, 6, 0.00648491626136443
1.30733333333335, 13, 1, 3, 3, 0.800505050505051
1.30466666666666, 13, 1, 0, 9, 0.0618686868686869
1.30333333333333, 11, 1, 0, 13, 0.170454545454545
1.29801234799813, 9, 2, 4, 19, 0.0217556379075293
1.29750000000001, 11, 1, 0, 7, 0.0353535353535354
1.29615135433071, 12, 3, 0, 13, 0.170454545454545
1.29182122731179, 8, 3, 0, 9, 0.0618686868686869
1.28714999999988, 12, 16, 0, 7, 0.0353535353535354
1.28500000000001, 8, 1, 0, 16, 0.351010101010101
1.285, 8, 1, 0, 16, 0.351010101010101
1.285, 11, 1, 0, 9, 0.0618686868686869
1.285, 11, 1, 0, 9, 0.0618686868686869
1.28457731915556, 12, 2, 0, 3, 0.00795454545454546
1.28287229813933, 9, 3, 4, 31, 0.0395255744388036
1.28, 10, 1, 0, 15, 0.275252525252525
1.28, 10, 1, 0, 15, 0.275252525252525
1.27915616716648, 11, 2, 0, 5, 0.0184343434343434
1.274, 10, 4, 0, 3, 0.00795454545454546
1.26430692476155, 13, 2, 0, 6, 0.026010101010101
1.26333333333332, 12, 1, 0, 5, 0.0184343434343434
1.25833333333333, 12, 4, 0, 8, 0.0467171717171717
1.25666666666667, 12, 1, 0, 8, 0.0467171717171717
1.25599999999997, 7, 4, 0, 12, 0.132575757575758
1.25511453660611, 9, 2, 0, 14, 0.217171717171717
1.25000000000001, 10, 1, 0, 14, 0.217171717171717
1.245, 12, 1, 0, 10, 0.0808080808080808
1.245, 12, 1, 0, 10, 0.0808080808080808
1.245, 15, 1, 0, 6, 0.026010101010101
1.245, 15, 1, 0, 6, 0.026010101010101
1.24377743705421, 11, 3, 4, 10, 0.00844094610403909
1.24254025790595, 9, 3, 4, 48, 0.067745494454136
1.24200000000002, 12, 1, 3, 2, 0.400252525252525
1.24199999999999, 12, 1, 3, 2, 0.400252525252525
1.24133333333334, 12, 1, 0, 12, 0.132575757575758
1.24111382233867, 15, 2, 0, 4, 0.0126262626262626
1.23580023556492, 9, 5, 0, 14, 0.217171717171717
1.23196165220351, 8, 5, 0, 13, 0.170454545454545
1.23060150152496, 10, 8, 2, 5, 0.863636363636364
1.2261231585775, 12, 2, 3, 3, 0.800505050505051
1.22533748437613, 11, 2, 4, 61, 0.084023548930301
1.22178863965911, 10, 3, 4, 48, 0.067745494454136
1.21834498398443, 15, 2, 3, 1, 0.0997474747474748
1.21770000000001, 7, 4, 4, 27, 0.0352394625411507
1.2154000000001, 11, 4, 4, 66, 0.0931101613156405
1.21533333333333, 10, 1, 0, 10, 0.0808080808080808
1.215, 9, 1, 0, 11, 0.103535353535354
1.215, 9, 1, 0, 11, 0.103535353535354
1.21333333333334, 9, 1, 0, 13, 0.170454545454545
1.20829659944165, 7, 5, 4, 19, 0.0217556379075293
1.20733333333334, 11, 1, 0, 9, 0.0618686868686869
1.20574999999999, 8, 1, 4, 17, 0.0191899869089483
1.205, 10, 1, 0, 13, 0.170454545454545
1.205, 10, 1, 0, 13, 0.170454545454545
1.2046742528815, 11, 2, 0, 12, 0.132575757575758
1.19666666666669, 12, 1, 0, 4, 0.0126262626262626
1.19666666666667, 6, 1, 0, 1, 0.00126262626262626
1.19500000000001, 13, 1, 0, 6, 0.026010101010101
1.19499999999999, 13, 1, 0, 6, 0.026010101010101
1.19, 7, 1, 0, 13, 0.170454545454545
1.19, 7, 1, 0, 13, 0.170454545454545
1.18948589209793, 9, 3, 3, 2, 0.400252525252525
1.1885, 13, 1, 4, 28, 0.0358931359772792
1.18849999999999, 13, 1, 4, 28, 0.0358931359772792
1.18827469077681, 9, 6, 1, 7, 0.184684684684685
1.18789817885766, 11, 3, 0, 10, 0.0808080808080808
1.18333333333334, 10, 1, 0, 2, 0.00416666666666667
1.18118097420641, 9, 7, 2, 4, 0.590909090909091
1.17700000000001, 11, 1, 4, 73, 0.179360578437554
1.17699999999999, 11, 1, 4, 73, 0.179360578437554
1.17600000000002, 11, 4, 0, 9, 0.0618686868686869
1.17532311877116, 7, 18, 0, 18, 0.558080808080808
1.17057767078194, 9, 3, 0, 4, 0.0126262626262626
1.17021682686367, 12, 3, 0, 7, 0.0353535353535354
1.17000000000002, 11, 1, 0, 6, 0.026010101010101
1.16999999999999, 11, 1, 0, 6, 0.026010101010101
1.16500000000002, 12, 1, 0, 12, 0.132575757575758
1.16499999999999, 12, 1, 0, 12, 0.132575757575758
1.15731424955461, 14, 5, 4, 70, 0.136274845408473
1.1560408814719, 11, 11, 0, 12, 0.132575757575758
1.15515271717642, 10, 5, 4, 41, 0.0589841673467433
1.155, 12, 1, 0, 4, 0.0126262626262626
1.15371542418397, 10, 2, 3, 2, 0.400252525252525
1.15065908649492, 11, 3, 0, 15, 0.275252525252525
1.14333333333333, 10, 1, 3, 1, 0.0997474747474748
1.1425, 9, 1, 4, 92, 0.455244555401909
1.1425, 9, 1, 4, 92, 0.455244555401909
1.14166666666665, 15, 1, 0, 6, 0.026010101010101
1.14000000000001, 10, 1, 0, 15, 0.275252525252525
1.13666666666668, 12, 1, 0, 14, 0.217171717171717
1.13299216825772, 12, 3, 4, 41, 0.0589841673467433
1.13250000000001, 9, 1, 4, 72, 0.171932627919944
1.13249999999999, 9, 1, 4, 72, 0.171932627919944
1.13189520274628, 11, 3, 1, 10, 0.240990990990991
1.13000000000001, 9, 1, 0, 14, 0.217171717171717
1.13, 8, 1, 0, 18, 0.558080808080808
1.13, 8, 1, 0, 18, 0.558080808080808
1.13, 9, 1, 0, 14, 0.217171717171717
1.12533333333333, 11, 1, 4, 56, 0.078725036164931
1.1193500346183, 10, 2, 4, 41, 0.0589841673467433
1.1193500346183, 10, 2, 4, 41, 0.0589841673467433
1.1126983062957, 10, 3, 4, 70, 0.136274845408473
1.11000000000001, 12, 1, 3, 3, 0.800505050505051
1.10732921933814, 8, 2, 4, 13, 0.0149040473935306
1.10497219673416, 7, 2, 4, 102, 0.786411515216059
1.10150000000002, 11, 1, 2, 4, 0.590909090909091
1.10149999999999, 11, 1, 2, 4, 0.590909090909091
1.101, 7, 1, 3, 3, 0.800505050505051
1.09530063097862, 8, 5, 1, 17, 0.436936936936937
1.095, 13, 1, 0, 7, 0.0353535353535354
1.095, 13, 1, 0, 7, 0.0353535353535354
1.0942857142857, 5, 1, 0, 7, 0.0353535353535354
1.08965154980847, 14, 2, 0, 10, 0.0808080808080808
1.0891666666667, 9, 4, 0, 7, 0.0353535353535354
1.0885, 11, 1, 3, 1, 0.0997474747474748
1.0885, 11, 1, 3, 1, 0.0997474747474748
1.0864, 12, 4, 4, 52, 0.0736969911266934
1.08500000000001, 11, 1, 0, 12, 0.132575757575758
1.08500000000001, 11, 1, 0, 10, 0.0808080808080808
1.08499999999999, 11, 1, 0, 12, 0.132575757575758
1.08499999999999, 11, 1, 0, 10, 0.0808080808080808
1.08368645526897, 11, 3, 4, 39, 0.051987603372886
1.08045916165306, 11, 2, 4, 84, 0.293759463138283
1.08045916165304, 11, 2, 4, 84, 0.293759463138283
1.07714285714286, 11, 4, 4, 10, 0.00844094610403909
1.07607142857142, 9, 4, 4, 48, 0.067745494454136
1.075, 9, 1, 0, 13, 0.170454545454545
1.075, 9, 1, 0, 13, 0.170454545454545
1.075, 14, 1, 0, 4, 0.0126262626262626
1.075, 14, 1, 0, 4, 0.0126262626262626
1.07399999999998, 10, 1, 0, 1, 0.00126262626262626
1.07387150069276, 8, 3, 0, 15, 0.275252525252525
1.071, 10, 1, 4, 53, 0.0751545691169847
1.07077694470237, 8, 6, 1, 1, 0.0337837837837838
1.07008826219563, 11, 2, 0, 4, 0.0126262626262626
1.06799999999998, 11, 1, 0, 8, 0.0467171717171717
1.06773123959168, 11, 2, 0, 13, 0.170454545454545
1.06773123959168, 11, 2, 0, 13, 0.170454545454545
1.06700000000001, 10, 1, 0, 18, 0.558080808080808
1.06521124665483, 10, 3, 3, 1, 0.0997474747474748
1.065, 11, 1, 0, 4, 0.0126262626262626
1.065, 11, 1, 0, 4, 0.0126262626262626
1.065, 11, 1, 0, 11, 0.103535353535354
1.065, 11, 1, 0, 11, 0.103535353535354
1.063, 13, 1, 3, 2, 0.400252525252525
1.063, 13, 1, 3, 2, 0.400252525252525
1.06200000000001, 10, 4, 3, 1, 0.0997474747474748
1.06120767812488, 10, 10, 0, 3, 0.00795454545454546
1.05333333333333, 11, 1, 0, 11, 0.103535353535354
1.053, 14, 1, 1, 10, 0.240990990990991
1.05000000000001, 11, 1, 0, 9, 0.0618686868686869
1.04999999999998, 11, 1, 0, 9, 0.0618686868686869
1.04933333333335, 11, 1, 3, 1, 0.0997474747474748
1.0418039909482, 8, 2, 0, 15, 0.275252525252525
1.03708994574027, 9, 2, 0, 18, 0.558080808080808
1.03466666666667, 10, 1, 3, 1, 0.0997474747474748
1.03166586311897, 10, 5, 1, 10, 0.240990990990991
1.02933662564238, 8, 5, 4, 7, 0.00691788872168195
1.0275, 12, 1, 4, 55, 0.0776266165618163
1.02749999999999, 12, 1, 4, 55, 0.0776266165618163
1.02742615306406, 10, 2, 4, 73, 0.179360578437554
1.02719045080365, 12, 2, 1, 16, 0.414414414414414
1.02366666666666, 11, 1, 0, 5, 0.0184343434343434
1.01639999999999, 11, 1, 4, 45, 0.0660434784542375
1.01499999999999, 18, 1, 0, 12, 0.132575757575758
1.01499999999999, 18, 1, 0, 12, 0.132575757575758
1.01499999999999, 10, 4, 0, 10, 0.0808080808080808
1.01434467761211, 11, 2, 0, 15, 0.275252525252525
1.01434467761209, 11, 2, 0, 15, 0.275252525252525
1.0133651924816, 15, 3, 0, 4, 0.0126262626262626
1.00700000000001, 8, 1, 1, 7, 0.184684684684685
1.00550584284727, 13, 2, 3, 2, 0.400252525252525
1.00500000000001, 11, 1, 0, 3, 0.00795454545454546
1.005, 11, 1, 0, 3, 0.00795454545454546
1.00409162928491, 11, 2, 0, 5, 0.0184343434343434
1.00409162928491, 11, 2, 0, 5, 0.0184343434343434
1.0025, 11, 1, 4, 65, 0.0928774452980315
1.0025, 11, 1, 4, 65, 0.0928774452980315
1.00112536677482, 12, 3, 3, 3, 0.800505050505051
1, 12, 1, 2, 5, 0.863636363636364
1, 12, 1, 2, 5, 0.863636363636364
1, 9, 1, 0, 18, 0.558080808080808
1, 9, 1, 0, 18, 0.558080808080808
0.997871458663469, 8, 11, 4, 82, 0.274718983341981
0.995000000000005, 13, 1, 0, 3, 0.00795454545454546
0.995000000000005, 10, 1, 0, 3, 0.00795454545454546
0.99499999999999, 13, 1, 0, 3, 0.00795454545454546
0.99499999999999, 10, 1, 0, 3, 0.00795454545454546
0.993708609200879, 9, 5, 4, 31, 0.0395255744388036
0.992369944459502, 11, 6, 4, 66, 0.0931101613156405
0.992249999999999, 12, 1, 3, 1, 0.0997474747474748
0.99207081400474, 12, 2, 3, 2, 0.400252525252525
0.99207081400472, 12, 2, 3, 2, 0.400252525252525
0.992000000000019, 10, 4, 0, 14, 0.217171717171717
0.988747412133194, 9, 8, 2, 5, 0.863636363636364
0.988, 12, 1, 3, 2, 0.400252525252525
0.986547272477787, 8, 3, 3, 2, 0.400252525252525
0.985069907780289, 11, 7, 0, 14, 0.217171717171717
0.985000000000042, 11, 4, 0, 13, 0.170454545454545
0.984959559237512, 9, 3, 1, 26, 0.943693693693694
0.983500000000021, 9, 4, 4, 45, 0.0660434784542375
0.982878425849291, 12, 2, 2, 5, 0.863636363636364
0.982878425849291, 12, 2, 2, 5, 0.863636363636364
0.979474731680225, 9, 3, 3, 3, 0.800505050505051
0.979474731680127, 9, 3, 3, 3, 0.800505050505051
0.979333333333315, 12, 1, 4, 42, 0.0614175149797577
0.978164380641385, 11, 2, 0, 9, 0.0618686868686869
0.972499999999997, 11, 1, 0, 4, 0.0126262626262626
0.972499999999997, 10, 1, 4, 50, 0.0708643200456854
0.972499999999997, 10, 1, 4, 50, 0.0708643200456854
0.969500000000011, 11, 1, 4, 21, 0.0272340315353993
0.969499999999982, 11, 1, 4, 21, 0.0272340315353993
0.967793481184, 12, 2, 3, 2, 0.400252525252525
0.967322076663214, 11, 2, 4, 52, 0.0736969911266934
0.967322076663193, 11, 2, 4, 52, 0.0736969911266934
0.960000000000008, 12, 1, 0, 7, 0.0353535353535354
0.95999999999998, 12, 1, 0, 7, 0.0353535353535354
0.956999999999994, 11, 4, 4, 11, 0.00893715698736393
0.956715474945425, 11, 2, 0, 3, 0.00795454545454546
0.95538918458078, 8, 12, 4, 82, 0.274718983341981
0.954999999999998, 11, 1, 0, 12, 0.132575757575758
0.954999999999998, 11, 1, 0, 12, 0.132575757575758
0.954999999999998, 12, 1, 0, 14, 0.217171717171717
0.954999999999998, 12, 1, 0, 14, 0.217171717171717
0.948795878996114, 10, 2, 0, 10, 0.0808080808080808
0.948465895831549, 10, 2, 2, 5, 0.863636363636364
0.947523086789976, 5, 2, 0, 9, 0.0618686868686869
0.944500000000005, 12, 1, 3, 1, 0.0997474747474748
0.944500000000005, 12, 1, 3, 1, 0.0997474747474748
0.942004699209805, 10, 3, 3, 2, 0.400252525252525
0.938500000000005, 7, 1, 1, 3, 0.105855855855856
0.938499999999991, 7, 1, 1, 3, 0.105855855855856
0.935000000000002, 12, 1, 0, 8, 0.0467171717171717
0.935000000000002, 12, 1, 0, 8, 0.0467171717171717
0.935000000000002, 12, 1, 0, 7, 0.0353535353535354
0.935000000000002, 12, 1, 0, 7, 0.0353535353535354
0.931613184213273, 9, 2, 3, 3, 0.800505050505051
0.931613184213273, 9, 2, 3, 3, 0.800505050505051
0.927333333333337, 8, 4, 3, 2, 0.400252525252525
0.926545585614822, 10, 2, 4, 26, 0.0338774705003143
0.926502844482041, 11, 3, 3, 1, 0.0997474747474748
0.926000000000002, 13, 1, 3, 1, 0.0997474747474748
0.924999999999983, 14, 1, 0, 11, 0.103535353535354
0.924424265271192, 13, 2, 3, 3, 0.800505050505051
0.923333333333346, 18, 1, 0, 7, 0.0353535353535354
0.922538647188046, 13, 2, 0, 9, 0.0618686868686869
0.921595838146473, 11, 2, 0, 13, 0.170454545454545
0.920666666666676, 10, 1, 3, 1, 0.0997474747474748
0.91923881554252, 11, 2, 0, 10, 0.0808080808080808
0.918885262151935, 10, 2, 3, 3, 0.800505050505051
0.918885262151915, 10, 2, 3, 3, 0.800505050505051
0.918852953415271, 11, 3, 4, 50, 0.0708643200456854
0.910000000000011, 12, 1, 0, 17, 0.444444444444444
0.909999999999997, 12, 1, 0, 17, 0.444444444444444
0.906446056379024, 12, 5, 0, 7, 0.0353535353535354
0.902999999999992, 13, 1, 0, 8, 0.0467171717171717
0.900000000000006, 10, 1, 0, 6, 0.026010101010101
0.898666666666685, 13, 1, 4, 29, 0.0366148142052202
0.898025612106923, 8, 2, 0, 1, 0.00126262626262626
0.898025612106902, 8, 2, 0, 1, 0.00126262626262626
0.897000000000006, 11, 1, 4, 36, 0.0468471651172549
0.897000000000006, 11, 1, 4, 36, 0.0468471651172549
0.893311566898996, 12, 2, 0, 5, 0.0184343434343434
0.890000000000015, 11, 1, 0, 2, 0.00416666666666667
0.890000000000001, 11, 1, 0, 2, 0.00416666666666667
0.88859752169107, 12, 2, 0, 8, 0.0467171717171717
0.883883476483164, 10, 2, 0, 14, 0.217171717171717
0.879999999999995, 13, 1, 0, 8, 0.0467171717171717
0.879999999999995, 13, 1, 0, 8, 0.0467171717171717
0.879015784841193, 11, 3, 0, 4, 0.0126262626262626
0.877755217712878, 12, 2, 0, 12, 0.132575757575758
0.877499999999998, 10, 1, 4, 92, 0.455244555401909
0.877499999999998, 10, 1, 4, 92, 0.455244555401909
0.875, 9, 1, 3, 2, 0.400252525252525
0.875, 9, 1, 3, 2, 0.400252525252525
0.869387787468881, 11, 2, 0, 3, 0.00795454545454546
0.869387787468841, 11, 2, 0, 3, 0.00795454545454546
0.866000000000014, 12, 1, 4, 51, 0.0718603446010522
0.866, 10, 1, 1, 10, 0.240990990990991
0.866, 10, 1, 1, 10, 0.240990990990991
0.865999999999985, 12, 1, 4, 51, 0.0718603446010522
0.863333333333344, 12, 1, 0, 9, 0.0618686868686869
0.859370441402041, 10, 2, 0, 10, 0.0808080808080808
0.857956227839661, 9, 2, 0, 13, 0.170454545454545
0.853713587152562, 11, 2, 0, 9, 0.0618686868686869
0.849859596247134, 17, 3, 3, 1, 0.0997474747474748
0.849859596247085, 17, 3, 3, 1, 0.0997474747474748
0.846171114819896, 12, 2, 0, 4, 0.0126262626262626
0.842500000000001, 10, 1, 0, 9, 0.0618686868686869
0.84145706961199, 12, 2, 0, 8, 0.0467171717171717
0.84145706961199, 12, 2, 0, 8, 0.0467171717171717
0.840000000000003, 14, 1, 0, 6, 0.026010101010101
0.839999999999975, 14, 1, 0, 6, 0.026010101010101
0.839333333333343, 11, 1, 4, 21, 0.0272340315353993
0.838499999999996, 9, 1, 4, 15, 0.0180125300509641
0.838499999999996, 9, 1, 4, 15, 0.0180125300509641
0.836743024404084, 10, 2, 0, 2, 0.00416666666666667
0.836672795973176, 9, 13, 3, 1, 0.0997474747474748
0.835000000000008, 9, 1, 4, 31, 0.0395255744388036
0.834999999999994, 9, 1, 4, 31, 0.0395255744388036
0.833000000000027, 9, 4, 0, 13, 0.170454545454545
0.829941011960071, 14, 3, 0, 5, 0.0184343434343434
0.825000000000017, 19, 1, 0, 7, 0.0353535353535354
0.825000000000003, 13, 1, 0, 14, 0.217171717171717
0.825000000000003, 13, 1, 0, 14, 0.217171717171717
0.824999999999989, 19, 1, 0, 7, 0.0353535353535354
0.823779400082342, 11, 2, 1, 13, 0.326576576576577
0.823333333333323, 13, 1, 0, 13, 0.170454545454545
0.820000000000007, 8, 1, 0, 5, 0.0184343434343434
0.819999999999993, 8, 1, 0, 5, 0.0184343434343434
0.819250000000011, 10, 1, 2, 4, 0.590909090909091
0.811300741314318, 9, 7, 2, 5, 0.863636363636364
0.811300741314243, 9, 7, 2, 5, 0.863636363636364
0.808458753156628, 10, 2, 3, 1, 0.0997474747474748
0.807280241854671, 15, 2, 0, 6, 0.026010101010101
0.806666666666672, 10, 1, 4, 34, 0.0437591097547004
0.806101730552655, 10, 2, 0, 15, 0.275252525252525
0.803744707948702, 12, 2, 0, 14, 0.217171717171717
0.799999999999983, 8, 1, 0, 14, 0.217171717171717
0.795730831095269, 11, 2, 4, 56, 0.078725036164931
0.784999999999997, 13, 1, 0, 13, 0.170454545454545
0.784999999999997, 13, 1, 0, 13, 0.170454545454545
0.784888527117037, 12, 2, 3, 3, 0.800505050505051
0.782333333333327, 13, 1, 3, 3, 0.800505050505051
0.78133333333335, 7, 4, 4, 102, 0.786411515216059
0.780000000000001, 12, 1, 0, 14, 0.217171717171717
0.780000000000001, 12, 1, 0, 14, 0.217171717171717
0.780000000000001, 14, 1, 0, 13, 0.170454545454545
0.780000000000001, 14, 1, 0, 13, 0.170454545454545
0.780000000000001, 10, 1, 0, 14, 0.217171717171717
0.780000000000001, 10, 1, 0, 14, 0.217171717171717
0.777333333333331, 13, 1, 0, 11, 0.103535353535354
0.777071460305755, 9, 6, 1, 10, 0.240990990990991
0.777000000000001, 13, 1, 4, 86, 0.339097714835584
0.776999999999987, 13, 1, 4, 86, 0.339097714835584
0.776666666666657, 12, 1, 0, 3, 0.00795454545454546
0.775000000000006, 10, 1, 0, 13, 0.170454545454545
0.774999999999977, 10, 1, 0, 13, 0.170454545454545
0.774688591198635, 10, 3, 0, 10, 0.0808080808080808
0.768978624540395, 17, 2, 1, 5, 0.141891891891892
0.768978624540354, 17, 2, 1, 5, 0.141891891891892
0.768000000000015, 10, 1, 4, 50, 0.0708643200456854
0.76600000000002, 12, 1, 4, 62, 0.0856939327900282
0.765999999999991, 12, 1, 4, 62, 0.0856939327900282
0.760000000000005, 12, 1, 0, 15, 0.275252525252525
0.760000000000005, 9, 1, 0, 8, 0.0467171717171717
0.759999999999991, 12, 1, 0, 15, 0.275252525252525
0.759500000000003, 10, 4, 0, 13, 0.170454545454545
0.757311362650811, 10, 2, 4, 53, 0.0751545691169847
0.754482935526031, 10, 2, 0, 18, 0.558080808080808
0.752361615182542, 10, 2, 3, 3, 0.800505050505051
0.75055534994652, 11, 3, 0, 10, 0.0808080808080808
0.75, 11, 1, 0, 9, 0.0618686868686869
0.75, 11, 1, 0, 9, 0.0618686868686869
0.749111974273547, 11, 3, 0, 7, 0.0353535353535354
0.748750000000001, 14, 1, 0, 6, 0.026010101010101
0.74666666666667, 12, 1, 0, 2, 0.00416666666666667
0.746511159705347, 12, 6, 0, 8, 0.0467171717171717
0.744819142849816, 11, 2, 0, 11, 0.103535353535354
0.744583440589433, 14, 2, 1, 10, 0.240990990990991
0.741990715725056, 11, 2, 3, 1, 0.0997474747474748
0.740000000000009, 9, 1, 0, 6, 0.026010101010101
0.740000000000009, 11, 1, 0, 12, 0.132575757575758
0.739999999999995, 9, 1, 0, 6, 0.026010101010101
0.739999999999995, 9, 1, 0, 9, 0.0618686868686869
0.739999999999995, 11, 1, 0, 12, 0.132575757575758
0.739000000000004, 11, 1, 1, 1, 0.0337837837837838
0.73899999999999, 11, 1, 1, 1, 0.0337837837837838
0.737512372777614, 11, 2, 2, 4, 0.590909090909091
0.737512372777533, 11, 2, 2, 4, 0.590909090909091
0.736666666666679, 11, 1, 0, 1, 0.00126262626262626
0.734999999999999, 11, 1, 0, 16, 0.351010101010101
0.734999999999999, 11, 1, 0, 16, 0.351010101010101
0.733000000000004, 11, 1, 4, 89, 0.391602757964068
0.731999999999999, 13, 1, 4, 46, 0.0667300768973018
0.731999999999999, 13, 1, 4, 46, 0.0667300768973018
0.731619816267691, 10, 2, 3, 1, 0.0997474747474748
0.730599999999981, 11, 4, 3, 3, 0.800505050505051
0.728500000000011, 15, 1, 3, 2, 0.400252525252525
0.728499999999997, 15, 1, 3, 2, 0.400252525252525
0.724249999999998, 10, 1, 2, 4, 0.590909090909091
0.723841641674662, 11, 2, 0, 5, 0.0184343434343434
0.723333333333329, 11, 1, 0, 11, 0.103535353535354
0.72199999999998, 10, 1, 0, 8, 0.0467171717171717
0.719999999999999, 13, 1, 0, 12, 0.132575757575758
0.719999999999999, 13, 1, 0, 12, 0.132575757575758
0.719999999999999, 12, 1, 3, 1, 0.0997474747474748
0.719999999999999, 12, 1, 3, 1, 0.0997474747474748
0.717666017378549, 11, 5, 3, 1, 0.0997474747474748
0.717605815548369, 7, 5, 4, 44, 0.0639293827209357
0.713714285714289, 11, 1, 4, 25, 0.0319165363830463
0.710000000000008, 11, 1, 0, 1, 0.00126262626262626
0.710000000000008, 10, 1, 0, 2, 0.00416666666666667
0.709999999999994, 11, 1, 0, 1, 0.00126262626262626
0.709999999999994, 10, 1, 0, 2, 0.00416666666666667
0.703411804469265, 15, 6, 3, 1, 0.0997474747474748
0.703333333333333, 13, 1, 0, 6, 0.026010101010101
0.702500000000001, 7, 1, 3, 3, 0.800505050505051
0.702499999999986, 7, 1, 3, 3, 0.800505050505051
0.698621499812309, 12, 2, 3, 2, 0.400252525252525
0.697999999999979, 13, 4, 0, 8, 0.0467171717171717
0.696140087075388, 8, 3, 4, 17, 0.0191899869089483
0.6933333333333, 12, 1, 0, 10, 0.0808080808080808
0.692493241042043, 12, 2, 4, 42, 0.0614175149797577
0.691833274712934, 7, 2, 4, 102, 0.786411515216059
0.689999999999998, 13, 1, 4, 57, 0.0798737051896258
0.689999999999998, 13, 1, 4, 57, 0.0798737051896258
0.689000000000007, 12, 1, 4, 16, 0.0186420699741554
0.688999999999993, 12, 1, 4, 16, 0.0186420699741554
0.687665438680416, 11, 5, 2, 5, 0.863636363636364
0.687345491282908, 12, 29, 4, 15, 0.0180125300509641
0.686666666666667, 12, 1, 0, 7, 0.0353535353535354
0.685000000000002, 10, 1, 0, 5, 0.0184343434343434
0.685000000000002, 10, 1, 0, 5, 0.0184343434343434
0.685000000000002, 14, 1, 0, 8, 0.0467171717171717
0.685000000000002, 14, 1, 0, 8, 0.0467171717171717
0.680000000000007, 12, 1, 0, 9, 0.0618686868686869
0.680000000000007, 11, 1, 0, 12, 0.132575757575758
0.680000000000007, 11, 1, 0, 2, 0.00416666666666667
0.679999999999993, 11, 1, 0, 12, 0.132575757575758
0.679999999999993, 11, 1, 0, 2, 0.00416666666666667
0.679999999999978, 12, 1, 0, 9, 0.0618686868686869
0.675000000000011, 9, 1, 4, 20, 0.0246350245742943
0.674999999999997, 9, 1, 4, 20, 0.0246350245742943
0.672333333333341, 11, 1, 4, 56, 0.078725036164931
0.67186004373484, 9, 6, 0, 12, 0.132575757575758
0.670666666666676, 10, 4, 2, 5, 0.863636363636364
0.670500000000004, 9, 1, 4, 3, 0.000573791508306289
0.670499999999976, 9, 1, 4, 3, 0.000573791508306289
0.666839560914051, 12, 3, 0, 4, 0.0126262626262626
0.665973535510238, 9, 3, 3, 3, 0.800505050505051
0.665973535510238, 9, 3, 3, 3, 0.800505050505051
0.664000000000016, 13, 1, 1, 3, 0.105855855855856
0.663999999999987, 13, 1, 1, 3, 0.105855855855856
0.663499999999999, 11, 1, 2, 4, 0.590909090909091
0.663499999999999, 11, 1, 2, 4, 0.590909090909091
0.663333333333341, 13, 1, 0, 12, 0.132575757575758
0.663333333333327, 11, 1, 2, 5, 0.863636363636364
0.661876121339857, 8, 5, 0, 8, 0.0467171717171717
0.661000000000001, 13, 1, 4, 29, 0.0366148142052202
0.659999999999997, 8, 1, 0, 12, 0.132575757575758
0.659999999999997, 9, 1, 2, 5, 0.863636363636364
0.658666666666676, 16, 1, 4, 60, 0.0833233322906506
0.654970435672495, 11, 7, 4, 61, 0.084023548930301
0.654780879378734, 13, 2, 3, 1, 0.0997474747474748
0.652895261295548, 18, 2, 0, 7, 0.0353535353535354
0.652166666666631, 16, 4, 0, 10, 0.0808080808080808
0.651009643212422, 10, 2, 3, 1, 0.0997474747474748
0.64500000000001, 10, 1, 0, 1, 0.00126262626262626
0.644999999999996, 8, 1, 0, 6, 0.026010101010101
0.644999999999996, 10, 1, 0, 1, 0.00126262626262626
0.643467170879736, 9, 2, 4, 72, 0.171932627919944
0.640285190364431, 10, 2, 0, 12, 0.132575757575758
0.640285190364411, 10, 2, 0, 12, 0.132575757575758
0.63775000000004, 17, 4, 0, 9, 0.0618686868686869
0.637749999999983, 17, 4, 0, 9, 0.0618686868686869
0.635662646377761, 7, 3, 3, 3, 0.800505050505051
0.635453294026304, 13, 2, 4, 29, 0.0366148142052202
0.635333333333335, 12, 1, 1, 14, 0.353603603603604
0.634999999999991, 14, 1, 0, 7, 0.0353535353535354
0.634999999999991, 14, 1, 0, 7, 0.0353535353535354
0.631666666666661, 10, 1, 4, 13, 0.0149040473935306
0.63017356339345, 6, 2, 3, 3, 0.800505050505051
0.630000000000024, 9, 1, 0, 14, 0.217171717171717
0.63000000000001, 6, 1, 0, 10, 0.0808080808080808
0.629999999999995, 8, 1, 0, 2, 0.00416666666666667
0.629999999999995, 8, 1, 0, 2, 0.00416666666666667
0.629999999999995, 6, 1, 0, 10, 0.0808080808080808
0.629750000000001, 12, 1, 4, 75, 0.204510284651682
0.629500000000007, 10, 1, 2, 4, 0.590909090909091
0.629499999999993, 10, 1, 2, 4, 0.590909090909091
0.629000000000005, 12, 1, 4, 72, 0.171932627919944
0.626136366936161, 14, 3, 0, 6, 0.026010101010101
0.626136366936161, 14, 3, 0, 6, 0.026010101010101
0.625, 15, 1, 0, 7, 0.0353535353535354
0.625, 15, 1, 0, 7, 0.0353535353535354
0.625, 12, 1, 0, 1, 0.00126262626262626
0.625, 12, 1, 0, 1, 0.00126262626262626
0.625, 11, 1, 0, 13, 0.170454545454545
0.625, 11, 1, 0, 13, 0.170454545454545
0.624000000000009, 10, 1, 0, 12, 0.132575757575758
0.620129153214587, 10, 6, 0, 13, 0.170454545454545
0.618666666666684, 16, 1, 1, 10, 0.240990990990991
0.617500000000007, 12, 1, 4, 58, 0.081739484313027
0.617499999999993, 12, 1, 4, 58, 0.081739484313027
0.614300686417725, 10, 3, 3, 3, 0.800505050505051
0.612376185520444, 11, 3, 4, 36, 0.0468471651172549
0.610468854424353, 12, 2, 0, 9, 0.0618686868686869
0.607207525967692, 10, 3, 1, 2, 0.0788288288288288
0.605000000000004, 12, 1, 4, 41, 0.0589841673467433
0.599000000000004, 10, 1, 3, 2, 0.400252525252525
0.599000000000004, 10, 1, 3, 2, 0.400252525252525
0.594999999999999, 19, 1, 1, 5, 0.141891891891892
0.594999999999999, 19, 1, 1, 5, 0.141891891891892
0.593498291675876, 11, 2, 4, 21, 0.0272340315353993
0.592837275914952, 9, 7, 4, 35, 0.0452335812040479
0.588666666666668, 12, 1, 0, 6, 0.026010101010101
0.583333333333343, 10, 1, 3, 3, 0.800505050505051
0.582666666666682, 18, 1, 4, 28, 0.0358931359772792
0.582666666666654, 11, 1, 0, 6, 0.026010101010101
0.582499999999953, 11, 4, 1, 13, 0.326576576576577
0.581391721073956, 8, 3, 1, 7, 0.184684684684685
0.579999999999998, 12, 1, 0, 1, 0.00126262626262626
0.579999999999998, 12, 1, 0, 1, 0.00126262626262626
0.579999999999998, 13, 1, 0, 10, 0.0808080808080808
0.579999999999984, 13, 1, 0, 7, 0.0353535353535354
0.579999999999984, 13, 1, 0, 10, 0.0808080808080808
0.578500000000005, 11, 1, 4, 73, 0.179360578437554
0.578499999999991, 11, 1, 4, 73, 0.179360578437554
0.575000000000003, 11, 1, 0, 6, 0.026010101010101
0.574999999999989, 11, 1, 0, 6, 0.026010101010101
0.572875804603397, 12, 3, 3, 1, 0.0997474747474748
0.570399470157152, 10, 2, 4, 34, 0.0437591097547004
0.570000000000007, 10, 1, 0, 7, 0.0353535353535354
0.569999999999993, 10, 1, 0, 7, 0.0353535353535354
0.56731720982894, 7, 8, 4, 44, 0.0639293827209357
0.565685424949266, 8, 2, 0, 14, 0.217171717171717
0.565000000000012, 9, 1, 0, 1, 0.00126262626262626
0.564999999999998, 9, 1, 0, 1, 0.00126262626262626
0.564999999999998, 9, 1, 0, 5, 0.0184343434343434
0.564999999999998, 9, 1, 0, 5, 0.0184343434343434
0.564879503375126, 7, 3, 4, 102, 0.786411515216059
0.561473136786942, 11, 3, 0, 4, 0.0126262626262626
0.5595, 11, 1, 4, 23, 0.0296164402178925
0.5595, 11, 1, 4, 23, 0.0296164402178925
0.558999999999998, 12, 1, 4, 45, 0.0660434784542375
0.558999999999998, 12, 1, 4, 45, 0.0660434784542375
0.557500000000005, 18, 1, 4, 16, 0.0186420699741554
0.555000000000007, 12, 1, 0, 1, 0.00126262626262626
0.555000000000007, 8, 1, 0, 1, 0.00126262626262626
0.554999999999993, 12, 1, 0, 1, 0.00126262626262626
0.554999999999993, 8, 1, 0, 1, 0.00126262626262626
0.553193205148271, 13, 2, 3, 3, 0.800505050505051
0.550000000000011, 11, 1, 0, 2, 0.00416666666666667
0.550000000000011, 12, 1, 0, 8, 0.0467171717171717
0.550000000000011, 12, 1, 0, 11, 0.103535353535354
0.549999999999997, 11, 1, 0, 2, 0.00416666666666667
0.549999999999997, 12, 1, 0, 11, 0.103535353535354
0.549186266721555, 12, 2, 0, 3, 0.00795454545454546
0.544499999999999, 11, 1, 0, 12, 0.132575757575758
0.543058007951249, 10, 2, 4, 50, 0.0708643200456854
0.542500000000018, 16, 1, 4, 72, 0.171932627919944
0.54249999999999, 16, 1, 4, 72, 0.171932627919944
0.542000000000002, 11, 1, 4, 37, 0.0486682110506046
0.542000000000002, 11, 1, 4, 37, 0.0486682110506046
0.541333333333341, 12, 1, 4, 57, 0.0798737051896258
0.53740115370179, 9, 2, 0, 8, 0.0467171717171717
0.537000000000035, 10, 4, 0, 1, 0.00126262626262626
0.535165602614952, 6, 5, 0, 1, 0.00126262626262626
0.53404899900046, 14, 3, 0, 11, 0.103535353535354
0.533999999999992, 11, 4, 0, 8, 0.0467171717171717
0.53315851301467, 11, 2, 2, 4, 0.590909090909091
0.53315851301465, 11, 2, 2, 4, 0.590909090909091
0.53031912754568, 5, 11, 3, 1, 0.0997474747474748
0.530000000000001, 12, 1, 4, 20, 0.0246350245742943
0.529999999999987, 12, 1, 4, 20, 0.0246350245742943
0.527973063285917, 12, 2, 0, 2, 0.00416666666666667
0.525857142857149, 10, 4, 1, 2, 0.0788288288288288
0.525388744962574, 9, 3, 4, 72, 0.171932627919944
0.523333333333341, 15, 1, 0, 9, 0.0618686868686869
0.523259018078052, 9, 2, 0, 9, 0.0618686868686869
0.521844804515672, 7, 2, 0, 5, 0.0184343434343434
0.520901995474058, 11, 2, 0, 1, 0.00126262626262626
0.52000000000001, 15, 1, 0, 8, 0.0467171717171717
0.519999999999982, 15, 1, 0, 8, 0.0467171717171717
0.518666666666661, 10, 1, 4, 29, 0.0366148142052202
0.515000000000015, 12, 1, 0, 4, 0.0126262626262626
0.515000000000015, 11, 1, 0, 1, 0.00126262626262626
0.514999999999986, 12, 1, 0, 4, 0.0126262626262626
0.514999999999986, 11, 1, 0, 1, 0.00126262626262626
0.514534559901793, 6, 3, 3, 3, 0.800505050505051
0.514499999999998, 11, 1, 3, 1, 0.0997474747474748
0.514499999999998, 11, 1, 3, 1, 0.0997474747474748
0.512500000000003, 10, 1, 1, 2, 0.0788288288288288
0.512499999999989, 10, 1, 1, 2, 0.0788288288288288
0.511473905058246, 11, 2, 0, 11, 0.103535353535354
0.510000000000019, 13, 1, 0, 8, 0.0467171717171717
0.510000000000019, 12, 1, 0, 7, 0.0353535353535354
0.509999999999991, 13, 1, 0, 8, 0.0467171717171717
0.509999999999991, 12, 1, 0, 7, 0.0353535353535354
0.508200000000016, 11, 4, 4, 45, 0.0660434784542375
0.507741908473729, 5, 12, 3, 1, 0.0997474747474748
0.507666666666665, 9, 1, 3, 2, 0.400252525252525
0.505000000000024, 13, 1, 0, 6, 0.026010101010101
0.50500000000001, 10, 1, 0, 10, 0.0808080808080808
0.504999999999995, 13, 1, 0, 6, 0.026010101010101
0.504999999999995, 10, 1, 0, 10, 0.0808080808080808
0.50333333333333, 15, 1, 3, 1, 0.0997474747474748
0.5, 13, 1, 0, 12, 0.132575757575758
0.5, 13, 1, 0, 12, 0.132575757575758
0.498500000000007, 11, 1, 4, 43, 0.0622011646212767
0.498499999999979, 11, 1, 4, 43, 0.0622011646212767
0.498000000000019, 16, 1, 4, 65, 0.0928774452980315
0.49799999999999, 16, 1, 4, 65, 0.0928774452980315
0.497331769434548, 13, 2, 0, 6, 0.026010101010101
0.49666666666667, 15, 1, 0, 8, 0.0467171717171717
0.496500000000012, 9, 1, 0, 16, 0.351010101010101
0.496499999999998, 9, 1, 0, 16, 0.351010101010101
0.495000000000005, 11, 1, 0, 1, 0.00126262626262626
0.495000000000005, 11, 1, 0, 1, 0.00126262626262626
0.495000000000005, 11, 1, 0, 1, 0.00126262626262626
0.495000000000005, 11, 1, 0, 10, 0.0808080808080808
0.49499999999999, 11, 1, 0, 1, 0.00126262626262626
0.49499999999999, 11, 1, 0, 10, 0.0808080808080808
0.490666666666655, 10, 1, 4, 30, 0.0378992342401869
0.490260701622669, 12, 2, 0, 10, 0.0808080808080808
0.490000000000009, 11, 1, 0, 1, 0.00126262626262626
0.490000000000009, 11, 1, 0, 1, 0.00126262626262626
0.488500000000016, 11, 1, 4, 26, 0.0338774705003143
0.488499999999988, 11, 1, 4, 26, 0.0338774705003143
0.487333333333339, 12, 1, 0, 8, 0.0467171717171717
0.48641760179226, 10, 3, 0, 9, 0.0618686868686869
0.485546656414723, 12, 2, 0, 7, 0.0353535353535354
0.484999999999999, 12, 1, 0, 10, 0.0808080808080808
0.484999999999999, 12, 1, 0, 10, 0.0808080808080808
0.484999999999999, 12, 1, 0, 14, 0.217171717171717
0.484999999999999, 12, 1, 0, 14, 0.217171717171717
0.484999999999999, 11, 1, 4, 35, 0.0452335812040479
0.484999999999999, 11, 1, 4, 35, 0.0452335812040479
0.477500000000006, 13, 1, 4, 55, 0.0776266165618163
0.477499999999992, 13, 1, 4, 55, 0.0776266165618163
0.475999999999999, 12, 1, 4, 11, 0.00893715698736393
0.475411459217761, 11, 2, 4, 56, 0.078725036164931
0.472994208033599, 10, 3, 2, 4, 0.590909090909091
0.472499999999997, 18, 1, 3, 1, 0.0997474747474748
0.472499999999997, 18, 1, 3, 1, 0.0997474747474748
0.469047498187092, 11, 2, 2, 5, 0.863636363636364
0.469047498187072, 13, 2, 0, 12, 0.132575757575758
0.466999999999999, 13, 1, 3, 3, 0.800505050505051
0.466999999999999, 10, 1, 4, 61, 0.084023548930301
0.466999999999999, 10, 1, 4, 61, 0.084023548930301
0.466690475583139, 8, 2, 0, 12, 0.132575757575758
0.466690475583139, 9, 2, 2, 5, 0.863636363636364
0.465747666541566, 16, 2, 4, 60, 0.0833233322906506
0.465000000000003, 15, 1, 0, 8, 0.0467171717171717
0.465000000000003, 15, 1, 0, 8, 0.0467171717171717
0.465000000000003, 11, 1, 3, 1, 0.0997474747474748
0.465000000000003, 11, 1, 3, 1, 0.0997474747474748
0.461151472463882, 16, 8, 0, 10, 0.0808080808080808
0.45608387386535, 12, 2, 0, 12, 0.132575757575758
0.45608387386531, 12, 2, 0, 12, 0.132575757575758
0.455000000000013, 13, 1, 0, 7, 0.0353535353535354
0.454999999999984, 13, 1, 0, 7, 0.0353535353535354
0.453333333333347, 14, 1, 4, 31, 0.0395255744388036
0.45150000000001, 13, 4, 0, 8, 0.0467171717171717
0.450000000000017, 12, 1, 0, 9, 0.0618686868686869
0.449999999999989, 15, 1, 0, 8, 0.0467171717171717
0.449999999999989, 15, 1, 0, 8, 0.0467171717171717
0.449248508313855, 12, 2, 1, 14, 0.353603603603604
0.448000000000008, 14, 1, 4, 19, 0.0217556379075293
0.447999999999993, 14, 1, 4, 19, 0.0217556379075293
0.446740272136206, 5, 6, 0, 7, 0.0353535353535354
0.446655783449498, 10, 2, 4, 13, 0.0149040473935306
0.445477272147482, 9, 2, 0, 14, 0.217171717171717
0.445000000000007, 12, 1, 0, 5, 0.0184343434343434
0.445000000000007, 11, 1, 0, 11, 0.103535353535354
0.445000000000007, 10, 1, 0, 12, 0.132575757575758
0.444999999999993, 13, 1, 0, 8, 0.0467171717171717
0.444999999999993, 13, 1, 0, 8, 0.0467171717171717
0.444999999999993, 12, 1, 0, 5, 0.0184343434343434
0.444999999999993, 11, 1, 0, 11, 0.103535353535354
0.444999999999993, 10, 1, 0, 12, 0.132575757575758
0.444770165366332, 12, 2, 4, 72, 0.171932627919944
0.441234631460402, 10, 2, 0, 12, 0.132575757575758
0.440000000000026, 12, 1, 0, 14, 0.217171717171717
0.439999999999998, 12, 1, 0, 14, 0.217171717171717
0.438999999999993, 12, 1, 4, 6, 0.00648491626136443
0.438999999999993, 12, 1, 4, 6, 0.00648491626136443
0.435000000000002, 12, 1, 0, 6, 0.026010101010101
0.435000000000002, 12, 1, 0, 6, 0.026010101010101
0.434999999999988, 11, 1, 4, 42, 0.0614175149797577
0.434870670429733, 11, 2, 0, 6, 0.026010101010101
0.434870670429733, 11, 2, 0, 6, 0.026010101010101
0.433999999999998, 14, 1, 3, 1, 0.0997474747474748
0.433999999999998, 14, 1, 3, 1, 0.0997474747474748
0.433015353418657, 11, 6, 4, 36, 0.0468471651172549
0.432291014055733, 14, 3, 0, 6, 0.026010101010101
0.430000000000007, 14, 1, 0, 6, 0.026010101010101
0.430000000000007, 14, 1, 0, 6, 0.026010101010101
0.429000000000002, 11, 1, 3, 1, 0.0997474747474748
0.429000000000002, 11, 1, 3, 1, 0.0997474747474748
0.427500000000009, 11, 1, 4, 12, 0.0115508595340253
0.427499999999995, 11, 1, 4, 12, 0.0115508595340253
0.42608449866196, 7, 3, 0, 5, 0.0184343434343434
0.4255, 10, 1, 4, 3, 0.000573791508306289
0.4255, 10, 1, 4, 3, 0.000573791508306289
0.424500000000009, 10, 1, 4, 66, 0.0931101613156405
0.424499999999995, 10, 1, 4, 66, 0.0931101613156405
0.424000000000007, 11, 1, 2, 4, 0.590909090909091
0.423999999999992, 11, 1, 2, 4, 0.590909090909091
0.423197747316014, 11, 3, 4, 89, 0.391602757964068
0.423000000000002, 11, 1, 4, 56, 0.078725036164931
0.423000000000002, 11, 1, 4, 56, 0.078725036164931
0.420500000000004, 19, 1, 4, 70, 0.136274845408473
0.420500000000004, 19, 1, 4, 70, 0.136274845408473
0.418145932460585, 10, 3, 2, 4, 0.590909090909091
0.417500000000004, 13, 1, 4, 50, 0.0708643200456854
0.41749999999999, 13, 1, 4, 50, 0.0708643200456854
0.416250191858472, 12, 2, 0, 6, 0.026010101010101
0.416000000000011, 12, 1, 2, 5, 0.863636363636364
0.41500000000002, 11, 1, 3, 2, 0.400252525252525
0.415000000000006, 11, 1, 0, 14, 0.217171717171717
0.414999999999992, 11, 1, 0, 14, 0.217171717171717
0.414999999999992, 11, 1, 3, 2, 0.400252525252525
0.413333333333327, 11, 1, 0, 12, 0.132575757575758
0.412500000000009, 10, 1, 3, 3, 0.800505050505051
0.412499999999994, 10, 1, 3, 3, 0.800505050505051
0.412478955692159, 10, 2, 3, 3, 0.800505050505051
0.412007551171373, 18, 2, 4, 28, 0.0358931359772792
0.412007551171373, 11, 2, 0, 6, 0.026010101010101
0.410121933088186, 13, 2, 0, 7, 0.0353535353535354
0.409333333333322, 10, 1, 4, 43, 0.0622011646212767
0.403333333333336, 12, 1, 0, 9, 0.0618686868686869
0.402492235949977, 10, 5, 0, 6, 0.026010101010101
0.400000000000006, 13, 1, 0, 5, 0.0184343434343434
0.396000000000001, 9, 1, 4, 79, 0.228732574440079
0.396000000000001, 9, 1, 4, 79, 0.228732574440079
0.388000000000005, 13, 1, 2, 4, 0.590909090909091
0.387999999999991, 13, 1, 2, 4, 0.590909090909091
0.387, 14, 1, 2, 5, 0.863636363636364
0.387, 14, 1, 2, 5, 0.863636363636364
0.385000000000019, 11, 1, 0, 14, 0.217171717171717
0.384999999999991, 11, 1, 0, 14, 0.217171717171717
0.384999999999991, 15, 1, 4, 57, 0.0798737051896258
0.382780470882303, 12, 2, 4, 57, 0.0798737051896258
0.38162852793436, 13, 3, 4, 29, 0.0366148142052202
0.38066666666667, 11, 1, 3, 3, 0.800505050505051
0.378500000000003, 12, 1, 4, 2, 0.000339506812356317
0.378500000000003, 12, 1, 4, 2, 0.000339506812356317
0.375, 13, 1, 0, 3, 0.00795454545454546
0.375, 13, 1, 0, 3, 0.00795454545454546
0.374500000000012, 12, 1, 4, 67, 0.0942557274601005
0.374500000000012, 12, 1, 4, 67, 0.0942557274601005
0.372390923627315, 8, 3, 0, 6, 0.026010101010101
0.370052548820945, 15, 2, 0, 9, 0.0618686868686869
0.370000000000005, 12, 1, 0, 3, 0.00795454545454546
0.369999999999976, 12, 1, 0, 3, 0.00795454545454546
0.368205860294955, 13, 5, 0, 13, 0.170454545454545
0.366752717175419, 10, 2, 4, 29, 0.0366148142052202
0.366666666666674, 13, 1, 0, 3, 0.00795454545454546
0.365999999999985, 10, 1, 1, 3, 0.105855855855856
0.365000000000009, 13, 1, 0, 7, 0.0353535353535354
0.365000000000009, 13, 1, 0, 4, 0.0126262626262626
0.364999999999981, 13, 1, 0, 7, 0.0353535353535354
0.364999999999981, 13, 1, 0, 4, 0.0126262626262626
0.364000000000004, 12, 1, 4, 84, 0.293759463138283
0.364000000000004, 12, 1, 4, 84, 0.293759463138283
0.3635863320222, 12, 3, 4, 75, 0.204510284651682
0.361000000000018, 10, 4, 0, 8, 0.0467171717171717
0.35897454258235, 9, 2, 3, 2, 0.400252525252525
0.355910413197227, 15, 2, 3, 1, 0.0997474747474748
0.355000000000004, 11, 1, 2, 4, 0.590909090909091
0.355000000000004, 11, 1, 2, 4, 0.590909090909091
0.353333333333353, 14, 1, 0, 9, 0.0618686868686869
0.351196367989321, 15, 2, 0, 8, 0.0467171717171717
0.349999999999994, 10, 1, 0, 19, 0.70959595959596
0.349999999999994, 10, 1, 0, 19, 0.70959595959596
0.349296912859726, 12, 3, 4, 41, 0.0589841673467433
0.347999999999999, 9, 1, 4, 32, 0.0409687585124503
0.347999999999999, 9, 1, 4, 32, 0.0409687585124503
0.347634034901941, 13, 5, 0, 11, 0.103535353535354
0.346953727302201, 10, 2, 4, 30, 0.0378992342401869
0.344596704698228, 12, 2, 0, 8, 0.0467171717171717
0.343600000000009, 17, 1, 3, 2, 0.400252525252525
0.342781102678877, 12, 3, 0, 7, 0.0353535353535354
0.340000000000003, 12, 1, 3, 2, 0.400252525252525
0.339999999999989, 12, 1, 3, 2, 0.400252525252525
0.336333333333329, 9, 1, 4, 21, 0.0272340315353993
0.332499999999996, 10, 1, 3, 3, 0.800505050505051
0.332499999999996, 10, 1, 3, 3, 0.800505050505051
0.330218866814107, 13, 2, 3, 3, 0.800505050505051
0.330000000000013, 13, 1, 0, 6, 0.026010101010101
0.329999999999984, 13, 1, 0, 6, 0.026010101010101
0.327500000000001, 10, 1, 4, 92, 0.455244555401909
0.327500000000001, 10, 1, 4, 92, 0.455244555401909
0.327500000000001, 12, 1, 4, 58, 0.081739484313027
0.327500000000001, 12, 1, 4, 58, 0.081739484313027
0.326000000000008, 12, 1, 2, 4, 0.590909090909091
0.325999999999993, 12, 1, 2, 4, 0.590909090909091
0.325000000000003, 10, 1, 0, 10, 0.0808080808080808
0.325000000000003, 10, 1, 0, 10, 0.0808080808080808
0.325000000000003, 11, 1, 4, 38, 0.0506681897441603
0.325000000000003, 11, 1, 4, 38, 0.0506681897441603
0.321872775073219, 18, 3, 4, 16, 0.0186420699741554
0.320555074137851, 14, 2, 4, 31, 0.0395255744388036
0.319999999999993, 11, 1, 0, 14, 0.217171717171717
0.319999999999993, 11, 1, 0, 14, 0.217171717171717
0.319500000000005, 12, 1, 0, 6, 0.026010101010101
0.318198051533938, 12, 2, 0, 9, 0.0618686868686869
0.317542648054276, 12, 3, 0, 8, 0.0467171717171717
0.31750000000001, 10, 1, 4, 65, 0.0928774452980315
0.317499999999995, 10, 1, 4, 65, 0.0928774452980315
0.315000000000012, 8, 1, 0, 11, 0.103535353535354
0.314999999999998, 12, 1, 0, 10, 0.0808080808080808
0.314999999999998, 12, 1, 0, 10, 0.0808080808080808
0.314999999999998, 8, 1, 0, 11, 0.103535353535354
0.314367221573751, 11, 3, 0, 12, 0.132575757575758
0.314238253559283, 14, 2, 4, 51, 0.0718603446010522
0.314000000000007, 11, 1, 3, 1, 0.0997474747474748
0.310000000000002, 12, 1, 0, 12, 0.132575757575758
0.310000000000002, 12, 1, 0, 12, 0.132575757575758
0.30759144981617, 11, 2, 4, 42, 0.0614175149797577
0.305000000000007, 13, 1, 0, 4, 0.0126262626262626
0.305000000000007, 12, 1, 4, 54, 0.0761223229857679
0.304999999999993, 13, 1, 0, 4, 0.0126262626262626
0.304999999999993, 12, 1, 4, 54, 0.0761223229857679
0.303333333333327, 9, 1, 4, 27, 0.0352394625411507
0.303333333333285, 9, 4, 1, 18, 0.475225225225225
0.302500000000009, 13, 1, 3, 2, 0.400252525252525
0.302499999999995, 13, 1, 3, 2, 0.400252525252525
0.300750000000008, 9, 1, 4, 55, 0.0776266165618163
0.300000000000011, 14, 1, 0, 7, 0.0353535353535354
0.300000000000011, 14, 1, 0, 7, 0.0353535353535354
0.296857142857107, 12, 4, 0, 7, 0.0353535353535354
0.296500000000009, 11, 1, 1, 10, 0.240990990990991
0.296500000000009, 11, 1, 4, 38, 0.0506681897441603
0.296499999999995, 11, 1, 1, 10, 0.240990990990991
0.296499999999995, 11, 1, 4, 38, 0.0506681897441603
0.294156420973602, 12, 2, 2, 5, 0.863636363636364
0.292270802890415, 11, 2, 0, 12, 0.132575757575758
0.29137263702249, 11, 6, 4, 25, 0.0319165363830463
0.290000000000006, 12, 1, 3, 1, 0.0997474747474748
0.289442375765716, 10, 2, 4, 43, 0.0622011646212767
0.286666666666662, 11, 1, 0, 7, 0.0353535353535354
0.285199735078556, 12, 2, 0, 9, 0.0618686868686869
0.283999999999992, 11, 1, 4, 48, 0.067745494454136
0.283999999999992, 11, 1, 4, 48, 0.067745494454136
0.282842712474603, 13, 2, 0, 5, 0.0184343434343434
0.280000000000001, 11, 1, 4, 40, 0.0550596271875607
0.280000000000001, 11, 1, 4, 40, 0.0550596271875607
0.276676144415944, 16, 5, 1, 10, 0.240990990990991
0.275000000000006, 11, 1, 0, 7, 0.0353535353535354
0.274999999999977, 11, 1, 0, 7, 0.0353535353535354
0.274818728134278, 12, 3, 4, 11, 0.00893715698736393
0.273650324319194, 13, 2, 1, 3, 0.105855855855856
0.273650324319194, 13, 2, 1, 3, 0.105855855855856
0.272943217537984, 14, 2, 0, 10, 0.0808080808080808
0.272236110756814, 15, 2, 4, 57, 0.0798737051896258
0.27000000000001, 10, 1, 0, 14, 0.217171717171717
0.27000000000001, 12, 1, 0, 11, 0.103535353535354
0.27000000000001, 12, 1, 0, 11, 0.103535353535354
0.269999999999982, 10, 1, 0, 14, 0.217171717171717
0.269171981371671, 11, 2, 3, 3, 0.800505050505051
0.262500000000017, 16, 1, 4, 24, 0.0306244453386102
0.260000000000019, 9, 1, 0, 13, 0.170454545454545
0.260000000000005, 12, 1, 0, 12, 0.132575757575758
0.260000000000005, 13, 1, 0, 8, 0.0467171717171717
0.260000000000005, 13, 1, 0, 8, 0.0467171717171717
0.259999999999991, 12, 1, 0, 12, 0.132575757575758
0.259999999999991, 14, 1, 3, 1, 0.0997474747474748
0.259999999999991, 14, 1, 3, 1, 0.0997474747474748
0.259999999999991, 12, 1, 0, 7, 0.0353535353535354
0.259999999999991, 9, 1, 0, 13, 0.170454545454545
0.259272486435073, 13, 2, 0, 3, 0.00795454545454546
0.258801081914306, 10, 2, 1, 3, 0.105855855855856
0.256574459627871, 14, 3, 4, 51, 0.0718603446010522
0.249844396019221, 14, 2, 0, 9, 0.0618686868686869
0.248500000000007, 12, 1, 4, 36, 0.0468471651172549
0.248499999999993, 12, 1, 4, 36, 0.0468471651172549
0.246000000000009, 17, 1, 1, 10, 0.240990990990991
0.245999999999981, 17, 1, 1, 10, 0.240990990990991
0.237823580739072, 9, 2, 4, 21, 0.0272340315353993
0.236999999999995, 13, 1, 4, 39, 0.051987603372886
0.229500000000002, 11, 1, 4, 5, 0.00604237658698964
0.229500000000002, 11, 1, 4, 5, 0.00604237658698964
0.225000000000009, 11, 1, 0, 7, 0.0353535353535354
0.224999999999994, 11, 1, 0, 7, 0.0353535353535354
0.22399999999999, 13, 1, 4, 41, 0.0589841673467433
0.222857203907234, 14, 3, 0, 10, 0.0808080808080808
0.222499999999997, 10, 1, 4, 58, 0.081739484313027
0.222499999999997, 10, 1, 4, 58, 0.081739484313027
0.222031529292571, 11, 2, 3, 1, 0.0997474747474748
0.22133333333332, 9, 1, 3, 1, 0.0997474747474748
0.214500000000001, 11, 1, 4, 43, 0.0622011646212767
0.214500000000001, 11, 1, 4, 43, 0.0622011646212767
0.214489056959966, 9, 8, 1, 18, 0.475225225225225
0.214489056959945, 9, 2, 4, 27, 0.0352394625411507
0.210000000000008, 11, 1, 0, 3, 0.00795454545454546
0.209000000000003, 9, 1, 4, 11, 0.00893715698736393
0.209000000000003, 13, 1, 1, 1, 0.0337837837837838
0.209000000000003, 13, 1, 1, 1, 0.0337837837837838
0.208999999999989, 9, 1, 4, 11, 0.00893715698736393
0.205250000000007, 18, 1, 4, 16, 0.0186420699741554
0.205060966544093, 12, 2, 3, 1, 0.0997474747474748
0.205000000000013, 15, 1, 0, 9, 0.0618686868686869
0.204999999999984, 15, 1, 0, 9, 0.0618686868686869
0.20270394394016, 11, 2, 0, 7, 0.0353535353535354
0.200000000000017, 12, 1, 0, 4, 0.0126262626262626
0.200000000000017, 14, 1, 0, 8, 0.0467171717171717
0.200000000000017, 16, 1, 4, 57, 0.0798737051896258
0.200000000000003, 10, 1, 0, 8, 0.0467171717171717
0.200000000000003, 10, 1, 0, 8, 0.0467171717171717
0.200000000000003, 11, 1, 0, 12, 0.132575757575758
0.200000000000003, 11, 1, 0, 12, 0.132575757575758
0.199999999999989, 12, 1, 0, 4, 0.0126262626262626
0.199999999999989, 14, 1, 0, 8, 0.0467171717171717
0.199999999999989, 16, 1, 4, 57, 0.0798737051896258
0.199999999999989, 14, 1, 0, 2, 0.00416666666666667
0.199999999999989, 14, 1, 0, 2, 0.00416666666666667
0.1995, 14, 1, 4, 37, 0.0486682110506046
0.1995, 14, 1, 4, 37, 0.0486682110506046
0.1995, 19, 1, 4, 70, 0.136274845408473
0.1995, 19, 1, 4, 70, 0.136274845408473
0.196666666666687, 19, 1, 4, 27, 0.0352394625411507
0.193999999999988, 9, 1, 0, 13, 0.170454545454545
0.192499999999995, 16, 1, 4, 52, 0.0736969911266934
0.192499999999995, 16, 1, 4, 52, 0.0736969911266934
0.190000000000026, 12, 1, 0, 6, 0.026010101010101
0.190000000000012, 9, 1, 0, 9, 0.0618686868686869
0.189999999999998, 9, 1, 0, 14, 0.217171717171717
0.189999999999998, 9, 1, 0, 14, 0.217171717171717
0.189999999999998, 12, 1, 0, 6, 0.026010101010101
0.189999999999998, 9, 1, 0, 9, 0.0618686868686869
0.185000000000002, 14, 1, 0, 7, 0.0353535353535354
0.185000000000002, 12, 1, 0, 10, 0.0808080808080808
0.185000000000002, 12, 1, 0, 10, 0.0808080808080808
0.184999999999988, 14, 1, 0, 7, 0.0353535353535354
0.184463411006055, 12, 3, 0, 6, 0.026010101010101
0.183847763108536, 12, 2, 0, 7, 0.0353535353535354
0.183000000000007, 11, 1, 3, 3, 0.800505050505051
0.182999999999993, 11, 1, 3, 3, 0.800505050505051
0.17363809345876, 9, 3, 4, 55, 0.0776266165618163
0.171799999999962, 17, 4, 3, 2, 0.400252525252525
0.166666666666671, 15, 1, 0, 12, 0.132575757575758
0.165000000000006, 14, 1, 0, 11, 0.103535353535354
0.164999999999992, 14, 1, 0, 11, 0.103535353535354
0.160000000000025, 12, 1, 0, 15, 0.275252525252525
0.159999999999997, 12, 1, 0, 15, 0.275252525252525
0.158999999999992, 13, 1, 4, 39, 0.051987603372886
0.158999999999992, 13, 1, 4, 39, 0.051987603372886
0.158500000000004, 13, 1, 2, 4, 0.590909090909091
0.158500000000004, 13, 1, 2, 4, 0.590909090909091
0.158391918985819, 13, 2, 4, 41, 0.0589841673467433
0.156506300902653, 9, 2, 3, 1, 0.0997474747474748
0.15556349186106, 18, 2, 0, 6, 0.026010101010101
0.15556349186102, 18, 2, 0, 6, 0.026010101010101
0.155000000000001, 16, 1, 0, 10, 0.0808080808080808
0.155000000000001, 16, 1, 0, 10, 0.0808080808080808
0.152500000000003, 10, 1, 4, 12, 0.0115508595340253
0.152500000000003, 10, 1, 4, 12, 0.0115508595340253
0.151554445662287, 16, 3, 4, 24, 0.0306244453386102
0.150000000000006, 12, 1, 0, 10, 0.0808080808080808
0.150000000000006, 11, 1, 0, 12, 0.132575757575758
0.150000000000006, 12, 1, 3, 1, 0.0997474747474748
0.150000000000006, 12, 1, 4, 57, 0.0798737051896258
0.150000000000006, 12, 1, 4, 57, 0.0798737051896258
0.149999999999991, 12, 1, 3, 1, 0.0997474747474748
0.149999999999977, 12, 1, 0, 10, 0.0808080808080808
0.148499999999999, 12, 1, 4, 43, 0.0622011646212767
0.148499999999999, 12, 1, 4, 43, 0.0622011646212767
0.14849242404916, 11, 2, 0, 3, 0.00795454545454546
0.147333333333336, 8, 1, 3, 1, 0.0997474747474748
0.146999999999991, 20, 1, 3, 2, 0.400252525252525
0.146999999999991, 20, 1, 3, 2, 0.400252525252525
0.14466666666668, 13, 1, 4, 78, 0.219710950157435
0.140000000000015, 9, 1, 0, 3, 0.00795454545454546
0.139999999999986, 9, 1, 0, 3, 0.00795454545454546
0.139064333633348, 19, 2, 4, 27, 0.0352394625411507
0.136832013797955, 13, 3, 4, 39, 0.051987603372886
0.135000000000019, 14, 1, 0, 12, 0.132575757575758
0.134999999999991, 14, 1, 0, 12, 0.132575757575758
0.132999999999996, 13, 1, 2, 4, 0.590909090909091
0.132999999999996, 13, 1, 2, 4, 0.590909090909091
0.132666666666665, 19, 1, 4, 28, 0.0358931359772792
0.130000000000024, 16, 1, 0, 12, 0.132575757575758
0.13000000000001, 10, 1, 0, 7, 0.0353535353535354
0.129999999999995, 16, 1, 0, 12, 0.132575757575758
0.129999999999995, 10, 1, 0, 7, 0.0353535353535354
0.125, 11, 1, 0, 11, 0.103535353535354
0.125, 11, 1, 0, 11, 0.103535353535354
0.125, 11, 1, 0, 3, 0.00795454545454546
0.125, 11, 1, 0, 3, 0.00795454545454546
0.120000000000005, 13, 1, 0, 9, 0.0618686868686869
0.120000000000005, 13, 1, 0, 9, 0.0618686868686869
0.120000000000005, 13, 1, 0, 8, 0.0467171717171717
0.120000000000005, 13, 1, 0, 8, 0.0467171717171717
0.118501142751142, 18, 3, 4, 16, 0.0186420699741554
0.117851130197751, 15, 2, 0, 12, 0.132575757575758
0.117000000000004, 10, 1, 4, 24, 0.0306244453386102
0.11699999999999, 10, 1, 4, 24, 0.0306244453386102
0.112005952222814, 9, 3, 0, 13, 0.170454545454545
0.109999999999985, 12, 1, 0, 2, 0.00416666666666667
0.106066017177966, 11, 2, 0, 12, 0.132575757575758
0.106000000000009, 12, 1, 3, 1, 0.0997474747474748
0.105000000000018, 12, 1, 0, 12, 0.132575757575758
0.105000000000004, 13, 1, 0, 13, 0.170454545454545
0.10499999999999, 12, 1, 0, 12, 0.132575757575758
0.10499999999999, 13, 1, 0, 13, 0.170454545454545
0.1041803990948, 8, 2, 3, 1, 0.0997474747474748
0.102294781011633, 13, 2, 4, 78, 0.219710950157435
0.0970000000000084, 12, 1, 3, 1, 0.0997474747474748
0.0969999999999942, 12, 1, 3, 1, 0.0997474747474748
0.0938094996374345, 19, 2, 4, 28, 0.0358931359772792
0.0915000000000106, 10, 1, 4, 86, 0.339097714835584
0.0914999999999964, 10, 1, 4, 86, 0.339097714835584
0.0899999999999892, 8, 1, 0, 11, 0.103535353535354
0.0833333333333144, 10, 1, 3, 3, 0.800505050505051
0.0800000000000125, 13, 1, 0, 3, 0.00795454545454546
0.0799999999999841, 13, 1, 0, 3, 0.00795454545454546
0.0777817459305701, 12, 2, 0, 2, 0.00416666666666667
0.0749533188057702, 12, 2, 3, 1, 0.0997474747474748
0.0700000000000074, 12, 1, 0, 12, 0.132575757575758
0.0699999999999932, 12, 1, 0, 12, 0.132575757575758
0.069500000000005, 8, 1, 4, 3, 0.000573791508306289
0.069500000000005, 8, 1, 4, 3, 0.000573791508306289
0.0680000000000121, 11, 1, 4, 10, 0.00844094610403909
0.0680000000000121, 14, 1, 4, 37, 0.0486682110506046
0.0680000000000121, 14, 1, 4, 37, 0.0486682110506046
0.0669999999999931, 14, 1, 3, 2, 0.400252525252525
0.0669999999999931, 14, 1, 3, 2, 0.400252525252525
0.0649999999999977, 12, 1, 0, 2, 0.00416666666666667
0.0649999999999977, 12, 1, 0, 2, 0.00416666666666667
0.0649999999999977, 11, 1, 0, 10, 0.0808080808080808
0.0649999999999977, 11, 1, 0, 10, 0.0808080808080808
0.0636396103068118, 8, 2, 0, 11, 0.103535353535354
0.0600000000000023, 11, 1, 0, 10, 0.0808080808080808
0.0600000000000023, 11, 1, 0, 10, 0.0808080808080808
0.0600000000000023, 12, 1, 0, 7, 0.0353535353535354
0.0600000000000023, 12, 1, 0, 7, 0.0353535353535354
0.0600000000000023, 9, 1, 0, 15, 0.275252525252525
0.0599999999999881, 9, 1, 0, 15, 0.275252525252525
0.0589255650988857, 10, 2, 3, 3, 0.800505050505051
0.0550000000000068, 12, 1, 0, 2, 0.00416666666666667
0.0550000000000068, 12, 1, 0, 2, 0.00416666666666667
0.0550000000000068, 9, 1, 0, 3, 0.00795454545454546
0.0549999999999926, 9, 1, 0, 3, 0.00795454545454546
0.0525000000000091, 7, 1, 3, 3, 0.800505050505051
0.0524999999999949, 7, 1, 3, 3, 0.800505050505051
0.0510000000000161, 12, 1, 3, 1, 0.0997474747474748
0.0509999999999877, 12, 1, 3, 1, 0.0997474747474748
0.0504999999999995, 12, 1, 4, 86, 0.339097714835584
0.0500000000000114, 13, 1, 0, 11, 0.103535353535354
0.0499999999999972, 8, 1, 0, 2, 0.00416666666666667
0.0499999999999829, 13, 1, 0, 11, 0.103535353535354
0.0490000000000066, 18, 1, 4, 16, 0.0186420699741554
0.0490000000000066, 18, 1, 4, 16, 0.0186420699741554
0.0490000000000066, 13, 1, 4, 84, 0.293759463138283
0.0489999999999924, 13, 1, 4, 84, 0.293759463138283
0.04849999999999, 15, 1, 3, 1, 0.0997474747474748
0.04849999999999, 15, 1, 3, 1, 0.0997474747474748
0.0480832611206335, 11, 2, 4, 10, 0.00844094610403909
0.0480000000000018, 20, 1, 3, 2, 0.400252525252525
0.0480000000000018, 20, 1, 3, 2, 0.400252525252525
0.0459999999999923, 10, 1, 3, 1, 0.0997474747474748
0.0459999999999923, 10, 1, 3, 1, 0.0997474747474748
0.0400000000000063, 16, 1, 0, 11, 0.103535353535354
0.039999999999992, 16, 1, 0, 11, 0.103535353535354
0.0395000000000039, 14, 1, 1, 1, 0.0337837837837838
0.0394999999999897, 14, 1, 1, 1, 0.0337837837837838
0.0370000000000061, 8, 1, 3, 1, 0.0997474747474748
0.0369999999999919, 8, 1, 3, 1, 0.0997474747474748
0.0360000000000014, 15, 1, 2, 5, 0.863636363636364
0.0353553390593354, 8, 2, 0, 2, 0.00416666666666667
0.0335000000000036, 12, 1, 1, 10, 0.240990990990991
0.0335000000000036, 12, 1, 1, 10, 0.240990990990991
0.0324999999999989, 11, 1, 4, 92, 0.455244555401909
0.0324999999999989, 11, 1, 4, 92, 0.455244555401909
0.0291561885940594, 12, 3, 4, 86, 0.339097714835584
0.0254558441227569, 15, 2, 2, 5, 0.863636363636364
0.0250000000000057, 15, 1, 0, 9, 0.0618686868686869
0.0250000000000057, 15, 1, 0, 9, 0.0618686868686869
0.0180000000000007, 17, 1, 4, 16, 0.0186420699741554
0.0180000000000007, 9, 1, 3, 1, 0.0997474747474748
0.0180000000000007, 9, 1, 3, 1, 0.0997474747474748
0.0150000000000148, 13, 1, 0, 3, 0.00795454545454546
0.0149999999999864, 13, 1, 0, 3, 0.00795454545454546
0.0127279220613382, 17, 2, 4, 16, 0.0186420699741554
0.0100000000000193, 16, 1, 0, 6, 0.026010101010101
0.00999999999999091, 16, 1, 0, 6, 0.026010101010101
0.00799999999999557, 9, 1, 4, 90, 0.412079181780135
0.00799999999999557, 9, 1, 4, 90, 0.412079181780135
0.00650000000000261, 11, 1, 4, 56, 0.078725036164931
0.0064999999999884, 11, 1, 4, 56, 0.078725036164931
0.00600000000000023, 13, 1, 3, 1, 0.0997474747474748
0.00600000000000023, 13, 1, 3, 1, 0.0997474747474748
0.00500000000000966, 12, 1, 0, 4, 0.0126262626262626
0.00500000000000966, 13, 1, 0, 10, 0.0808080808080808
0.00500000000000966, 8, 1, 0, 6, 0.026010101010101
0.00500000000000966, 11, 1, 0, 12, 0.132575757575758
0.00499999999999545, 16, 1, 0, 10, 0.0808080808080808
0.00499999999999545, 16, 1, 0, 10, 0.0808080808080808
0.00499999999999545, 12, 1, 0, 4, 0.0126262626262626
0.00499999999999545, 9, 1, 0, 12, 0.132575757575758
0.00499999999999545, 9, 1, 0, 12, 0.132575757575758
0.00499999999999545, 14, 1, 0, 6, 0.026010101010101
0.00499999999999545, 14, 1, 0, 6, 0.026010101010101
0.00499999999999545, 13, 1, 0, 10, 0.0808080808080808
0.00499999999999545, 8, 1, 0, 6, 0.026010101010101
0.00499999999999545, 12, 1, 3, 1, 0.0997474747474748
0.00499999999999545, 12, 1, 3, 1, 0.0997474747474748
0.00499999999999545, 11, 1, 0, 12, 0.132575757575758
0.000500000000016598, 12, 1, 4, 67, 0.0942557274601005
0.000499999999988177, 12, 1, 4, 67, 0.0942557274601005
