norm, level, Npoints, dimSplit, MainGridIndexSplit
3873.63452479736, 0, 962, -1, -1, -1
78.77302117983, 1, 256, 0, 13, 0.170454545454545
71.8153192708119, 2, 67, 4, 19, 0.0217556379075293
53.7487992196646, 2, 55, 4, 99, 0.6623678444522
47.4345881747056, 1, 706, 0, 13, 0.170454545454545
42.758611589206, 2, 189, 4, 19, 0.0217556379075293
28.5322054057477, 5, 19, 4, 84, 0.293759463138283
27.76828493233, 3, 20, 0, 9, 0.0618686868686869
27.0997169453236, 3, 160, 4, 81, 0.26159379994883
25.2358076901061, 5, 143, 2, 4, 0.590909090909091
23.7009017001101, 4, 149, 3, 3, 0.800505050505051
21.5346413590507, 4, 51, 0, 9, 0.0618686868686869
21.3923595689365, 5, 199, 2, 4, 0.590909090909091
21.2539495411547, 3, 93, 0, 15, 0.275252525252525
21.171183727186, 5, 39, 1, 10, 0.240990990990991
21.1711837271858, 5, 39, 1, 10, 0.240990990990991
20.990850361636, 3, 35, 0, 9, 0.0618686868686869
20.9192207551134, 3, 96, 0, 15, 0.275252525252525
19.5212186782951, 4, 15, 2, 1, 0.0454545454545454
18.7027481781383, 6, 7, 4, 97, 0.601622068566827
18.1456485673955, 8, 14, 2, 2, 0.181818181818182
18.0679871959624, 3, 32, 0, 16, 0.351010101010101
17.9262105263158, 6, 9, 0, 5, 0.0184343434343434
17.7419989846455, 8, 22, 0, 10, 0.0808080808080808
17.2763001677613, 3, 35, 0, 16, 0.351010101010101
17.0826571428572, 4, 16, 4, 6, 0.00648491626136443
17.0062965236531, 6, 10, 0, 5, 0.0184343434343434
16.5940283874954, 8, 8, 0, 8, 0.0467171717171717
16.5940283874953, 8, 8, 0, 8, 0.0467171717171717
16.5205104166667, 4, 9, 2, 1, 0.0454545454545454
16.1272807218075, 5, 15, 1, 13, 0.326576576576577
16.1134261219776, 9, 12, 4, 66, 0.0931101613156405
16.0104513792069, 9, 7, 1, 10, 0.240990990990991
15.6761212995511, 4, 19, 4, 6, 0.00648491626136443
15.6438970844631, 4, 342, 3, 3, 0.800505050505051
15.6228267534694, 2, 651, 4, 99, 0.6623678444522
15.6128503169933, 8, 12, 0, 5, 0.0184343434343434
15.6128503169931, 8, 12, 0, 5, 0.0184343434343434
15.4697751010007, 3, 491, 4, 81, 0.26159379994883
15.2331958961944, 7, 5, 2, 2, 0.181818181818182
15.15, 8, 4, 0, 9, 0.0618686868686869
15.0689111111112, 6, 25, 2, 5, 0.863636363636364
14.8158600139948, 8, 21, 2, 2, 0.181818181818182
14.7302284534213, 4, 109, 0, 9, 0.0618686868686869
14.6025245118595, 9, 21, 0, 4, 0.0126262626262626
14.1135764395537, 4, 11, 2, 2, 0.181818181818182
13.8326185046027, 6, 24, 2, 3, 0.363636363636364
13.6878796708082, 5, 20, 2, 1, 0.0454545454545454
13.6373571810221, 6, 76, 1, 8, 0.202702702702703
13.5505719436487, 8, 5, 0, 9, 0.0618686868686869
13.4919174027662, 6, 13, 0, 11, 0.103535353535354
13.1096436772497, 5, 90, 4, 84, 0.293759463138283
12.801252649749, 6, 41, 1, 22, 0.632882882882883
12.6944444444445, 10, 4, 0, 6, 0.026010101010101
12.4076861679229, 9, 6, 0, 5, 0.0184343434343434
12.3892926829267, 7, 9, 3, 2, 0.400252525252525
12.1806052251328, 9, 21, 4, 66, 0.0931101613156405
12.1663340621775, 7, 5, 4, 93, 0.471038215796977
12.1252805376724, 7, 23, 0, 8, 0.0467171717171717
12.0428987688761, 7, 8, 2, 2, 0.181818181818182
11.7734357142858, 4, 16, 0, 4, 0.0126262626262626
11.7097158730158, 6, 49, 1, 22, 0.632882882882883
11.5443667310078, 6, 2, 2, 3, 0.363636363636364
11.3542562857489, 10, 5, 0, 6, 0.026010101010101
11.1418537398216, 5, 65, 1, 11, 0.272522522522523
11.1166958026893, 9, 5, 0, 6, 0.026010101010101
10.994369523285, 5, 31, 2, 1, 0.0454545454545454
10.9901329555237, 6, 47, 2, 5, 0.863636363636364
10.8430279208506, 9, 8, 1, 18, 0.475225225225225
10.8364658145131, 6, 18, 4, 35, 0.0452335812040479
10.8040455782829, 4, 19, 0, 4, 0.0126262626262626
10.7197450321168, 6, 123, 1, 8, 0.202702702702703
10.630289794968, 5, 2, 0, 20, 0.898989898989899
10.2499972624369, 5, 6, 4, 103, 0.865041948010276
10.2146566943834, 4, 21, 2, 2, 0.181818181818182
10.0326178615743, 6, 21, 4, 35, 0.0452335812040479
10.0181918697249, 8, 69, 0, 10, 0.0808080808080808
9.94936805585857, 5, 6, 3, 3, 0.800505050505051
9.80109251039492, 5, 84, 1, 11, 0.272522522522523
9.66982665408229, 4, 8, 4, 103, 0.865041948010276
9.65866209302595, 9, 48, 0, 4, 0.0126262626262626
9.61095237866678, 9, 10, 0, 5, 0.0184343434343434
9.53592225519704, 7, 15, 0, 17, 0.444444444444444
9.43485663484967, 8, 33, 0, 10, 0.0808080808080808
9.40658898925436, 8, 15, 1, 6, 0.164414414414414
9.36079247615148, 7, 35, 0, 5, 0.0184343434343434
9.32039633563579, 6, 3, 1, 24, 0.743243243243243
9.310494810461, 7, 24, 2, 2, 0.181818181818182
9.10272916666669, 7, 9, 4, 70, 0.136274845408473
9.09477612031045, 7, 21, 0, 10, 0.0808080808080808
8.96178281264276, 12, 3, 3, 2, 0.400252525252525
8.86526417479415, 6, 5, 4, 99, 0.6623678444522
8.83595178198769, 8, 17, 1, 6, 0.164414414414414
8.75177562124708, 9, 6, 0, 7, 0.0353535353535354
8.74851609574742, 6, 60, 2, 3, 0.363636363636364
8.74740948421306, 6, 32, 4, 97, 0.601622068566827
8.72376100628921, 8, 9, 2, 3, 0.363636363636364
8.69122622425919, 11, 2, 4, 88, 0.375097158937352
8.6198432343537, 7, 28, 2, 2, 0.181818181818182
8.56062069422251, 4, 78, 2, 1, 0.0454545454545454
8.50597091613071, 9, 13, 1, 18, 0.475225225225225
8.49741666666654, 10, 16, 0, 8, 0.0467171717171717
8.47896605331885, 10, 3, 4, 77, 0.212750155497395
8.37992246384173, 9, 2, 3, 1, 0.0997474747474748
8.31161538461541, 11, 4, 2, 3, 0.363636363636364
8.30157142857152, 10, 4, 4, 65, 0.0928774452980315
8.21247174814548, 5, 7, 4, 14, 0.0167757737040485
8.18450000000001, 11, 1, 4, 88, 0.375097158937352
8.1845, 11, 1, 4, 88, 0.375097158937352
8.17835901316075, 11, 3, 2, 2, 0.181818181818182
8.10256977884995, 9, 7, 0, 7, 0.0353535353535354
7.9876270435423, 7, 53, 0, 8, 0.0467171717171717
7.90673636843926, 9, 5, 1, 15, 0.38963963963964
7.89538040122193, 4, 12, 4, 103, 0.865041948010276
7.82156250638725, 9, 5, 0, 7, 0.0353535353535354
7.70674735712571, 5, 10, 3, 3, 0.800505050505051
7.50793399133087, 6, 11, 4, 91, 0.438747575486957
7.49487478121892, 9, 11, 0, 6, 0.026010101010101
7.44350000000006, 5, 4, 1, 23, 0.698198198198198
7.42652495148503, 9, 2, 0, 10, 0.0808080808080808
7.39740000000003, 9, 4, 0, 17, 0.444444444444444
7.3610628687937, 5, 72, 1, 13, 0.326576576576577
7.30820852412574, 8, 55, 0, 10, 0.0808080808080808
7.27399999999999, 9, 1, 0, 8, 0.0467171717171717
7.14007703280819, 9, 6, 0, 7, 0.0353535353535354
7.02423624584895, 7, 15, 4, 93, 0.471038215796977
6.96350190018143, 5, 13, 4, 103, 0.865041948010276
6.95926467475791, 11, 3, 3, 2, 0.400252525252525
6.91879906542061, 7, 16, 1, 13, 0.326576576576577
6.82239247055034, 5, 5, 3, 3, 0.800505050505051
6.81751693581084, 12, 3, 2, 2, 0.181818181818182
6.74595870138346, 6, 52, 0, 11, 0.103535353535354
6.67374113021163, 7, 39, 0, 10, 0.0808080808080808
6.64986058999146, 7, 24, 4, 93, 0.471038215796977
6.62536287015827, 13, 7, 0, 7, 0.0353535353535354
6.57255753112897, 8, 2, 4, 69, 0.110861739138859
6.57041465265223, 7, 32, 3, 2, 0.400252525252525
6.53130963555975, 11, 2, 0, 2, 0.00416666666666667
6.52879965723362, 7, 32, 0, 17, 0.444444444444444
6.51550612244897, 7, 25, 4, 93, 0.471038215796977
6.459100327574, 9, 6, 4, 91, 0.438747575486957
6.45910032757397, 9, 6, 4, 91, 0.438747575486957
6.35797812739476, 8, 17, 4, 42, 0.0614175149797577
6.29112345141882, 8, 3, 0, 16, 0.351010101010101
6.28649999999999, 9, 4, 4, 3, 0.000573791508306289
6.27237890476051, 5, 12, 4, 14, 0.0167757737040485
6.26868841500715, 6, 10, 4, 99, 0.6623678444522
6.25545228098413, 7, 2, 4, 90, 0.412079181780135
6.14362655766122, 6, 2, 1, 24, 0.743243243243243
6.1140921129688, 9, 48, 1, 10, 0.240990990990991
6.10163167357717, 6, 7, 1, 24, 0.743243243243243
6.06222846562117, 8, 2, 0, 18, 0.558080808080808
6.03995180775473, 9, 6, 0, 17, 0.444444444444444
6.037495269088, 10, 2, 4, 47, 0.0673431543170252
6.00858094756762, 10, 32, 0, 8, 0.0467171717171717
6.00769509878784, 8, 10, 1, 18, 0.475225225225225
5.90414285714286, 12, 4, 2, 2, 0.181818181818182
5.90344203559807, 7, 88, 0, 5, 0.0184343434343434
5.8968945826059, 6, 5, 2, 1, 0.0454545454545454
5.8933333333334, 9, 9, 1, 15, 0.38963963963964
5.84302083333338, 13, 9, 0, 7, 0.0353535353535354
5.83752447552456, 6, 36, 3, 2, 0.400252525252525
5.78297311718416, 11, 6, 2, 2, 0.181818181818182
5.77514151515097, 11, 7, 0, 3, 0.00795454545454546
5.77218336550398, 6, 8, 2, 3, 0.363636363636364
5.76299999999998, 10, 4, 0, 6, 0.026010101010101
5.73280000000001, 13, 1, 0, 12, 0.132575757575758
5.69415071552312, 7, 23, 4, 70, 0.136274845408473
5.69200000000001, 7, 1, 0, 5, 0.0184343434343434
5.69134859252762, 6, 6, 3, 3, 0.800505050505051
5.65565453826957, 10, 10, 0, 9, 0.0618686868686869
5.62697906276365, 6, 5, 1, 23, 0.698198198198198
5.62394429224433, 12, 5, 0, 12, 0.132575757575758
5.58897477898654, 8, 22, 4, 42, 0.0614175149797577
5.56803287077219, 6, 20, 4, 91, 0.438747575486957
5.56115913177184, 7, 2, 3, 2, 0.400252525252525
5.55573797978272, 10, 2, 0, 2, 0.00416666666666667
5.54107692307687, 11, 9, 2, 3, 0.363636363636364
5.52250396106694, 9, 2, 0, 5, 0.0184343434343434
5.49384865525756, 10, 3, 4, 80, 0.244079764845808
5.41389595280095, 10, 3, 0, 6, 0.026010101010101
5.40500000000002, 8, 1, 0, 6, 0.026010101010101
5.405, 8, 1, 0, 6, 0.026010101010101
5.31355388988832, 4, 87, 2, 1, 0.0454545454545454
5.29142857142857, 13, 1, 4, 80, 0.244079764845808
5.26909716394346, 8, 13, 1, 18, 0.475225225225225
5.26334932576201, 5, 8, 1, 23, 0.698198198198198
5.23225000000001, 11, 1, 3, 1, 0.0997474747474748
5.20703577903059, 8, 7, 2, 2, 0.181818181818182
5.19335121634877, 12, 7, 0, 6, 0.026010101010101
5.19014216632528, 8, 6, 1, 3, 0.105855855855856
5.18600000000001, 10, 1, 0, 6, 0.026010101010101
5.18537500000014, 8, 16, 3, 3, 0.800505050505051
5.18537499999979, 8, 16, 3, 3, 0.800505050505051
5.16999999999999, 10, 1, 0, 11, 0.103535353535354
5.16750000000002, 10, 1, 4, 71, 0.160308462840372
5.16749999999999, 10, 1, 4, 71, 0.160308462840372
5.14749999999999, 9, 1, 0, 8, 0.0467171717171717
5.13634046950594, 9, 8, 4, 27, 0.0352394625411507
5.0751111111111, 10, 1, 4, 80, 0.244079764845808
5.07012510680353, 11, 3, 0, 11, 0.103535353535354
5.0528428087563, 7, 5, 0, 8, 0.0467171717171717
5.01788180016388, 11, 6, 4, 88, 0.375097158937352
5.01625007882715, 6, 3, 1, 24, 0.743243243243243
4.98715162525997, 10, 3, 0, 8, 0.0467171717171717
4.98209981040459, 6, 3, 0, 18, 0.558080808080808
4.89533333333331, 10, 9, 4, 77, 0.212750155497395
4.84258823529417, 9, 9, 4, 27, 0.0352394625411507
4.83183005330423, 11, 10, 0, 3, 0.00795454545454546
4.82415997984223, 5, 10, 3, 3, 0.800505050505051
4.76949057377551, 12, 3, 3, 2, 0.400252525252525
4.76577272727269, 9, 9, 4, 52, 0.0736969911266934
4.75133333333334, 11, 1, 2, 1, 0.0454545454545454
4.7343888888889, 8, 4, 0, 14, 0.217171717171717
4.73395918727403, 5, 5, 4, 15, 0.0180125300509641
4.70771491863105, 10, 8, 1, 10, 0.240990990990991
4.70546979588654, 10, 6, 0, 6, 0.026010101010101
4.68857142857149, 10, 4, 0, 6, 0.026010101010101
4.63422565356536, 7, 3, 3, 1, 0.0997474747474748
4.61833333333328, 11, 4, 0, 2, 0.00416666666666667
4.61425, 10, 1, 0, 10, 0.0808080808080808
4.61055555555558, 9, 4, 0, 11, 0.103535353535354
4.59200000000003, 7, 9, 1, 13, 0.326576576576577
4.57817112832276, 7, 3, 1, 23, 0.698198198198198
4.57000000000002, 11, 1, 0, 5, 0.0184343434343434
4.55816666666664, 5, 4, 4, 14, 0.0167757737040485
4.55590816475872, 11, 7, 3, 2, 0.400252525252525
4.55149999999999, 12, 1, 4, 54, 0.0761223229857679
4.54669660302951, 10, 2, 0, 10, 0.0808080808080808
4.53467578774934, 9, 8, 4, 96, 0.578309095069458
4.53353894441679, 8, 6, 2, 4, 0.590909090909091
4.50910560237096, 9, 3, 0, 5, 0.0184343434343434
4.50844444444448, 5, 4, 4, 81, 0.26159379994883
4.508363294882, 7, 3, 4, 88, 0.375097158937352
4.48305699272271, 9, 2, 0, 3, 0.00795454545454546
4.48305699272271, 9, 2, 0, 3, 0.00795454545454546
4.44851754610331, 6, 8, 1, 23, 0.698198198198198
4.42083159597826, 6, 2, 4, 102, 0.786411515216059
4.41249597725708, 9, 6, 0, 5, 0.0184343434343434
4.41128565443229, 9, 2, 3, 2, 0.400252525252525
4.41128565443229, 9, 2, 3, 2, 0.400252525252525
4.40425000000002, 9, 4, 4, 96, 0.578309095069458
4.40424999999996, 9, 4, 4, 96, 0.578309095069458
4.39528571428573, 6, 9, 2, 1, 0.0454545454545454
4.3908571428571, 11, 4, 0, 11, 0.103535353535354
4.37082488955944, 7, 10, 2, 4, 0.590909090909091
4.33762869805866, 10, 2, 0, 6, 0.026010101010101
4.32149372196482, 5, 6, 4, 15, 0.0180125300509641
4.31899999999999, 10, 4, 0, 8, 0.0467171717171717
4.27533333333336, 9, 9, 4, 96, 0.578309095069458
4.25551686967926, 10, 5, 4, 80, 0.244079764845808
4.24971175493118, 10, 2, 0, 9, 0.0618686868686869
4.24971175493114, 10, 2, 0, 9, 0.0618686868686869
4.23773333333318, 8, 9, 1, 3, 0.105855855855856
4.23712499999999, 6, 1, 0, 10, 0.0808080808080808
4.23456615499011, 8, 5, 0, 14, 0.217171717171717
4.205, 11, 1, 0, 10, 0.0808080808080808
4.16741801633858, 7, 11, 2, 4, 0.590909090909091
4.1575934545818, 12, 7, 0, 5, 0.0184343434343434
4.13193333333336, 9, 4, 4, 38, 0.0506681897441603
4.12380625450466, 9, 5, 0, 11, 0.103535353535354
4.11212901062211, 12, 5, 0, 11, 0.103535353535354
4.11212901062211, 12, 5, 0, 11, 0.103535353535354
4.08990562238299, 11, 2, 0, 2, 0.00416666666666667
4.0324753002236, 5, 5, 4, 81, 0.26159379994883
4.02685363042452, 10, 17, 4, 65, 0.0928774452980315
4.02050000000001, 11, 1, 3, 3, 0.800505050505051
4.0205, 11, 1, 3, 3, 0.800505050505051
4.0178718802903, 5, 14, 0, 20, 0.898989898989899
4.0133571428571, 7, 4, 3, 1, 0.0997474747474748
4.00999999999999, 12, 1, 0, 4, 0.0126262626262626
4.00081016795346, 11, 2, 0, 4, 0.0126262626262626
3.99232488657926, 11, 2, 0, 4, 0.0126262626262626
3.96648750990152, 12, 12, 0, 6, 0.026010101010101
3.9653626004745, 9, 13, 4, 52, 0.0736969911266934
3.9591475599153, 9, 5, 4, 75, 0.204510284651682
3.94546936617222, 8, 44, 2, 3, 0.363636363636364
3.92849999999996, 10, 4, 0, 2, 0.00416666666666667
3.91579999999999, 9, 1, 1, 25, 0.835585585585586
3.90440000000001, 10, 4, 0, 10, 0.0808080808080808
3.88056578947374, 12, 16, 3, 2, 0.400252525252525
3.85251059120825, 8, 8, 0, 16, 0.351010101010101
3.83408992953412, 8, 5, 0, 18, 0.558080808080808
3.7946678598616, 8, 6, 4, 69, 0.110861739138859
3.75333333333334, 12, 1, 0, 5, 0.0184343434343434
3.74761525506556, 9, 10, 3, 1, 0.0997474747474748
3.73849289509379, 8, 6, 1, 25, 0.835585585585586
3.73580581034831, 11, 19, 2, 2, 0.181818181818182
3.73580581034819, 11, 19, 2, 2, 0.181818181818182
3.72586224737703, 6, 14, 3, 3, 0.800505050505051
3.71236223088929, 10, 3, 0, 10, 0.0808080808080808
3.69303542069727, 10, 13, 1, 10, 0.240990990990991
3.682, 6, 1, 4, 87, 0.357350407816721
3.67961111111117, 9, 4, 4, 34, 0.0437591097547004
3.67618161402012, 7, 3, 1, 8, 0.202702702702703
3.65574205873446, 10, 2, 0, 11, 0.103535353535354
3.65000000000001, 12, 1, 0, 12, 0.132575757575758
3.65000000000001, 12, 1, 0, 12, 0.132575757575758
3.64555972108536, 8, 2, 4, 100, 0.705914182813912
3.63700000000003, 9, 4, 0, 8, 0.0467171717171717
3.6345, 11, 1, 0, 2, 0.00416666666666667
3.62466666666667, 7, 1, 3, 2, 0.400252525252525
3.58, 11, 1, 0, 19, 0.70959595959596
3.578, 11, 1, 0, 4, 0.0126262626262626
3.54629764249081, 10, 2, 0, 5, 0.0184343434343434
3.54623610721636, 7, 5, 1, 23, 0.698198198198198
3.52216212597698, 9, 6, 1, 5, 0.141891891891892
3.51868421052632, 8, 4, 0, 12, 0.132575757575758
3.5, 9, 1, 0, 12, 0.132575757575758
3.5, 9, 1, 0, 12, 0.132575757575758
3.47707974535464, 7, 2, 4, 1, 0.000100050649348366
3.46482322781409, 9, 2, 0, 7, 0.0353535353535354
3.46482322781407, 9, 2, 0, 7, 0.0353535353535354
3.44666666666667, 13, 1, 0, 7, 0.0353535353535354
3.44413043478266, 8, 16, 2, 2, 0.181818181818182
3.4322830338994, 10, 5, 3, 2, 0.400252525252525
3.40118361750734, 12, 2, 0, 3, 0.00795454545454546
3.39500000000001, 9, 1, 0, 10, 0.0808080808080808
3.38600874971149, 6, 107, 3, 2, 0.400252525252525
3.38500000000001, 10, 1, 4, 71, 0.160308462840372
3.37253912752191, 12, 6, 3, 2, 0.400252525252525
3.37, 12, 1, 0, 8, 0.0467171717171717
3.36999999999998, 12, 1, 0, 8, 0.0467171717171717
3.35970001967767, 11, 2, 2, 1, 0.0454545454545454
3.34999999999999, 11, 1, 0, 18, 0.558080808080808
3.33939395699279, 11, 3, 0, 2, 0.00416666666666667
3.3125, 6, 1, 0, 10, 0.0808080808080808
3.30840000000001, 7, 1, 0, 18, 0.558080808080808
3.29114423008312, 9, 5, 4, 34, 0.0437591097547004
3.28333333333333, 10, 1, 0, 6, 0.026010101010101
3.26664782307494, 11, 3, 0, 4, 0.0126262626262626
3.25971961984464, 11, 3, 0, 4, 0.0126262626262626
3.25884197862775, 10, 6, 1, 9, 0.227477477477477
3.25333333333334, 10, 1, 0, 18, 0.558080808080808
3.24703433920862, 11, 2, 3, 2, 0.400252525252525
3.24118053338595, 10, 5, 4, 98, 0.624936765886549
3.24118053338588, 10, 5, 4, 98, 0.624936765886549
3.22238430243702, 8, 3, 4, 86, 0.339097714835584
3.18792925057419, 10, 6, 0, 10, 0.0808080808080808
3.17955614923254, 6, 2, 0, 17, 0.444444444444444
3.16668087937878, 9, 11, 0, 10, 0.0808080808080808
3.16666666666666, 14, 1, 0, 12, 0.132575757575758
3.15841028929997, 12, 2, 0, 11, 0.103535353535354
3.15369624409201, 10, 2, 0, 11, 0.103535353535354
3.13323140234822, 10, 6, 3, 2, 0.400252525252525
3.13300000000001, 7, 1, 4, 104, 0.952055328905477
3.12998097050766, 9, 8, 4, 75, 0.204510284651682
3.12600000000003, 6, 4, 4, 102, 0.786411515216059
3.11142857142855, 11, 1, 0, 8, 0.0467171717171717
3.09000000000003, 9, 4, 1, 7, 0.184684684684685
3.08949999999997, 13, 1, 4, 80, 0.244079764845808
3.06716666666671, 10, 4, 0, 6, 0.026010101010101
3.06302408926676, 11, 7, 0, 9, 0.0618686868686869
3.05822437589746, 12, 3, 0, 2, 0.00416666666666667
3.05822437589741, 12, 3, 0, 2, 0.00416666666666667
3.05246666666659, 8, 9, 1, 25, 0.835585585585586
3.03301668676952, 9, 2, 4, 43, 0.0622011646212767
3.02999999999999, 12, 1, 0, 12, 0.132575757575758
3.026, 9, 1, 4, 35, 0.0452335812040479
3.02439671838931, 11, 2, 3, 3, 0.800505050505051
3.02084094596742, 11, 3, 3, 1, 0.0997474747474748
3.0016682861369, 11, 2, 0, 7, 0.0353535353535354
3.00166828613686, 11, 2, 0, 7, 0.0353535353535354
2.99000000000004, 10, 1, 0, 5, 0.0184343434343434
2.98545633029351, 10, 7, 4, 6, 0.00648491626136443
2.97658704783402, 8, 3, 4, 100, 0.705914182813912
2.97536391387677, 10, 2, 0, 6, 0.026010101010101
2.97256459205989, 7, 7, 3, 2, 0.400252525252525
2.9719105106536, 9, 3, 0, 8, 0.0467171717171717
2.96766666666667, 11, 1, 0, 12, 0.132575757575758
2.96407889956613, 12, 18, 0, 12, 0.132575757575758
2.95733333333331, 9, 4, 0, 16, 0.351010101010101
2.94884848484848, 7, 9, 4, 90, 0.412079181780135
2.92999999999999, 7, 1, 0, 8, 0.0467171717171717
2.91966031129191, 7, 3, 0, 14, 0.217171717171717
2.90661760354478, 7, 11, 1, 1, 0.0337837837837838
2.90620887067672, 11, 2, 0, 2, 0.00416666666666667
2.90333333333334, 11, 1, 0, 8, 0.0467171717171717
2.90128956156837, 10, 38, 0, 9, 0.0618686868686869
2.90114885944262, 7, 91, 1, 13, 0.326576576576577
2.88150000000002, 5, 4, 1, 23, 0.698198198198198
2.88150000000002, 5, 4, 1, 23, 0.698198198198198
2.87641666666663, 6, 9, 0, 18, 0.558080808080808
2.86726178508668, 8, 15, 2, 4, 0.590909090909091
2.8664, 13, 4, 0, 12, 0.132575757575758
2.8575951573541, 13, 3, 2, 1, 0.0454545454545454
2.857595157354, 13, 3, 2, 1, 0.0454545454545454
2.846, 7, 4, 0, 5, 0.0184343434343434
2.83974083324519, 11, 2, 0, 8, 0.0467171717171717
2.83549819255805, 12, 2, 0, 4, 0.0126262626262626
2.83305777091352, 7, 3, 1, 22, 0.632882882882883
2.83125555187095, 9, 2, 2, 2, 0.181818181818182
2.83125555187091, 9, 2, 2, 2, 0.181818181818182
2.81687771398685, 12, 2, 3, 2, 0.400252525252525
2.80173125896987, 8, 13, 2, 3, 0.363636363636364
2.79223906717605, 10, 5, 4, 95, 0.534067194388448
2.78906956130539, 8, 8, 0, 6, 0.026010101010101
2.75973428672641, 9, 3, 0, 12, 0.132575757575758
2.75973428672639, 9, 3, 0, 12, 0.132575757575758
2.75676505677056, 14, 3, 4, 67, 0.0942557274601005
2.75250000000001, 6, 1, 0, 12, 0.132575757575758
2.74587788026587, 13, 3, 0, 2, 0.00416666666666667
2.73266666666666, 12, 1, 4, 88, 0.375097158937352
2.72825505131029, 9, 10, 1, 5, 0.141891891891892
2.71266666666662, 10, 4, 0, 16, 0.351010101010101
2.7055, 8, 1, 4, 87, 0.357350407816721
2.7055, 8, 1, 4, 87, 0.357350407816721
2.70249999999999, 12, 1, 0, 6, 0.026010101010101
2.70209090909111, 9, 16, 0, 5, 0.0184343434343434
2.70133333333334, 11, 9, 0, 9, 0.0618686868686869
2.68411111111109, 12, 4, 2, 5, 0.863636363636364
2.68333333333332, 13, 1, 2, 3, 0.363636363636364
2.68179200038583, 10, 3, 0, 12, 0.132575757575758
2.68179200038581, 10, 3, 0, 12, 0.132575757575758
2.67666666666666, 10, 1, 0, 10, 0.0808080808080808
2.67121371706237, 9, 2, 2, 3, 0.363636363636364
2.66788176974867, 12, 17, 0, 5, 0.0184343434343434
2.66403847960823, 10, 3, 0, 10, 0.0808080808080808
2.66100739069496, 12, 3, 0, 8, 0.0467171717171717
2.65400745205349, 12, 2, 0, 5, 0.0184343434343434
2.6511924361187, 7, 27, 1, 13, 0.326576576576577
2.63749999999999, 12, 1, 0, 5, 0.0184343434343434
2.62780975021658, 12, 3, 4, 54, 0.0761223229857679
2.62572318080607, 9, 2, 0, 11, 0.103535353535354
2.62232492265925, 10, 3, 0, 14, 0.217171717171717
2.60826985589215, 8, 15, 2, 3, 0.363636363636364
2.60333333333332, 7, 1, 0, 15, 0.275252525252525
2.60075000000001, 10, 1, 4, 97, 0.601622068566827
2.59945294814688, 7, 6, 1, 8, 0.202702702702703
2.59299999999996, 10, 4, 0, 6, 0.026010101010101
2.59205366913647, 7, 19, 0, 8, 0.0467171717171717
2.5876839065079, 10, 3, 3, 2, 0.400252525252525
2.5809397513309, 12, 2, 0, 2, 0.00416666666666667
2.57644113383444, 7, 14, 1, 1, 0.0337837837837838
2.5743966327264, 10, 11, 4, 47, 0.0673431543170252
2.56425203129491, 9, 2, 3, 3, 0.800505050505051
2.56302637954081, 7, 2, 3, 2, 0.400252525252525
2.5489538717326, 10, 6, 4, 95, 0.534067194388448
2.53533136394438, 7, 8, 3, 2, 0.400252525252525
2.5325881951052, 11, 3, 4, 39, 0.051987603372886
2.53144227664787, 6, 2, 0, 11, 0.103535353535354
2.53144227664785, 11, 2, 0, 19, 0.70959595959596
2.53144227664783, 6, 2, 0, 11, 0.103535353535354
2.52850000000001, 7, 4, 0, 14, 0.217171717171717
2.52456027707648, 9, 3, 4, 98, 0.624936765886549
2.5242881422294, 10, 10, 1, 9, 0.227477477477477
2.5209770962863, 11, 2, 1, 10, 0.240990990990991
2.50695454545456, 10, 4, 0, 11, 0.103535353535354
2.49537983080736, 14, 2, 4, 80, 0.244079764845808
2.49164955007805, 9, 11, 4, 38, 0.0506681897441603
2.46644405414005, 6, 6, 2, 1, 0.0454545454545454
2.45074371524499, 11, 8, 1, 6, 0.164414414414414
2.43716137248963, 13, 2, 0, 7, 0.0353535353535354
2.43333333333334, 12, 1, 0, 7, 0.0353535353535354
2.43000000000001, 7, 1, 0, 16, 0.351010101010101
2.42999999999999, 7, 1, 0, 16, 0.351010101010101
2.42775788194236, 11, 3, 0, 10, 0.0808080808080808
2.42628282678579, 10, 5, 0, 16, 0.351010101010101
2.4256, 11, 1, 2, 4, 0.590909090909091
2.41476965775207, 11, 2, 0, 6, 0.026010101010101
2.41476965775203, 11, 2, 0, 6, 0.026010101010101
2.41266666666668, 12, 1, 4, 70, 0.136274845408473
2.40499999999997, 12, 4, 0, 3, 0.00795454545454546
2.4007419614428, 12, 5, 2, 5, 0.863636363636364
2.39666666666668, 8, 1, 0, 3, 0.00795454545454546
2.39355645431646, 10, 2, 4, 71, 0.160308462840372
2.38742857142853, 14, 4, 4, 67, 0.0942557274601005
2.37800000000001, 13, 4, 0, 2, 0.00416666666666667
2.37616162749925, 8, 2, 4, 61, 0.084023548930301
2.37290960636935, 11, 3, 0, 2, 0.00416666666666667
2.36880771697493, 11, 2, 0, 18, 0.558080808080808
2.36136260098559, 9, 3, 0, 11, 0.103535353535354
2.36136260098556, 9, 3, 0, 11, 0.103535353535354
2.36092958828366, 7, 3, 3, 1, 0.0997474747474748
2.35666132022215, 10, 3, 2, 5, 0.863636363636364
2.35441594370936, 7, 11, 4, 88, 0.375097158937352
2.343, 8, 1, 3, 3, 0.800505050505051
2.343, 8, 1, 3, 3, 0.800505050505051
2.32839999999999, 7, 1, 3, 1, 0.0997474747474748
2.328, 8, 1, 3, 3, 0.800505050505051
2.32166726489581, 10, 2, 0, 6, 0.026010101010101
2.31863868106552, 11, 3, 0, 8, 0.0467171717171717
2.315, 11, 1, 0, 3, 0.00795454545454546
2.315, 11, 1, 0, 3, 0.00795454545454546
2.30507094973963, 12, 3, 0, 4, 0.0126262626262626
2.30507094973955, 12, 3, 0, 4, 0.0126262626262626
2.30045406146021, 10, 2, 0, 18, 0.558080808080808
2.29190736360206, 12, 3, 1, 4, 0.128378378378378
2.28499999999997, 11, 4, 0, 5, 0.0184343434343434
2.27856979184232, 8, 6, 4, 86, 0.339097714835584
2.26766931010671, 7, 10, 3, 2, 0.400252525252525
2.2655701269217, 7, 2, 1, 20, 0.560810810810811
2.26185714285714, 9, 1, 4, 33, 0.042748691282689
2.25878190182231, 10, 2, 4, 71, 0.160308462840372
2.25875390352605, 8, 5, 0, 11, 0.103535353535354
2.25802765458906, 7, 2, 0, 10, 0.0808080808080808
2.25708484554746, 8, 2, 0, 18, 0.558080808080808
2.25708484554744, 8, 2, 0, 18, 0.558080808080808
2.24700000000001, 10, 1, 4, 45, 0.0660434784542375
2.24653954574104, 11, 10, 2, 2, 0.181818181818182
2.24100000000001, 10, 4, 3, 2, 0.400252525252525
2.23917147375741, 14, 2, 0, 12, 0.132575757575758
2.23333333333333, 7, 1, 0, 5, 0.0184343434343434
2.23333333333329, 12, 4, 0, 11, 0.103535353535354
2.23112392515244, 12, 2, 4, 55, 0.0776266165618163
2.22999999999999, 10, 4, 0, 11, 0.103535353535354
2.22620784943565, 10, 2, 0, 2, 0.00416666666666667
2.22500000000001, 8, 1, 0, 16, 0.351010101010101
2.22499999999999, 8, 1, 0, 16, 0.351010101010101
2.22466666666666, 13, 1, 4, 37, 0.0486682110506046
2.21299999999999, 9, 4, 0, 18, 0.558080808080808
2.21299999999997, 9, 4, 0, 18, 0.558080808080808
2.21103560303963, 5, 17, 4, 14, 0.0167757737040485
2.20836363636363, 10, 4, 4, 21, 0.0272340315353993
2.20488964803362, 8, 11, 2, 1, 0.0454545454545454
2.20334473017727, 10, 2, 1, 18, 0.475225225225225
2.19377250095836, 9, 7, 0, 8, 0.0467171717171717
2.19328571428574, 11, 4, 4, 39, 0.051987603372886
2.1925, 13, 1, 0, 7, 0.0353535353535354
2.1755318634506, 10, 2, 0, 2, 0.00416666666666667
2.17280000000001, 11, 1, 0, 3, 0.00795454545454546
2.16021666839739, 13, 6, 4, 80, 0.244079764845808
2.15700000000001, 10, 1, 4, 62, 0.0856939327900282
2.157, 10, 1, 4, 62, 0.0856939327900282
2.14466666666667, 9, 4, 4, 43, 0.0622011646212767
2.14253354699526, 12, 2, 0, 12, 0.132575757575758
2.14133333333334, 13, 1, 0, 11, 0.103535353535354
2.14, 10, 1, 0, 12, 0.132575757575758
2.13999999999999, 10, 1, 0, 12, 0.132575757575758
2.13970511987048, 9, 2, 4, 35, 0.0452335812040479
2.13633333333334, 8, 1, 3, 1, 0.0997474747474748
2.1258036911562, 6, 3, 4, 87, 0.357350407816721
2.12500000000001, 16, 1, 0, 8, 0.0467171717171717
2.125, 16, 1, 0, 8, 0.0467171717171717
2.12345146299664, 11, 5, 2, 1, 0.0454545454545454
2.11999999999999, 11, 1, 0, 4, 0.0126262626262626
2.11945283819513, 6, 3, 1, 23, 0.698198198198198
2.11945283819513, 6, 3, 1, 23, 0.698198198198198
2.11598873657997, 10, 3, 0, 9, 0.0618686868686869
2.11598873657992, 10, 3, 0, 9, 0.0618686868686869
2.11224999999999, 10, 1, 3, 1, 0.0997474747474748
2.11142084862298, 11, 2, 0, 2, 0.00416666666666667
2.10899999999999, 10, 1, 0, 7, 0.0353535353535354
2.10732848254214, 12, 3, 0, 2, 0.00416666666666667
2.09845722430128, 11, 2, 0, 12, 0.132575757575758
2.0983795533697, 11, 3, 0, 2, 0.00416666666666667
2.096, 12, 1, 4, 34, 0.0437591097547004
2.09599999999999, 12, 1, 4, 34, 0.0437591097547004
2.09370301618925, 9, 3, 3, 3, 0.800505050505051
2.08, 10, 1, 0, 4, 0.0126262626262626
2.08, 10, 1, 0, 4, 0.0126262626262626
2.07182286887661, 7, 2, 0, 8, 0.0467171717171717
2.06616601462711, 8, 2, 4, 28, 0.0358931359772792
2.06475180106475, 10, 2, 4, 68, 0.0971476980300399
2.06195077469013, 8, 6, 0, 11, 0.103535353535354
2.06120746165935, 12, 5, 0, 8, 0.0467171717171717
2.05836917971483, 11, 3, 1, 10, 0.240990990990991
2.05428442656031, 8, 3, 2, 5, 0.863636363636364
2.05296668804495, 11, 2, 0, 8, 0.0467171717171717
2.04092857142859, 10, 4, 2, 5, 0.863636363636364
2.03124415076084, 10, 5, 0, 14, 0.217171717171717
2.02820348622716, 8, 13, 2, 1, 0.0454545454545454
2.01300000000001, 11, 1, 2, 3, 0.363636363636364
2.01092787599384, 6, 5, 0, 17, 0.444444444444444
2.00449999999999, 13, 1, 4, 68, 0.0971476980300399
1.99183333333332, 12, 4, 3, 2, 0.400252525252525
1.98999999999999, 11, 1, 0, 2, 0.00416666666666667
1.98796585106483, 9, 40, 4, 3, 0.000573791508306289
1.97670462895279, 8, 10, 2, 5, 0.863636363636364
1.97500000000002, 13, 1, 0, 8, 0.0467171717171717
1.97499999999999, 13, 1, 0, 8, 0.0467171717171717
1.96814285714285, 11, 1, 4, 4, 0.00326307504602002
1.96431882086385, 8, 3, 4, 50, 0.0708643200456854
1.96010416389877, 9, 3, 0, 10, 0.0808080808080808
1.94666666666666, 8, 1, 0, 4, 0.0126262626262626
1.94333333333333, 9, 1, 0, 8, 0.0467171717171717
1.94012784458478, 8, 3, 4, 61, 0.084023548930301
1.93843711008434, 11, 6, 2, 1, 0.0454545454545454
1.93605836688877, 10, 2, 0, 10, 0.0808080808080808
1.93322993976401, 9, 2, 0, 14, 0.217171717171717
1.93252283298282, 10, 2, 4, 28, 0.0358931359772792
1.93228713072245, 12, 2, 4, 88, 0.375097158937352
1.91970907661969, 10, 6, 2, 5, 0.863636363636364
1.91531656797396, 11, 2, 0, 11, 0.103535353535354
1.91333333333334, 11, 1, 0, 7, 0.0353535353535354
1.91328593451161, 8, 17, 0, 6, 0.026010101010101
1.91279643560983, 11, 5, 3, 3, 0.800505050505051
1.91247276669062, 6, 3, 0, 10, 0.0808080808080808
1.91033333333334, 14, 1, 4, 77, 0.212750155497395
1.89740319618391, 13, 2, 2, 3, 0.363636363636364
1.89733333333336, 10, 1, 1, 10, 0.240990990990991
1.89557582424635, 10, 7, 0, 5, 0.0184343434343434
1.89507950726158, 10, 7, 0, 11, 0.103535353535354
1.892689150976, 10, 2, 0, 10, 0.0808080808080808
1.88825, 8, 1, 4, 88, 0.375097158937352
1.88666666666666, 7, 1, 3, 3, 0.800505050505051
1.87991021150835, 8, 3, 4, 29, 0.0366148142052202
1.87467614981012, 11, 6, 3, 2, 0.400252525252525
1.87454007692554, 10, 2, 3, 3, 0.800505050505051
1.87454007692552, 10, 2, 3, 3, 0.800505050505051
1.866, 11, 1, 4, 95, 0.534067194388448
1.86334010949049, 9, 11, 1, 7, 0.184684684684685
1.85857730194408, 7, 7, 4, 1, 0.000100050649348366
1.85666666666665, 9, 4, 0, 11, 0.103535353535354
1.85467166905626, 7, 7, 1, 22, 0.632882882882883
1.85033333333334, 12, 1, 2, 3, 0.363636363636364
1.84983026248356, 7, 3, 1, 20, 0.560810810810811
1.84428769989935, 10, 3, 4, 71, 0.160308462840372
1.84116666666667, 10, 1, 4, 32, 0.0409687585124503
1.84083465368903, 7, 2, 0, 15, 0.275252525252525
1.83544175886175, 9, 10, 0, 8, 0.0467171717171717
1.83, 14, 1, 0, 14, 0.217171717171717
1.83, 14, 1, 0, 14, 0.217171717171717
1.82876819539825, 7, 5, 3, 1, 0.0997474747474748
1.82158965624738, 6, 11, 2, 1, 0.0454545454545454
1.8170407130574, 8, 15, 0, 12, 0.132575757575758
1.81666666666666, 13, 1, 0, 3, 0.00795454545454546
1.81133333333334, 13, 1, 3, 1, 0.0997474747474748
1.81, 12, 1, 0, 5, 0.0184343434343434
1.806, 13, 1, 4, 65, 0.0928774452980315
1.79902343879488, 10, 3, 1, 18, 0.475225225225225
1.79666666666667, 9, 1, 0, 2, 0.00416666666666667
1.7954855387889, 10, 2, 1, 5, 0.141891891891892
1.79432274097094, 10, 8, 4, 80, 0.244079764845808
1.78921428571431, 8, 4, 4, 56, 0.078725036164931
1.78899999999999, 11, 4, 0, 4, 0.0126262626262626
1.78544462249606, 13, 2, 0, 4, 0.0126262626262626
1.78544462249602, 13, 2, 0, 4, 0.0126262626262626
1.78513369143502, 9, 6, 4, 98, 0.624936765886549
1.78399999999999, 7, 1, 1, 8, 0.202702702702703
1.78372365666134, 13, 3, 4, 80, 0.244079764845808
1.78333909939598, 9, 11, 0, 16, 0.351010101010101
1.77887863095643, 11, 2, 0, 11, 0.103535353535354
1.77730524885035, 10, 7, 2, 5, 0.863636363636364
1.76839999999997, 9, 1, 2, 2, 0.181818181818182
1.768, 7, 1, 1, 21, 0.56981981981982
1.76300000000001, 11, 1, 0, 18, 0.558080808080808
1.74000000000001, 8, 1, 0, 14, 0.217171717171717
1.7342972319902, 6, 2, 4, 18, 0.0200336255683399
1.72396790380025, 11, 3, 0, 2, 0.00416666666666667
1.72062650088725, 12, 2, 0, 7, 0.0353535353535354
1.71900000000001, 8, 1, 4, 51, 0.0718603446010522
1.71899999999999, 8, 1, 4, 51, 0.0718603446010522
1.715, 7, 1, 0, 15, 0.275252525252525
1.71499999999999, 7, 1, 0, 15, 0.275252525252525
1.71261262403384, 15, 2, 4, 70, 0.136274845408473
1.7126126240338, 15, 2, 4, 70, 0.136274845408473
1.70766287656553, 10, 2, 4, 22, 0.0286232599694077
1.70766287656551, 10, 2, 4, 22, 0.0286232599694077
1.70524999999999, 8, 1, 0, 12, 0.132575757575758
1.69507637586039, 13, 2, 3, 1, 0.0997474747474748
1.69469925224376, 8, 2, 0, 3, 0.00795454545454546
1.69333333333333, 10, 1, 0, 12, 0.132575757575758
1.69325000000001, 10, 1, 0, 19, 0.70959595959596
1.68998520703584, 9, 2, 2, 2, 0.181818181818182
1.68998520703584, 9, 2, 2, 2, 0.181818181818182
1.68000000000001, 12, 1, 0, 5, 0.0184343434343434
1.66936599606183, 10, 7, 4, 21, 0.0272340315353993
1.66250000000002, 11, 4, 3, 2, 0.400252525252525
1.66249999999999, 10, 1, 0, 5, 0.0184343434343434
1.66249999999997, 11, 4, 3, 2, 0.400252525252525
1.65633333333334, 13, 1, 0, 2, 0.00416666666666667
1.6542, 7, 4, 0, 18, 0.558080808080808
1.65120000000002, 8, 1, 4, 21, 0.0272340315353993
1.65109433407061, 8, 2, 0, 17, 0.444444444444444
1.65109433407057, 8, 2, 0, 17, 0.444444444444444
1.65000000000001, 11, 1, 0, 3, 0.00795454545454546
1.64999999999999, 10, 1, 0, 8, 0.0467171717171717
1.64999999999999, 10, 1, 0, 8, 0.0467171717171717
1.64899999999999, 9, 1, 2, 3, 0.363636363636364
1.64614458660228, 8, 2, 3, 3, 0.800505050505051
1.64328320368098, 10, 3, 3, 1, 0.0997474747474748
1.62669915011965, 10, 2, 3, 3, 0.800505050505051
1.62669915011965, 10, 2, 3, 3, 0.800505050505051
1.61972993701737, 14, 3, 0, 7, 0.0353535353535354
1.61761998421553, 7, 3, 4, 83, 0.284343083536879
1.61220346110535, 10, 2, 0, 11, 0.103535353535354
1.61220346110535, 10, 2, 0, 11, 0.103535353535354
1.61078924754295, 10, 2, 3, 1, 0.0997474747474748
1.61078924754295, 10, 2, 3, 1, 0.0997474747474748
1.60206451839134, 12, 3, 1, 2, 0.0788288288288288
1.6014827176992, 6, 7, 0, 10, 0.0808080808080808
1.59666666666666, 7, 4, 0, 10, 0.0808080808080808
1.59599999999995, 13, 4, 3, 1, 0.0997474747474748
1.59124187448828, 8, 5, 2, 5, 0.863636363636364
1.58915661594445, 6, 3, 0, 12, 0.132575757575758
1.5807850370412, 10, 3, 0, 10, 0.0808080808080808
1.58049636190662, 9, 3, 4, 78, 0.219710950157435
1.57920514464995, 7, 2, 0, 5, 0.0184343434343434
1.57847563596446, 9, 3, 0, 14, 0.217171717171717
1.575, 10, 1, 0, 19, 0.70959595959596
1.575, 10, 1, 0, 19, 0.70959595959596
1.57416666666666, 10, 4, 0, 2, 0.00416666666666667
1.57307688587968, 13, 2, 4, 37, 0.0486682110506046
1.56500000000001, 12, 1, 0, 4, 0.0126262626262626
1.565, 12, 1, 0, 4, 0.0126262626262626
1.56028910248497, 12, 3, 0, 6, 0.026010101010101
1.55969999999998, 10, 1, 0, 4, 0.0126262626262626
1.5513922779233, 11, 2, 4, 22, 0.0286232599694077
1.55139227792328, 11, 2, 4, 22, 0.0286232599694077
1.54999999999998, 12, 1, 0, 3, 0.00795454545454546
1.54225000000001, 12, 1, 4, 92, 0.455244555401909
1.53833333333333, 10, 4, 0, 2, 0.00416666666666667
1.53475, 11, 1, 0, 7, 0.0353535353535354
1.53375, 12, 1, 4, 39, 0.051987603372886
1.52660846028164, 13, 6, 2, 5, 0.863636363636364
1.5245222202382, 12, 2, 4, 5, 0.00604237658698964
1.5245222202382, 12, 2, 4, 5, 0.00604237658698964
1.52276133498768, 12, 3, 0, 5, 0.0184343434343434
1.52266666666667, 9, 1, 4, 102, 0.786411515216059
1.52249999999998, 11, 1, 0, 4, 0.0126262626262626
1.51606324369935, 8, 17, 2, 5, 0.863636363636364
1.51500000000001, 12, 1, 0, 6, 0.026010101010101
1.51499999999999, 12, 1, 0, 6, 0.026010101010101
1.5141513207808, 13, 2, 0, 11, 0.103535353535354
1.51333333333332, 12, 1, 0, 4, 0.0126262626262626
1.5015437125949, 10, 3, 4, 97, 0.601622068566827
1.50040556850472, 12, 7, 1, 4, 0.128378378378378
1.4990663761155, 11, 2, 0, 4, 0.0126262626262626
1.49666666666667, 10, 1, 0, 12, 0.132575757575758
1.49128820152241, 10, 2, 0, 7, 0.0353535353535354
1.49000000000001, 10, 1, 0, 17, 0.444444444444444
1.48999999999998, 10, 1, 0, 17, 0.444444444444444
1.48768195693834, 10, 8, 0, 6, 0.026010101010101
1.48492424049177, 11, 2, 0, 14, 0.217171717171717
1.48492424049173, 11, 2, 0, 14, 0.217171717171717
1.48299999999999, 8, 1, 3, 1, 0.0997474747474748
1.48132430917321, 11, 23, 2, 2, 0.181818181818182
1.47573185233632, 10, 2, 1, 9, 0.227477477477477
1.47573185233632, 10, 2, 1, 9, 0.227477477477477
1.46600780352628, 10, 3, 1, 5, 0.141891891891892
1.4525, 11, 1, 4, 43, 0.0622011646212767
1.44766666666668, 11, 1, 0, 17, 0.444444444444444
1.446, 10, 1, 0, 11, 0.103535353535354
1.44070821704697, 14, 6, 4, 80, 0.244079764845808
1.43999999999997, 14, 1, 0, 6, 0.026010101010101
1.43556818716493, 8, 2, 0, 8, 0.0467171717171717
1.43092140288152, 9, 3, 3, 1, 0.0997474747474748
1.42782379087122, 9, 7, 2, 3, 0.363636363636364
1.42759999999998, 15, 1, 0, 10, 0.0808080808080808
1.41493754371134, 11, 24, 1, 6, 0.164414414414414
1.4110866691154, 12, 5, 4, 55, 0.0776266165618163
1.41099999999999, 12, 1, 2, 5, 0.863636363636364
1.40714249456126, 11, 2, 0, 2, 0.00416666666666667
1.4025, 11, 1, 4, 72, 0.171932627919944
1.4025, 11, 1, 4, 72, 0.171932627919944
1.38999999999999, 7, 1, 0, 10, 0.0808080808080808
1.38742857142853, 12, 4, 1, 2, 0.0788288288288288
1.38500000000001, 9, 1, 0, 14, 0.217171717171717
1.38500000000001, 9, 1, 0, 14, 0.217171717171717
1.38402406530139, 13, 3, 3, 1, 0.0997474747474748
1.38333333333333, 11, 1, 0, 9, 0.0618686868686869
1.38033333333334, 10, 1, 4, 37, 0.0486682110506046
1.38000000000001, 11, 1, 0, 16, 0.351010101010101
1.38000000000001, 11, 1, 0, 17, 0.444444444444444
1.38, 11, 1, 0, 16, 0.351010101010101
1.38, 11, 1, 0, 17, 0.444444444444444
1.37650120070983, 8, 2, 0, 4, 0.0126262626262626
1.37500023692147, 10, 33, 4, 6, 0.00648491626136443
1.37500000000001, 14, 1, 0, 9, 0.0618686868686869
1.375, 14, 1, 0, 9, 0.0618686868686869
1.37414417810585, 9, 2, 0, 8, 0.0467171717171717
1.37178715550194, 13, 2, 0, 12, 0.132575757575758
1.3717871555019, 13, 2, 0, 12, 0.132575757575758
1.35966666666668, 11, 1, 4, 35, 0.0452335812040479
1.35433333333333, 11, 4, 0, 11, 0.103535353535354
1.35293097467026, 11, 2, 0, 7, 0.0353535353535354
1.35000000000001, 13, 1, 0, 3, 0.00795454545454546
1.34999999999999, 13, 1, 0, 3, 0.00795454545454546
1.33996735034849, 14, 2, 4, 66, 0.0931101613156405
1.33996735034849, 14, 2, 4, 66, 0.0931101613156405
1.33716865054484, 10, 5, 0, 5, 0.0184343434343434
1.33501760288019, 11, 2, 4, 19, 0.0217556379075293
1.33500000000001, 12, 1, 0, 19, 0.70959595959596
1.33499999999999, 12, 1, 0, 19, 0.70959595959596
1.33407479383863, 7, 2, 3, 3, 0.800505050505051
1.32666666666667, 9, 1, 0, 11, 0.103535353535354
1.32625, 11, 1, 4, 79, 0.228732574440079
1.32500000000002, 7, 1, 0, 3, 0.00795454545454546
1.325, 12, 1, 0, 7, 0.0353535353535354
1.325, 9, 1, 0, 3, 0.00795454545454546
1.325, 9, 1, 0, 3, 0.00795454545454546
1.32499999999999, 12, 1, 0, 7, 0.0353535353535354
1.32285536624378, 6, 2, 3, 3, 0.800505050505051
1.31946125369411, 11, 2, 4, 95, 0.534067194388448
1.30838324745549, 12, 2, 2, 3, 0.363636363636364
1.30526666666674, 9, 9, 1, 25, 0.835585585585586
1.30199999999999, 12, 1, 1, 9, 0.227477477477477
1.30052272065457, 9, 3, 0, 14, 0.217171717171717
1.3005, 8, 1, 1, 26, 0.943693693693694
1.3005, 8, 1, 1, 26, 0.943693693693694
1.29730605486908, 10, 3, 4, 45, 0.0660434784542375
1.29466666666667, 9, 1, 4, 74, 0.194361280550399
1.29333333333332, 13, 1, 0, 7, 0.0353535353535354
1.29333333333332, 12, 1, 3, 1, 0.0997474747474748
1.289, 12, 1, 1, 6, 0.164414414414414
1.28864580083122, 11, 3, 2, 5, 0.863636363636364
1.28764144854068, 12, 2, 0, 7, 0.0353535353535354
1.28594852651931, 8, 7, 4, 50, 0.0708643200456854
1.28532603678337, 9, 3, 3, 1, 0.0997474747474748
1.28457731915556, 13, 2, 0, 3, 0.00795454545454546
1.28080608298921, 13, 2, 3, 1, 0.0997474747474748
1.28, 15, 1, 4, 27, 0.0352394625411507
1.28, 15, 1, 4, 27, 0.0352394625411507
1.27986327394765, 12, 2, 0, 5, 0.0184343434343434
1.27950972055705, 16, 2, 4, 63, 0.0888584396739231
1.27950972055705, 16, 2, 4, 63, 0.0888584396739231
1.27904189402328, 7, 6, 4, 104, 0.952055328905477
1.27466666666668, 11, 1, 4, 11, 0.00893715698736393
1.27288169619175, 10, 5, 3, 1, 0.0997474747474748
1.27132529275557, 11, 3, 4, 45, 0.0660434784542375
1.27043518353182, 9, 2, 0, 2, 0.00416666666666667
1.27023539518618, 11, 6, 0, 8, 0.0467171717171717
1.27000000000001, 9, 1, 0, 16, 0.351010101010101
1.27, 9, 1, 0, 16, 0.351010101010101
1.26666666666667, 10, 1, 4, 72, 0.171932627919944
1.26584046519824, 13, 3, 0, 7, 0.0353535353535354
1.26433333333335, 10, 1, 0, 17, 0.444444444444444
1.26147849763682, 7, 2, 1, 8, 0.202702702702703
1.2604, 9, 1, 4, 2, 0.000339506812356317
1.26000000000001, 8, 1, 0, 12, 0.132575757575758
1.26000000000001, 11, 1, 0, 17, 0.444444444444444
1.25999999999999, 14, 1, 0, 6, 0.026010101010101
1.25999999999999, 14, 1, 0, 6, 0.026010101010101
1.25999999999999, 8, 1, 0, 12, 0.132575757575758
1.25999999999999, 11, 1, 0, 17, 0.444444444444444
1.25016478913782, 7, 2, 1, 21, 0.56981981981982
1.25, 15, 1, 0, 11, 0.103535353535354
1.25, 15, 1, 0, 11, 0.103535353535354
1.24662925523189, 11, 2, 0, 18, 0.558080808080808
1.24600000000001, 17, 1, 4, 51, 0.0718603446010522
1.246, 17, 1, 4, 51, 0.0718603446010522
1.245, 10, 1, 0, 6, 0.026010101010101
1.245, 10, 1, 0, 6, 0.026010101010101
1.24333333333333, 12, 1, 0, 11, 0.103535353535354
1.23999999999998, 13, 1, 1, 16, 0.414414414414414
1.2392142857143, 9, 4, 3, 1, 0.0997474747474748
1.235, 8, 1, 0, 6, 0.026010101010101
1.23400000000001, 12, 1, 3, 1, 0.0997474747474748
1.23399999999999, 12, 1, 3, 1, 0.0997474747474748
1.23069012056533, 8, 7, 4, 29, 0.0366148142052202
1.23036579926458, 8, 2, 0, 14, 0.217171717171717
1.227, 10, 1, 4, 37, 0.0486682110506046
1.22699999999999, 10, 1, 4, 37, 0.0486682110506046
1.22633333333334, 6, 4, 4, 18, 0.0200336255683399
1.22612315857746, 6, 2, 4, 13, 0.0149040473935306
1.22424721768113, 9, 5, 4, 78, 0.219710950157435
1.21950810609578, 10, 3, 3, 1, 0.0997474747474748
1.21834498398443, 10, 2, 3, 3, 0.800505050505051
1.21279999999999, 11, 4, 2, 4, 0.590909090909091
1.20200000000001, 9, 1, 0, 14, 0.217171717171717
1.20150000000001, 12, 1, 3, 2, 0.400252525252525
1.2015, 12, 1, 3, 2, 0.400252525252525
1.20099999999999, 11, 1, 4, 46, 0.0667300768973018
1.19736748280924, 10, 2, 0, 12, 0.132575757575758
1.19666666666669, 13, 1, 0, 4, 0.0126262626262626
1.19, 16, 1, 0, 8, 0.0467171717171717
1.19, 16, 1, 0, 8, 0.0467171717171717
1.18793939239338, 12, 2, 0, 5, 0.0184343434343434
1.18666666666667, 11, 1, 0, 12, 0.132575757575758
1.17349999999999, 10, 1, 4, 30, 0.0378992342401869
1.17213651650875, 8, 3, 0, 8, 0.0467171717171717
1.17120453190531, 13, 2, 0, 2, 0.00416666666666667
1.17000000000002, 10, 1, 0, 6, 0.026010101010101
1.16999999999999, 11, 1, 0, 9, 0.0618686868686869
1.16999999999999, 10, 1, 0, 6, 0.026010101010101
1.16959999999997, 13, 1, 4, 17, 0.0191899869089483
1.16672618895779, 11, 2, 0, 3, 0.00795454545454546
1.16500000000002, 13, 1, 0, 12, 0.132575757575758
1.16499999999999, 13, 1, 0, 12, 0.132575757575758
1.16420000000002, 7, 4, 3, 1, 0.0997474747474748
1.16220609187873, 11, 3, 2, 3, 0.363636363636364
1.1572986145906, 13, 3, 4, 68, 0.0971476980300399
1.14600000000002, 8, 1, 1, 19, 0.529279279279279
1.14472731132092, 10, 2, 1, 12, 0.313063063063063
1.1375, 12, 1, 0, 11, 0.103535353535354
1.13589633329808, 13, 2, 2, 5, 0.863636363636364
1.13500000000001, 10, 1, 0, 11, 0.103535353535354
1.13500000000001, 10, 1, 0, 11, 0.103535353535354
1.13200000000001, 11, 1, 4, 26, 0.0338774705003143
1.13159847299368, 8, 10, 4, 56, 0.078725036164931
1.13101729650791, 11, 2, 2, 4, 0.590909090909091
1.13101729650787, 11, 2, 2, 4, 0.590909090909091
1.12854242277373, 13, 8, 3, 1, 0.0997474747474748
1.12747506910648, 13, 11, 2, 5, 0.863636363636364
1.12733333333333, 13, 1, 4, 56, 0.078725036164931
1.12628571428573, 9, 4, 0, 14, 0.217171717171717
1.12627968107394, 11, 2, 4, 86, 0.339097714835584
1.12528571428572, 11, 1, 4, 60, 0.0833233322906506
1.12506163096494, 11, 5, 0, 11, 0.103535353535354
1.125, 11, 1, 0, 12, 0.132575757575758
1.125, 11, 1, 0, 12, 0.132575757575758
1.12259999999999, 15, 1, 4, 49, 0.0692091058226616
1.11574257783777, 10, 6, 4, 28, 0.0358931359772792
1.1095, 11, 1, 4, 70, 0.136274845408473
1.1095, 11, 1, 4, 70, 0.136274845408473
1.10409673119558, 13, 2, 4, 55, 0.0776266165618163
1.10365626118692, 10, 7, 4, 68, 0.0971476980300399
1.101, 11, 4, 4, 45, 0.0660434784542375
1.09695831988073, 7, 2, 0, 15, 0.275252525252525
1.09666666666666, 9, 1, 0, 11, 0.103535353535354
1.09601551083916, 12, 2, 0, 3, 0.00795454545454546
1.09018164579729, 8, 3, 4, 88, 0.375097158937352
1.0889444430273, 14, 2, 0, 6, 0.026010101010101
1.08639999999997, 11, 4, 0, 3, 0.00795454545454546
1.08010688359995, 6, 3, 3, 3, 0.800505050505051
1.08000000000001, 13, 1, 0, 7, 0.0353535353535354
1.08, 13, 1, 0, 7, 0.0353535353535354
1.08, 11, 1, 0, 17, 0.444444444444444
1.08, 11, 1, 0, 17, 0.444444444444444
1.08, 12, 1, 0, 18, 0.558080808080808
1.08, 12, 1, 0, 18, 0.558080808080808
1.07897733474284, 12, 5, 4, 70, 0.136274845408473
1.07668792548673, 9, 2, 4, 102, 0.786411515216059
1.07400000000001, 10, 1, 0, 1, 0.00126262626262626
1.07333333333334, 10, 1, 0, 6, 0.026010101010101
1.07271680015432, 11, 3, 1, 6, 0.164414414414414
1.07271680015429, 11, 3, 1, 6, 0.164414414414414
1.07008826219563, 12, 2, 0, 4, 0.0126262626262626
1.06433333333332, 10, 1, 3, 1, 0.0997474747474748
1.06, 12, 1, 0, 3, 0.00795454545454546
1.05999999999999, 12, 1, 0, 3, 0.00795454545454546
1.05898086047722, 7, 7, 4, 83, 0.284343083536879
1.05830314917587, 10, 2, 0, 12, 0.132575757575758
1.05500000000001, 13, 1, 0, 11, 0.103535353535354
1.05500000000001, 13, 1, 0, 11, 0.103535353535354
1.05500000000001, 12, 1, 0, 3, 0.00795454545454546
1.05499999999999, 12, 1, 0, 3, 0.00795454545454546
1.05061925548698, 9, 2, 0, 10, 0.0808080808080808
1.04269458615647, 13, 3, 4, 65, 0.0928774452980315
1.04227272727269, 10, 4, 1, 15, 0.38963963963964
1.035, 11, 1, 4, 89, 0.391602757964068
1.035, 11, 1, 4, 89, 0.391602757964068
1.03, 11, 1, 2, 4, 0.590909090909091
1.02417346187059, 13, 2, 4, 56, 0.078725036164931
1.02365491689772, 11, 2, 0, 17, 0.444444444444444
1.02250000000001, 13, 1, 4, 12, 0.0115508595340253
1.02249999999998, 13, 1, 4, 12, 0.0115508595340253
1.01823376490863, 14, 2, 0, 6, 0.026010101010101
1.017, 12, 1, 0, 7, 0.0353535353535354
1.015, 14, 1, 0, 3, 0.00795454545454546
1.01499999999999, 14, 1, 0, 3, 0.00795454545454546
1.01333333333334, 12, 1, 3, 1, 0.0997474747474748
1.01266666666668, 11, 1, 2, 2, 0.181818181818182
1.00999999999999, 10, 1, 0, 7, 0.0353535353535354
1.00999999999999, 10, 1, 0, 7, 0.0353535353535354
1.00875853404073, 13, 2, 3, 1, 0.0997474747474748
1.00500000000002, 15, 1, 0, 10, 0.0808080808080808
1.005, 15, 1, 0, 10, 0.0808080808080808
1.00173460668096, 12, 2, 0, 10, 0.0808080808080808
1.00112536677482, 6, 3, 4, 13, 0.0149040473935306
1, 11, 1, 0, 11, 0.103535353535354
1, 11, 1, 0, 11, 0.103535353535354
0.997, 14, 1, 4, 40, 0.0550596271875607
0.996999999999986, 13, 1, 1, 2, 0.0788288288288288
0.995609266981816, 9, 5, 3, 1, 0.0997474747474748
0.995000000000005, 12, 1, 0, 3, 0.00795454545454546
0.99499999999999, 12, 1, 0, 3, 0.00795454545454546
0.991877966700829, 14, 8, 0, 7, 0.0353535353535354
0.98666666666665, 12, 1, 0, 4, 0.0126262626262626
0.985799999999983, 13, 1, 3, 2, 0.400252525252525
0.985706852974031, 12, 2, 3, 1, 0.0997474747474748
0.984999999999999, 13, 1, 0, 8, 0.0467171717171717
0.984999999999999, 13, 1, 0, 8, 0.0467171717171717
0.984526546535605, 8, 3, 0, 12, 0.132575757575758
0.982878425849312, 7, 2, 0, 10, 0.0808080808080808
0.97999999999999, 7, 1, 0, 15, 0.275252525252525
0.978164380641385, 11, 2, 0, 9, 0.0618686868686869
0.977598343305346, 10, 3, 0, 19, 0.70959595959596
0.976043060297816, 10, 2, 4, 37, 0.0486682110506046
0.97466666666665, 12, 1, 3, 1, 0.0997474747474748
0.974000000000018, 8, 9, 4, 28, 0.0358931359772792
0.972978930912713, 11, 2, 1, 6, 0.164414414414414
0.972499999999997, 11, 1, 0, 4, 0.0126262626262626
0.971999999999994, 7, 1, 4, 17, 0.0191899869089483
0.971999999999994, 7, 1, 4, 17, 0.0191899869089483
0.969796950397368, 11, 2, 0, 16, 0.351010101010101
0.969796950397328, 11, 2, 0, 16, 0.351010101010101
0.968736290225573, 10, 2, 3, 3, 0.800505050505051
0.968736290225553, 10, 2, 3, 3, 0.800505050505051
0.968500000000006, 10, 1, 2, 1, 0.0454545454545454
0.968500000000006, 10, 1, 2, 1, 0.0454545454545454
0.966666666666669, 11, 1, 0, 1, 0.00126262626262626
0.965333333333319, 13, 1, 2, 5, 0.863636363636364
0.961429520153291, 11, 2, 4, 35, 0.0452335812040479
0.959844822527766, 10, 3, 0, 5, 0.0184343434343434
0.95539731118635, 8, 5, 3, 1, 0.0997474747474748
0.955000000000013, 15, 1, 0, 8, 0.0467171717171717
0.954999999999998, 9, 1, 0, 12, 0.132575757575758
0.954999999999998, 9, 1, 0, 12, 0.132575757575758
0.954999999999998, 14, 1, 0, 14, 0.217171717171717
0.954999999999998, 14, 1, 0, 14, 0.217171717171717
0.954999999999984, 15, 1, 0, 8, 0.0467171717171717
0.953321362395717, 10, 2, 0, 7, 0.0353535353535354
0.952666666666673, 9, 1, 3, 3, 0.800505050505051
0.950666666666663, 11, 1, 1, 7, 0.184684684684685
0.950666666666663, 9, 1, 0, 14, 0.217171717171717
0.950000000000017, 7, 1, 0, 3, 0.00795454545454546
0.949999999999989, 7, 1, 0, 3, 0.00795454545454546
0.949333333333342, 14, 1, 3, 1, 0.0997474747474748
0.948750000000004, 13, 1, 4, 26, 0.0338774705003143
0.94639171594006, 9, 2, 3, 1, 0.0997474747474748
0.945000000000007, 12, 1, 0, 11, 0.103535353535354
0.944999999999993, 12, 1, 0, 11, 0.103535353535354
0.944000000000017, 11, 4, 4, 19, 0.0217556379075293
0.938094996374164, 9, 2, 0, 11, 0.103535353535354
0.938000000000002, 14, 1, 3, 1, 0.0997474747474748
0.938000000000002, 14, 1, 3, 1, 0.0997474747474748
0.929333333333332, 9, 1, 4, 25, 0.0319165363830463
0.927455472426211, 13, 3, 2, 5, 0.863636363636364
0.925000000000011, 11, 1, 0, 4, 0.0126262626262626
0.924999999999983, 11, 1, 0, 4, 0.0126262626262626
0.923399311844928, 9, 6, 4, 33, 0.042748691282689
0.9206530291049, 12, 2, 1, 9, 0.227477477477477
0.919603508765218, 11, 3, 4, 86, 0.339097714835584
0.91923881554252, 14, 2, 0, 11, 0.103535353535354
0.9192388155425, 14, 2, 0, 11, 0.103535353535354
0.915467579376187, 9, 2, 4, 74, 0.194361280550399
0.915000000000006, 12, 1, 0, 4, 0.0126262626262626
0.914999999999992, 12, 1, 0, 4, 0.0126262626262626
0.914524770334614, 13, 2, 0, 7, 0.0353535353535354
0.914524770334614, 12, 2, 3, 1, 0.0997474747474748
0.911460640949471, 12, 2, 1, 6, 0.164414414414414
0.911224938689047, 11, 2, 4, 58, 0.081739484313027
0.911210184315377, 11, 6, 2, 5, 0.863636363636364
0.910500000000013, 12, 4, 0, 7, 0.0353535353535354
0.910039011060976, 7, 5, 0, 14, 0.217171717171717
0.907800000000009, 10, 1, 3, 3, 0.800505050505051
0.907000000000011, 14, 1, 0, 3, 0.00795454545454546
0.906999999999996, 14, 1, 0, 3, 0.00795454545454546
0.906999999999982, 12, 1, 3, 2, 0.400252525252525
0.904900261368419, 13, 8, 1, 5, 0.141891891891892
0.901999999999987, 13, 1, 0, 5, 0.0184343434343434
0.901325443752449, 11, 2, 4, 11, 0.00893715698736393
0.898755050407426, 9, 7, 4, 36, 0.0468471651172549
0.89566858950297, 10, 2, 4, 72, 0.171932627919944
0.89500000000001, 13, 1, 0, 3, 0.00795454545454546
0.894999999999996, 13, 1, 0, 3, 0.00795454545454546
0.894018673680206, 10, 2, 0, 17, 0.444444444444444
0.890418452657698, 12, 3, 4, 92, 0.455244555401909
0.88608832563878, 11, 3, 0, 7, 0.0353535353535354
0.885510975369571, 12, 3, 4, 39, 0.051987603372886
0.88420000000005, 9, 4, 2, 2, 0.181818181818182
0.88333333333334, 7, 1, 0, 12, 0.132575757575758
0.882000000000019, 12, 1, 0, 14, 0.217171717171717
0.88133333333333, 15, 1, 3, 1, 0.0997474747474748
0.880459160514166, 12, 3, 4, 68, 0.0971476980300399
0.879169431275278, 12, 2, 0, 11, 0.103535353535354
0.879015784841193, 11, 3, 0, 4, 0.0126262626262626
0.876812408671325, 13, 2, 1, 16, 0.414414414414414
0.875, 11, 1, 0, 9, 0.0618686868686869
0.875, 11, 1, 0, 9, 0.0618686868686869
0.870000000000005, 14, 1, 0, 9, 0.0618686868686869
0.869999999999976, 14, 1, 0, 9, 0.0618686868686869
0.861999999999995, 16, 1, 2, 5, 0.863636363636364
0.861999999999995, 16, 1, 2, 5, 0.863636363636364
0.861500000000007, 10, 4, 3, 3, 0.800505050505051
0.860500000000002, 15, 1, 4, 28, 0.0358931359772792
0.860500000000002, 15, 1, 4, 28, 0.0358931359772792
0.859000000000009, 10, 1, 4, 69, 0.110861739138859
0.858999999999995, 10, 1, 4, 69, 0.110861739138859
0.857827029961969, 9, 3, 0, 10, 0.0808080808080808
0.857000000000014, 10, 1, 4, 60, 0.0833233322906506
0.856000000000009, 15, 1, 2, 3, 0.363636363636364
0.855999999999995, 15, 1, 2, 3, 0.363636363636364
0.854327038603404, 14, 5, 4, 77, 0.212750155497395
0.853477884892158, 11, 2, 0, 16, 0.351010101010101
0.849942350986209, 9, 2, 0, 14, 0.217171717171717
0.849000000000004, 11, 1, 3, 3, 0.800505050505051
0.84851326186187, 10, 5, 1, 10, 0.240990990990991
0.847000000000008, 12, 1, 4, 20, 0.0246350245742943
0.846171114819896, 13, 2, 0, 4, 0.0126262626262626
0.84499260351794, 10, 2, 4, 13, 0.0149040473935306
0.844992603517919, 10, 2, 4, 13, 0.0149040473935306
0.842666666666673, 14, 1, 0, 11, 0.103535353535354
0.840000000000003, 12, 1, 0, 6, 0.026010101010101
0.839999999999975, 12, 1, 0, 6, 0.026010101010101
0.839100047008037, 11, 2, 0, 12, 0.132575757575758
0.838499999999996, 9, 1, 4, 15, 0.0180125300509641
0.838499999999996, 9, 1, 4, 15, 0.0180125300509641
0.836234129894299, 13, 3, 4, 56, 0.078725036164931
0.835000000000008, 10, 1, 0, 6, 0.026010101010101
0.834999999999994, 10, 1, 0, 6, 0.026010101010101
0.834848489248198, 10, 3, 0, 11, 0.103535353535354
0.834386001800131, 11, 2, 0, 10, 0.0808080808080808
0.834386001800111, 11, 2, 0, 10, 0.0808080808080808
0.834000000000003, 10, 1, 4, 57, 0.0798737051896258
0.834000000000003, 10, 1, 4, 57, 0.0798737051896258
0.830748157613076, 7, 6, 0, 14, 0.217171717171717
0.826666666666668, 8, 1, 0, 6, 0.026010101010101
0.82650000000001, 11, 1, 4, 7, 0.00691788872168195
0.826499999999996, 11, 1, 4, 7, 0.00691788872168195
0.825600000000009, 8, 4, 4, 21, 0.0272340315353993
0.8245, 13, 1, 4, 33, 0.042748691282689
0.824499999999986, 13, 1, 4, 33, 0.042748691282689
0.823647894025916, 13, 3, 3, 1, 0.0997474747474748
0.823394764914679, 10, 5, 4, 32, 0.0409687585124503
0.820243866176413, 13, 2, 2, 2, 0.181818181818182
0.820243866176393, 14, 2, 1, 2, 0.0788288288288288
0.820243866176373, 13, 2, 2, 2, 0.181818181818182
0.815333333333328, 13, 1, 0, 4, 0.0126262626262626
0.814641229826579, 12, 3, 2, 5, 0.863636363636364
0.810000000000002, 12, 1, 0, 9, 0.0618686868686869
0.810000000000002, 12, 1, 0, 9, 0.0618686868686869
0.809367398910988, 13, 10, 1, 5, 0.141891891891892
0.804826275250325, 12, 3, 3, 1, 0.0997474747474748
0.803490956817244, 11, 6, 4, 4, 0.00326307504602002
0.800444876303175, 11, 2, 4, 26, 0.0338774705003143
0.797145044657609, 13, 2, 4, 56, 0.078725036164931
0.793999999999997, 12, 1, 4, 41, 0.0589841673467433
0.793999999999997, 12, 1, 4, 41, 0.0589841673467433
0.787884124190992, 10, 7, 1, 15, 0.38963963963964
0.783500000000004, 14, 1, 3, 2, 0.400252525252525
0.783499999999989, 14, 1, 3, 2, 0.400252525252525
0.780500000000004, 11, 1, 4, 95, 0.534067194388448
0.780499999999989, 11, 1, 4, 95, 0.534067194388448
0.78024764950482, 8, 3, 3, 3, 0.800505050505051
0.778383632921473, 10, 3, 0, 7, 0.0353535353535354
0.776666666666671, 12, 1, 0, 7, 0.0353535353535354
0.775666666666666, 7, 4, 0, 15, 0.275252525252525
0.775460436701245, 9, 2, 0, 11, 0.103535353535354
0.775000000000006, 16, 1, 0, 11, 0.103535353535354
0.775000000000006, 16, 1, 0, 11, 0.103535353535354
0.775000000000006, 13, 1, 4, 57, 0.0798737051896258
0.774999999999991, 13, 1, 4, 57, 0.0798737051896258
0.774000000000001, 12, 1, 4, 50, 0.0708643200456854
0.774000000000001, 12, 1, 4, 50, 0.0708643200456854
0.773928372008684, 11, 2, 2, 5, 0.863636363636364
0.773928372008684, 11, 2, 2, 5, 0.863636363636364
0.773666666666671, 11, 1, 0, 9, 0.0618686868686869
0.772725600283399, 9, 3, 3, 1, 0.0997474747474748
0.771312076918287, 11, 2, 4, 31, 0.0395255744388036
0.769999999999982, 14, 4, 0, 6, 0.026010101010101
0.765710794512783, 11, 3, 4, 79, 0.228732574440079
0.765000000000001, 12, 1, 0, 14, 0.217171717171717
0.765000000000001, 12, 1, 0, 14, 0.217171717171717
0.764989106676248, 7, 3, 0, 3, 0.00795454545454546
0.760000000000005, 15, 1, 4, 40, 0.0550596271875607
0.760000000000005, 15, 1, 4, 40, 0.0550596271875607
0.758961278473554, 10, 2, 0, 6, 0.026010101010101
0.758749999999992, 10, 1, 3, 2, 0.400252525252525
0.756666666666661, 9, 1, 0, 8, 0.0467171717171717
0.756499999999988, 12, 1, 4, 16, 0.0186420699741554
0.756499999999988, 12, 1, 4, 16, 0.0186420699741554
0.755000000000024, 10, 1, 0, 7, 0.0353535353535354
0.754999999999995, 10, 1, 0, 7, 0.0353535353535354
0.754999999999995, 11, 1, 0, 11, 0.103535353535354
0.754999999999995, 11, 1, 0, 11, 0.103535353535354
0.752597317442905, 10, 2, 3, 1, 0.0997474747474748
0.751952424321453, 9, 10, 4, 36, 0.0468471651172549
0.75, 13, 1, 0, 9, 0.0618686868686869
0.75, 13, 1, 0, 9, 0.0618686868686869
0.75, 14, 1, 0, 11, 0.103535353535354
0.75, 14, 1, 0, 11, 0.103535353535354
0.749000000000009, 11, 1, 4, 45, 0.0660434784542375
0.748999999999995, 11, 1, 4, 45, 0.0660434784542375
0.747000000000014, 11, 1, 4, 34, 0.0437591097547004
0.746999999999986, 11, 1, 4, 34, 0.0437591097547004
0.74666666666667, 12, 1, 0, 2, 0.00416666666666667
0.745000000000005, 13, 1, 0, 12, 0.132575757575758
0.74499999999999, 13, 1, 0, 12, 0.132575757575758
0.742462120245883, 15, 2, 0, 10, 0.0808080808080808
0.742462120245843, 15, 2, 0, 10, 0.0808080808080808
0.740000000000009, 11, 1, 0, 6, 0.026010101010101
0.739999999999995, 11, 1, 0, 6, 0.026010101010101
0.737500000000011, 15, 1, 4, 76, 0.20691329301129
0.737455218979476, 9, 5, 2, 3, 0.363636363636364
0.736666666666679, 13, 1, 0, 7, 0.0353535353535354
0.735000000000014, 13, 1, 0, 6, 0.026010101010101
0.735000000000014, 13, 1, 0, 6, 0.026010101010101
0.734999999999999, 11, 1, 0, 9, 0.0618686868686869
0.734999999999999, 11, 1, 0, 9, 0.0618686868686869
0.728319984622145, 11, 2, 2, 4, 0.590909090909091
0.727500000000006, 10, 1, 3, 2, 0.400252525252525
0.725000000000023, 11, 1, 4, 14, 0.0167757737040485
0.724999999999994, 11, 1, 4, 14, 0.0167757737040485
0.72399999999999, 12, 1, 3, 1, 0.0997474747474748
0.723333333333343, 11, 1, 0, 8, 0.0467171717171717
0.722499999999997, 12, 1, 0, 1, 0.00126262626262626
0.719127596466736, 12, 2, 0, 7, 0.0353535353535354
0.71653487160238, 12, 2, 3, 1, 0.0997474747474748
0.716063467081573, 11, 2, 2, 2, 0.181818181818182
0.715000000000003, 13, 1, 0, 10, 0.0808080808080808
0.715000000000003, 13, 1, 0, 10, 0.0808080808080808
0.713799999999992, 15, 4, 0, 10, 0.0808080808080808
0.713027582449179, 8, 3, 0, 6, 0.026010101010101
0.712500000000006, 12, 1, 4, 72, 0.171932627919944
0.712499999999991, 12, 1, 4, 72, 0.171932627919944
0.710000000000008, 12, 1, 0, 1, 0.00126262626262626
0.710000000000008, 10, 1, 0, 2, 0.00416666666666667
0.709999999999994, 12, 1, 0, 1, 0.00126262626262626
0.709999999999994, 10, 1, 0, 2, 0.00416666666666667
0.709000000000003, 11, 1, 4, 58, 0.081739484313027
0.709000000000003, 11, 1, 4, 58, 0.081739484313027
0.708333333333314, 12, 4, 0, 10, 0.0808080808080808
0.706666666666649, 13, 1, 4, 22, 0.0286232599694077
0.706163972144954, 8, 2, 4, 100, 0.705914182813912
0.705249999999992, 9, 1, 3, 3, 0.800505050505051
0.704985460842998, 13, 2, 1, 2, 0.0788288288288288
0.700000000000003, 15, 1, 0, 1, 0.00126262626262626
0.700000000000003, 15, 1, 0, 1, 0.00126262626262626
0.698292085544918, 13, 5, 4, 55, 0.0776266165618163
0.697678690770736, 12, 2, 0, 4, 0.0126262626262626
0.694999999999993, 12, 1, 0, 5, 0.0184343434343434
0.694999999999993, 12, 1, 0, 5, 0.0184343434343434
0.69339767329672, 11, 3, 4, 46, 0.0667300768973018
0.692964645562829, 7, 2, 0, 15, 0.275252525252525
0.691500000000005, 11, 1, 4, 83, 0.284343083536879
0.691500000000005, 11, 1, 4, 83, 0.284343083536879
0.691000000000003, 11, 1, 3, 1, 0.0997474747474748
0.691000000000003, 11, 1, 3, 1, 0.0997474747474748
0.691000000000003, 12, 1, 4, 11, 0.00893715698736393
0.691000000000003, 12, 1, 4, 11, 0.00893715698736393
0.689193409396497, 12, 2, 3, 1, 0.0997474747474748
0.683536555146977, 11, 2, 0, 1, 0.00126262626262626
0.682593746105404, 13, 2, 2, 5, 0.863636363636364
0.682500000000005, 12, 1, 0, 3, 0.00795454545454546
0.682333333333304, 14, 1, 4, 77, 0.212750155497395
0.682000733137388, 12, 5, 4, 68, 0.0971476980300399
0.680000000000007, 15, 1, 0, 7, 0.0353535353535354
0.680000000000007, 11, 1, 0, 11, 0.103535353535354
0.679999999999993, 11, 1, 0, 11, 0.103535353535354
0.679999999999978, 15, 1, 0, 7, 0.0353535353535354
0.677520540894045, 10, 3, 4, 30, 0.0378992342401869
0.676666666666677, 8, 1, 4, 92, 0.455244555401909
0.676000000000016, 14, 1, 3, 1, 0.0997474747474748
0.676000000000002, 13, 1, 3, 1, 0.0997474747474748
0.675999999999988, 14, 1, 3, 1, 0.0997474747474748
0.675714285714292, 8, 4, 3, 3, 0.800505050505051
0.675499814951888, 11, 3, 0, 9, 0.0618686868686869
0.675000000000011, 12, 1, 0, 8, 0.0467171717171717
0.674999999999983, 12, 1, 0, 8, 0.0467171717171717
0.673637060210379, 9, 2, 3, 3, 0.800505050505051
0.673333333333346, 15, 1, 2, 3, 0.363636363636364
0.672222846648019, 11, 2, 1, 7, 0.184684684684685
0.672222846648019, 9, 2, 0, 14, 0.217171717171717
0.671999999999912, 14, 4, 3, 2, 0.400252525252525
0.671280037606426, 14, 2, 3, 1, 0.0997474747474748
0.669726312259972, 14, 3, 1, 2, 0.0788288288288288
0.667333333333318, 15, 1, 4, 60, 0.0833233322906506
0.665000000000006, 11, 1, 3, 2, 0.400252525252525
0.664999999999992, 11, 1, 3, 2, 0.400252525252525
0.663217762126529, 8, 5, 3, 1, 0.0997474747474748
0.657137901982707, 9, 2, 4, 25, 0.0319165363830463
0.656735931203217, 12, 3, 0, 11, 0.103535353535354
0.651599999999974, 9, 4, 4, 50, 0.0708643200456854
0.649577747463676, 11, 5, 4, 43, 0.0622011646212767
0.64500000000001, 13, 1, 0, 4, 0.0126262626262626
0.64500000000001, 13, 1, 0, 4, 0.0126262626262626
0.64500000000001, 10, 1, 0, 1, 0.00126262626262626
0.644999999999996, 10, 1, 0, 1, 0.00126262626262626
0.64433333333335, 11, 4, 4, 58, 0.081739484313027
0.641999999999996, 6, 1, 3, 3, 0.800505050505051
0.641999999999996, 6, 1, 3, 3, 0.800505050505051
0.641345850536206, 12, 2, 3, 2, 0.400252525252525
0.640000000000001, 11, 1, 0, 2, 0.00416666666666667
0.640000000000001, 11, 1, 0, 2, 0.00416666666666667
0.640000000000001, 12, 1, 0, 8, 0.0467171717171717
0.640000000000001, 12, 1, 0, 8, 0.0467171717171717
0.639695934713423, 9, 2, 3, 2, 0.400252525252525
0.635000000000005, 15, 1, 3, 1, 0.0997474747474748
0.634999999999991, 15, 1, 3, 1, 0.0997474747474748
0.630199999999945, 9, 4, 4, 2, 0.000339506812356317
0.63000000000001, 7, 1, 0, 10, 0.0808080808080808
0.629999999999995, 9, 1, 0, 2, 0.00416666666666667
0.629999999999995, 9, 1, 0, 2, 0.00416666666666667
0.629999999999995, 7, 1, 0, 10, 0.0808080808080808
0.629999999999995, 10, 1, 0, 14, 0.217171717171717
0.629999999999995, 10, 1, 0, 14, 0.217171717171717
0.629773673632028, 11, 3, 4, 31, 0.0395255744388036
0.629750000000001, 11, 1, 4, 75, 0.204510284651682
0.629500000000007, 13, 1, 2, 4, 0.590909090909091
0.629499999999993, 13, 1, 2, 4, 0.590909090909091
0.625999999999976, 11, 1, 4, 95, 0.534067194388448
0.625, 12, 1, 0, 12, 0.132575757575758
0.625, 12, 1, 0, 12, 0.132575757575758
0.625, 13, 1, 0, 1, 0.00126262626262626
0.625, 13, 1, 0, 1, 0.00126262626262626
0.624610990048112, 7, 2, 0, 12, 0.132575757575758
0.623668181006518, 12, 2, 0, 14, 0.217171717171717
0.623333333333335, 8, 1, 0, 10, 0.0808080808080808
0.623196776485752, 15, 2, 3, 1, 0.0997474747474748
0.622, 12, 1, 1, 9, 0.227477477477477
0.620000000000005, 11, 1, 0, 1, 0.00126262626262626
0.61999999999999, 11, 1, 0, 1, 0.00126262626262626
0.618000000000009, 10, 1, 1, 6, 0.164414414414414
0.616000000000014, 13, 1, 3, 1, 0.0997474747474748
0.615999999999985, 13, 1, 3, 1, 0.0997474747474748
0.612333333333339, 17, 1, 0, 6, 0.026010101010101
0.611882485749291, 10, 7, 1, 12, 0.313063063063063
0.605990511476871, 10, 2, 4, 60, 0.0833233322906506
0.603499999999997, 11, 4, 0, 16, 0.351010101010101
0.600333657227371, 11, 2, 3, 3, 0.800505050505051
0.599999999999994, 11, 1, 0, 5, 0.0184343434343434
0.59966666666665, 13, 1, 4, 64, 0.0917218809839261
0.595999999999989, 14, 1, 0, 5, 0.0184343434343434
0.595855314279869, 14, 2, 0, 11, 0.103535353535354
0.593999999999994, 15, 1, 4, 76, 0.20691329301129
0.593999999999994, 15, 1, 4, 76, 0.20691329301129
0.593500000000006, 11, 1, 3, 2, 0.400252525252525
0.593499999999977, 11, 1, 3, 2, 0.400252525252525
0.587999999999994, 11, 1, 0, 14, 0.217171717171717
0.586898628384823, 15, 2, 3, 1, 0.0997474747474748
0.586898628384823, 15, 2, 3, 1, 0.0997474747474748
0.586666666666673, 15, 1, 0, 9, 0.0618686868686869
0.585000000000008, 13, 1, 0, 6, 0.026010101010101
0.58499999999998, 13, 1, 0, 6, 0.026010101010101
0.58480000000003, 13, 4, 4, 17, 0.0191899869089483
0.58454160578089, 8, 2, 0, 6, 0.026010101010101
0.584000000000003, 16, 1, 4, 39, 0.051987603372886
0.584000000000003, 16, 1, 4, 39, 0.051987603372886
0.58250000000001, 12, 1, 4, 32, 0.0409687585124503
0.582499999999996, 12, 1, 4, 32, 0.0409687585124503
0.581948880916514, 8, 2, 4, 7, 0.00691788872168195
0.581948880916514, 8, 2, 4, 7, 0.00691788872168195
0.579999999999998, 11, 1, 0, 1, 0.00126262626262626
0.579999999999998, 11, 1, 0, 1, 0.00126262626262626
0.579999999999998, 10, 1, 0, 10, 0.0808080808080808
0.579999999999984, 10, 1, 0, 10, 0.0808080808080808
0.577500000000015, 16, 1, 0, 9, 0.0618686868686869
0.576527728927418, 13, 2, 0, 4, 0.0126262626262626
0.57561821838204, 14, 3, 4, 40, 0.0550596271875607
0.575000000000017, 11, 1, 1, 8, 0.202702702702703
0.575000000000003, 11, 1, 0, 8, 0.0467171717171717
0.575000000000003, 11, 1, 0, 8, 0.0467171717171717
0.574999999999989, 11, 1, 1, 8, 0.202702702702703
0.574333333333328, 14, 1, 4, 55, 0.0776266165618163
0.572756492761105, 14, 2, 0, 12, 0.132575757575758
0.572756492761105, 14, 2, 0, 12, 0.132575757575758
0.570000000000022, 14, 1, 0, 4, 0.0126262626262626
0.570000000000007, 7, 1, 0, 1, 0.00126262626262626
0.570000000000007, 8, 1, 0, 7, 0.0353535353535354
0.569999999999993, 14, 1, 0, 4, 0.0126262626262626
0.569999999999993, 7, 1, 0, 1, 0.00126262626262626
0.569999999999993, 8, 1, 0, 7, 0.0353535353535354
0.569999999999993, 7, 1, 0, 14, 0.217171717171717
0.569999999999993, 7, 1, 0, 14, 0.217171717171717
0.569459815510669, 14, 3, 3, 1, 0.0997474747474748
0.568666666666672, 14, 1, 4, 39, 0.051987603372886
0.565000000000026, 10, 1, 0, 1, 0.00126262626262626
0.565000000000012, 12, 1, 0, 7, 0.0353535353535354
0.565000000000012, 9, 1, 0, 1, 0.00126262626262626
0.564999999999998, 12, 1, 0, 7, 0.0353535353535354
0.564999999999998, 10, 1, 0, 1, 0.00126262626262626
0.564999999999998, 9, 1, 0, 1, 0.00126262626262626
0.56450000000001, 12, 1, 1, 6, 0.164414414414414
0.564499999999995, 12, 1, 1, 6, 0.164414414414414
0.563333333333333, 9, 1, 0, 3, 0.00795454545454546
0.561473136786942, 11, 3, 0, 4, 0.0126262626262626
0.561300000000017, 15, 4, 4, 49, 0.0692091058226616
0.560000000000002, 13, 1, 0, 12, 0.132575757575758
0.560000000000002, 13, 1, 0, 12, 0.132575757575758
0.560000000000002, 13, 1, 0, 1, 0.00126262626262626
0.560000000000002, 10, 1, 0, 7, 0.0353535353535354
0.560000000000002, 10, 1, 0, 7, 0.0353535353535354
0.559333333333328, 15, 1, 1, 4, 0.128378378378378
0.557500000000005, 12, 1, 4, 20, 0.0246350245742943
0.555000000000007, 12, 1, 0, 1, 0.00126262626262626
0.554999999999993, 12, 1, 0, 1, 0.00126262626262626
0.552000000000021, 9, 1, 3, 3, 0.800505050505051
0.551999999999993, 9, 1, 3, 3, 0.800505050505051
0.550000000000011, 9, 1, 0, 2, 0.00416666666666667
0.550000000000011, 9, 1, 0, 11, 0.103535353535354
0.549999999999997, 9, 1, 0, 2, 0.00416666666666667
0.549999999999997, 9, 1, 0, 11, 0.103535353535354
0.549186266721535, 12, 2, 0, 7, 0.0353535353535354
0.548685702383546, 14, 6, 3, 2, 0.400252525252525
0.547761067893652, 13, 3, 4, 26, 0.0338774705003143
0.547064946378005, 11, 2, 0, 9, 0.0618686868686869
0.545000000000002, 12, 1, 0, 4, 0.0126262626262626
0.545000000000002, 12, 1, 0, 4, 0.0126262626262626
0.544499999999999, 12, 1, 0, 12, 0.132575757575758
0.543000000000006, 12, 1, 4, 60, 0.0833233322906506
0.543000000000006, 12, 1, 4, 60, 0.0833233322906506
0.542000000000002, 10, 1, 4, 37, 0.0486682110506046
0.542000000000002, 10, 1, 4, 37, 0.0486682110506046
0.537000000000006, 11, 1, 4, 46, 0.0667300768973018
0.536999999999992, 11, 1, 4, 46, 0.0667300768973018
0.536999999999978, 10, 4, 0, 1, 0.00126262626262626
0.536000000000001, 11, 1, 4, 10, 0.00844094610403909
0.536000000000001, 11, 1, 4, 10, 0.00844094610403909
0.535044131097837, 9, 2, 0, 8, 0.0467171717171717
0.532029172132519, 9, 6, 4, 50, 0.0708643200456854
0.528000000000006, 12, 1, 4, 22, 0.0286232599694077
0.527999999999992, 12, 1, 4, 22, 0.0286232599694077
0.527973063285917, 12, 2, 0, 2, 0.00416666666666667
0.520901995474058, 13, 2, 0, 7, 0.0353535353535354
0.519900000000035, 10, 9, 0, 4, 0.0126262626262626
0.515000000000015, 13, 1, 0, 1, 0.00126262626262626
0.515000000000001, 11, 1, 0, 7, 0.0353535353535354
0.515000000000001, 11, 1, 0, 7, 0.0353535353535354
0.514999999999986, 13, 1, 0, 1, 0.00126262626262626
0.511473905058266, 11, 2, 0, 8, 0.0467171717171717
0.510000000000019, 15, 1, 0, 7, 0.0353535353535354
0.510000000000005, 12, 1, 0, 9, 0.0618686868686869
0.509999999999991, 12, 1, 0, 9, 0.0618686868686869
0.509999999999991, 15, 1, 0, 7, 0.0353535353535354
0.506666666666661, 8, 1, 0, 1, 0.00126262626262626
0.506, 12, 1, 4, 16, 0.0186420699741554
0.506, 12, 1, 4, 16, 0.0186420699741554
0.505500000000012, 9, 1, 4, 102, 0.786411515216059
0.505499999999998, 9, 1, 4, 102, 0.786411515216059
0.50500000000001, 10, 1, 0, 10, 0.0808080808080808
0.504999999999995, 10, 1, 0, 10, 0.0808080808080808
0.5, 10, 1, 0, 14, 0.217171717171717
0.5, 10, 1, 0, 14, 0.217171717171717
0.5, 13, 1, 4, 85, 0.311682906050061
0.5, 13, 1, 4, 85, 0.311682906050061
0.499688792038481, 13, 2, 4, 22, 0.0286232599694077
0.49933333333334, 8, 4, 4, 100, 0.705914182813912
0.495000000000005, 14, 1, 0, 1, 0.00126262626262626
0.495000000000005, 12, 1, 0, 1, 0.00126262626262626
0.495000000000005, 12, 1, 0, 1, 0.00126262626262626
0.49499999999999, 14, 1, 0, 1, 0.00126262626262626
0.49290000000002, 13, 4, 3, 2, 0.400252525252525
0.490000000000009, 12, 1, 0, 1, 0.00126262626262626
0.490000000000009, 12, 1, 0, 1, 0.00126262626262626
0.489015678003601, 12, 3, 4, 20, 0.0246350245742943
0.486489465456256, 11, 8, 1, 6, 0.164414414414414
0.484999999999999, 11, 1, 0, 14, 0.217171717171717
0.484999999999999, 11, 1, 0, 14, 0.217171717171717
0.48248252702964, 14, 2, 4, 77, 0.212750155497395
0.481750000000005, 13, 1, 3, 3, 0.800505050505051
0.47999999999999, 12, 1, 0, 7, 0.0353535353535354
0.479500000000002, 12, 1, 4, 38, 0.0506681897441603
0.479499999999987, 12, 1, 4, 38, 0.0506681897441603
0.478711290863307, 10, 2, 4, 9, 0.0079337803296631
0.478711290863267, 10, 2, 4, 9, 0.0079337803296631
0.478475588602864, 8, 2, 4, 92, 0.455244555401909
0.478004184082077, 13, 2, 3, 1, 0.0997474747474748
0.478000000000009, 11, 1, 1, 21, 0.56981981981982
0.476118565998911, 15, 2, 2, 3, 0.363636363636364
0.471875925311832, 15, 2, 4, 60, 0.0833233322906506
0.469999999999999, 12, 1, 0, 9, 0.0618686868686869
0.469999999999999, 12, 1, 0, 9, 0.0618686868686869
0.468500000000006, 12, 1, 3, 2, 0.400252525252525
0.468499999999992, 12, 1, 3, 2, 0.400252525252525
0.467852540871593, 8, 6, 1, 19, 0.529279279279279
0.465000000000003, 12, 1, 3, 1, 0.0997474747474748
0.465000000000003, 12, 1, 3, 1, 0.0997474747474748
0.463999999999999, 12, 1, 4, 94, 0.486490559366218
0.463999999999999, 12, 1, 4, 94, 0.486490559366218
0.462683537156403, 15, 2, 0, 8, 0.0467171717171717
0.460333333333324, 13, 1, 1, 5, 0.141891891891892
0.459395969140554, 11, 6, 4, 60, 0.0833233322906506
0.45608387386533, 10, 2, 0, 12, 0.132575757575758
0.45608387386533, 10, 2, 0, 12, 0.132575757575758
0.453899999999976, 10, 4, 3, 3, 0.800505050505051
0.452333333333343, 9, 4, 3, 2, 0.400252525252525
0.451000000000079, 13, 4, 0, 5, 0.0184343434343434
0.450000000000017, 13, 1, 0, 3, 0.00795454545454546
0.450000000000003, 11, 1, 3, 2, 0.400252525252525
0.450000000000003, 11, 1, 3, 2, 0.400252525252525
0.449999999999989, 13, 1, 0, 3, 0.00795454545454546
0.449999999999989, 12, 1, 0, 8, 0.0467171717171717
0.449999999999989, 12, 1, 0, 8, 0.0467171717171717
0.449333333333328, 14, 1, 1, 7, 0.184684684684685
0.445000000000007, 8, 1, 0, 11, 0.103535353535354
0.444999999999993, 8, 1, 0, 11, 0.103535353535354
0.444500000000005, 14, 1, 2, 5, 0.863636363636364
0.444499999999991, 14, 1, 2, 5, 0.863636363636364
0.442648845022802, 11, 2, 4, 95, 0.534067194388448
0.440763226939596, 8, 2, 0, 10, 0.0808080808080808
0.440499999999986, 16, 1, 4, 61, 0.084023548930301
0.440000000000026, 14, 1, 0, 2, 0.00416666666666667
0.440000000000026, 9, 1, 0, 14, 0.217171717171717
0.439999999999998, 14, 1, 0, 2, 0.00416666666666667
0.439999999999998, 9, 1, 0, 14, 0.217171717171717
0.439820417898022, 12, 2, 1, 9, 0.227477477477477
0.438064516747649, 10, 3, 3, 2, 0.400252525252525
0.436999999999998, 13, 1, 4, 30, 0.0378992342401869
0.436999999999998, 13, 1, 4, 30, 0.0378992342401869
0.436991990773283, 10, 2, 1, 6, 0.164414414414414
0.435000000000002, 11, 1, 0, 12, 0.132575757575758
0.434999999999988, 11, 1, 0, 12, 0.132575757575758
0.432985052346547, 17, 2, 0, 6, 0.026010101010101
0.432000000000002, 13, 1, 4, 94, 0.486490559366218
0.430000000000007, 17, 1, 0, 11, 0.103535353535354
0.430000000000007, 13, 1, 0, 3, 0.00795454545454546
0.429999999999993, 13, 1, 0, 3, 0.00795454545454546
0.426249999999982, 13, 1, 4, 92, 0.455244555401909
0.424500000000009, 10, 1, 3, 1, 0.0997474747474748
0.424499999999995, 10, 1, 3, 1, 0.0997474747474748
0.424028366451541, 13, 2, 4, 64, 0.0917218809839261
0.423000000000002, 10, 1, 3, 3, 0.800505050505051
0.423000000000002, 10, 1, 3, 3, 0.800505050505051
0.421435641587185, 14, 2, 0, 5, 0.0184343434343434
0.421000000000021, 13, 1, 4, 27, 0.0352394625411507
0.420999999999992, 13, 1, 4, 27, 0.0352394625411507
0.42002232083544, 10, 3, 3, 2, 0.400252525252525
0.419499999999999, 12, 1, 1, 3, 0.105855855855856
0.419499999999999, 12, 1, 1, 3, 0.105855855855856
0.418890057174909, 8, 2, 4, 8, 0.00740754908006669
0.418500000000009, 14, 1, 4, 63, 0.0888584396739231
0.418499999999995, 14, 1, 4, 63, 0.0888584396739231
0.41713556948947, 12, 3, 0, 1, 0.00126262626262626
0.415999999999997, 14, 1, 3, 1, 0.0997474747474748
0.415999999999997, 14, 1, 3, 1, 0.0997474747474748
0.415778787337686, 11, 2, 0, 14, 0.217171717171717
0.415000000000006, 10, 1, 0, 12, 0.132575757575758
0.414999999999992, 10, 1, 0, 12, 0.132575757575758
0.414835978296092, 15, 2, 0, 9, 0.0618686868686869
0.412000000000006, 9, 1, 1, 23, 0.698198198198198
0.411999999999992, 9, 1, 1, 23, 0.698198198198198
0.411333333333346, 14, 1, 4, 39, 0.051987603372886
0.410250000000005, 12, 1, 1, 22, 0.632882882882883
0.410000000000011, 9, 1, 3, 1, 0.0997474747474748
0.409999999999997, 9, 1, 3, 1, 0.0997474747474748
0.407176277346012, 9, 3, 3, 3, 0.800505050505051
0.40611499466149, 14, 2, 4, 55, 0.0776266165618163
0.405000000000001, 11, 1, 0, 1, 0.00126262626262626
0.405000000000001, 11, 1, 0, 1, 0.00126262626262626
0.403999999999996, 14, 1, 1, 1, 0.0337837837837838
0.403999999999996, 14, 1, 1, 1, 0.0337837837837838
0.403757972057537, 16, 2, 4, 28, 0.0358931359772792
0.403757972057457, 16, 2, 4, 28, 0.0358931359772792
0.402668897160834, 14, 6, 3, 1, 0.0997474747474748
0.402108056234734, 14, 2, 4, 39, 0.051987603372886
0.401990205104573, 14, 2, 3, 1, 0.0997474747474748
0.401990205104532, 14, 2, 3, 1, 0.0997474747474748
0.398666666666685, 11, 1, 1, 21, 0.56981981981982
0.398336820068461, 9, 2, 0, 3, 0.00795454545454546
0.395979797464468, 13, 2, 0, 1, 0.00126262626262626
0.395508392943702, 15, 2, 1, 4, 0.128378378378378
0.395500000000013, 13, 1, 4, 38, 0.0506681897441603
0.395499999999998, 13, 1, 4, 38, 0.0506681897441603
0.394565583902068, 9, 2, 4, 23, 0.0296164402178925
0.394041558721955, 12, 3, 0, 3, 0.00795454545454546
0.392666666666656, 9, 1, 4, 83, 0.284343083536879
0.391999999999996, 14, 1, 4, 57, 0.0798737051896258
0.386499999999998, 12, 1, 3, 1, 0.0997474747474748
0.386499999999998, 12, 1, 3, 1, 0.0997474747474748
0.385000000000019, 8, 1, 0, 14, 0.217171717171717
0.384999999999991, 16, 1, 0, 6, 0.026010101010101
0.384999999999991, 16, 1, 0, 6, 0.026010101010101
0.384999999999991, 16, 1, 4, 57, 0.0798737051896258
0.384999999999991, 16, 1, 4, 57, 0.0798737051896258
0.384999999999991, 8, 1, 0, 14, 0.217171717171717
0.375, 14, 1, 0, 3, 0.00795454545454546
0.375, 14, 1, 0, 3, 0.00795454545454546
0.374500000000012, 14, 1, 4, 67, 0.0942557274601005
0.374500000000012, 14, 1, 4, 67, 0.0942557274601005
0.370000000000005, 13, 1, 0, 3, 0.00795454545454546
0.369999999999976, 13, 1, 0, 3, 0.00795454545454546
0.369, 11, 1, 1, 4, 0.128378378378378
0.369, 11, 1, 1, 4, 0.128378378378378
0.36699999999999, 9, 1, 4, 5, 0.00604237658698964
0.36699999999999, 9, 1, 4, 5, 0.00604237658698964
0.365666666666655, 13, 1, 4, 55, 0.0776266165618163
0.365000000000009, 14, 1, 0, 4, 0.0126262626262626
0.364999999999995, 11, 1, 2, 3, 0.363636363636364
0.364999999999995, 11, 1, 2, 3, 0.363636363636364
0.364999999999981, 14, 1, 0, 4, 0.0126262626262626
0.364000000000004, 10, 1, 4, 84, 0.293759463138283
0.364000000000004, 10, 1, 4, 84, 0.293759463138283
0.3635863320222, 11, 3, 4, 75, 0.204510284651682
0.361999999999995, 12, 4, 3, 1, 0.0997474747474748
0.359614305860607, 10, 2, 1, 21, 0.56981981981982
0.359000000000009, 8, 1, 4, 100, 0.705914182813912
0.358999999999995, 8, 1, 4, 100, 0.705914182813912
0.35826743580118, 8, 2, 0, 1, 0.00126262626262626
0.356666666666655, 8, 1, 4, 84, 0.293759463138283
0.354500000000002, 12, 1, 1, 4, 0.128378378378378
0.354500000000002, 12, 1, 1, 4, 0.128378378378378
0.353999999999999, 13, 1, 4, 37, 0.0486682110506046
0.350724963468514, 16, 2, 1, 11, 0.272522522522523
0.349999999999994, 15, 1, 0, 8, 0.0467171717171717
0.349999999999994, 15, 1, 0, 8, 0.0467171717171717
0.349500000000006, 12, 1, 4, 26, 0.0338774705003143
0.349499999999992, 12, 1, 4, 26, 0.0338774705003143
0.348000000000013, 12, 1, 2, 5, 0.863636363636364
0.347999999999999, 12, 1, 2, 5, 0.863636363636364
0.346410161513805, 11, 3, 0, 5, 0.0184343434343434
0.345544136109992, 10, 3, 2, 3, 0.363636363636364
0.345544136109992, 10, 3, 2, 3, 0.363636363636364
0.342022299467917, 8, 3, 4, 8, 0.00740754908006669
0.34047191514131, 16, 2, 4, 62, 0.0856939327900282
0.34047191514131, 16, 2, 4, 62, 0.0856939327900282
0.340000000000003, 13, 1, 0, 12, 0.132575757575758
0.340000000000003, 13, 1, 0, 12, 0.132575757575758
0.340000000000003, 10, 1, 0, 6, 0.026010101010101
0.340000000000003, 12, 1, 3, 2, 0.400252525252525
0.339999999999989, 10, 1, 0, 6, 0.026010101010101
0.339999999999989, 12, 1, 3, 2, 0.400252525252525
0.339666666666659, 7, 1, 0, 14, 0.217171717171717
0.339411254969556, 12, 2, 0, 7, 0.0353535353535354
0.33850000000001, 13, 1, 4, 57, 0.0798737051896258
0.338499999999996, 13, 1, 4, 57, 0.0798737051896258
0.337997041407136, 11, 2, 1, 21, 0.56981981981982
0.336666666666673, 15, 1, 0, 6, 0.026010101010101
0.333419780457001, 16, 3, 0, 9, 0.0618686868686869
0.330333333333328, 17, 1, 4, 61, 0.084023548930301
0.329820026681237, 15, 5, 4, 76, 0.20691329301129
0.328500000000005, 7, 1, 3, 1, 0.0997474747474748
0.327500000000001, 13, 1, 4, 58, 0.081739484313027
0.327500000000001, 13, 1, 4, 58, 0.081739484313027
0.327166666666642, 15, 4, 0, 8, 0.0467171717171717
0.326666666666668, 11, 1, 2, 5, 0.863636363636364
0.326000000000008, 11, 1, 4, 27, 0.0352394625411507
0.325999999999993, 11, 1, 4, 27, 0.0352394625411507
0.325504821606221, 13, 2, 1, 5, 0.141891891891892
0.321872775073219, 12, 3, 4, 20, 0.0246350245742943
0.320000000000007, 16, 1, 4, 37, 0.0486682110506046
0.319999999999993, 16, 1, 4, 37, 0.0486682110506046
0.318367434153121, 8, 3, 3, 3, 0.800505050505051
0.317726647013132, 14, 2, 1, 7, 0.184684684684685
0.315000000000012, 8, 1, 0, 11, 0.103535353535354
0.314999999999998, 12, 1, 0, 10, 0.0808080808080808
0.314999999999998, 12, 1, 0, 10, 0.0808080808080808
0.314999999999998, 8, 1, 0, 11, 0.103535353535354
0.314367221573751, 12, 3, 0, 12, 0.132575757575758
0.314000000000007, 16, 1, 1, 15, 0.38963963963964
0.313999999999993, 16, 1, 1, 15, 0.38963963963964
0.311000000000007, 7, 1, 0, 14, 0.217171717171717
0.310999999999979, 7, 1, 0, 14, 0.217171717171717
0.31049999999999, 13, 1, 1, 14, 0.353603603603604
0.31049999999999, 13, 1, 1, 14, 0.353603603603604
0.310000000000002, 16, 1, 0, 9, 0.0618686868686869
0.310000000000002, 16, 1, 0, 9, 0.0618686868686869
0.310000000000002, 17, 1, 0, 9, 0.0618686868686869
0.310000000000002, 17, 1, 0, 9, 0.0618686868686869
0.310000000000002, 7, 1, 0, 12, 0.132575757575758
0.309999999999988, 7, 1, 0, 12, 0.132575757575758
0.309676250636614, 14, 3, 3, 2, 0.400252525252525
0.30759144981615, 11, 2, 3, 3, 0.800505050505051
0.30759144981613, 11, 2, 3, 3, 0.800505050505051
0.30547012947258, 13, 2, 4, 94, 0.486490559366218
0.305000000000007, 8, 1, 0, 19, 0.70959595959596
0.305000000000007, 8, 1, 0, 19, 0.70959595959596
0.30405591591022, 17, 2, 0, 11, 0.103535353535354
0.302500000000009, 11, 1, 3, 2, 0.400252525252525
0.302499999999995, 11, 1, 3, 2, 0.400252525252525
0.299999999999997, 12, 1, 0, 11, 0.103535353535354
0.299999999999997, 12, 1, 0, 11, 0.103535353535354
0.299500000000023, 16, 1, 4, 37, 0.0486682110506046
0.290856589328075, 14, 2, 4, 39, 0.051987603372886
0.28636573351806, 16, 3, 1, 11, 0.272522522522523
0.283333333333331, 13, 1, 0, 3, 0.00795454545454546
0.28189990343303, 11, 2, 1, 21, 0.56981981981982
0.281333333333322, 8, 1, 4, 9, 0.0079337803296631
0.279000000000025, 9, 4, 4, 23, 0.0296164402178925
0.278999999999996, 12, 1, 1, 9, 0.227477477477477
0.278138492182081, 13, 3, 3, 3, 0.800505050505051
0.27765726274593, 9, 2, 4, 83, 0.284343083536879
0.277185858225144, 14, 2, 4, 57, 0.0798737051896258
0.276666666666671, 14, 1, 0, 8, 0.0467171717171717
0.275714285714287, 8, 4, 3, 3, 0.800505050505051
0.275333333333322, 14, 1, 1, 10, 0.240990990990991
0.273333333333312, 10, 1, 0, 3, 0.00795454545454546
0.270499999999998, 15, 1, 4, 65, 0.0928774452980315
0.270499999999998, 15, 1, 4, 65, 0.0928774452980315
0.27000000000001, 12, 1, 0, 11, 0.103535353535354
0.27000000000001, 12, 1, 0, 11, 0.103535353535354
0.265000000000001, 11, 1, 0, 12, 0.132575757575758
0.265000000000001, 11, 1, 0, 12, 0.132575757575758
0.263000000000005, 14, 1, 3, 1, 0.0997474747474748
0.263000000000005, 14, 1, 3, 1, 0.0997474747474748
0.260000000000005, 13, 1, 0, 8, 0.0467171717171717
0.260000000000005, 13, 1, 0, 8, 0.0467171717171717
0.260000000000005, 11, 1, 0, 10, 0.0808080808080808
0.259999999999991, 11, 1, 0, 10, 0.0808080808080808
0.258565379653903, 13, 2, 4, 55, 0.0776266165618163
0.256666666666661, 17, 1, 4, 55, 0.0776266165618163
0.254322793578055, 16, 3, 4, 61, 0.084023548930301
0.252201418623214, 8, 2, 4, 84, 0.293759463138283
0.250315800540047, 13, 2, 4, 37, 0.0486682110506046
0.25, 16, 1, 0, 11, 0.103535353535354
0.25, 16, 1, 0, 11, 0.103535353535354
0.25, 14, 1, 0, 11, 0.103535353535354
0.25, 14, 1, 0, 11, 0.103535353535354
0.248500000000007, 14, 1, 1, 3, 0.105855855855856
0.248499999999993, 14, 1, 1, 3, 0.105855855855856
0.2460955522421, 13, 3, 4, 92, 0.455244555401909
0.243244732728188, 8, 2, 3, 3, 0.800505050505051
0.241500000000002, 14, 1, 4, 61, 0.084023548930301
0.241499999999988, 14, 1, 4, 61, 0.084023548930301
0.240180603343045, 7, 2, 0, 14, 0.217171717171717
0.239874192286325, 14, 5, 3, 2, 0.400252525252525
0.238500000000016, 12, 1, 0, 9, 0.0618686868686869
0.238499999999988, 12, 1, 0, 9, 0.0618686868686869
0.238059282999455, 15, 2, 0, 6, 0.026010101010101
0.236857947935055, 12, 3, 1, 22, 0.632882882882883
0.235500000000002, 12, 1, 0, 19, 0.70959595959596
0.235499999999988, 12, 1, 0, 19, 0.70959595959596
0.233580940051953, 17, 2, 4, 61, 0.084023548930301
0.23333333333332, 14, 1, 0, 4, 0.0126262626262626
0.230988215187617, 11, 2, 2, 5, 0.863636363636364
0.227440057139871, 10, 5, 1, 21, 0.56981981981982
0.22399999999999, 15, 1, 4, 7, 0.00691788872168195
0.22399999999999, 15, 1, 4, 7, 0.00691788872168195
0.222666666666669, 15, 1, 3, 1, 0.0997474747474748
0.222000000000008, 12, 1, 4, 22, 0.0286232599694077
0.222000000000008, 12, 1, 4, 22, 0.0286232599694077
0.21999999999997, 15, 4, 0, 6, 0.026010101010101
0.21999999999997, 15, 4, 0, 6, 0.026010101010101
0.218999999999994, 11, 1, 1, 6, 0.164414414414414
0.218999999999994, 11, 1, 1, 6, 0.164414414414414
0.216371593945859, 9, 6, 4, 72, 0.171932627919944
0.211666666666673, 8, 4, 4, 90, 0.412079181780135
0.210000000000008, 12, 1, 0, 3, 0.00795454545454546
0.209000000000003, 11, 1, 4, 8, 0.00740754908006669
0.209000000000003, 11, 1, 4, 8, 0.00740754908006669
0.201000000000008, 8, 1, 3, 1, 0.0997474747474748
0.200999999999993, 8, 1, 3, 1, 0.0997474747474748
0.200346921336207, 13, 2, 0, 3, 0.00795454545454546
0.200000000000017, 17, 1, 0, 6, 0.026010101010101
0.200000000000017, 12, 1, 0, 10, 0.0808080808080808
0.200000000000003, 12, 1, 0, 8, 0.0467171717171717
0.200000000000003, 12, 1, 0, 8, 0.0467171717171717
0.199999999999989, 17, 1, 0, 6, 0.026010101010101
0.198932707773827, 8, 2, 4, 9, 0.0079337803296631
0.198608492601203, 8, 3, 3, 3, 0.800505050505051
0.197500000000019, 14, 1, 0, 7, 0.0353535353535354
0.196666666666658, 10, 1, 0, 10, 0.0808080808080808
0.195632876128301, 14, 2, 0, 8, 0.0467171717171717
0.194690067086708, 14, 2, 1, 10, 0.240990990990991
0.193275853524348, 10, 2, 0, 3, 0.00795454545454546
0.191625937701565, 12, 2, 2, 5, 0.863636363636364
0.191625937701545, 12, 2, 2, 5, 0.863636363636364
0.189999999999998, 12, 1, 0, 8, 0.0467171717171717
0.189999999999998, 12, 1, 0, 8, 0.0467171717171717
0.189999999999998, 12, 1, 0, 3, 0.00795454545454546
0.189999999999998, 12, 1, 0, 3, 0.00795454545454546
0.189659563428787, 7, 3, 3, 1, 0.0997474747474748
0.189320422094943, 8, 5, 4, 90, 0.412079181780135
0.1875, 10, 1, 3, 2, 0.400252525252525
0.1875, 10, 1, 3, 2, 0.400252525252525
0.185000000000002, 12, 1, 0, 7, 0.0353535353535354
0.184999999999988, 12, 1, 0, 7, 0.0353535353535354
0.181726442764946, 9, 2, 4, 102, 0.786411515216059
0.181726442764946, 9, 2, 4, 102, 0.786411515216059
0.181490740504543, 17, 2, 4, 55, 0.0776266165618163
0.17666666666662, 9, 9, 4, 72, 0.171932627919944
0.175999999999988, 15, 1, 4, 40, 0.0550596271875607
0.175999999999988, 15, 1, 4, 40, 0.0550596271875607
0.175000000000011, 14, 1, 0, 8, 0.0467171717171717
0.175000000000011, 12, 1, 0, 7, 0.0353535353535354
0.175000000000011, 12, 1, 0, 7, 0.0353535353535354
0.174999999999983, 14, 1, 0, 8, 0.0467171717171717
0.172916405622274, 16, 3, 4, 37, 0.0486682110506046
0.169000000000011, 11, 1, 4, 27, 0.0352394625411507
0.168999999999997, 11, 1, 4, 27, 0.0352394625411507
0.164991582276912, 14, 2, 0, 4, 0.0126262626262626
0.164000000000001, 12, 1, 4, 58, 0.081739484313027
0.164000000000001, 12, 1, 4, 58, 0.081739484313027
0.157449109944206, 15, 2, 3, 1, 0.0997474747474748
0.154666666666685, 11, 1, 0, 9, 0.0618686868686869
0.154000000000011, 12, 1, 3, 1, 0.0997474747474748
0.153999999999996, 12, 1, 3, 1, 0.0997474747474748
0.150000000000006, 12, 1, 0, 10, 0.0808080808080808
0.150000000000006, 10, 1, 0, 12, 0.132575757575758
0.150000000000006, 9, 1, 0, 15, 0.275252525252525
0.150000000000006, 9, 1, 0, 15, 0.275252525252525
0.149999999999977, 12, 1, 0, 10, 0.0808080808080808
0.149999999999977, 10, 1, 0, 12, 0.132575757575758
0.14849242404916, 12, 2, 0, 3, 0.00795454545454546
0.14466666666668, 12, 1, 4, 78, 0.219710950157435
0.144000000000005, 14, 1, 4, 34, 0.0437591097547004
0.144000000000005, 16, 1, 4, 40, 0.0550596271875607
0.144000000000005, 16, 1, 4, 40, 0.0550596271875607
0.143999999999977, 14, 1, 4, 34, 0.0437591097547004
0.141421356237301, 12, 2, 0, 10, 0.0808080808080808
0.139499999999998, 12, 4, 1, 9, 0.227477477477477
0.139064333633348, 10, 2, 0, 10, 0.0808080808080808
0.13000000000001, 9, 1, 0, 7, 0.0353535353535354
0.129999999999995, 9, 1, 0, 7, 0.0353535353535354
0.125, 14, 1, 0, 11, 0.103535353535354
0.125, 14, 1, 0, 11, 0.103535353535354
0.125, 10, 1, 0, 7, 0.0353535353535354
0.125, 10, 1, 0, 7, 0.0353535353535354
0.122000000000014, 8, 1, 3, 3, 0.800505050505051
0.121999999999986, 8, 1, 3, 3, 0.800505050505051
0.120500000000021, 16, 1, 4, 63, 0.0888584396739231
0.120500000000007, 9, 1, 4, 18, 0.0200336255683399
0.120499999999993, 16, 1, 4, 63, 0.0888584396739231
0.120499999999993, 9, 1, 4, 18, 0.0200336255683399
0.120000000000005, 11, 1, 0, 7, 0.0353535353535354
0.119999999999976, 11, 1, 0, 7, 0.0353535353535354
0.119, 11, 1, 4, 11, 0.00893715698736393
0.119, 11, 1, 4, 11, 0.00893715698736393
0.114999999999995, 13, 1, 0, 12, 0.132575757575758
0.114999999999995, 13, 1, 0, 12, 0.132575757575758
0.114026678164897, 14, 3, 0, 7, 0.0353535353535354
0.11333333333333, 13, 1, 0, 12, 0.132575757575758
0.113, 14, 1, 4, 41, 0.0589841673467433
0.113, 14, 1, 4, 41, 0.0589841673467433
0.112500000000011, 17, 1, 4, 77, 0.212750155497395
0.112499999999983, 17, 1, 4, 77, 0.212750155497395
0.109999999999985, 12, 1, 0, 2, 0.00416666666666667
0.109365848823492, 11, 2, 0, 9, 0.0618686868686869
0.108000000000004, 16, 1, 4, 41, 0.0589841673467433
0.108000000000004, 16, 1, 4, 41, 0.0589841673467433
0.105000000000018, 9, 1, 0, 12, 0.132575757575758
0.10499999999999, 9, 1, 0, 12, 0.132575757575758
0.102294781011633, 12, 2, 4, 78, 0.219710950157435
0.0985000000000014, 18, 1, 4, 55, 0.0776266165618163
0.0985000000000014, 18, 1, 4, 55, 0.0776266165618163
0.0982878425849372, 8, 2, 1, 26, 0.943693693693694
0.0982878425849372, 8, 2, 1, 26, 0.943693693693694
0.0960000000000036, 15, 1, 4, 69, 0.110861739138859
0.0959999999999894, 15, 1, 4, 69, 0.110861739138859
0.0945000000000107, 17, 1, 4, 66, 0.0931101613156405
0.0944999999999965, 17, 1, 4, 66, 0.0931101613156405
0.0899999999999892, 8, 1, 0, 11, 0.103535353535354
0.0875000000000057, 10, 1, 3, 3, 0.800505050505051
0.0874999999999915, 10, 1, 3, 3, 0.800505050505051
0.0801387685344829, 13, 2, 0, 12, 0.132575757575758
0.0800000000000125, 13, 1, 0, 3, 0.00795454545454546
0.0799999999999841, 13, 1, 0, 3, 0.00795454545454546
0.0794999999999959, 10, 1, 4, 21, 0.0272340315353993
0.0794999999999959, 10, 1, 4, 21, 0.0272340315353993
0.0784999999999911, 18, 1, 4, 70, 0.136274845408473
0.0784999999999911, 18, 1, 4, 70, 0.136274845408473
0.078249999999997, 6, 1, 4, 17, 0.0191899869089483
0.0777817459305701, 12, 2, 0, 2, 0.00416666666666667
0.0769999999999982, 14, 1, 4, 41, 0.0589841673467433
0.0769999999999982, 14, 1, 4, 41, 0.0589841673467433
0.0760000000000218, 15, 1, 4, 51, 0.0718603446010522
0.0759999999999934, 15, 1, 4, 51, 0.0718603446010522
0.0735000000000099, 11, 1, 3, 1, 0.0997474747474748
0.0734999999999957, 11, 1, 3, 1, 0.0997474747474748
0.0706666666666536, 12, 1, 4, 5, 0.00604237658698964
0.0700000000000216, 17, 1, 0, 9, 0.0618686868686869
0.0700000000000216, 8, 1, 0, 14, 0.217171717171717
0.0700000000000074, 9, 1, 0, 15, 0.275252525252525
0.0699999999999932, 17, 1, 0, 9, 0.0618686868686869
0.0699999999999932, 13, 1, 0, 11, 0.103535353535354
0.0699999999999932, 13, 1, 0, 11, 0.103535353535354
0.0699999999999932, 14, 1, 0, 6, 0.026010101010101
0.0699999999999932, 14, 1, 0, 6, 0.026010101010101
0.0699999999999932, 8, 1, 0, 14, 0.217171717171717
0.0699999999999932, 9, 1, 0, 15, 0.275252525252525
0.069500000000005, 9, 1, 3, 1, 0.0997474747474748
0.069500000000005, 9, 1, 3, 1, 0.0997474747474748
0.0690000000000168, 15, 1, 3, 1, 0.0997474747474748
0.0689999999999884, 15, 1, 3, 1, 0.0997474747474748
0.0680000000000121, 18, 1, 4, 37, 0.0486682110506046
0.0680000000000121, 18, 1, 4, 37, 0.0486682110506046
0.0669999999999931, 13, 1, 2, 4, 0.590909090909091
0.0669999999999931, 13, 1, 2, 4, 0.590909090909091
0.0664680374315715, 15, 2, 4, 16, 0.0186420699741554
0.0649999999999977, 13, 1, 0, 2, 0.00416666666666667
0.0649999999999977, 13, 1, 0, 2, 0.00416666666666667
0.0636396103068118, 8, 2, 0, 11, 0.103535353535354
0.0630000000000166, 9, 1, 4, 5, 0.00604237658698964
0.0629999999999882, 9, 1, 4, 5, 0.00604237658698964
0.0605000000000047, 11, 1, 4, 62, 0.0856939327900282
0.0604999999999905, 11, 1, 4, 62, 0.0856939327900282
0.0600000000000023, 11, 1, 0, 10, 0.0808080808080808
0.0600000000000023, 11, 1, 0, 10, 0.0808080808080808
0.0550000000000068, 14, 1, 0, 2, 0.00416666666666667
0.0550000000000068, 14, 1, 0, 2, 0.00416666666666667
0.0500000000000114, 11, 1, 0, 2, 0.00416666666666667
0.0500000000000114, 15, 1, 0, 5, 0.0184343434343434
0.0499999999999972, 14, 1, 4, 40, 0.0550596271875607
0.0499999999999972, 14, 1, 4, 40, 0.0550596271875607
0.0499999999999829, 11, 1, 0, 2, 0.00416666666666667
0.0499999999999829, 15, 1, 0, 5, 0.0184343434343434
0.0499688792039004, 12, 2, 4, 5, 0.00604237658698964
0.0490000000000066, 11, 1, 3, 1, 0.0997474747474748
0.0489999999999924, 11, 1, 3, 1, 0.0997474747474748
0.0469999999999686, 15, 4, 4, 16, 0.0186420699741554
0.0451776585640865, 6, 3, 4, 17, 0.0191899869089483
0.0420000000000016, 14, 1, 4, 61, 0.084023548930301
0.0420000000000016, 14, 1, 4, 61, 0.084023548930301
0.0400000000000063, 9, 1, 0, 11, 0.103535353535354
0.039999999999992, 9, 1, 0, 11, 0.103535353535354
0.0355000000000132, 15, 1, 1, 16, 0.414414414414414
0.035499999999999, 14, 1, 4, 65, 0.0928774452980315
0.035499999999999, 14, 1, 4, 65, 0.0928774452980315
0.0354999999999848, 15, 1, 1, 16, 0.414414414414414
0.0339999999999918, 15, 1, 4, 7, 0.00691788872168195
0.0339999999999918, 15, 1, 4, 7, 0.00691788872168195
0.0333333333333599, 9, 1, 4, 10, 0.00844094610403909
0.0319999999999965, 9, 1, 3, 2, 0.400252525252525
0.0319999999999965, 9, 1, 3, 2, 0.400252525252525
0.0313333333333361, 13, 1, 1, 22, 0.632882882882883
0.0294999999999987, 9, 1, 4, 99, 0.6623678444522
0.0294999999999987, 9, 1, 4, 99, 0.6623678444522
0.0250000000000057, 9, 1, 0, 11, 0.103535353535354
0.0249999999999915, 9, 1, 0, 11, 0.103535353535354
0.0240000000000009, 15, 1, 4, 33, 0.042748691282689
0.0240000000000009, 15, 1, 4, 33, 0.042748691282689
0.0235702260395301, 9, 2, 4, 10, 0.00844094610403909
0.0221560124771704, 13, 2, 1, 22, 0.632882882882883
0.021000000000015, 17, 1, 3, 2, 0.400252525252525
0.0209999999999866, 17, 1, 3, 2, 0.400252525252525
0.0204999999999984, 10, 1, 3, 3, 0.800505050505051
0.0204999999999984, 10, 1, 3, 3, 0.800505050505051
0.0200000000000102, 15, 1, 3, 1, 0.0997474747474748
0.0200000000000102, 14, 1, 0, 9, 0.0618686868686869
0.0200000000000102, 14, 1, 0, 9, 0.0618686868686869
0.019999999999996, 15, 1, 3, 1, 0.0997474747474748
0.0150000000000148, 13, 1, 0, 3, 0.00795454545454546
0.0150000000000148, 15, 1, 0, 7, 0.0353535353535354
0.0149999999999864, 13, 1, 0, 3, 0.00795454545454546
0.0149999999999864, 15, 1, 0, 7, 0.0353535353535354
0.0135000000000076, 11, 1, 1, 10, 0.240990990990991
0.0134999999999934, 11, 1, 1, 10, 0.240990990990991
0.0100000000000051, 13, 1, 0, 9, 0.0618686868686869
0.0100000000000051, 13, 1, 0, 9, 0.0618686868686869
0.00950000000000273, 14, 1, 1, 3, 0.105855855855856
0.00949999999998852, 14, 1, 1, 3, 0.105855855855856
0.00800000000000978, 10, 1, 4, 9, 0.0079337803296631
0.00800000000000978, 10, 1, 4, 9, 0.0079337803296631
0.00600000000000023, 11, 1, 3, 1, 0.0997474747474748
0.00600000000000023, 11, 1, 3, 1, 0.0997474747474748
0.00500000000000966, 13, 1, 0, 12, 0.132575757575758
0.00500000000000966, 12, 1, 0, 4, 0.0126262626262626
0.00500000000000966, 8, 1, 0, 6, 0.026010101010101
0.00499999999999545, 18, 1, 0, 10, 0.0808080808080808
0.00499999999999545, 18, 1, 0, 10, 0.0808080808080808
0.00499999999999545, 13, 1, 0, 12, 0.132575757575758
0.00499999999999545, 12, 1, 0, 4, 0.0126262626262626
0.00499999999999545, 8, 1, 0, 6, 0.026010101010101
0.00499999999999545, 9, 1, 0, 12, 0.132575757575758
0.00499999999999545, 9, 1, 0, 12, 0.132575757575758
