4.49559294461792
4.13041431771364
3.9855756608432
3.9270153240623
3.88249046782075
3.83335295476614
3.81201179068364
3.80071436483443
3.78976913563557
3.7689222101957
3.76035505432745
3.74448575499955
3.73869760644806
3.73513085553729
3.7309693061621
3.72592260007295
3.72209578542952
3.7199470707855
3.71528587929292
3.71456609880598
3.71491125178295
3.71513071903592
3.71443073237773
3.71242639181091
3.71187187119127
3.70930156313432
3.70824605584033
3.70650202999241
3.70672228555517
3.70446632438037
3.70341797480614
3.70118079697752
3.70047924487189
3.6979945500028
3.69761360506897
3.69520170524603
