4.49560393990136
4.13024735707341
3.98544152932437
3.9268951134318
3.88237417309698
3.83323050739321
3.81190899316397
3.80060794172372
3.78967253336563
3.76882910644182
3.76023915961651
3.74437829618214
3.73860325943635
3.73505312106151
3.73091109131144
3.72586133299701
3.7220466110942
3.71989699985479
3.71523364211819
3.71452175138254
3.71485883230772
3.71507935071448
3.71436328475234
3.71235752016095
3.71180914602859
3.709245971534
3.7081968139782
3.70646325538626
3.70669158831847
3.70443372392069
3.70339681070808
3.70114421750222
3.70044979400345
3.69796347296071
3.69758696571246
3.69517403916942
