norm, level, Npoints, dimSplit, MainGridIndexSplit
3869.40965787146, 0, 962, -1, -1, -1
74.3686643941768, 3, 196, 0, 11, 0.103535353535354
63.9580303359241, 3, 265, 0, 11, 0.103535353535354
57.8670470092613, 1, 66, 4, 98, 0.624936765886549
39.4565655089682, 2, 435, 2, 3, 0.363636363636364
38.3277606037739, 2, 461, 2, 3, 0.363636363636364
38.2152386831673, 3, 133, 4, 80, 0.244079764845808
36.1293289203034, 2, 27, 0, 10, 0.0808080808080808
31.0827196385736, 5, 69, 0, 14, 0.217171717171717
30.0614187623675, 2, 39, 0, 10, 0.0808080808080808
28.9004941245362, 4, 91, 0, 14, 0.217171717171717
26.9048958225685, 4, 105, 0, 14, 0.217171717171717
26.196526615086, 4, 20, 0, 13, 0.170454545454545
25.3605650354057, 3, 302, 4, 80, 0.244079764845808
22.7596250004611, 6, 52, 0, 6, 0.026010101010101
21.2692945054945, 5, 25, 4, 35, 0.0452335812040479
19.9703816027682, 4, 35, 4, 5, 0.00604237658698964
19.2939414016141, 6, 17, 4, 31, 0.0395255744388036
18.3489391911147, 5, 198, 0, 14, 0.217171717171717
18.2623065652426, 6, 29, 0, 4, 0.0126262626262626
17.904823050384, 7, 18, 2, 2, 0.181818181818182
17.6980724155835, 5, 33, 0, 17, 0.444444444444444
17.6861987179487, 3, 16, 0, 4, 0.0126262626262626
17.3243594806357, 5, 15, 1, 22, 0.632882882882883
16.6080314472139, 7, 23, 0, 16, 0.351010101010101
16.4285078926201, 7, 13, 2, 1, 0.0454545454545454
15.9738028814681, 6, 10, 0, 7, 0.0353535353535354
15.7092191048434, 6, 29, 0, 9, 0.0618686868686869
15.7054101855999, 1, 896, 4, 98, 0.624936765886549
15.1606956521737, 6, 16, 1, 14, 0.353603603603604
14.8084568965518, 7, 16, 2, 1, 0.0454545454545454
14.7513094502801, 3, 23, 0, 4, 0.0126262626262626
14.5419098891075, 7, 30, 0, 16, 0.351010101010101
13.5828325289539, 6, 146, 0, 6, 0.026010101010101
13.3549035163565, 8, 10, 4, 15, 0.0180125300509641
13.0903458637993, 5, 66, 4, 35, 0.0452335812040479
13.0425554371322, 6, 15, 0, 7, 0.0353535353535354
13.0276723490694, 7, 34, 2, 2, 0.181818181818182
12.8889610125446, 4, 116, 3, 2, 0.400252525252525
12.2241865771809, 5, 25, 4, 78, 0.219710950157435
11.9816516660194, 5, 72, 0, 17, 0.444444444444444
11.9496802486787, 7, 10, 4, 37, 0.0486682110506046
11.8394105999278, 6, 69, 0, 4, 0.0126262626262626
11.8280738788214, 8, 14, 4, 13, 0.0149040473935306
11.7130252260922, 8, 13, 4, 15, 0.0180125300509641
11.6809867306363, 9, 12, 0, 4, 0.0126262626262626
11.5305771443146, 6, 12, 1, 13, 0.326576576576577
11.3724430429533, 4, 149, 3, 2, 0.400252525252525
11.0641500000001, 8, 16, 4, 13, 0.0149040473935306
11.0209615780695, 4, 113, 0, 13, 0.170454545454545
10.7266490334308, 6, 55, 4, 31, 0.0395255744388036
10.4414886184004, 9, 11, 0, 9, 0.0618686868686869
10.4414886184001, 9, 11, 0, 9, 0.0618686868686869
9.98960303265357, 6, 12, 0, 13, 0.170454545454545
9.98960303265347, 6, 12, 0, 13, 0.170454545454545
9.61549235518149, 7, 43, 1, 6, 0.164414414414414
9.51733921494119, 7, 13, 1, 12, 0.313063063063063
9.47256561105148, 8, 22, 4, 63, 0.0888584396739231
9.22163948108255, 5, 37, 4, 42, 0.0614175149797577
9.05628887707321, 5, 10, 4, 88, 0.375097158937352
9.05628887707317, 5, 10, 4, 88, 0.375097158937352
9.04805341500487, 9, 20, 0, 4, 0.0126262626262626
8.7574573055299, 5, 11, 0, 16, 0.351010101010101
8.74903140865742, 8, 15, 1, 18, 0.475225225225225
8.74387786814748, 7, 52, 1, 6, 0.164414414414414
8.67944176087254, 6, 95, 0, 9, 0.0618686868686869
8.66920921682493, 7, 19, 4, 37, 0.0486682110506046
8.55624717744359, 6, 14, 1, 1, 0.0337837837837838
8.48249984790975, 10, 15, 0, 12, 0.132575757575758
8.44741298020836, 8, 13, 3, 2, 0.400252525252525
8.32992681854841, 6, 53, 1, 14, 0.353603603603604
7.77371840459612, 8, 19, 1, 18, 0.475225225225225
7.62946551973815, 8, 10, 0, 7, 0.0353535353535354
7.54266023271295, 4, 11, 4, 102, 0.786411515216059
7.34464043998704, 6, 19, 1, 1, 0.0337837837837838
7.26166893993925, 7, 31, 1, 9, 0.227477477477477
7.23044047528976, 4, 267, 4, 5, 0.00604237658698964
7.2215473713951, 4, 12, 4, 102, 0.786411515216059
7.17892060424331, 8, 18, 3, 2, 0.400252525252525
7.06853947368421, 8, 16, 1, 25, 0.835585585585586
6.93975277024971, 6, 14, 4, 85, 0.311682906050061
6.93390414937284, 7, 34, 1, 9, 0.227477477477477
6.77781605848029, 5, 98, 1, 22, 0.632882882882883
6.62105129023284, 7, 39, 3, 3, 0.800505050505051
6.45514890573148, 3, 13, 0, 13, 0.170454545454545
6.38941111111137, 7, 25, 4, 52, 0.0736969911266934
6.31096041218096, 5, 79, 4, 42, 0.0614175149797577
6.2203371299149, 3, 14, 0, 13, 0.170454545454545
6.16456157714268, 8, 13, 4, 55, 0.0776266165618163
6.02807071750945, 8, 22, 1, 25, 0.835585585585586
5.98536491087016, 7, 31, 0, 9, 0.0618686868686869
5.93241928514988, 7, 29, 4, 52, 0.0736969911266934
5.92882662309064, 5, 24, 0, 16, 0.351010101010101
5.78943800159045, 8, 20, 4, 35, 0.0452335812040479
5.4888218055658, 5, 124, 4, 78, 0.219710950157435
5.43556619315951, 6, 54, 1, 13, 0.326576576576577
5.40604531642811, 7, 38, 0, 9, 0.0618686868686869
5.3793294445562, 10, 11, 0, 5, 0.0184343434343434
5.29495873116546, 7, 42, 1, 12, 0.313063063063063
5.15031583177009, 10, 12, 0, 5, 0.0184343434343434
5.10577448674455, 8, 14, 0, 7, 0.0353535353535354
5.09804495571466, 9, 23, 4, 13, 0.0149040473935306
4.91977049368117, 6, 15, 0, 7, 0.0353535353535354
4.81913951755966, 8, 85, 4, 63, 0.0888584396739231
4.79204139648999, 10, 47, 0, 12, 0.132575757575758
4.57695261433989, 8, 32, 4, 35, 0.0452335812040479
4.40274730865784, 10, 11, 2, 1, 0.0454545454545454
4.29474358974369, 8, 16, 2, 2, 0.181818181818182
4.27179741755656, 8, 20, 0, 7, 0.0353535353535354
4.24112030671152, 8, 10, 1, 2, 0.0788288288288288
4.21530962191042, 10, 12, 2, 1, 0.0454545454545454
4.19988254225657, 8, 33, 0, 7, 0.0353535353535354
4.19680242270307, 9, 10, 1, 12, 0.313063063063063
4.12738396189765, 8, 29, 4, 55, 0.0776266165618163
4.06236678471031, 6, 22, 0, 7, 0.0353535353535354
3.99730573669272, 7, 107, 3, 3, 0.800505050505051
3.79148715407149, 8, 12, 0, 8, 0.0467171717171717
3.62671595708889, 9, 13, 2, 5, 0.863636363636364
3.58206377256278, 8, 23, 2, 2, 0.181818181818182
3.46286022973288, 8, 15, 1, 2, 0.0788288288288288
3.42403041814755, 8, 13, 4, 60, 0.0833233322906506
3.26907758620695, 9, 16, 2, 5, 0.863636363636364
3.22070789918272, 6, 65, 4, 85, 0.311682906050061
3.20021790110194, 6, 12, 2, 4, 0.590909090909091
3.10507242272174, 9, 62, 4, 13, 0.0149040473935306
3.08637931034485, 8, 16, 4, 60, 0.0833233322906506
3.07466990566468, 6, 13, 2, 4, 0.590909090909091
3.01316845017877, 8, 19, 0, 8, 0.0467171717171717
2.76728956823042, 9, 23, 1, 12, 0.313063063063063
2.64697032572765, 11, 13, 0, 8, 0.0467171717171717
2.00649722592573, 12, 17, 0, 10, 0.0808080808080808
2.00649722592561, 12, 17, 0, 10, 0.0808080808080808
1.92288860004473, 7, 11, 4, 30, 0.0378992342401869
1.92288860004459, 7, 11, 4, 30, 0.0378992342401869
1.63674600753955, 11, 34, 0, 8, 0.0467171717171717
1.45464772367757, 9, 10, 2, 4, 0.590909090909091
1.45464772367734, 9, 10, 2, 4, 0.590909090909091
1.3203659150352, 9, 10, 1, 24, 0.743243243243243
1.20532365970954, 9, 12, 1, 24, 0.743243243243243
1.09352921002791, 9, 11, 4, 61, 0.084023548930301
1.04697450880421, 9, 12, 4, 61, 0.084023548930301
