norm, level, Npoints, dimSplit, MainGridIndexSplit
3869.60639424751, 0, 962, -1, -1, -1
71.3196431026249, 1, 280, 0, 13, 0.170454545454545
65.0115492026552, 2, 97, 2, 2, 0.181818181818182
47.6240496671926, 2, 47, 4, 99, 0.6623678444522
47.3315620608951, 2, 183, 2, 2, 0.181818181818182
45.6978733348918, 1, 682, 0, 13, 0.170454545454545
37.8978934828437, 3, 34, 4, 49, 0.0692091058226616
36.4956456104499, 3, 57, 4, 30, 0.0378992342401869
33.3386933928051, 5, 73, 2, 3, 0.363636363636364
29.6972401790472, 5, 92, 2, 3, 0.363636363636364
29.6298288337941, 3, 67, 1, 24, 0.743243243243243
27.9360730620976, 5, 17, 0, 5, 0.0184343434343434
27.8409630930777, 3, 63, 4, 49, 0.0692091058226616
24.5467051527464, 3, 126, 4, 30, 0.0378992342401869
22.4112665813984, 4, 27, 4, 75, 0.204510284651682
21.8506139763413, 5, 38, 2, 1, 0.0454545454545454
21.8245232811433, 4, 165, 0, 10, 0.0808080808080808
20.9718038052152, 4, 10, 0, 9, 0.0618686868686869
20.0508527954542, 5, 33, 0, 5, 0.0184343434343434
19.4810626891553, 5, 17, 0, 17, 0.444444444444444
18.795313743188, 3, 17, 4, 103, 0.865041948010276
18.7537622950819, 7, 16, 4, 35, 0.0452335812040479
18.2357835424841, 7, 120, 3, 2, 0.400252525252525
17.9364877862549, 6, 19, 0, 16, 0.351010101010101
17.7963024893842, 7, 126, 3, 2, 0.400252525252525
16.4637000183071, 4, 27, 0, 16, 0.351010101010101
16.1020107739689, 6, 119, 1, 5, 0.141891891891892
15.6188372314822, 4, 30, 0, 16, 0.351010101010101
15.1558553926442, 7, 11, 2, 1, 0.0454545454545454
14.9908051049831, 8, 33, 1, 17, 0.436936936936937
14.8293046843817, 4, 20, 0, 9, 0.0618686868686869
14.4263431302684, 5, 31, 0, 17, 0.444444444444444
14.1485981849589, 3, 30, 4, 103, 0.865041948010276
13.9647837575384, 4, 403, 0, 10, 0.0808080808080808
13.950403525531, 8, 12, 0, 6, 0.026010101010101
13.8641032882508, 4, 13, 2, 1, 0.0454545454545454
13.8239102856612, 6, 35, 1, 11, 0.272522522522523
13.7278950403999, 6, 31, 3, 3, 0.800505050505051
13.6956514162883, 8, 15, 0, 4, 0.0126262626262626
13.2670122618293, 6, 38, 1, 11, 0.272522522522523
13.1574588611436, 4, 15, 4, 14, 0.0167757737040485
12.9565205676726, 2, 635, 4, 99, 0.6623678444522
11.703902260464, 4, 99, 4, 75, 0.204510284651682
11.1991752318366, 6, 246, 1, 5, 0.141891891891892
11.1825832868468, 7, 45, 4, 35, 0.0452335812040479
11.1239469838794, 7, 11, 0, 6, 0.026010101010101
10.9082181335578, 4, 21, 2, 1, 0.0454545454545454
10.5270115121897, 5, 10, 4, 20, 0.0246350245742943
10.2659751775086, 6, 58, 0, 16, 0.351010101010101
10.2605626054127, 7, 24, 2, 1, 0.0454545454545454
10.2325429635127, 7, 13, 0, 6, 0.026010101010101
10.1763579829026, 3, 568, 1, 24, 0.743243243243243
10.100684460597, 10, 20, 0, 8, 0.0467171717171717
9.91856818181822, 6, 16, 0, 9, 0.0618686868686869
9.8332073584978, 8, 13, 4, 68, 0.0971476980300399
9.78633052133947, 6, 61, 3, 3, 0.800505050505051
9.69562249820773, 9, 11, 4, 52, 0.0736969911266934
9.62242453377097, 6, 17, 0, 9, 0.0618686868686869
8.92977371141932, 8, 93, 1, 17, 0.436936936936937
8.11371411318687, 10, 21, 2, 3, 0.363636363636364
8.02866171086442, 8, 48, 3, 3, 0.800505050505051
7.86113595630828, 7, 14, 4, 45, 0.0660434784542375
7.71393129068054, 5, 10, 4, 99, 0.6623678444522
7.69350531942371, 10, 10, 0, 5, 0.0184343434343434
7.69350531942366, 10, 10, 0, 5, 0.0184343434343434
7.64095069723288, 8, 40, 0, 6, 0.026010101010101
7.56735642128076, 7, 52, 4, 30, 0.0378992342401869
7.44372122589838, 5, 20, 4, 20, 0.0246350245742943
7.35574476664763, 8, 52, 0, 4, 0.0126262626262626
7.35524310616885, 4, 48, 4, 14, 0.0167757737040485
7.22884967594539, 9, 14, 3, 1, 0.0997474747474748
7.13386463752024, 7, 17, 4, 45, 0.0660434784542375
7.0503229467335, 5, 365, 2, 1, 0.0454545454545454
6.73498084652994, 9, 20, 4, 86, 0.339097714835584
6.69652805838256, 6, 11, 4, 4, 0.00326307504602002
6.66666235581102, 7, 67, 4, 30, 0.0378992342401869
6.64504004003296, 7, 18, 0, 14, 0.217171717171717
6.5633064865523, 9, 11, 0, 7, 0.0353535353535354
6.55537483634543, 8, 72, 3, 3, 0.800505050505051
6.42070641695715, 5, 11, 0, 17, 0.444444444444444
6.37661050227134, 10, 34, 2, 3, 0.363636363636364
6.26988949932432, 9, 17, 2, 2, 0.181818181818182
6.26746452527289, 8, 32, 4, 68, 0.0971476980300399
6.20520896176304, 9, 19, 3, 1, 0.0997474747474748
6.15642755807095, 11, 10, 0, 6, 0.026010101010101
6.06490591047034, 10, 14, 0, 8, 0.0467171717171717
6.01926711677795, 11, 12, 4, 58, 0.081739484313027
5.91791653016923, 5, 10, 4, 82, 0.274718983341981
5.91631522632606, 5, 17, 4, 99, 0.6623678444522
5.86992336002156, 11, 11, 0, 6, 0.026010101010101
5.73680327339126, 10, 62, 0, 8, 0.0467171717171717
5.69209771795981, 9, 28, 4, 86, 0.339097714835584
5.66280053815287, 5, 22, 4, 37, 0.0486682110506046
5.6521975938274, 12, 10, 0, 5, 0.0184343434343434
5.64251201779439, 5, 11, 4, 82, 0.274718983341981
5.40162945845509, 11, 31, 2, 4, 0.590909090909091
5.40162945845501, 11, 31, 2, 4, 0.590909090909091
5.32376851851842, 5, 16, 0, 17, 0.444444444444444
5.20510902863724, 5, 10, 1, 20, 0.560810810810811
5.20510902863711, 5, 10, 1, 20, 0.560810810810811
5.15972686935973, 12, 12, 0, 5, 0.0184343434343434
4.97363030391283, 8, 10, 4, 76, 0.20691329301129
4.966278125537, 6, 20, 4, 4, 0.00326307504602002
4.95197493954715, 10, 21, 0, 8, 0.0467171717171717
4.45762837281601, 7, 40, 0, 14, 0.217171717171717
4.44552338404276, 11, 22, 4, 58, 0.081739484313027
4.43016454508374, 6, 14, 4, 51, 0.0718603446010522
4.40741920675887, 7, 14, 2, 1, 0.0454545454545454
4.2620724753729, 8, 17, 4, 52, 0.0736969911266934
4.20348481279873, 8, 14, 4, 76, 0.20691329301129
4.18320370141034, 12, 10, 0, 6, 0.026010101010101
4.16987156203324, 4, 17, 2, 1, 0.0454545454545454
4.04222076382144, 9, 29, 0, 7, 0.0353535353535354
3.66421858536453, 8, 23, 4, 52, 0.0736969911266934
3.62698695182267, 12, 11, 0, 6, 0.026010101010101
3.55111808553072, 9, 82, 4, 52, 0.0736969911266934
3.48580431222962, 9, 55, 2, 2, 0.181818181818182
3.47434958241584, 9, 12, 0, 12, 0.132575757575758
3.43547586230939, 10, 10, 1, 10, 0.240990990990991
3.38359406149291, 6, 24, 4, 51, 0.0718603446010522
3.36622202239593, 7, 24, 2, 1, 0.0454545454545454
3.13703214351463, 8, 10, 4, 17, 0.0191899869089483
3.02689420905834, 5, 77, 4, 37, 0.0486682110506046
2.98426560581956, 9, 17, 2, 5, 0.863636363636364
2.88668480205653, 12, 21, 0, 6, 0.026010101010101
2.69121961431989, 9, 20, 0, 12, 0.132575757575758
2.68984551448188, 12, 20, 0, 6, 0.026010101010101
2.65127606331148, 8, 14, 4, 17, 0.0191899869089483
2.56065252106112, 10, 18, 1, 10, 0.240990990990991
2.43143204859011, 4, 50, 2, 1, 0.0454545454545454
2.42471379339323, 10, 14, 3, 2, 0.400252525252525
2.34249607211585, 10, 15, 3, 2, 0.400252525252525
2.26007984372232, 6, 10, 4, 25, 0.0319165363830463
2.26007984372232, 6, 10, 4, 25, 0.0319165363830463
2.21508586591277, 9, 11, 0, 15, 0.275252525252525
2.12078325403269, 9, 12, 0, 15, 0.275252525252525
2.07983035368152, 9, 35, 2, 5, 0.863636363636364
1.93398878309877, 11, 10, 4, 41, 0.0589841673467433
1.84398595270523, 11, 11, 4, 41, 0.0589841673467433
1.76739698426809, 7, 10, 1, 8, 0.202702702702703
1.76739698426809, 7, 10, 1, 8, 0.202702702702703
1.6877075872319, 13, 10, 1, 14, 0.353603603603604
1.68770758723181, 13, 10, 1, 14, 0.353603603603604
1.41609668420203, 6, 10, 2, 5, 0.863636363636364
1.29271349590967, 6, 12, 2, 5, 0.863636363636364
0.714200409549145, 11, 10, 1, 13, 0.326576576576577
0.71420040954892, 11, 10, 1, 13, 0.326576576576577
