norm, level, Npoints, dimSplit, MainGridIndexSplit
910.873525599015, 0, 659, -1, -1, -1
141.250738167017, 2, 88, 7, 5, 0.112637362637363
113.580196796246, 2, 78, 7, 3, 0.0260989010989011
101.39900915019, 3, 26, 0, 254, 0.688127853881279
85.3529956525551, 4, 56, 7, 3, 0.0260989010989011
81.3971361714014, 2, 265, 7, 5, 0.112637362637363
76.1260534911368, 6, 31, 0, 130, 0.336872146118721
74.9656914167302, 1, 306, 1, 2, 0.0342237061769616
69.7968642244316, 1, 353, 1, 2, 0.0342237061769616
66.4327904045568, 2, 228, 7, 3, 0.0260989010989011
61.9695790032351, 4, 74, 7, 5, 0.112637362637363
61.6842857142857, 5, 16, 3, 121, 0.50758785942492
60.3536820205076, 4, 112, 7, 3, 0.0260989010989011
58.7776868679115, 6, 52, 0, 130, 0.336872146118721
51.403471967249, 5, 17, 6, 121, 0.404039136979428
51.3687680807958, 6, 13, 7, 2, 0.010989010989011
50.0254043920914, 5, 10, 2, 140, 0.884307846076962
48.6228167226761, 5, 19, 6, 121, 0.404039136979428
48.3749099099098, 4, 36, 0, 161, 0.399885844748858
47.1182791474046, 4, 128, 7, 5, 0.112637362637363
47.0846797959493, 4, 38, 0, 161, 0.399885844748858
45.6103535894828, 3, 97, 1, 63, 0.33889816360601
44.4416666666667, 3, 4, 3, 14, 0.193690095846645
44.3096664850002, 3, 14, 5, 69, 0.246947674418605
43.6216846117984, 5, 33, 3, 110, 0.478035143769968
42.9873267720649, 5, 29, 4, 9, 0.108695652173913
42.15075, 6, 1, 0, 259, 0.765981735159817
40.5350515463918, 4, 9, 2, 123, 0.794352823588206
39.8613630808916, 6, 6, 7, 2, 0.010989010989011
39.0125677395458, 5, 40, 3, 121, 0.50758785942492
36.3784926854121, 3, 202, 0, 254, 0.688127853881279
34.6572951840831, 3, 168, 1, 63, 0.33889816360601
34.0059161719528, 7, 6, 4, 44, 0.262422360248447
33.9562878020749, 5, 19, 4, 37, 0.239130434782609
33.7892116070015, 5, 55, 3, 110, 0.478035143769968
33.6411111111111, 9, 1, 3, 20, 0.254792332268371
32.6510659142409, 6, 12, 5, 266, 0.837354651162791
30.2829987165242, 5, 6, 6, 245, 0.607375815353738
30.0179306968651, 6, 8, 6, 120, 0.40178123432012
29.7889644891079, 9, 3, 2, 136, 0.868815592203898
29.3279512234142, 8, 15, 2, 83, 0.62543728135932
28.5789442737972, 6, 42, 7, 2, 0.010989010989011
26.9918467724515, 5, 3, 0, 277, 0.990068493150685
26.9394784787166, 6, 3, 6, 120, 0.40178123432012
25.4097499613686, 5, 83, 4, 9, 0.108695652173913
25.0841371454817, 8, 12, 1, 111, 0.456176961602671
24.6477244920042, 7, 3, 1, 16, 0.128964941569282
22.8656110010936, 9, 27, 3, 127, 0.522364217252396
22.551935483871, 7, 1, 2, 72, 0.5992003998001
22.5296491228071, 6, 9, 6, 1, 0.0137982940291019
22.4526044881762, 8, 8, 1, 78, 0.378825820812465
22.1136480972179, 9, 8, 7, 4, 0.0549450549450549
21.9671226415095, 7, 16, 5, 132, 0.42718023255814
21.6815576918412, 9, 2, 0, 161, 0.399885844748858
21.5771428571429, 4, 1, 2, 107, 0.699650174912544
21.4644594594595, 4, 1, 3, 190, 0.821884984025559
21.4356701075236, 4, 2, 7, 11, 0.615384615384615
21.3735018337454, 6, 10, 6, 1, 0.0137982940291019
20.4811122148079, 8, 18, 1, 111, 0.456176961602671
20.0275, 7, 16, 3, 146, 0.568290734824281
19.9579376529053, 5, 55, 4, 37, 0.239130434782609
19.8521890060853, 8, 12, 0, 148, 0.368150684931507
19.8521890060853, 8, 12, 0, 148, 0.368150684931507
19.813, 11, 1, 0, 95, 0.21027397260274
19.4353124634884, 7, 17, 0, 93, 0.203995433789954
19.272880966763, 3, 74, 5, 69, 0.246947674418605
18.858582462251, 9, 11, 7, 4, 0.0549450549450549
18.790826761225, 6, 27, 7, 2, 0.010989010989011
18.1257180991973, 10, 2, 3, 59, 0.368610223642173
18.021875, 8, 1, 6, 300, 0.878198695434019
17.6470282358123, 8, 2, 2, 76, 0.609445277361319
17.4787944589867, 6, 13, 0, 90, 0.196575342465753
17.3971406790377, 12, 6, 0, 136, 0.342922374429224
17.241186824978, 5, 5, 5, 280, 0.940988372093023
17.1492082508202, 9, 48, 3, 127, 0.522364217252396
17.0845934043303, 7, 22, 0, 93, 0.203995433789954
17.0375, 4, 1, 2, 82, 0.624437781109445
16.9721052631579, 6, 4, 5, 258, 0.807703488372093
16.712, 6, 1, 6, 250, 0.629076768690416
16.7027432876559, 7, 3, 3, 66, 0.38538338658147
16.3023076923077, 7, 16, 4, 65, 0.330745341614907
16.267286129022, 10, 18, 4, 48, 0.274844720496894
16.165, 6, 1, 7, 3, 0.0260989010989011
15.8475778976856, 6, 7, 7, 2, 0.010989010989011
15.8034615384615, 7, 4, 2, 78, 0.616691654172913
15.7551724137931, 6, 16, 0, 90, 0.196575342465753
15.3425, 10, 1, 4, 104, 0.605590062111801
14.894482244554, 9, 12, 2, 136, 0.868815592203898
14.8048340737971, 11, 5, 1, 93, 0.40386755703951
14.7683318420473, 6, 7, 6, 8, 0.0815353738083291
14.6823652045575, 9, 2, 4, 41, 0.253105590062112
14.5629582479505, 5, 118, 2, 140, 0.884307846076962
14.5133666838539, 10, 2, 3, 82, 0.424520766773163
14.4516666666667, 10, 4, 5, 236, 0.739244186046512
14.3722222222222, 11, 1, 3, 14, 0.193690095846645
14.1423076923077, 10, 1, 4, 22, 0.184782608695652
13.97625, 6, 9, 7, 2, 0.010989010989011
13.9314619955457, 7, 3, 6, 182, 0.480306071249373
13.9314619955457, 7, 3, 6, 182, 0.480306071249373
13.8828571428571, 7, 36, 4, 44, 0.262422360248447
13.818125, 7, 1, 4, 77, 0.368012422360248
13.4461750520143, 8, 17, 1, 28, 0.262242626599889
13.4051850193997, 8, 3, 4, 49, 0.277950310559006
13.3516666666667, 7, 36, 3, 146, 0.568290734824281
13.3366666666667, 5, 4, 4, 38, 0.243788819875776
13.2653232150596, 7, 2, 3, 162, 0.620607028753994
13.2653232150596, 7, 2, 3, 162, 0.620607028753994
13.25, 7, 4, 0, 235, 0.590867579908676
13.12625, 10, 1, 7, 4, 0.0549450549450549
13.1158585152706, 8, 75, 2, 83, 0.62543728135932
13.1129230956408, 5, 32, 6, 245, 0.607375815353738
13.0587008386207, 10, 12, 0, 190, 0.462100456621005
12.9631530408036, 4, 88, 2, 123, 0.794352823588206
12.8486399097597, 12, 11, 0, 136, 0.342922374429224
12.718808285784, 8, 19, 1, 28, 0.262242626599889
12.6005856531387, 10, 30, 4, 48, 0.274844720496894
12.4783333333334, 8, 4, 2, 76, 0.609445277361319
12.3005555555555, 11, 4, 7, 4, 0.0549450549450549
12.2612315857747, 8, 2, 0, 36, 0.106735159817352
12.0700000000001, 6, 16, 1, 71, 0.364913745130774
12.07, 6, 16, 1, 71, 0.364913745130774
12.0014219193568, 8, 28, 1, 78, 0.378825820812465
11.9286773039689, 5, 5, 4, 38, 0.243788819875776
11.8511602807489, 7, 5, 0, 235, 0.590867579908676
11.704249013517, 11, 8, 1, 93, 0.40386755703951
11.6800571091957, 10, 15, 0, 190, 0.462100456621005
11.654, 8, 1, 7, 4, 0.0549450549450549
11.2936339983589, 8, 5, 1, 18, 0.139259877573734
11.1214285714286, 11, 1, 7, 1, 0.00274725274725275
11.020652021893, 8, 2, 5, 240, 0.747383720930232
11.001951353294, 11, 5, 7, 4, 0.0549450549450549
10.9858851396782, 6, 106, 5, 266, 0.837354651162791
10.9609985148666, 6, 60, 6, 120, 0.40178123432012
10.934512204157, 7, 7, 3, 66, 0.38538338658147
10.8682051282052, 7, 36, 4, 65, 0.330745341614907
10.7881466429123, 8, 6, 1, 102, 0.43544796883695
10.6900403179782, 7, 2, 0, 105, 0.253538812785388
10.5527257416381, 13, 3, 3, 103, 0.46685303514377
10.541665380023, 8, 7, 6, 201, 0.516181635725038
10.535641025641, 7, 9, 2, 78, 0.616691654172913
10.475233118594, 10, 5, 7, 2, 0.010989010989011
10.445, 10, 4, 0, 188, 0.458447488584475
10.4427875923248, 6, 14, 6, 8, 0.0815353738083291
10.3324776236798, 3, 74, 3, 14, 0.193690095846645
10.2780379325114, 12, 14, 4, 19, 0.173913043478261
10.2691421866678, 7, 5, 3, 35, 0.297923322683706
10.2188714994476, 10, 8, 5, 236, 0.739244186046512
10.2019591408953, 5, 21, 0, 277, 0.990068493150685
10.1866666666667, 6, 1, 3, 76, 0.406549520766773
10.037380758943, 8, 2, 6, 198, 0.506146512794782
10.037380758943, 8, 2, 6, 198, 0.506146512794782
10, 9, 1, 7, 4, 0.0549450549450549
10, 9, 1, 7, 4, 0.0549450549450549
9.9295279927766, 12, 15, 4, 19, 0.173913043478261
9.87769330547558, 8, 27, 0, 160, 0.399657534246575
9.8499974619286, 12, 2, 4, 39, 0.246894409937888
9.83660521131822, 4, 3, 2, 82, 0.624437781109445
9.76514464818622, 7, 2, 2, 83, 0.62543728135932
9.76514464818622, 7, 2, 2, 83, 0.62543728135932
9.69970227083578, 8, 28, 0, 160, 0.399657534246575
9.63, 13, 1, 4, 8, 0.100931677018634
9.47811167330458, 9, 2, 4, 48, 0.274844720496894
9.47289260103636, 9, 13, 2, 85, 0.627686156921539
9.42772727272727, 13, 4, 5, 164, 0.501889534883721
9.41017704403057, 12, 2, 7, 4, 0.0549450549450549
9.3328671014503, 6, 3, 7, 3, 0.0260989010989011
9.32015924032162, 6, 7, 1, 141, 0.524485253199777
9.296875, 8, 9, 6, 201, 0.516181635725038
9.26215215832318, 7, 90, 5, 132, 0.42718023255814
9.23571428571427, 7, 1, 2, 3, 0.297351324337831
9.21900000000001, 7, 1, 1, 176, 0.726488592097941
9.14785714285714, 14, 1, 3, 126, 0.519568690095847
8.97166666666666, 9, 4, 1, 50, 0.319421257651642
8.9373715748349, 10, 6, 6, 283, 0.732689412945309
8.868, 11, 1, 5, 223, 0.700872093023256
8.83917671505666, 9, 5, 0, 242, 0.634132420091324
8.81878307931427, 9, 15, 2, 85, 0.627686156921539
8.76666666666667, 10, 1, 5, 68, 0.241133720930233
8.76435747123861, 6, 15, 5, 258, 0.807703488372093
8.71428656455695, 7, 24, 1, 16, 0.128964941569282
8.71155554421827, 11, 2, 4, 74, 0.358695652173913
8.62777777777777, 9, 1, 5, 260, 0.817151162790698
8.59788465239374, 14, 5, 2, 62, 0.563718140929535
8.55864370278667, 7, 2, 6, 33, 0.18941294530858
8.54454545454544, 10, 9, 3, 59, 0.368610223642173
8.38628642487246, 12, 2, 2, 78, 0.616691654172913
8.37929616177079, 10, 6, 3, 82, 0.424520766773163
8.356, 6, 4, 6, 250, 0.629076768690416
8.27668487378854, 9, 2, 0, 274, 0.962328767123288
8.27668487378854, 9, 2, 0, 274, 0.962328767123288
8.245, 7, 1, 7, 4, 0.0549450549450549
8.245, 7, 1, 7, 4, 0.0549450549450549
8.16692307692308, 5, 1, 0, 267, 0.881278538812785
8.15916791025012, 9, 17, 3, 20, 0.254792332268371
8.12, 9, 1, 4, 67, 0.33695652173913
8.12, 9, 1, 4, 67, 0.33695652173913
8.05211175429797, 10, 3, 5, 54, 0.199273255813954
8.02666666666667, 9, 1, 5, 219, 0.671511627906977
7.99485785260333, 8, 3, 0, 5, 0.069634703196347
7.98580518447853, 8, 10, 1, 18, 0.139259877573734
7.91698548644736, 9, 15, 0, 161, 0.399885844748858
7.88929137295276, 7, 2, 6, 256, 0.645634721525339
7.84875895157251, 14, 6, 2, 62, 0.563718140929535
7.8365109024999, 9, 2, 7, 4, 0.0549450549450549
7.79780467730933, 6, 10, 1, 141, 0.524485253199777
7.75958761790857, 10, 3, 4, 64, 0.327639751552795
7.75146167020719, 8, 2, 6, 297, 0.807325639739087
7.72214285714286, 8, 4, 3, 190, 0.821884984025559
7.71655528783434, 7, 2, 6, 4, 0.0464124435524335
7.68337738237553, 12, 3, 7, 4, 0.0549450549450549
7.6825, 7, 1, 5, 209, 0.643604651162791
7.48543238564079, 15, 2, 7, 4, 0.0549450549450549
7.47046780902737, 9, 7, 0, 242, 0.634132420091324
7.45997654151807, 10, 2, 1, 138, 0.515720645520312
7.40710837266773, 10, 10, 7, 2, 0.010989010989011
7.38857142857142, 11, 1, 2, 4, 0.327336331834083
7.38, 11, 1, 4, 2, 0.0559006211180124
7.38, 11, 1, 4, 2, 0.0559006211180124
7.34232222265561, 8, 10, 4, 49, 0.277950310559006
7.34118260227876, 9, 8, 4, 41, 0.253105590062112
7.31753245636806, 7, 5, 5, 272, 0.891860465116279
7.29733333333331, 10, 9, 6, 283, 0.732689412945309
7.24343647725304, 10, 3, 2, 146, 0.922038980509745
7.20306107768696, 6, 2, 3, 76, 0.406549520766773
7.18336837771806, 6, 5, 3, 59, 0.368610223642173
7.17, 8, 1, 5, 152, 0.477325581395349
7.12669194062217, 13, 7, 5, 164, 0.501889534883721
7.08264442728372, 9, 3, 4, 69, 0.343167701863354
6.96430758702304, 10, 6, 7, 6, 0.197802197802198
6.85333333333333, 11, 1, 5, 12, 0.063953488372093
6.8, 11, 4, 6, 138, 0.422227797290517
6.77833333333332, 11, 4, 0, 49, 0.117237442922374
6.75548501425157, 9, 7, 6, 145, 0.432764676367285
6.74952177899977, 6, 39, 0, 259, 0.765981735159817
6.74781899760877, 7, 2, 6, 121, 0.404039136979428
6.72, 10, 4, 4, 64, 0.327639751552795
6.71, 8, 1, 7, 1, 0.00274725274725275
6.71, 8, 1, 7, 1, 0.00274725274725275
6.60636363636362, 8, 16, 1, 102, 0.43544796883695
6.59966329107445, 8, 2, 6, 9, 0.091570496738585
6.55166666666667, 10, 1, 4, 40, 0.25
6.5240242929657, 12, 2, 5, 169, 0.513953488372093
6.495, 18, 1, 7, 4, 0.0549450549450549
6.495, 18, 1, 7, 4, 0.0549450549450549
6.47065342990317, 6, 52, 6, 120, 0.40178123432012
6.44032856304708, 12, 2, 7, 6, 0.197802197802198
6.38666666666667, 8, 1, 2, 77, 0.612193903048476
6.38234580698978, 6, 2, 6, 152, 0.446437531359759
6.34392633854532, 9, 8, 1, 50, 0.319421257651642
6.3191776012038, 9, 8, 6, 145, 0.432764676367285
6.3179990899018, 12, 2, 5, 204, 0.615406976744186
6.3179990899018, 12, 2, 5, 204, 0.615406976744186
6.23, 10, 1, 7, 4, 0.0549450549450549
6.22455997953072, 11, 2, 3, 67, 0.386182108626198
6.19896944840208, 10, 2, 5, 68, 0.241133720930233
6.18794495341936, 4, 24, 7, 11, 0.615384615384615
6.18444368961349, 7, 7, 5, 272, 0.891860465116279
6.1487803668695, 11, 3, 4, 29, 0.206521739130435
6.11411663465968, 9, 2, 0, 193, 0.466095890410959
6.11182994964139, 15, 3, 7, 4, 0.0549450549450549
6.07105434771076, 6, 7, 3, 59, 0.368610223642173
6.03714285714286, 11, 1, 2, 34, 0.478010994502749
6.015, 15, 1, 7, 4, 0.0549450549450549
6.015, 15, 1, 7, 4, 0.0549450549450549
6.00750000000002, 10, 4, 2, 78, 0.616691654172913
6.00749999999999, 10, 4, 2, 78, 0.616691654172913
5.98442268841846, 4, 13, 2, 107, 0.699650174912544
5.95873445222971, 15, 2, 5, 220, 0.681686046511628
5.95369070923444, 12, 5, 2, 34, 0.478010994502749
5.91892364732452, 10, 7, 4, 13, 0.133540372670807
5.9189236473245, 10, 7, 4, 13, 0.133540372670807
5.90333333333333, 11, 1, 4, 30, 0.211180124223602
5.83009541088308, 11, 2, 3, 191, 0.882987220447284
5.827, 8, 4, 7, 4, 0.0549450549450549
5.79891992714407, 10, 7, 4, 104, 0.605590062111801
5.79384354957248, 10, 13, 0, 188, 0.458447488584475
5.77234835708618, 9, 2, 5, 234, 0.734156976744186
5.76, 9, 1, 2, 66, 0.583458270864568
5.70381182962369, 9, 6, 6, 80, 0.312970396387356
5.69439379018235, 9, 14, 6, 254, 0.640993477170095
5.69370282433601, 10, 6, 5, 54, 0.199273255813954
5.68689868616163, 12, 6, 4, 39, 0.246894409937888
5.67571043032402, 9, 2, 5, 219, 0.671511627906977
5.66666666666666, 6, 1, 3, 143, 0.559904153354633
5.63846947318153, 6, 2, 5, 241, 0.748982558139535
5.62008469687069, 9, 2, 2, 132, 0.83208395802099
5.59, 13, 1, 0, 265, 0.857305936073059
5.55, 10, 1, 6, 284, 0.737706974410437
5.51098128314313, 13, 11, 3, 103, 0.46685303514377
5.50285714285715, 9, 1, 3, 18, 0.23482428115016
5.45482374058194, 7, 2, 0, 263, 0.817351598173516
5.45, 9, 1, 3, 66, 0.38538338658147
5.42, 7, 1, 5, 86, 0.316133720930233
5.40431611335432, 10, 2, 2, 13, 0.401799100449775
5.38545002906637, 8, 8, 1, 148, 0.550918196994992
5.37683996414251, 12, 2, 3, 84, 0.427316293929712
5.37, 12, 1, 5, 206, 0.618459302325581
5.37, 12, 1, 5, 206, 0.618459302325581
5.36783694530678, 8, 6, 6, 264, 0.662819869543402
5.3675, 12, 1, 7, 3, 0.0260989010989011
5.33512066405251, 9, 2, 7, 11, 0.615384615384615
5.33512066405249, 9, 2, 7, 11, 0.615384615384615
5.30395324262947, 12, 5, 2, 78, 0.616691654172913
5.27249999999999, 8, 1, 5, 36, 0.144476744186047
5.2585062517791, 12, 3, 7, 6, 0.197802197802198
5.20769942809043, 9, 3, 7, 8, 0.259615384615385
5.20547974056077, 7, 6, 3, 173, 0.651357827476038
5.205, 15, 1, 7, 4, 0.0549450549450549
5.205, 15, 1, 7, 4, 0.0549450549450549
5.17883191463095, 9, 3, 7, 2, 0.010989010989011
5.17883191463094, 9, 3, 7, 2, 0.010989010989011
5.14950513399104, 7, 2, 5, 27, 0.109447674418605
5.148, 12, 1, 6, 173, 0.470020070245861
5.13333333333333, 17, 1, 0, 239, 0.622488584474886
5.1125, 11, 1, 5, 100, 0.356395348837209
5.08666666666667, 8, 1, 5, 65, 0.234883720930233
5.07745098039215, 8, 9, 1, 148, 0.550918196994992
5.04874241767196, 9, 2, 1, 143, 0.52754590984975
5.04874241767194, 9, 2, 1, 143, 0.52754590984975
5.02500000000001, 11, 1, 4, 48, 0.274844720496894
5.02499999999999, 11, 1, 4, 48, 0.274844720496894
5.00944444444444, 13, 4, 0, 130, 0.336872146118721
4.98962597264955, 7, 5, 6, 256, 0.645634721525339
4.96965133626674, 8, 7, 6, 264, 0.662819869543402
4.96125616383738, 10, 7, 7, 4, 0.0549450549450549
4.95, 7, 1, 7, 6, 0.197802197802198
4.95, 7, 1, 7, 6, 0.197802197802198
4.942, 12, 1, 6, 247, 0.621048670346212
4.9396459428603, 9, 8, 6, 80, 0.312970396387356
4.9225, 10, 1, 6, 278, 0.716256899147015
4.91400000000001, 12, 1, 2, 63, 0.565217391304348
4.89141115885795, 10, 2, 5, 146, 0.459593023255814
4.88391196915435, 8, 10, 3, 190, 0.821884984025559
4.88037808003454, 7, 5, 6, 4, 0.0464124435524335
4.88, 8, 1, 4, 29, 0.206521739130435
4.84603847373181, 11, 2, 5, 12, 0.063953488372093
4.835, 8, 1, 5, 194, 0.595058139534884
4.81933777276998, 7, 7, 3, 173, 0.651357827476038
4.81654462071445, 12, 3, 3, 171, 0.646565495207668
4.80832611206852, 11, 8, 6, 138, 0.422227797290517
4.8068108832517, 9, 2, 5, 123, 0.409302325581395
4.80596908946457, 11, 2, 3, 158, 0.604233226837061
4.79300546514283, 11, 8, 0, 49, 0.117237442922374
4.78307229845472, 10, 2, 7, 2, 0.010989010989011
4.77600123064284, 11, 2, 5, 158, 0.488372093023256
4.76427165958937, 9, 20, 6, 254, 0.640993477170095
4.73999999999999, 11, 1, 6, 187, 0.490842950326141
4.70697414009845, 8, 2, 4, 74, 0.358695652173913
4.705, 12, 1, 3, 123, 0.511980830670927
4.69299999999999, 11, 4, 5, 162, 0.497674418604651
4.67517318909927, 5, 68, 5, 280, 0.940988372093023
4.66666666666666, 8, 4, 6, 9, 0.091570496738585
4.65652230747369, 11, 7, 4, 74, 0.358695652173913
4.65322811616213, 8, 15, 6, 300, 0.878198695434019
4.63430993476145, 8, 14, 0, 36, 0.106735159817352
4.61583333333334, 8, 9, 0, 5, 0.069634703196347
4.60379104651808, 6, 3, 5, 241, 0.748982558139535
4.55920952578407, 10, 14, 7, 6, 0.197802197802198
4.54030420180167, 11, 6, 7, 1, 0.00274725274725275
4.52784042219786, 11, 2, 1, 174, 0.70937673900946
4.52441167906577, 9, 6, 7, 4, 0.0549450549450549
4.52, 8, 1, 4, 59, 0.312111801242236
4.51605530917808, 8, 2, 2, 77, 0.612193903048476
4.51000000000001, 9, 4, 7, 8, 0.259615384615385
4.51, 9, 1, 6, 170, 0.468263923733066
4.5033320996791, 13, 3, 6, 49, 0.239964877069744
4.50333209967908, 13, 3, 6, 49, 0.239964877069744
4.5, 11, 1, 7, 8, 0.259615384615385
4.5, 11, 1, 7, 8, 0.259615384615385
4.48058332291458, 13, 5, 0, 130, 0.336872146118721
4.47333333333334, 7, 1, 7, 4, 0.0549450549450549
4.43761904761904, 12, 9, 2, 34, 0.478010994502749
4.43532728499262, 11, 2, 3, 101, 0.464456869009585
4.425, 11, 1, 7, 2, 0.010989010989011
4.425, 11, 1, 7, 2, 0.010989010989011
4.42, 8, 1, 0, 249, 0.655821917808219
4.40527524679219, 10, 2, 7, 4, 0.0549450549450549
4.39999999999999, 8, 1, 3, 19, 0.244808306709265
4.39017144691791, 12, 3, 3, 84, 0.427316293929712
4.355, 8, 1, 1, 148, 0.550918196994992
4.33456456867354, 10, 2, 0, 120, 0.30365296803653
4.33456456867354, 10, 2, 0, 120, 0.30365296803653
4.31, 8, 1, 7, 2, 0.010989010989011
4.31, 8, 1, 7, 2, 0.010989010989011
4.31, 11, 1, 3, 175, 0.687300319488818
4.30701946439375, 10, 6, 1, 138, 0.515720645520312
4.27333333333334, 5, 1, 5, 77, 0.275436046511628
4.2676954541996, 7, 5, 6, 121, 0.404039136979428
4.23, 10, 1, 5, 245, 0.756831395348837
4.22001327012132, 13, 2, 0, 240, 0.624429223744292
4.22, 14, 1, 7, 2, 0.010989010989011
4.21435641587182, 12, 2, 2, 8, 0.382308845577211
4.20857142857142, 9, 1, 3, 15, 0.194888178913738
4.19297878326654, 7, 13, 0, 105, 0.253538812785388
4.19253312040756, 10, 7, 0, 230, 0.565068493150685
4.17666666666667, 13, 1, 6, 156, 0.453211239337682
4.165, 9, 1, 5, 222, 0.695639534883721
4.14333054523227, 8, 7, 6, 297, 0.807325639739087
4.13227352282682, 10, 12, 4, 18, 0.167701863354037
4.12656181302235, 16, 5, 6, 119, 0.400777722027095
4.1175, 11, 1, 3, 88, 0.434904153354633
4.11740125997249, 7, 30, 2, 72, 0.5992003998001
4.10514770188857, 9, 2, 6, 201, 0.516181635725038
4.09, 12, 1, 4, 59, 0.312111801242236
4.08916666666669, 9, 9, 4, 69, 0.343167701863354
4.0825325765582, 10, 12, 4, 22, 0.184782608695652
4.08166666666668, 9, 4, 5, 234, 0.734156976744186
4.07293505963451, 9, 2, 2, 66, 0.583458270864568
4.06142857142857, 10, 1, 0, 118, 0.298630136986301
3.9527269068328, 13, 2, 0, 265, 0.857305936073059
3.93675739352962, 11, 5, 3, 67, 0.386182108626198
3.90221927960518, 11, 2, 2, 104, 0.689405297351324
3.88666666666666, 14, 1, 3, 106, 0.473242811501597
3.8775, 8, 1, 1, 155, 0.58347245409015
3.84333333333334, 12, 1, 0, 78, 0.154337899543379
3.83181845429383, 11, 6, 5, 162, 0.497674418604651
3.825741885191, 10, 14, 4, 18, 0.167701863354037
3.80500000000001, 12, 1, 6, 163, 0.462744606121425
3.78066425674406, 11, 2, 0, 117, 0.294292237442922
3.7670183165529, 16, 6, 6, 119, 0.400777722027095
3.73087942045839, 12, 5, 3, 171, 0.646565495207668
3.695, 7, 4, 4, 3, 0.0605590062111801
3.67918173530191, 11, 29, 0, 95, 0.21027397260274
3.674, 11, 1, 1, 181, 0.828464106844741
3.6575, 9, 1, 1, 182, 0.864496382860323
3.62171823862654, 10, 12, 2, 146, 0.922038980509745
3.59681649363557, 8, 2, 5, 65, 0.234883720930233
3.585, 13, 1, 6, 247, 0.621048670346212
3.585, 13, 1, 6, 247, 0.621048670346212
3.58333333333333, 11, 1, 7, 2, 0.010989010989011
3.575, 17, 1, 7, 4, 0.0549450549450549
3.575, 17, 1, 7, 4, 0.0549450549450549
3.56782453338749, 7, 15, 4, 77, 0.368012422360248
3.53, 5, 1, 3, 132, 0.535143769968051
3.53, 5, 1, 3, 132, 0.535143769968051
3.504, 12, 4, 2, 124, 0.8015992003998
3.5, 8, 1, 3, 117, 0.492811501597444
3.5, 8, 1, 3, 117, 0.492811501597444
3.48577589982773, 11, 17, 3, 14, 0.193690095846645
3.45068109219035, 8, 2, 4, 29, 0.206521739130435
3.45, 14, 1, 7, 8, 0.259615384615385
3.45, 14, 1, 7, 8, 0.259615384615385
3.44993345099968, 7, 5, 0, 263, 0.817351598173516
3.44562640652368, 13, 3, 0, 240, 0.624429223744292
3.43, 14, 1, 7, 2, 0.010989010989011
3.43, 14, 1, 7, 2, 0.010989010989011
3.41846844993629, 7, 2, 1, 86, 0.394824707846411
3.41798962274969, 10, 5, 2, 13, 0.401799100449775
3.39833333333333, 11, 4, 3, 158, 0.604233226837061
3.366, 9, 4, 6, 115, 0.390491721023582
3.34959381174848, 11, 3, 5, 108, 0.378197674418605
3.34333333333333, 12, 1, 0, 87, 0.184817351598174
3.326, 13, 1, 0, 219, 0.522260273972603
3.324, 16, 1, 6, 296, 0.779854490717511
3.28666666666667, 15, 1, 3, 93, 0.448482428115016
3.28, 10, 1, 5, 165, 0.502761627906977
3.28, 10, 1, 5, 165, 0.502761627906977
3.26813280995312, 9, 7, 0, 193, 0.466095890410959
3.25625551822949, 8, 3, 5, 222, 0.695639534883721
3.23486325679754, 7, 14, 6, 33, 0.18941294530858
3.22738800477001, 13, 3, 6, 291, 0.762418464626192
3.22738800477, 13, 3, 6, 291, 0.762418464626192
3.22723534933541, 10, 2, 7, 4, 0.0549450549450549
3.21109581975318, 11, 11, 4, 29, 0.206521739130435
3.20166666666665, 11, 4, 1, 174, 0.70937673900946
3.19117290349489, 6, 8, 6, 152, 0.446437531359759
3.175, 14, 1, 7, 4, 0.0549450549450549
3.175, 14, 1, 7, 4, 0.0549450549450549
3.16312433450782, 7, 2, 7, 4, 0.0549450549450549
3.15605326669596, 12, 2, 5, 213, 0.653488372093023
3.1475, 14, 1, 0, 178, 0.442694063926941
3.14655896708347, 9, 3, 3, 66, 0.38538338658147
3.13248304065641, 13, 2, 6, 217, 0.538133467134972
3.09999999999999, 11, 1, 6, 109, 0.380832915203211
3.09892756987532, 12, 3, 7, 3, 0.0260989010989011
3.09626286836244, 7, 55, 3, 35, 0.297923322683706
3.085, 9, 1, 6, 73, 0.293527345709985
3.085, 9, 1, 6, 73, 0.293527345709985
3.07545454545456, 12, 9, 5, 169, 0.513953488372093
3.07338943245894, 12, 5, 0, 103, 0.251826484018265
3.07299999999999, 7, 9, 1, 176, 0.726488592097941
3.065, 13, 1, 3, 18, 0.23482428115016
3.05038008661864, 9, 8, 5, 260, 0.817151162790698
3.04407929430231, 8, 3, 5, 36, 0.144476744186047
3.02833333333333, 14, 1, 0, 195, 0.474771689497717
3.02508053527471, 10, 5, 7, 2, 0.010989010989011
3.02170297827051, 5, 2, 5, 77, 0.275436046511628
3.02060839931972, 11, 5, 5, 158, 0.488372093023256
3.01637165468443, 11, 6, 2, 4, 0.327336331834083
2.98399061660722, 14, 2, 7, 2, 0.010989010989011
2.98, 12, 4, 2, 8, 0.382308845577211
2.97499999999999, 10, 1, 0, 116, 0.29189497716895
2.97306817530308, 7, 6, 5, 27, 0.109447674418605
2.96631294707757, 12, 2, 0, 170, 0.423858447488584
2.96631294707757, 12, 2, 0, 170, 0.423858447488584
2.96277741317163, 10, 2, 5, 152, 0.477325581395349
2.96277741317163, 10, 2, 5, 152, 0.477325581395349
2.962, 13, 1, 4, 90, 0.442546583850932
2.955, 10, 4, 7, 8, 0.259615384615385
2.95499999999998, 10, 4, 7, 8, 0.259615384615385
2.95334932275582, 13, 2, 6, 156, 0.453211239337682
2.95287791823503, 11, 2, 1, 72, 0.36867000556483
2.95170325123196, 11, 3, 5, 100, 0.356395348837209
2.9475, 12, 1, 5, 165, 0.502761627906977
2.94509974364197, 14, 2, 7, 4, 0.0549450549450549
2.94509974364197, 14, 2, 7, 4, 0.0549450549450549
2.92999440651721, 10, 5, 4, 40, 0.25
2.92714024262589, 8, 6, 5, 152, 0.477325581395349
2.90371206389339, 7, 7, 5, 209, 0.643604651162791
2.9, 18, 1, 5, 226, 0.714970930232558
2.895, 11, 1, 3, 23, 0.262779552715655
2.895, 11, 1, 5, 112, 0.390116279069767
2.895, 11, 1, 3, 23, 0.262779552715655
2.895, 11, 1, 5, 112, 0.390116279069767
2.89, 14, 1, 5, 231, 0.72281976744186
2.89, 14, 1, 5, 231, 0.72281976744186
2.86100401957075, 12, 6, 2, 124, 0.8015992003998
2.86095403668078, 12, 2, 5, 183, 0.569767441860465
2.84200670008593, 10, 3, 6, 278, 0.716256899147015
2.82405754928376, 10, 6, 5, 146, 0.459593023255814
2.82, 8, 4, 5, 222, 0.695639534883721
2.81004234843533, 9, 8, 2, 132, 0.83208395802099
2.80297128062348, 8, 2, 2, 136, 0.868815592203898
2.8, 6, 1, 7, 2, 0.010989010989011
2.8, 6, 1, 7, 2, 0.010989010989011
2.79654036638725, 9, 3, 6, 111, 0.385474159558454
2.79333333333333, 9, 1, 1, 108, 0.451307735114079
2.79148855153184, 8, 3, 5, 194, 0.595058139534884
2.78, 11, 1, 7, 2, 0.010989010989011
2.78, 11, 1, 7, 2, 0.010989010989011
2.76, 12, 1, 3, 60, 0.369408945686901
2.755, 14, 1, 6, 269, 0.687029603612644
2.755, 14, 1, 6, 269, 0.687029603612644
2.74832749140274, 9, 6, 6, 115, 0.390491721023582
2.74828835621173, 14, 2, 3, 106, 0.473242811501597
2.7225, 11, 1, 0, 72, 0.146232876712329
2.71764706236029, 12, 2, 0, 78, 0.154337899543379
2.70999999999999, 7, 1, 3, 93, 0.448482428115016
2.70999999999999, 7, 4, 5, 86, 0.316133720930233
2.686, 13, 1, 6, 282, 0.729177119919719
2.6808148148148, 9, 25, 4, 48, 0.274844720496894
2.67993470069701, 11, 2, 6, 191, 0.498243853487205
2.67993470069701, 11, 2, 6, 191, 0.498243853487205
2.67333333333333, 11, 4, 0, 117, 0.294292237442922
2.67290072643777, 8, 34, 5, 240, 0.747383720930232
2.67, 10, 1, 7, 4, 0.0549450549450549
2.67, 10, 1, 7, 4, 0.0549450549450549
2.66814958767724, 12, 2, 2, 120, 0.750624687656172
2.665, 18, 1, 7, 4, 0.0549450549450549
2.665, 18, 1, 7, 4, 0.0549450549450549
2.65000000000001, 11, 1, 3, 123, 0.511980830670927
2.64999999999999, 11, 1, 3, 123, 0.511980830670927
2.64005092543477, 11, 5, 4, 30, 0.211180124223602
2.63833333333334, 13, 4, 5, 223, 0.700872093023256
2.63502662858145, 10, 3, 7, 4, 0.0549450549450549
2.61450375321123, 10, 18, 0, 230, 0.565068493150685
2.60729793080884, 11, 10, 3, 191, 0.882987220447284
2.60666666666667, 11, 1, 0, 36, 0.106735159817352
2.604, 13, 1, 5, 265, 0.834447674418604
2.59, 12, 1, 0, 97, 0.222146118721461
2.59, 12, 1, 0, 97, 0.222146118721461
2.585, 11, 1, 7, 8, 0.259615384615385
2.585, 11, 1, 7, 8, 0.259615384615385
2.57663177278341, 9, 3, 7, 11, 0.615384615384615
2.57400000000001, 12, 4, 6, 173, 0.470020070245861
2.57372575961661, 13, 14, 4, 8, 0.100931677018634
2.572, 13, 1, 3, 174, 0.662539936102236
2.56152626328293, 7, 13, 2, 3, 0.297351324337831
2.56073740193458, 11, 6, 3, 101, 0.464456869009585
2.5475, 14, 1, 6, 242, 0.591445057701957
2.54081290757646, 15, 11, 5, 220, 0.681686046511628
2.53715907609164, 14, 13, 3, 126, 0.519568690095847
2.535, 12, 1, 6, 6, 0.0491721023582539
2.535, 12, 1, 6, 6, 0.0491721023582539
2.53421037449976, 6, 5, 3, 143, 0.559904153354633
2.53379929925179, 11, 2, 7, 2, 0.010989010989011
2.51598350866473, 8, 7, 4, 74, 0.358695652173913
2.51436042232082, 8, 3, 1, 148, 0.550918196994992
2.51222495907997, 4, 73, 3, 190, 0.821884984025559
2.5075, 14, 1, 3, 27, 0.280351437699681
2.48203545502475, 10, 5, 6, 284, 0.737706974410437
2.471, 12, 4, 6, 247, 0.621048670346212
2.46798017059478, 11, 5, 2, 104, 0.689405297351324
2.45699999999999, 12, 4, 2, 63, 0.565217391304348
2.455, 9, 1, 7, 8, 0.259615384615385
2.455, 9, 1, 7, 8, 0.259615384615385
2.44666666666667, 11, 1, 1, 43, 0.294101279910963
2.43333333333334, 8, 1, 5, 127, 0.41671511627907
2.43333333333333, 9, 1, 1, 178, 0.772954924874791
2.42972768581562, 12, 8, 0, 103, 0.251826484018265
2.42000000000001, 10, 1, 5, 229, 0.719186046511628
2.41101472413586, 11, 3, 1, 72, 0.36867000556483
2.41, 14, 1, 1, 180, 0.804396215915415
2.39999999999999, 9, 1, 4, 97, 0.506211180124224
2.39333333333333, 14, 1, 3, 130, 0.530750798722045
2.38812059996978, 12, 5, 7, 2, 0.010989010989011
2.37723973338829, 11, 3, 3, 88, 0.434904153354633
2.37007269327938, 11, 14, 5, 223, 0.700872093023256
2.37, 13, 1, 5, 211, 0.64578488372093
2.37, 13, 1, 5, 211, 0.64578488372093
2.36409367176702, 12, 2, 0, 87, 0.184817351598174
2.36136260098557, 12, 3, 4, 59, 0.312111801242236
2.35979707225479, 13, 5, 5, 223, 0.700872093023256
2.35758761845627, 5, 12, 0, 267, 0.881278538812785
2.355, 16, 1, 7, 4, 0.0549450549450549
2.355, 16, 1, 7, 4, 0.0549450549450549
2.34285714285714, 8, 1, 6, 208, 0.524711490215755
2.34052344572747, 14, 2, 4, 57, 0.305900621118012
2.33595918914123, 12, 3, 5, 183, 0.569767441860465
2.3334523779156, 11, 2, 7, 10, 0.409340659340659
2.30666666666667, 10, 1, 6, 214, 0.532112393376819
2.3, 10, 1, 7, 10, 0.409340659340659
2.3, 10, 1, 7, 10, 0.409340659340659
2.29569645689979, 17, 5, 0, 239, 0.622488584474886
2.295, 9, 1, 3, 93, 0.448482428115016
2.295, 9, 1, 3, 93, 0.448482428115016
2.28861646706767, 8, 3, 2, 136, 0.868815592203898
2.28749043713848, 13, 2, 6, 126, 0.410561966884094
2.274, 11, 1, 1, 57, 0.32943795214246
2.26000000000001, 8, 4, 4, 59, 0.312111801242236
2.25924603942702, 12, 6, 5, 237, 0.740697674418604
2.25500000000001, 9, 4, 6, 170, 0.468263923733066
2.24653202123828, 9, 6, 3, 18, 0.23482428115016
2.24, 18, 1, 5, 243, 0.75203488372093
2.23867566878277, 8, 3, 1, 155, 0.58347245409015
2.23166666666667, 12, 4, 5, 213, 0.653488372093023
2.23142857142858, 9, 4, 7, 11, 0.615384615384615
2.215, 13, 4, 6, 217, 0.538133467134972
2.2132442251139, 13, 2, 4, 35, 0.231366459627329
2.21000000000001, 8, 4, 0, 249, 0.655821917808219
2.20000000000002, 8, 4, 3, 19, 0.244808306709265
2.2, 16, 1, 7, 4, 0.0549450549450549
2.2, 16, 1, 7, 4, 0.0549450549450549
2.19681777426652, 12, 3, 6, 163, 0.462744606121425
2.19429374608135, 9, 7, 6, 201, 0.516181635725038
2.19393102292058, 8, 3, 6, 185, 0.489086803813347
2.18004587107703, 12, 6, 7, 2, 0.010989010989011
2.17499999999999, 10, 1, 6, 214, 0.532112393376819
2.16619085320292, 9, 5, 6, 111, 0.385474159558454
2.1612145076665, 13, 3, 6, 219, 0.546287004515805
2.1575, 9, 1, 7, 13, 0.993131868131868
2.15500000000002, 11, 4, 3, 175, 0.687300319488818
2.15, 16, 1, 7, 4, 0.0549450549450549
2.15, 16, 1, 7, 4, 0.0549450549450549
2.14774300138541, 11, 3, 6, 111, 0.385474159558454
2.14774300138541, 11, 3, 6, 111, 0.385474159558454
2.13330924465568, 7, 12, 4, 3, 0.0605590062111801
2.12, 9, 1, 5, 186, 0.578052325581395
2.11979244266982, 11, 5, 6, 187, 0.490842950326141
2.11, 15, 1, 0, 187, 0.454337899543379
2.11, 15, 1, 0, 187, 0.454337899543379
2.1041399668273, 12, 5, 3, 123, 0.511980830670927
2.09303607231218, 10, 2, 5, 161, 0.495348837209302
2.085, 15, 1, 7, 4, 0.0549450549450549
2.085, 15, 1, 7, 4, 0.0549450549450549
2.08333333333334, 15, 1, 7, 12, 0.862637362637363
2.07417989148054, 9, 2, 3, 50, 0.343849840255591
2.07333333333333, 10, 1, 5, 163, 0.5
2.05060966544099, 18, 2, 5, 226, 0.714970930232558
2.01666853994404, 14, 2, 4, 14, 0.141304347826087
2.01000000000001, 14, 1, 7, 8, 0.259615384615385
2.01, 14, 1, 7, 8, 0.259615384615385
1.99, 15, 1, 7, 4, 0.0549450549450549
1.99, 15, 1, 7, 4, 0.0549450549450549
1.99, 11, 1, 6, 11, 0.101605619668841
1.98, 10, 1, 1, 116, 0.463828603227602
1.98, 10, 1, 1, 116, 0.463828603227602
1.97518494211442, 9, 2, 1, 108, 0.451307735114079
1.97, 9, 1, 5, 65, 0.234883720930233
1.97, 9, 1, 5, 65, 0.234883720930233
1.95500000000001, 11, 1, 1, 173, 0.695882025598219
1.955, 11, 1, 1, 173, 0.695882025598219
1.95161471607487, 12, 2, 3, 60, 0.369408945686901
1.9425, 11, 1, 3, 43, 0.320686900958467
1.9289872990769, 15, 2, 5, 238, 0.741860465116279
1.91666666666667, 14, 1, 5, 190, 0.586482558139535
1.91, 11, 1, 0, 230, 0.565068493150685
1.91, 11, 1, 0, 230, 0.565068493150685
1.90525588832577, 11, 3, 7, 10, 0.409340659340659
1.9, 8, 4, 6, 185, 0.489086803813347
1.8975, 14, 1, 5, 215, 0.660610465116279
1.89333333333334, 12, 1, 3, 84, 0.427316293929712
1.89171350896481, 10, 5, 5, 245, 0.756831395348837
1.88797510576807, 11, 2, 7, 8, 0.259615384615385
1.88666666666666, 12, 4, 2, 120, 0.750624687656172
1.88666666666666, 14, 1, 6, 46, 0.236954340190667
1.885, 13, 1, 3, 157, 0.596645367412141
1.86264462525732, 9, 5, 5, 222, 0.695639534883721
1.85333333333334, 14, 1, 3, 125, 0.517172523961661
1.849791339584, 12, 2, 7, 8, 0.259615384615385
1.84466666666666, 12, 9, 5, 237, 0.740697674418604
1.84319167629294, 11, 2, 0, 36, 0.106735159817352
1.84, 13, 1, 1, 143, 0.52754590984975
1.84, 13, 1, 1, 143, 0.52754590984975
1.837, 11, 4, 1, 181, 0.828464106844741
1.83666666666667, 13, 1, 0, 52, 0.120776255707763
1.82724824673685, 7, 7, 1, 86, 0.394824707846411
1.82, 13, 1, 0, 176, 0.441438356164384
1.82, 13, 1, 0, 176, 0.441438356164384
1.81720997227435, 14, 3, 0, 178, 0.442694063926941
1.815, 11, 1, 3, 190, 0.821884984025559
1.8, 8, 1, 6, 150, 0.441670847967888
1.8, 8, 1, 6, 150, 0.441670847967888
1.79605122421384, 13, 2, 5, 48, 0.188081395348837
1.79605122421383, 13, 2, 5, 48, 0.188081395348837
1.78978583448785, 11, 3, 6, 109, 0.380832915203211
1.76957857506619, 13, 3, 3, 18, 0.23482428115016
1.75539258429561, 12, 2, 3, 161, 0.615415335463259
1.72333333333334, 13, 1, 4, 45, 0.265527950310559
1.72180501218924, 10, 2, 3, 67, 0.386182108626198
1.72180501218924, 10, 2, 3, 67, 0.386182108626198
1.72062650088727, 9, 2, 1, 178, 0.772954924874791
1.72062650088725, 8, 2, 5, 127, 0.41671511627907
1.71814209100934, 9, 6, 3, 15, 0.194888178913738
1.71761705083914, 10, 3, 0, 116, 0.29189497716895
1.715, 16, 1, 7, 4, 0.0549450549450549
1.715, 16, 1, 7, 4, 0.0549450549450549
1.70978419690907, 15, 2, 7, 2, 0.010989010989011
1.70895679680129, 10, 3, 5, 161, 0.495348837209302
1.70412734265958, 14, 2, 1, 180, 0.804396215915415
1.7025, 14, 1, 0, 176, 0.441438356164384
1.70173991843642, 12, 3, 5, 165, 0.502761627906977
1.69, 12, 1, 7, 8, 0.259615384615385
1.69, 12, 1, 7, 8, 0.259615384615385
1.67440216374844, 11, 13, 2, 34, 0.478010994502749
1.665, 8, 1, 7, 10, 0.409340659340659
1.665, 8, 1, 7, 10, 0.409340659340659
1.66452936291313, 15, 2, 6, 265, 0.66783743100853
1.663, 13, 4, 0, 219, 0.522260273972603
1.662, 16, 4, 6, 296, 0.779854490717511
1.6580712711268, 10, 6, 0, 118, 0.298630136986301
1.64660296772881, 14, 3, 4, 14, 0.141304347826087
1.64333333333334, 13, 1, 3, 145, 0.567092651757188
1.63105964193697, 10, 2, 6, 214, 0.532112393376819
1.62666666666667, 11, 1, 3, 190, 0.821884984025559
1.62, 8, 1, 5, 270, 0.875
1.61927452891719, 11, 2, 3, 173, 0.651357827476038
1.59999999999999, 10, 1, 7, 7, 0.245879120879121
1.59999999999999, 10, 1, 7, 7, 0.245879120879121
1.5750115343493, 15, 3, 5, 238, 0.741860465116279
1.565, 15, 1, 5, 165, 0.502761627906977
1.565, 15, 1, 5, 165, 0.502761627906977
1.565, 10, 1, 7, 6, 0.197802197802198
1.565, 10, 1, 7, 6, 0.197802197802198
1.565, 13, 4, 4, 35, 0.231366459627329
1.56, 17, 1, 3, 40, 0.307507987220447
1.56, 17, 1, 3, 40, 0.307507987220447
1.5575, 12, 1, 5, 114, 0.392005813953488
1.55333333333333, 11, 1, 5, 216, 0.6625
1.55333333333333, 9, 1, 0, 2, 0.0231735159817352
1.5415252187363, 11, 3, 7, 8, 0.259615384615385
1.535, 12, 1, 0, 176, 0.441438356164384
1.535, 12, 1, 0, 176, 0.441438356164384
1.52820943396972, 13, 6, 6, 219, 0.546287004515805
1.525, 16, 1, 6, 276, 0.7019568489714
1.525, 16, 1, 6, 276, 0.7019568489714
1.52, 10, 1, 6, 192, 0.499498243853487
1.52, 10, 1, 6, 192, 0.499498243853487
1.515, 10, 1, 7, 13, 0.993131868131868
1.515, 10, 1, 7, 13, 0.993131868131868
1.51034830420006, 12, 3, 7, 8, 0.259615384615385
1.50333333333333, 13, 1, 5, 152, 0.477325581395349
1.5, 10, 1, 7, 7, 0.245879120879121
1.49906637611548, 9, 2, 5, 186, 0.578052325581395
1.49798389201646, 11, 15, 5, 108, 0.378197674418605
1.48100000000001, 13, 4, 4, 90, 0.442546583850932
1.48027700110486, 14, 5, 4, 57, 0.305900621118012
1.475, 13, 1, 7, 2, 0.010989010989011
1.475, 13, 1, 7, 2, 0.010989010989011
1.47313912747198, 15, 2, 7, 12, 0.862637362637363
1.47079981076058, 14, 3, 6, 242, 0.591445057701957
1.47, 9, 1, 1, 166, 0.660127991096272
1.47, 9, 1, 1, 166, 0.660127991096272
1.46984201720985, 15, 5, 3, 93, 0.448482428115016
1.46666666666667, 9, 4, 3, 50, 0.343849840255591
1.46606805966011, 10, 2, 5, 163, 0.5
1.46, 13, 1, 6, 199, 0.510662318113397
1.46, 13, 1, 6, 199, 0.510662318113397
1.448, 14, 1, 7, 12, 0.862637362637363
1.44770579999299, 14, 3, 3, 27, 0.280351437699681
1.44, 12, 1, 5, 265, 0.834447674418604
1.43896229971463, 12, 2, 1, 52, 0.323873121869783
1.43896229971462, 12, 2, 1, 52, 0.323873121869783
1.42, 15, 1, 5, 226, 0.714970930232558
1.42, 10, 1, 7, 6, 0.197802197802198
1.42, 10, 1, 7, 6, 0.197802197802198
1.42, 15, 1, 5, 226, 0.714970930232558
1.40714249456123, 11, 2, 6, 11, 0.101605619668841
1.405, 12, 1, 6, 245, 0.607375815353738
1.405, 12, 1, 6, 245, 0.607375815353738
1.40007142674934, 8, 2, 2, 1, 0.0612193903048476
1.40000000000001, 10, 1, 7, 7, 0.245879120879121
1.4, 10, 1, 7, 7, 0.245879120879121
1.39603295090052, 15, 3, 7, 2, 0.010989010989011
1.38564064605512, 9, 3, 4, 97, 0.506211180124224
1.38333333333333, 12, 1, 6, 202, 0.516934269944807
1.375, 8, 1, 7, 13, 0.993131868131868
1.375, 8, 1, 7, 13, 0.993131868131868
1.37, 8, 1, 7, 8, 0.259615384615385
1.37, 8, 1, 7, 8, 0.259615384615385
1.365, 10, 1, 5, 260, 0.817151162790698
1.365, 10, 1, 5, 260, 0.817151162790698
1.3625, 12, 1, 1, 179, 0.794101279910963
1.35908253367238, 15, 3, 6, 265, 0.66783743100853
1.35528799727421, 14, 2, 5, 190, 0.586482558139535
1.35500000000002, 7, 4, 3, 93, 0.448482428115016
1.35431183837237, 14, 5, 0, 195, 0.474771689497717
1.343, 13, 4, 6, 282, 0.729177119919719
1.33878883904653, 12, 2, 3, 84, 0.427316293929712
1.335, 11, 1, 6, 298, 0.852609131961867
1.335, 11, 1, 6, 298, 0.852609131961867
1.33407479383862, 14, 2, 6, 46, 0.236954340190667
1.33316947007864, 9, 26, 5, 123, 0.409302325581395
1.32213211644424, 11, 3, 3, 173, 0.651357827476038
1.3206832196506, 13, 6, 6, 126, 0.410561966884094
1.31999999999999, 12, 1, 2, 69, 0.591954022988506
1.31666666666667, 14, 1, 4, 82, 0.383540372670807
1.315, 9, 1, 6, 204, 0.519192172604114
1.315, 9, 1, 6, 204, 0.519192172604114
1.31097597231986, 10, 2, 1, 146, 0.536310517529215
1.31050456779906, 14, 2, 3, 125, 0.517172523961661
1.30666666666667, 16, 1, 0, 156, 0.395091324200913
1.302, 13, 4, 5, 265, 0.834447674418604
1.29871945477929, 13, 2, 0, 52, 0.120776255707763
1.2940893890836, 8, 3, 1, 29, 0.263912075681692
1.29, 13, 1, 7, 12, 0.862637362637363
1.29, 13, 1, 7, 12, 0.862637362637363
1.286, 13, 4, 3, 174, 0.662539936102236
1.28000000000001, 12, 1, 2, 91, 0.641179410294853
1.27500000000001, 8, 1, 7, 11, 0.615384615384615
1.275, 8, 1, 7, 11, 0.615384615384615
1.27333333333333, 10, 1, 4, 23, 0.187888198757764
1.27279220613579, 17, 2, 3, 67, 0.386182108626198
1.27279220613578, 17, 2, 3, 67, 0.386182108626198
1.26000000000001, 10, 1, 1, 150, 0.562604340567613
1.26, 10, 1, 1, 150, 0.562604340567613
1.25333333333333, 9, 1, 0, 133, 0.341552511415525
1.24804346879426, 13, 2, 4, 68, 0.340062111801242
1.24804346879426, 13, 2, 4, 68, 0.340062111801242
1.24563320577663, 9, 3, 7, 13, 0.993131868131868
1.22, 12, 1, 7, 13, 0.993131868131868
1.22, 12, 1, 7, 13, 0.993131868131868
1.2185806862448, 13, 2, 4, 45, 0.265527950310559
1.204, 14, 1, 6, 272, 0.691545408931259
1.185, 13, 1, 5, 152, 0.477325581395349
1.185, 13, 1, 5, 152, 0.477325581395349
1.16201214374989, 13, 2, 3, 145, 0.567092651757188
1.1511698397717, 11, 2, 5, 208, 0.640988372093023
1.15022703073013, 11, 2, 3, 190, 0.821884984025559
1.15, 15, 1, 4, 86, 0.400621118012422
1.14315353299548, 8, 3, 2, 1, 0.0612193903048476
1.14, 11, 1, 0, 97, 0.222146118721461
1.14, 11, 1, 0, 97, 0.222146118721461
1.137, 11, 4, 1, 57, 0.32943795214246
1.13, 11, 1, 0, 257, 0.740296803652968
1.13, 11, 1, 0, 257, 0.740296803652968
1.12150289790087, 11, 3, 3, 43, 0.320686900958467
1.12071428571429, 8, 4, 1, 29, 0.263912075681692
1.11999999999999, 18, 4, 5, 243, 0.75203488372093
1.105, 13, 1, 1, 177, 0.744296048970506
1.105, 13, 1, 1, 177, 0.744296048970506
1.09837253344311, 9, 2, 0, 2, 0.0231735159817352
1.0983725334431, 11, 2, 5, 216, 0.6625
1.09552213578731, 14, 3, 5, 215, 0.660610465116279
1.0941825969899, 11, 5, 1, 43, 0.294101279910963
1.08225690110989, 10, 5, 5, 229, 0.719186046511628
1.08, 9, 1, 1, 51, 0.321368948247079
1.08, 9, 1, 1, 51, 0.321368948247079
1.07040739907757, 10, 3, 1, 146, 0.536310517529215
1.0703312052299, 14, 5, 3, 130, 0.530750798722045
1.07, 9, 1, 5, 226, 0.714970930232558
1.06301719438378, 13, 2, 5, 152, 0.477325581395349
1.04789073857918, 11, 3, 3, 190, 0.821884984025559
1.045, 15, 1, 5, 203, 0.613953488372093
1.045, 15, 1, 5, 203, 0.613953488372093
1.03944696834423, 9, 2, 4, 37, 0.239130434782609
1.03944696834422, 9, 2, 4, 37, 0.239130434782609
1.03, 9, 1, 3, 123, 0.511980830670927
1.01823376490863, 17, 2, 3, 123, 0.511980830670927
1.01823376490863, 12, 2, 5, 265, 0.834447674418604
1.01347638107653, 12, 6, 3, 161, 0.615415335463259
1.01, 10, 1, 7, 2, 0.010989010989011
1.01, 10, 1, 7, 2, 0.010989010989011
1.01, 9, 1, 7, 11, 0.615384615384615
0.989949493661171, 13, 2, 3, 164, 0.628194888178914
0.98994949366116, 13, 2, 3, 164, 0.628194888178914
0.98293883329533, 14, 3, 0, 176, 0.441438356164384
0.980000000000004, 11, 1, 1, 48, 0.314830272676683
0.980000000000004, 12, 1, 6, 201, 0.516181635725038
0.980000000000004, 12, 1, 6, 201, 0.516181635725038
0.979999999999997, 11, 1, 1, 48, 0.314830272676683
0.978164380641391, 12, 2, 6, 202, 0.516934269944807
0.972689570212414, 10, 5, 6, 214, 0.532112393376819
0.970000000000002, 13, 1, 1, 181, 0.828464106844741
0.970000000000001, 11, 1, 5, 235, 0.736337209302325
0.969999999999999, 11, 1, 5, 235, 0.736337209302325
0.969999999999999, 13, 1, 1, 181, 0.828464106844741
0.956467423372484, 8, 6, 6, 208, 0.524711490215755
0.946666666666665, 10, 1, 7, 13, 0.993131868131868
0.945000000000007, 10, 1, 7, 7, 0.245879120879121
0.944999999999993, 10, 1, 7, 7, 0.245879120879121
0.94436243925022, 9, 15, 1, 182, 0.864496382860323
0.940000000000005, 13, 1, 6, 292, 0.768564977420973
0.940000000000005, 11, 1, 0, 180, 0.445433789954338
0.939999999999998, 13, 1, 6, 292, 0.768564977420973
0.939999999999998, 11, 1, 0, 180, 0.445433789954338
0.939926238240715, 11, 3, 5, 208, 0.640988372093023
0.933380951166248, 12, 2, 2, 69, 0.591954022988506
0.93333333333333, 10, 1, 6, 208, 0.524711490215755
0.931023928562285, 14, 2, 4, 82, 0.383540372670807
0.923952860750416, 16, 2, 0, 156, 0.395091324200913
0.923333333333325, 14, 1, 6, 209, 0.52646763672855
0.920000000000002, 19, 1, 6, 176, 0.474034119417963
0.920000000000002, 8, 1, 7, 8, 0.259615384615385
0.920000000000002, 8, 1, 7, 8, 0.259615384615385
0.914999999999999, 14, 1, 0, 91, 0.201255707762557
0.905096679918772, 12, 2, 2, 91, 0.641179410294853
0.900382634710876, 10, 2, 4, 23, 0.187888198757764
0.900000000000006, 9, 1, 7, 7, 0.245879120879121
0.900000000000006, 8, 1, 7, 7, 0.245879120879121
0.899999999999991, 9, 1, 7, 7, 0.245879120879121
0.899999999999991, 8, 1, 7, 7, 0.245879120879121
0.899223044262849, 12, 3, 5, 114, 0.392005813953488
0.886240499087142, 9, 2, 0, 133, 0.341552511415525
0.885000000000005, 16, 1, 7, 10, 0.409340659340659
0.884999999999998, 16, 1, 7, 10, 0.409340659340659
0.880000000000003, 13, 1, 0, 138, 0.345319634703196
0.880000000000003, 10, 1, 7, 8, 0.259615384615385
0.880000000000003, 10, 1, 1, 125, 0.480801335559265
0.879999999999999, 10, 1, 1, 125, 0.480801335559265
0.879999999999995, 10, 1, 7, 8, 0.259615384615385
0.869999999999997, 12, 1, 2, 74, 0.607196401799101
0.866025403784439, 10, 3, 7, 7, 0.245879120879121
0.855, 12, 1, 6, 298, 0.852609131961867
0.855, 12, 1, 6, 298, 0.852609131961867
0.852063671329799, 9, 2, 0, 170, 0.423858447488584
0.852063671329789, 9, 2, 0, 170, 0.423858447488584
0.849999999999994, 11, 1, 0, 141, 0.350228310502283
0.842997627517426, 13, 5, 3, 157, 0.596645367412141
0.831384387633068, 17, 3, 3, 123, 0.511980830670927
0.830850467894201, 10, 2, 0, 106, 0.254794520547945
0.830850467894191, 10, 2, 0, 106, 0.254794520547945
0.825000000000003, 13, 1, 1, 158, 0.588063439065109
0.824999999999999, 13, 1, 1, 158, 0.588063439065109
0.823333333333331, 13, 1, 5, 116, 0.395639534883721
0.820864635612969, 11, 11, 0, 72, 0.146232876712329
0.819999999999999, 13, 1, 0, 159, 0.398858447488584
0.813172798364524, 15, 2, 4, 86, 0.400621118012422
0.809999999999988, 8, 4, 5, 270, 0.875
0.800000000000004, 12, 1, 1, 154, 0.582081246521981
0.796666666666667, 16, 1, 2, 81, 0.622438780609695
0.786639741770866, 12, 3, 1, 179, 0.794101279910963
0.775, 13, 1, 6, 95, 0.351605619668841
0.774999999999999, 13, 1, 6, 95, 0.351605619668841
0.766666666666666, 13, 1, 1, 54, 0.32582081246522
0.765000000000001, 11, 1, 5, 232, 0.727180232558139
0.765000000000001, 11, 1, 5, 232, 0.727180232558139
0.750000000000007, 9, 1, 7, 7, 0.245879120879121
0.75, 9, 1, 7, 7, 0.245879120879121
0.732500000000002, 14, 1, 5, 226, 0.714970930232558
0.73, 7, 1, 2, 150, 0.957021489255372
0.728319984622145, 9, 2, 3, 123, 0.511980830670927
0.724000000000004, 14, 4, 7, 12, 0.862637362637363
0.719999999999999, 16, 1, 5, 202, 0.607267441860465
0.714177848998417, 9, 2, 7, 11, 0.615384615384615
0.700035713374684, 15, 2, 3, 159, 0.608226837060703
0.700035713374681, 15, 2, 3, 159, 0.608226837060703
0.700000000000003, 8, 1, 7, 7, 0.245879120879121
0.700000000000003, 8, 1, 7, 7, 0.245879120879121
0.696666666666667, 10, 1, 6, 77, 0.300175614651279
0.693333333333335, 15, 1, 6, 250, 0.629076768690416
0.693333333333328, 12, 1, 4, 99, 0.557453416149068
0.69, 14, 1, 6, 125, 0.409683893627697
0.69, 14, 1, 6, 125, 0.409683893627697
0.685000000000002, 12, 1, 6, 164, 0.463873557451079
0.685000000000001, 14, 1, 0, 124, 0.309931506849315
0.684999999999995, 12, 1, 6, 164, 0.463873557451079
0.674999999999997, 9, 1, 6, 122, 0.407049673858505
0.670000000000002, 15, 1, 6, 208, 0.524711490215755
0.670000000000002, 15, 1, 6, 208, 0.524711490215755
0.669394419523269, 10, 2, 7, 13, 0.993131868131868
0.659966329107447, 10, 2, 6, 208, 0.524711490215755
0.654999999999999, 16, 1, 0, 221, 0.526826484018265
0.654999999999999, 16, 1, 0, 221, 0.526826484018265
0.652895261295588, 14, 2, 6, 209, 0.52646763672855
0.647499999999994, 12, 1, 0, 66, 0.134931506849315
0.645000000000003, 12, 1, 4, 48, 0.274844720496894
0.644999999999996, 12, 1, 4, 48, 0.274844720496894
0.640000000000004, 10, 1, 0, 75, 0.148858447488584
0.640000000000001, 10, 1, 0, 75, 0.148858447488584
0.63000000000001, 9, 1, 5, 245, 0.756831395348837
0.622253967444169, 15, 2, 4, 19, 0.173913043478261
0.622253967444159, 15, 2, 4, 19, 0.173913043478261
0.622253967444159, 13, 2, 0, 138, 0.345319634703196
0.617764788032904, 9, 3, 5, 226, 0.714970930232558
0.61518289963231, 12, 2, 2, 74, 0.607196401799101
0.613333333333333, 15, 1, 0, 134, 0.342237442922374
0.607500000000002, 13, 1, 5, 184, 0.57296511627907
0.602, 14, 4, 6, 272, 0.691545408931259
0.601040764008566, 11, 2, 0, 141, 0.350228310502283
0.599999999999994, 10, 1, 7, 7, 0.245879120879121
0.596798123321447, 14, 2, 0, 19, 0.0924657534246575
0.582184583176927, 13, 2, 5, 116, 0.395639534883721
0.57, 14, 1, 6, 183, 0.480556949322629
0.57, 14, 1, 6, 183, 0.480556949322629
0.565685424949236, 12, 2, 1, 154, 0.582081246521981
0.563328402345283, 16, 2, 2, 81, 0.622438780609695
0.550000000000001, 10, 1, 6, 279, 0.718013045659809
0.549999999999997, 10, 1, 6, 279, 0.718013045659809
0.542115198909686, 13, 2, 1, 54, 0.32582081246522
0.540000000000003, 10, 1, 1, 125, 0.480801335559265
0.539999999999999, 10, 1, 1, 125, 0.480801335559265
0.531162247654446, 19, 3, 6, 176, 0.474034119417963
0.528275496308507, 14, 3, 0, 91, 0.201255707762557
0.523259018078047, 13, 2, 5, 226, 0.714970930232558
0.523259018078042, 13, 2, 5, 226, 0.714970930232558
0.516187950266177, 7, 2, 2, 150, 0.957021489255372
0.509116882454313, 16, 2, 5, 202, 0.607267441860465
0.495, 13, 1, 1, 136, 0.510990539788536
0.495, 13, 1, 1, 136, 0.510990539788536
0.492617724226627, 10, 2, 6, 77, 0.300175614651279
0.490260701622679, 12, 2, 4, 99, 0.557453416149068
0.490260701622669, 15, 2, 6, 250, 0.629076768690416
0.490000000000002, 12, 1, 0, 257, 0.740296803652968
0.489999999999998, 12, 1, 7, 13, 0.993131868131868
0.489999999999998, 12, 1, 7, 13, 0.993131868131868
0.489999999999995, 12, 1, 0, 257, 0.740296803652968
0.487283627196049, 14, 3, 0, 19, 0.0924657534246575
0.482500000000002, 14, 1, 6, 155, 0.4519568489714
0.463333333333331, 12, 1, 4, 49, 0.277950310559006
0.454999999999998, 15, 1, 6, 233, 0.574761665830406
0.454999999999998, 15, 1, 6, 233, 0.574761665830406
0.449999999999999, 9, 1, 0, 248, 0.652511415525114
0.449999999999999, 9, 1, 0, 248, 0.652511415525114
0.445477272147522, 9, 2, 5, 245, 0.756831395348837
0.445, 13, 1, 7, 8, 0.259615384615385
0.445, 13, 1, 7, 8, 0.259615384615385
0.433692159127749, 15, 2, 0, 134, 0.342237442922374
0.431335136523796, 8, 2, 0, 67, 0.139269406392694
0.424264068711945, 10, 2, 7, 7, 0.245879120879121
0.422909072181404, 14, 3, 5, 226, 0.714970930232558
0.41, 10, 1, 3, 126, 0.519568690095847
0.41, 10, 1, 3, 126, 0.519568690095847
0.395484934394894, 14, 3, 0, 124, 0.309931506849315
0.389711431703, 9, 3, 6, 122, 0.407049673858505
0.380000000000003, 10, 1, 0, 136, 0.342922374429224
0.380000000000003, 12, 1, 3, 143, 0.559904153354633
0.379999999999999, 10, 1, 0, 136, 0.342922374429224
0.379999999999999, 12, 1, 3, 143, 0.559904153354633
0.373834299300287, 12, 3, 0, 66, 0.134931506849315
0.366715148309965, 13, 5, 0, 159, 0.398858447488584
0.363333333333333, 14, 1, 4, 85, 0.395962732919255
0.350740288532699, 13, 3, 5, 184, 0.57296511627907
0.350000000000001, 14, 1, 6, 246, 0.616783743100853
0.350000000000001, 14, 1, 6, 246, 0.616783743100853
0.345000000000006, 10, 1, 7, 13, 0.993131868131868
0.344999999999999, 10, 1, 7, 13, 0.993131868131868
0.340000000000003, 11, 1, 0, 228, 0.544748858447489
0.34, 16, 1, 0, 130, 0.336872146118721
0.34, 16, 1, 0, 130, 0.336872146118721
0.339999999999996, 11, 1, 0, 228, 0.544748858447489
0.335000000000001, 12, 1, 6, 85, 0.324636226793778
0.334999999999997, 12, 1, 6, 85, 0.324636226793778
0.327626141949771, 12, 2, 4, 49, 0.277950310559006
0.326666666666668, 10, 1, 7, 11, 0.615384615384615
0.32, 11, 1, 3, 175, 0.687300319488818
0.315000000000005, 14, 1, 6, 292, 0.768564977420973
0.314999999999998, 14, 1, 6, 292, 0.768564977420973
0.310000000000002, 13, 1, 7, 12, 0.862637362637363
0.304999999999996, 8, 4, 0, 67, 0.139269406392694
0.29666666666667, 15, 1, 3, 157, 0.596645367412141
0.295000000000002, 14, 1, 3, 43, 0.320686900958467
0.294999999999995, 14, 1, 3, 43, 0.320686900958467
0.285, 14, 1, 0, 192, 0.463812785388128
0.285, 14, 1, 0, 192, 0.463812785388128
0.278571504883993, 14, 3, 6, 155, 0.4519568489714
0.270000000000003, 16, 1, 4, 20, 0.178571428571429
0.27, 16, 1, 6, 266, 0.672604114400401
0.27, 16, 1, 6, 266, 0.672604114400401
0.269999999999996, 16, 1, 4, 20, 0.178571428571429
0.263333333333334, 12, 1, 0, 219, 0.522260273972603
0.261629509039026, 11, 2, 2, 52, 0.53448275862069
0.261629509039026, 11, 2, 2, 52, 0.53448275862069
0.256915463831115, 14, 2, 4, 85, 0.395962732919255
0.256666666666668, 16, 1, 2, 44, 0.500749625187406
0.24666666666667, 13, 1, 3, 133, 0.537939297124601
0.240000000000002, 18, 1, 6, 100, 0.361264425489212
0.240000000000002, 18, 1, 6, 100, 0.361264425489212
0.235000000000007, 13, 1, 4, 36, 0.234472049689441
0.234999999999999, 13, 1, 4, 36, 0.234472049689441
0.230988215187606, 10, 2, 7, 11, 0.615384615384615
0.2262741699797, 11, 2, 3, 175, 0.687300319488818
0.220000000000002, 15, 1, 7, 4, 0.0549450549450549
0.220000000000001, 15, 1, 5, 239, 0.744186046511628
0.219999999999999, 15, 1, 7, 4, 0.0549450549450549
0.219203102167831, 13, 2, 7, 12, 0.862637362637363
0.213333333333333, 15, 1, 6, 154, 0.449322629202208
0.209775011752004, 15, 2, 3, 157, 0.596645367412141
0.204999999999998, 11, 1, 0, 173, 0.428310502283105
0.204999999999998, 11, 1, 0, 173, 0.428310502283105
0.200000000000003, 13, 1, 5, 200, 0.599563953488372
0.199999999999996, 13, 1, 5, 200, 0.599563953488372
0.196666666666665, 7, 1, 7, 11, 0.615384615384615
0.19, 16, 1, 5, 240, 0.747383720930232
0.19, 16, 1, 5, 240, 0.747383720930232
0.186204785712456, 12, 2, 0, 219, 0.522260273972603
0.185000000000002, 8, 1, 7, 8, 0.259615384615385
0.185000000000002, 8, 1, 7, 8, 0.259615384615385
0.181490740504548, 16, 2, 2, 44, 0.500749625187406
0.174419672692674, 13, 2, 3, 133, 0.537939297124601
0.172499999999999, 13, 1, 4, 94, 0.489130434782609
0.164999999999999, 14, 1, 4, 26, 0.197204968944099
0.164999999999999, 14, 1, 4, 26, 0.197204968944099
0.16, 9, 1, 5, 275, 0.914244186046512
0.155563491861042, 15, 2, 5, 239, 0.744186046511628
0.150849446653131, 15, 2, 6, 154, 0.449322629202208
0.145, 16, 1, 6, 234, 0.578273958855996
0.145, 16, 1, 6, 234, 0.578273958855996
0.139064333633358, 7, 2, 7, 11, 0.615384615384615
0.130000000000003, 12, 1, 6, 289, 0.753888610135474
0.129999999999995, 12, 1, 6, 289, 0.753888610135474
0.126666666666665, 13, 1, 3, 86, 0.430511182108626
0.120000000000005, 13, 1, 5, 200, 0.599563953488372
0.120000000000005, 13, 1, 4, 37, 0.239130434782609
0.119999999999997, 13, 1, 5, 200, 0.599563953488372
0.119999999999997, 13, 1, 4, 37, 0.239130434782609
0.115000000000002, 14, 1, 1, 160, 0.593350027824151
0.114999999999998, 14, 1, 1, 160, 0.593350027824151
0.105000000000004, 12, 1, 0, 234, 0.583333333333333
0.105, 17, 1, 5, 201, 0.600436046511628
0.104999999999999, 17, 1, 5, 201, 0.600436046511628
0.104999999999997, 12, 1, 0, 234, 0.583333333333333
0.103333333333335, 20, 1, 3, 121, 0.50758785942492
0.100000000000001, 9, 1, 2, 137, 0.871814092953523
0.100000000000001, 17, 1, 5, 212, 0.648691860465116
0.100000000000001, 17, 1, 5, 212, 0.648691860465116
0.100000000000001, 16, 1, 7, 9, 0.299450549450549
0.100000000000001, 16, 1, 7, 9, 0.299450549450549
0.100000000000001, 11, 1, 7, 10, 0.409340659340659
0.0999999999999979, 9, 1, 2, 137, 0.871814092953523
0.0999999999999979, 15, 1, 6, 265, 0.66783743100853
0.0999999999999943, 11, 1, 7, 10, 0.409340659340659
0.099592921435206, 13, 3, 4, 94, 0.489130434782609
0.096666666666664, 15, 1, 5, 154, 0.481104651162791
0.095000000000006, 8, 1, 7, 10, 0.409340659340659
0.0950000000000024, 10, 1, 0, 176, 0.441438356164384
0.0950000000000024, 21, 1, 5, 249, 0.774709302325581
0.0949999999999989, 10, 1, 0, 176, 0.441438356164384
0.0949999999999989, 12, 1, 5, 2, 0.000726744186046512
0.0949999999999989, 12, 1, 5, 2, 0.000726744186046512
0.0949999999999989, 21, 1, 5, 249, 0.774709302325581
0.0949999999999989, 8, 1, 7, 10, 0.409340659340659
0.0923760430703361, 9, 3, 5, 275, 0.914244186046512
0.0895668589502949, 13, 2, 3, 86, 0.430511182108626
0.0850000000000009, 16, 1, 2, 136, 0.868815592203898
0.0850000000000009, 11, 1, 7, 6, 0.197802197802198
0.0850000000000009, 11, 1, 7, 6, 0.197802197802198
0.0849999999999991, 16, 1, 2, 136, 0.868815592203898
0.0749999999999993, 8, 1, 6, 192, 0.499498243853487
0.0749999999999993, 8, 1, 6, 192, 0.499498243853487
0.0730677007226088, 20, 2, 3, 121, 0.50758785942492
0.0707106781186558, 15, 2, 6, 265, 0.66783743100853
0.0700000000000003, 13, 1, 6, 191, 0.498243853487205
0.0700000000000003, 13, 1, 6, 191, 0.498243853487205
0.0683536555147027, 15, 2, 5, 154, 0.481104651162791
0.0549999999999997, 13, 1, 5, 187, 0.581104651162791
0.0549999999999997, 13, 1, 5, 187, 0.581104651162791
0.0533333333333346, 15, 1, 5, 121, 0.407703488372093
0.053333333333331, 9, 1, 6, 178, 0.47704465629704
0.0466666666666704, 10, 1, 6, 101, 0.364149523331661
0.0450000000000017, 15, 1, 6, 183, 0.480556949322629
0.0449999999999982, 15, 1, 6, 183, 0.480556949322629
0.0400000000000009, 16, 1, 0, 102, 0.251255707762557
0.0399999999999991, 16, 1, 0, 102, 0.251255707762557
0.0377123616632834, 9, 2, 6, 178, 0.47704465629704
0.0377123616632834, 15, 2, 5, 121, 0.407703488372093
0.0350000000000037, 11, 1, 1, 116, 0.463828603227602
0.0350000000000037, 11, 1, 1, 145, 0.53158041179744
0.0349999999999966, 11, 1, 1, 116, 0.463828603227602
0.0349999999999966, 11, 1, 1, 145, 0.53158041179744
0.0329983164553673, 10, 2, 6, 101, 0.364149523331661
0.0318198051533958, 9, 2, 6, 280, 0.723030607124937
0.0318198051533958, 9, 2, 6, 280, 0.723030607124937
0.0266666666666673, 15, 1, 4, 23, 0.187888198757764
0.0249999999999986, 14, 1, 6, 82, 0.317360762669343
0.0249999999999986, 14, 1, 6, 82, 0.317360762669343
0.0200000000000031, 13, 1, 5, 115, 0.392732558139535
0.0199999999999996, 16, 1, 3, 121, 0.50758785942492
0.0199999999999996, 16, 1, 3, 121, 0.50758785942492
0.0199999999999996, 10, 1, 5, 267, 0.842151162790698
0.0199999999999996, 10, 1, 5, 267, 0.842151162790698
0.0199999999999996, 11, 1, 6, 186, 0.489588559959859
0.0199999999999996, 11, 1, 6, 186, 0.489588559959859
0.019999999999996, 13, 1, 5, 115, 0.392732558139535
0.0188561808316392, 15, 2, 4, 23, 0.187888198757764
0.0133333333333319, 10, 1, 3, 123, 0.511980830670927
0.00999999999999801, 19, 1, 3, 121, 0.50758785942492
0.00999999999999801, 19, 1, 3, 121, 0.50758785942492
0.00999999999999801, 14, 1, 6, 70, 0.289136979427998
0.00942809041582211, 10, 2, 3, 123, 0.511980830670927
0.00707106781186909, 14, 2, 6, 70, 0.289136979427998
0.00500000000000256, 12, 1, 3, 161, 0.615415335463259
0.00500000000000256, 14, 1, 5, 55, 0.200726744186047
0.00500000000000256, 14, 1, 5, 55, 0.200726744186047
0.00500000000000256, 13, 1, 6, 91, 0.341695935775213
0.00500000000000256, 13, 1, 6, 91, 0.341695935775213
0.00500000000000256, 12, 1, 6, 243, 0.592197691921726
0.00500000000000256, 10, 1, 5, 84, 0.310901162790698
0.00500000000000256, 13, 1, 6, 31, 0.180130456598093
0.00500000000000256, 16, 1, 5, 156, 0.48328488372093
0.00500000000000256, 14, 1, 6, 97, 0.355745107877572
0.00500000000000256, 14, 1, 6, 97, 0.355745107877572
0.00500000000000256, 12, 1, 5, 42, 0.168313953488372
0.00500000000000256, 12, 1, 5, 42, 0.168313953488372
0.00500000000000256, 13, 1, 6, 211, 0.52922729553437
0.00500000000000256, 15, 1, 6, 129, 0.413447064726543
0.00500000000000256, 14, 1, 3, 136, 0.547523961661342
0.00500000000000078, 10, 1, 0, 34, 0.10513698630137
0.00499999999999901, 12, 1, 6, 105, 0.376567987957853
0.00499999999999901, 12, 1, 6, 105, 0.376567987957853
0.00499999999999901, 12, 1, 6, 243, 0.592197691921726
0.00499999999999901, 10, 1, 0, 34, 0.10513698630137
0.00499999999999901, 14, 1, 5, 73, 0.265116279069767
0.00499999999999901, 14, 1, 5, 73, 0.265116279069767
0.00499999999999901, 16, 1, 5, 156, 0.48328488372093
0.00499999999999545, 12, 1, 3, 161, 0.615415335463259
0.00499999999999545, 10, 1, 5, 84, 0.310901162790698
0.00499999999999545, 13, 1, 6, 31, 0.180130456598093
0.00499999999999545, 13, 1, 6, 211, 0.52922729553437
0.00499999999999545, 15, 1, 6, 129, 0.413447064726543
0.00499999999999545, 14, 1, 3, 136, 0.547523961661342
