norm, level, Npoints, dimSplit, MainGridIndexSplit
899.894208410862, 0, 659, -1, -1, -1
135.551720379556, 1, 231, 3, 85, 0.429313099041534
115.98331279805, 2, 78, 7, 4, 0.0549450549450549
107.328819082063, 3, 86, 7, 3, 0.0260989010989011
99.5839020156671, 1, 428, 3, 85, 0.429313099041534
95.1844128003113, 3, 29, 6, 245, 0.607375815353738
91.2618898522351, 3, 66, 0, 136, 0.342922374429224
82.8127287315075, 2, 153, 7, 4, 0.0549450549450549
79.4880420125836, 3, 87, 0, 136, 0.342922374429224
73.8178494870013, 2, 152, 5, 117, 0.398546511627907
72.2085752626344, 3, 190, 7, 3, 0.0260989010989011
61.9349527257686, 4, 37, 0, 149, 0.371575342465753
54.7808342542282, 2, 276, 5, 117, 0.398546511627907
53.1214713689322, 4, 8, 0, 252, 0.676940639269406
51.5387264776964, 3, 30, 0, 235, 0.590867579908676
47.013022118672, 5, 32, 1, 9, 0.0584307178631052
46.2181202598962, 3, 123, 6, 245, 0.607375815353738
45.2126713801931, 4, 30, 7, 5, 0.112637362637363
44.3905149151721, 6, 21, 6, 77, 0.300175614651279
41.2733333333332, 4, 36, 7, 5, 0.112637362637363
40.7449408434869, 3, 48, 0, 235, 0.590867579908676
40.6244455644887, 4, 86, 0, 149, 0.371575342465753
39.0561909844398, 7, 14, 5, 256, 0.799273255813954
38.8496815845404, 4, 24, 0, 202, 0.485159817351598
36.1906413008441, 5, 54, 1, 9, 0.0584307178631052
34.6649393394575, 5, 30, 0, 54, 0.121917808219178
34.4470521292726, 6, 7, 0, 259, 0.765981735159817
32.966049454957, 8, 54, 7, 5, 0.112637362637363
30.5206311954951, 8, 63, 7, 5, 0.112637362637363
29.8077901993997, 6, 7, 1, 154, 0.582081246521981
27.852098673544, 8, 3, 5, 282, 0.962645348837209
27.0842857142857, 7, 4, 7, 5, 0.112637362637363
26.904920716836, 6, 3, 7, 4, 0.0549450549450549
26.6733365848489, 5, 17, 2, 12, 0.393303348325837
26.5142852479403, 7, 10, 6, 19, 0.149272453587556
24.365, 8, 1, 0, 213, 0.504794520547945
24.1885453305434, 7, 3, 3, 81, 0.423722044728435
24.1394884947198, 5, 7, 7, 5, 0.112637362637363
23.9785440538206, 4, 63, 0, 202, 0.485159817351598
23.4214285714286, 7, 1, 7, 2, 0.010989010989011
23.3783333333333, 5, 9, 1, 18, 0.139259877573734
23.2824072322478, 8, 7, 5, 21, 0.0924418604651163
23.1338479361591, 4, 12, 2, 12, 0.393303348325837
23.0671428571429, 5, 1, 0, 128, 0.322374429223744
22.5688727152656, 6, 6, 4, 75, 0.361801242236025
22.1872100010391, 6, 12, 5, 110, 0.379796511627907
21.9465384615385, 7, 4, 1, 163, 0.648998330550918
21.7883169509615, 8, 2, 7, 4, 0.0549450549450549
21.143695704546, 4, 35, 0, 179, 0.444063926940639
20.8997401268591, 6, 3, 3, 38, 0.300718849840256
20.843, 6, 4, 1, 106, 0.448803561491375
20.3739408353054, 4, 2, 3, 107, 0.474041533546326
19.9140909090909, 8, 1, 1, 30, 0.267111853088481
19.8285714285714, 9, 1, 7, 4, 0.0549450549450549
19.7113086323562, 7, 2, 2, 22, 0.447026486756622
19.6757321585877, 5, 17, 4, 57, 0.305900621118012
19.5851645065851, 6, 3, 7, 2, 0.010989010989011
19.2804514490924, 9, 22, 3, 146, 0.568290734824281
18.9420234984413, 7, 5, 1, 41, 0.287979966611018
18.9380210861488, 6, 7, 0, 174, 0.429908675799087
18.8887077435759, 4, 18, 2, 12, 0.393303348325837
18.3763373804693, 5, 3, 0, 270, 0.914497716894977
18.3762890800274, 9, 14, 3, 149, 0.575878594249201
18.3138040225885, 5, 10, 0, 43, 0.113470319634703
17.9320344679763, 7, 7, 3, 28, 0.284744408945687
17.922395731319, 7, 3, 7, 4, 0.0549450549450549
17.8505061312798, 6, 7, 6, 167, 0.466758655293527
17.7731408349309, 6, 131, 6, 77, 0.300175614651279
17.5157942069017, 4, 51, 0, 179, 0.444063926940639
17.4878947368421, 6, 1, 3, 170, 0.642571884984026
17.398181311935, 5, 6, 5, 77, 0.275436046511628
17.307, 7, 1, 1, 176, 0.726488592097941
17.186874815467, 10, 5, 2, 74, 0.607196401799101
17.1861389665663, 6, 20, 5, 110, 0.379796511627907
17.0182382362766, 6, 6, 1, 106, 0.448803561491375
16.9110050186481, 7, 6, 7, 4, 0.0549450549450549
16.5595961751289, 5, 24, 4, 57, 0.305900621118012
16.4442807501972, 6, 23, 1, 154, 0.582081246521981
16.3576470588235, 6, 1, 3, 59, 0.368610223642173
16.2152216716986, 5, 46, 2, 12, 0.393303348325837
15.9865058113258, 9, 32, 3, 146, 0.568290734824281
15.9656111244584, 5, 8, 3, 190, 0.821884984025559
15.8446852244401, 6, 10, 0, 174, 0.429908675799087
15.7327948354173, 7, 3, 2, 82, 0.624437781109445
15.7327948354173, 7, 3, 2, 82, 0.624437781109445
15.4900429754975, 5, 17, 7, 5, 0.112637362637363
15.4003034364862, 5, 152, 0, 54, 0.121917808219178
15.3642558278251, 4, 7, 5, 257, 0.803633720930233
15.1425607734097, 5, 8, 5, 88, 0.321511627906977
15.1128922190456, 11, 2, 3, 100, 0.462859424920128
15.0416574847399, 6, 10, 6, 115, 0.390491721023582
15.0238087048525, 10, 3, 5, 98, 0.35406976744186
14.955, 8, 4, 1, 51, 0.321368948247079
14.9042424242424, 11, 9, 7, 4, 0.0549450549450549
14.8557142857143, 5, 1, 5, 280, 0.940988372093023
14.8297969684349, 6, 2, 7, 13, 0.993131868131868
14.7891855379945, 6, 19, 6, 122, 0.407049673858505
14.7496631176942, 9, 13, 0, 189, 0.460730593607306
14.2342497277693, 5, 5, 0, 270, 0.914497716894977
14.1462653135529, 9, 7, 6, 165, 0.465378825890617
14.0671393088052, 8, 3, 0, 213, 0.504794520547945
13.9633386233452, 7, 2, 5, 114, 0.392005813953488
13.8559469783435, 7, 6, 5, 237, 0.740697674418604
13.7841205368875, 7, 37, 6, 19, 0.149272453587556
13.7021714600675, 6, 3, 2, 33, 0.476261869065467
13.6578985756016, 10, 11, 6, 254, 0.640993477170095
13.6196061808211, 10, 7, 6, 227, 0.55920722528851
13.5101749433475, 7, 117, 5, 256, 0.799273255813954
13.4974870432048, 5, 27, 1, 18, 0.139259877573734
13.3797154205752, 8, 13, 5, 282, 0.962645348837209
13.3235294117647, 8, 1, 0, 212, 0.503082191780822
13.293892216799, 6, 47, 0, 259, 0.765981735159817
13.206, 8, 4, 4, 90, 0.442546583850932
13.1378083287538, 7, 17, 7, 5, 0.112637362637363
13.1363681962617, 7, 3, 7, 6, 0.197802197802198
13.1098732275208, 6, 6, 3, 80, 0.420127795527157
13.0986904336626, 6, 13, 6, 167, 0.466758655293527
13.0815384615385, 7, 1, 6, 127, 0.411063723030607
13.0457387590477, 5, 12, 0, 83, 0.168721461187215
13.03, 8, 1, 7, 6, 0.197802197802198
13.03, 8, 1, 7, 6, 0.197802197802198
12.9498150136938, 5, 20, 0, 43, 0.113470319634703
12.898206229849, 9, 17, 0, 189, 0.460730593607306
12.5546808999672, 10, 2, 5, 280, 0.940988372093023
12.5546808999671, 10, 2, 5, 280, 0.940988372093023
12.4758333333333, 9, 9, 6, 165, 0.465378825890617
12.4062113604843, 6, 27, 6, 122, 0.407049673858505
12.3560670834868, 10, 2, 1, 83, 0.388564273789649
12.335, 8, 1, 3, 55, 0.35982428115016
12.3023719859823, 5, 12, 5, 77, 0.275436046511628
12.2800877666064, 7, 2, 4, 68, 0.340062111801242
12.1581718830347, 8, 3, 5, 64, 0.231976744186047
12.0635699008906, 6, 21, 4, 75, 0.361801242236025
11.9578863253658, 7, 12, 7, 4, 0.0549450549450549
11.9541494976223, 12, 11, 0, 223, 0.531963470319635
11.9453770695334, 7, 3, 7, 2, 0.010989010989011
11.9453770695333, 7, 3, 7, 2, 0.010989010989011
11.8664285714285, 6, 4, 2, 33, 0.476261869065467
11.8582665919214, 6, 13, 7, 2, 0.010989010989011
11.7834204105357, 11, 7, 6, 39, 0.212870045158053
11.705, 8, 1, 6, 210, 0.527972905168088
11.705, 8, 1, 6, 210, 0.527972905168088
11.4990909090909, 14, 4, 4, 21, 0.18167701863354
11.3764285714286, 7, 4, 7, 6, 0.197802197802198
11.3075, 6, 9, 7, 2, 0.010989010989011
11.2775, 9, 4, 6, 34, 0.196061214249874
11.2464711586903, 8, 30, 5, 21, 0.0924418604651163
11.137286588082, 4, 182, 0, 252, 0.676940639269406
11.0980409307229, 7, 2, 7, 4, 0.0549450549450549
11.0980409307229, 7, 2, 7, 4, 0.0549450549450549
11.0223805051359, 11, 8, 6, 39, 0.212870045158053
10.9290424100193, 8, 2, 7, 6, 0.197802197802198
10.7744465379641, 12, 2, 5, 247, 0.765697674418605
10.608734658584, 7, 20, 3, 28, 0.284744408945687
10.5747819126448, 8, 8, 1, 51, 0.321368948247079
10.5333333333333, 7, 1, 7, 2, 0.010989010989011
10.5292857142857, 8, 4, 5, 64, 0.231976744186047
10.4842307692308, 9, 4, 5, 224, 0.705813953488372
10.4739473684211, 7, 16, 3, 81, 0.423722044728435
10.461586877716, 7, 3, 7, 3, 0.0260989010989011
10.461586877716, 7, 3, 7, 3, 0.0260989010989011
10.3475, 7, 9, 7, 4, 0.0549450549450549
10.2860466436603, 9, 2, 7, 3, 0.0260989010989011
10.1029903635367, 10, 7, 6, 204, 0.519192172604114
10.1029903635366, 10, 7, 6, 204, 0.519192172604114
10.0692005640964, 8, 2, 7, 7, 0.245879120879121
9.98332295791755, 7, 18, 1, 41, 0.287979966611018
9.88486126914622, 10, 21, 6, 254, 0.640993477170095
9.82579091288584, 5, 19, 5, 88, 0.321511627906977
9.82253968253969, 9, 49, 3, 149, 0.575878594249201
9.79460743073567, 11, 2, 6, 233, 0.574761665830406
9.79000000000001, 7, 4, 2, 107, 0.699650174912544
9.67469974473449, 6, 14, 3, 38, 0.300718849840256
9.674, 10, 1, 6, 74, 0.296287004515805
9.56412429182033, 9, 2, 7, 3, 0.0260989010989011
9.5617581745072, 7, 6, 7, 2, 0.010989010989011
9.55464439870991, 10, 2, 5, 54, 0.199273255813954
9.54071319835857, 6, 3, 0, 92, 0.202054794520548
9.54071319835856, 6, 3, 0, 92, 0.202054794520548
9.48476190476189, 7, 9, 2, 83, 0.62543728135932
9.41712163731427, 5, 6, 0, 128, 0.322374429223744
9.4002084938522, 9, 6, 2, 20, 0.441029485257371
9.3625, 8, 1, 2, 76, 0.609445277361319
9.35803544305189, 7, 22, 1, 163, 0.648998330550918
9.3300342605047, 6, 21, 7, 2, 0.010989010989011
9.3075, 8, 1, 1, 179, 0.794101279910963
9.30396226577553, 10, 15, 6, 227, 0.55920722528851
9.26231315934245, 12, 2, 0, 107, 0.25513698630137
9.24454545454545, 13, 1, 3, 120, 0.502396166134185
9.13914714994633, 6, 26, 7, 4, 0.0549450549450549
9.10801936024878, 8, 6, 2, 132, 0.83208395802099
8.935, 9, 1, 5, 209, 0.643604651162791
8.86429060895456, 9, 2, 3, 143, 0.559904153354633
8.83276541005396, 6, 29, 6, 115, 0.390491721023582
8.83119075799415, 7, 5, 5, 114, 0.392005813953488
8.81489940558666, 7, 5, 0, 129, 0.333219178082192
8.775, 8, 1, 7, 6, 0.197802197802198
8.76327031801864, 7, 15, 5, 237, 0.740697674418604
8.71777777777778, 8, 1, 4, 60, 0.315217391304348
8.69249567107949, 14, 7, 4, 21, 0.18167701863354
8.68333333333334, 7, 4, 4, 68, 0.340062111801242
8.56198727175336, 6, 6, 7, 13, 0.993131868131868
8.5425, 6, 1, 7, 2, 0.010989010989011
8.529375, 9, 1, 7, 6, 0.197802197802198
8.46, 10, 1, 5, 158, 0.488372093023256
8.3855497807125, 5, 29, 3, 190, 0.821884984025559
8.36821591824213, 8, 2, 6, 208, 0.524711490215755
8.35, 8, 1, 7, 2, 0.010989010989011
8.35, 8, 1, 7, 2, 0.010989010989011
8.34790062817947, 9, 2, 0, 264, 0.844748858447489
8.21404475837072, 7, 12, 2, 83, 0.62543728135932
8.20944444444443, 7, 4, 3, 67, 0.386182108626198
8.20919914004, 9, 3, 6, 281, 0.727922729553437
8.19304443539249, 7, 3, 5, 193, 0.593313953488372
8.12333333333333, 8, 1, 7, 2, 0.010989010989011
8.09498038805488, 9, 6, 7, 4, 0.0549450549450549
8.09299746778692, 12, 24, 0, 223, 0.531963470319635
8.03195617517927, 9, 5, 7, 8, 0.259615384615385
8.03195617517923, 9, 5, 7, 8, 0.259615384615385
8.01466252764886, 8, 2, 0, 51, 0.119634703196347
8.00722222222223, 10, 4, 5, 58, 0.222674418604651
7.88777614413595, 8, 8, 2, 132, 0.83208395802099
7.85833333333333, 8, 1, 3, 143, 0.559904153354633
7.80410184169554, 10, 2, 0, 236, 0.598858447488585
7.80236508819788, 8, 2, 4, 30, 0.211180124223602
7.715, 10, 1, 0, 84, 0.177397260273973
7.70333333333335, 8, 16, 7, 4, 0.0549450549450549
7.69, 9, 1, 6, 250, 0.629076768690416
7.658, 6, 1, 7, 4, 0.0549450549450549
7.56898883695101, 6, 18, 3, 80, 0.420127795527157
7.55783033901225, 11, 35, 7, 4, 0.0549450549450549
7.54659712221344, 9, 2, 1, 27, 0.260434056761269
7.51190435242623, 10, 12, 5, 98, 0.35406976744186
7.4481914284983, 7, 2, 7, 2, 0.010989010989011
7.4275, 9, 1, 7, 7, 0.245879120879121
7.39, 11, 1, 7, 5, 0.112637362637363
7.39, 11, 1, 7, 5, 0.112637362637363
7.345, 7, 1, 0, 123, 0.3087899543379
7.345, 7, 1, 0, 123, 0.3087899543379
7.30983175820985, 7, 3, 1, 182, 0.864496382860323
7.29193389986497, 8, 3, 1, 87, 0.396911519198665
7.27333333333333, 9, 4, 7, 3, 0.0260989010989011
7.23647384954684, 5, 39, 0, 83, 0.168721461187215
7.16187727993432, 10, 5, 5, 58, 0.222674418604651
7.12161557045403, 8, 3, 3, 55, 0.35982428115016
7.12000000000003, 8, 4, 7, 7, 0.245879120879121
7.105, 8, 1, 7, 4, 0.0549450549450549
7.105, 8, 1, 7, 4, 0.0549450549450549
7.09333333333334, 8, 1, 4, 88, 0.419254658385093
7.06666666666666, 7, 1, 3, 13, 0.192891373801917
7.05752969057398, 11, 3, 7, 5, 0.112637362637363
6.99328606593496, 12, 2, 3, 175, 0.687300319488818
6.98948717948716, 9, 9, 5, 224, 0.705813953488372
6.965, 9, 1, 7, 4, 0.0549450549450549
6.95125000000001, 14, 1, 0, 96, 0.216095890410959
6.94333333333334, 8, 1, 4, 45, 0.265527950310559
6.92398960137867, 11, 2, 0, 185, 0.449771689497717
6.88722004875697, 15, 2, 1, 138, 0.515720645520312
6.88722004875697, 15, 2, 1, 138, 0.515720645520312
6.745, 9, 1, 7, 2, 0.010989010989011
6.745, 9, 1, 7, 2, 0.010989010989011
6.60300000000001, 8, 16, 4, 90, 0.442546583850932
6.57043621078541, 7, 18, 2, 22, 0.447026486756622
6.5702380952381, 7, 9, 0, 129, 0.333219178082192
6.51106766078599, 9, 12, 6, 34, 0.196061214249874
6.46497628513417, 11, 2, 7, 5, 0.112637362637363
6.39578083583232, 11, 2, 0, 204, 0.490867579908676
6.39578083583232, 11, 2, 0, 204, 0.490867579908676
6.37200000000001, 12, 4, 6, 64, 0.269693928750627
6.35881831101502, 9, 5, 6, 281, 0.727922729553437
6.34846342077182, 4, 41, 5, 257, 0.803633720930233
6.32666666666667, 10, 1, 6, 211, 0.52922729553437
6.27, 11, 1, 7, 3, 0.0260989010989011
6.27, 11, 1, 7, 3, 0.0260989010989011
6.192, 10, 1, 0, 133, 0.341552511415525
6.10333333333334, 7, 1, 7, 4, 0.0549450549450549
6.0950550917468, 10, 7, 2, 48, 0.522988505747126
6.07855192718711, 7, 10, 3, 146, 0.568290734824281
6.07473456210229, 11, 6, 7, 8, 0.259615384615385
6.05428571428572, 13, 1, 4, 29, 0.206521739130435
6.05, 10, 1, 7, 3, 0.0260989010989011
6.05, 10, 1, 7, 3, 0.0260989010989011
6.04888331741944, 9, 5, 7, 3, 0.0260989010989011
6.022, 9, 1, 5, 282, 0.962645348837209
6, 8, 1, 5, 282, 0.962645348837209
6, 8, 1, 5, 282, 0.962645348837209
5.98571428571429, 11, 1, 6, 95, 0.351605619668841
5.94521386420677, 9, 15, 2, 20, 0.441029485257371
5.92909036024921, 9, 2, 3, 53, 0.353833865814696
5.87666666666667, 8, 1, 5, 246, 0.759738372093023
5.86833333333334, 10, 4, 1, 92, 0.403032832498609
5.79369431838038, 10, 44, 2, 74, 0.607196401799101
5.78, 13, 1, 1, 102, 0.43544796883695
5.76900000000001, 7, 9, 1, 176, 0.726488592097941
5.74406408583872, 8, 2, 7, 2, 0.010989010989011
5.74, 15, 1, 5, 153, 0.478779069767442
5.72154116766921, 8, 3, 5, 127, 0.41671511627907
5.70140197670712, 10, 8, 2, 48, 0.522988505747126
5.65341383590481, 11, 3, 0, 185, 0.449771689497717
5.65225913536641, 7, 12, 2, 107, 0.699650174912544
5.63, 5, 4, 5, 154, 0.481104651162791
5.63, 13, 1, 7, 8, 0.259615384615385
5.63, 13, 1, 7, 8, 0.259615384615385
5.57675353588447, 8, 5, 5, 212, 0.648691860465116
5.57553696965593, 7, 2, 6, 247, 0.621048670346212
5.57553696965593, 7, 2, 6, 247, 0.621048670346212
5.54508434401686, 4, 27, 3, 107, 0.474041533546326
5.54435998884907, 11, 2, 6, 154, 0.449322629202208
5.51833333333333, 10, 4, 0, 236, 0.598858447488585
5.47666666666667, 7, 1, 7, 3, 0.0260989010989011
5.47, 10, 1, 6, 33, 0.18941294530858
5.46452120500965, 8, 8, 7, 6, 0.197802197802198
5.44276346626049, 8, 3, 1, 177, 0.744296048970506
5.40544189528786, 8, 3, 2, 76, 0.609445277361319
5.38666666666667, 11, 1, 1, 99, 0.423205342237062
5.37368763048244, 8, 3, 1, 179, 0.794101279910963
5.365, 9, 1, 7, 2, 0.010989010989011
5.365, 9, 1, 7, 2, 0.010989010989011
5.36253427300946, 9, 3, 6, 234, 0.578273958855996
5.3375, 10, 1, 0, 127, 0.312557077625571
5.27967593315949, 9, 5, 0, 264, 0.844748858447489
5.23656694154991, 15, 3, 0, 214, 0.507648401826484
5.21222222222222, 9, 1, 2, 134, 0.860569715142429
5.20271621367145, 12, 6, 6, 64, 0.269693928750627
5.20142857142857, 7, 1, 1, 173, 0.695882025598219
5.165, 8, 1, 3, 184, 0.76038338658147
5.165, 8, 1, 3, 184, 0.76038338658147
5.15617590855858, 8, 6, 1, 87, 0.396911519198665
5.10872509622934, 7, 3, 1, 26, 0.257929883138564
5.1075, 9, 1, 7, 2, 0.010989010989011
5.06288455329568, 11, 2, 2, 31, 0.471514242878561
5.06212421600684, 13, 11, 1, 33, 0.272537562604341
5.06, 10, 1, 2, 45, 0.50199900049975
5.02333333333333, 9, 1, 7, 5, 0.112637362637363
5.01574410121657, 8, 2, 4, 88, 0.419254658385093
4.995, 9, 1, 7, 5, 0.112637362637363
4.995, 9, 1, 7, 5, 0.112637362637363
4.96000000000001, 11, 9, 7, 8, 0.259615384615385
4.954, 8, 1, 3, 194, 0.999600638977636
4.95091463589531, 12, 7, 0, 107, 0.25513698630137
4.93201467455237, 6, 3, 7, 2, 0.010989010989011
4.92, 7, 1, 5, 245, 0.756831395348837
4.916, 8, 1, 4, 82, 0.383540372670807
4.90967808403859, 8, 2, 4, 45, 0.265527950310559
4.90908882838761, 11, 2, 5, 185, 0.575436046511628
4.90582771591413, 11, 3, 6, 156, 0.453211239337682
4.90326970633924, 11, 19, 3, 100, 0.462859424920128
4.88438327734424, 10, 3, 5, 158, 0.488372093023256
4.86000000000001, 10, 1, 7, 6, 0.197802197802198
4.86, 10, 1, 7, 6, 0.197802197802198
4.837, 10, 4, 6, 74, 0.296287004515805
4.83641879344232, 14, 3, 4, 20, 0.178571428571429
4.78540819276982, 7, 7, 1, 182, 0.864496382860323
4.76313972081442, 12, 3, 3, 173, 0.651357827476038
4.72347329832614, 11, 2, 6, 66, 0.277596588058204
4.72347329832613, 11, 2, 6, 66, 0.277596588058204
4.71357142857143, 8, 4, 1, 177, 0.744296048970506
4.70084588132818, 14, 2, 6, 119, 0.400777722027095
4.69333333333334, 7, 1, 1, 98, 0.417640511964385
4.675, 11, 1, 4, 110, 0.937888198757764
4.65647702222904, 13, 13, 1, 33, 0.272537562604341
4.65344316966838, 14, 3, 3, 139, 0.551517571884984
4.65344316966838, 14, 3, 3, 139, 0.551517571884984
4.65285714285714, 10, 4, 6, 279, 0.718013045659809
4.63, 8, 1, 4, 90, 0.442546583850932
4.62023771806479, 11, 7, 7, 5, 0.112637362637363
4.57666666666667, 12, 1, 7, 4, 0.0549450549450549
4.576, 10, 1, 3, 60, 0.369408945686901
4.5679098064651, 12, 2, 3, 143, 0.559904153354633
4.5552650703984, 9, 5, 6, 177, 0.475413948820873
4.54219941829458, 15, 5, 7, 8, 0.259615384615385
4.52, 10, 1, 3, 126, 0.519568690095847
4.51179777578188, 10, 15, 1, 83, 0.388564273789649
4.49083761444775, 11, 5, 3, 142, 0.558306709265176
4.48751525190664, 7, 10, 5, 193, 0.593313953488372
4.48571428571428, 11, 1, 4, 31, 0.21583850931677
4.48518680550455, 11, 3, 4, 1, 0.0263975155279503
4.47611415841728, 10, 3, 0, 209, 0.500799086757991
4.47362890230689, 10, 2, 6, 211, 0.52922729553437
4.47299955780142, 8, 7, 6, 208, 0.524711490215755
4.45654048842822, 10, 2, 5, 157, 0.484593023255814
4.45425732679797, 10, 3, 0, 84, 0.177397260273973
4.43214530447728, 9, 8, 3, 143, 0.559904153354633
4.43188673140457, 8, 5, 5, 127, 0.41671511627907
4.42428571428572, 7, 4, 1, 26, 0.257929883138564
4.41333333333333, 13, 1, 2, 68, 0.590954522738631
4.40984505823469, 7, 19, 3, 146, 0.568290734824281
4.40527524679219, 15, 2, 0, 141, 0.350228310502283
4.38813263526658, 7, 14, 3, 67, 0.386182108626198
4.38028160560989, 11, 10, 6, 233, 0.574761665830406
4.37300360799709, 6, 5, 7, 2, 0.010989010989011
4.35012091785963, 13, 2, 7, 11, 0.615384615384615
4.34561090414959, 8, 21, 1, 30, 0.267111853088481
4.345, 13, 1, 5, 79, 0.281540697674419
4.32333333333334, 8, 1, 4, 85, 0.395962732919255
4.32325086017455, 9, 2, 0, 243, 0.636301369863014
4.31941228050526, 12, 2, 1, 79, 0.380217028380634
4.28826912440595, 9, 3, 7, 7, 0.245879120879121
4.27, 11, 1, 7, 3, 0.0260989010989011
4.27, 11, 1, 7, 3, 0.0260989010989011
4.24857142857143, 11, 4, 6, 156, 0.453211239337682
4.23556961930742, 8, 2, 5, 262, 0.826162790697675
4.18999999999999, 11, 4, 0, 164, 0.407534246575342
4.14953829426304, 10, 8, 1, 92, 0.403032832498609
4.14666666666667, 9, 1, 1, 181, 0.828464106844741
4.144, 11, 1, 6, 164, 0.463873557451079
4.128, 9, 1, 1, 157, 0.585559265442404
4.126, 10, 1, 3, 67, 0.386182108626198
4.12193631903254, 6, 18, 3, 170, 0.642571884984026
4.11, 11, 1, 7, 2, 0.010989010989011
4.11, 11, 1, 7, 2, 0.010989010989011
4.09955510587621, 11, 6, 3, 142, 0.558306709265176
4.09, 7, 1, 7, 2, 0.010989010989011
4.09, 7, 1, 7, 2, 0.010989010989011
4.08941176470591, 6, 16, 3, 59, 0.368610223642173
4.0888100159996, 11, 5, 7, 5, 0.112637362637363
4.07411406065616, 10, 11, 5, 54, 0.199273255813954
4.03757559268762, 12, 6, 3, 175, 0.687300319488818
4.02124462490575, 9, 3, 7, 4, 0.0549450549450549
4, 10, 1, 0, 94, 0.207191780821918
3.99585347579212, 9, 5, 5, 209, 0.643604651162791
3.98101117808028, 5, 8, 5, 154, 0.481104651162791
3.97, 9, 1, 2, 70, 0.593703148425787
3.96686904245653, 10, 2, 4, 88, 0.419254658385093
3.96686904245653, 10, 2, 4, 88, 0.419254658385093
3.96, 10, 1, 6, 268, 0.683266432513798
3.94336024222998, 8, 10, 5, 212, 0.648691860465116
3.88428571428572, 11, 4, 4, 1, 0.0263975155279503
3.87642857142858, 10, 4, 0, 209, 0.500799086757991
3.8757308351036, 10, 2, 0, 262, 0.795776255707763
3.87258813829833, 7, 2, 7, 3, 0.0260989010989011
3.86787409309041, 10, 2, 6, 33, 0.18941294530858
3.86666666666667, 12, 1, 1, 76, 0.375208681135225
3.82900000000001, 6, 4, 7, 4, 0.0549450549450549
3.80894852799153, 11, 2, 1, 99, 0.423205342237062
3.8, 9, 1, 5, 130, 0.423401162790698
3.79896477126774, 12, 3, 7, 10, 0.409340659340659
3.79896477126774, 12, 3, 7, 10, 0.409340659340659
3.79000000000001, 11, 1, 3, 76, 0.406549520766773
3.78999999999999, 11, 1, 3, 76, 0.406549520766773
3.78164426319205, 10, 3, 5, 155, 0.482703488372093
3.77666666666667, 10, 1, 7, 5, 0.112637362637363
3.77631487609184, 7, 12, 6, 127, 0.411063723030607
3.77453599797379, 8, 2, 0, 98, 0.226027397260274
3.77250000000001, 10, 4, 2, 83, 0.62543728135932
3.77249999999999, 10, 4, 2, 83, 0.62543728135932
3.76666666666667, 7, 1, 7, 2, 0.010989010989011
3.75333333333334, 7, 1, 4, 53, 0.293478260869565
3.73500000000001, 6, 4, 6, 289, 0.753888610135474
3.735, 6, 4, 6, 289, 0.753888610135474
3.70170399951158, 7, 2, 7, 6, 0.197802197802198
3.70170399951157, 7, 2, 7, 6, 0.197802197802198
3.6958626052419, 6, 7, 7, 2, 0.010989010989011
3.69560467390885, 12, 17, 5, 247, 0.765697674418605
3.67499999999999, 13, 1, 6, 211, 0.52922729553437
3.65675221127901, 12, 2, 0, 239, 0.622488584474886
3.65102801352654, 12, 2, 0, 22, 0.0953196347031963
3.64666666666667, 13, 1, 0, 101, 0.249657534246575
3.60050061623381, 9, 3, 6, 294, 0.774460612142499
3.59, 8, 1, 6, 179, 0.478299046663322
3.59, 8, 1, 6, 179, 0.478299046663322
3.57796031280393, 10, 2, 2, 45, 0.50199900049975
3.55203306416042, 9, 2, 7, 5, 0.112637362637363
3.55185885605459, 13, 3, 7, 11, 0.615384615384615
3.52991954582537, 9, 3, 0, 243, 0.636301369863014
3.52666666666667, 10, 1, 3, 165, 0.630990415335463
3.52333333333333, 13, 1, 7, 13, 0.993131868131868
3.51432070249714, 11, 2, 7, 5, 0.112637362637363
3.51432070249714, 11, 2, 7, 5, 0.112637362637363
3.50960665728922, 13, 2, 1, 74, 0.371035058430718
3.49664303296748, 8, 2, 7, 10, 0.409340659340659
3.49664303296747, 8, 2, 7, 10, 0.409340659340659
3.47896536343782, 7, 2, 5, 245, 0.756831395348837
3.455, 13, 1, 5, 158, 0.488372093023256
3.45, 12, 1, 7, 8, 0.259615384615385
3.45, 12, 1, 7, 8, 0.259615384615385
3.445, 9, 1, 5, 225, 0.710610465116279
3.445, 9, 1, 5, 225, 0.710610465116279
3.43, 17, 1, 5, 220, 0.681686046511628
3.43, 17, 1, 5, 220, 0.681686046511628
3.42813777019368, 15, 7, 0, 214, 0.507648401826484
3.42316191553948, 9, 6, 3, 53, 0.353833865814696
3.42112067408718, 11, 6, 0, 164, 0.407534246575342
3.41061170792311, 8, 2, 2, 37, 0.484007996001999
3.40118361750729, 8, 2, 7, 6, 0.197802197802198
3.385, 13, 1, 5, 248, 0.770058139534884
3.385, 13, 1, 5, 248, 0.770058139534884
3.38222222222222, 11, 1, 0, 112, 0.273059360730594
3.36804839632685, 12, 6, 3, 173, 0.651357827476038
3.33333333333333, 13, 1, 7, 11, 0.615384615384615
3.33088235294119, 8, 16, 0, 212, 0.503082191780822
3.31868782636886, 7, 2, 1, 98, 0.417640511964385
3.28386817426498, 9, 8, 6, 234, 0.578273958855996
3.27390439689371, 8, 2, 4, 90, 0.442546583850932
3.25, 8, 1, 7, 6, 0.197802197802198
3.25, 8, 1, 7, 6, 0.197802197802198
3.23619203523043, 12, 2, 7, 4, 0.0549450549450549
3.22999999999999, 12, 4, 3, 143, 0.559904153354633
3.21182001017769, 15, 10, 7, 8, 0.259615384615385
3.20500000000001, 16, 1, 4, 30, 0.211180124223602
3.205, 16, 1, 4, 30, 0.211180124223602
3.2020493437797, 11, 5, 2, 31, 0.471514242878561
3.19333333333333, 6, 4, 3, 74, 0.402156549520767
3.19333333333333, 12, 1, 0, 256, 0.736301369863014
3.18875, 11, 1, 1, 116, 0.463828603227602
3.18333333333334, 10, 1, 4, 91, 0.454968944099379
3.16666666666667, 13, 1, 5, 231, 0.72281976744186
3.14666666666667, 9, 1, 4, 48, 0.274844720496894
3.13106882709403, 7, 2, 5, 226, 0.714970930232558
3.12069792763663, 13, 2, 2, 68, 0.590954522738631
3.12, 12, 1, 4, 49, 0.277950310559006
3.12, 12, 1, 4, 49, 0.277950310559006
3.096, 10, 4, 0, 133, 0.341552511415525
3.086, 16, 1, 5, 203, 0.613953488372093
3.08219989177203, 8, 8, 4, 60, 0.315217391304348
3.08160706179963, 10, 3, 0, 127, 0.312557077625571
3.08, 10, 1, 3, 121, 0.50758785942492
3.05705831732983, 8, 2, 4, 85, 0.395962732919255
3.05, 9, 1, 7, 8, 0.259615384615385
3.05, 9, 1, 7, 8, 0.259615384615385
3.04763022691403, 14, 2, 7, 11, 0.615384615384615
3.04763022691402, 12, 2, 6, 282, 0.729177119919719
3.04763022691402, 12, 2, 6, 282, 0.729177119919719
3.04763022691401, 14, 2, 7, 11, 0.615384615384615
3.03666666666667, 11, 1, 7, 2, 0.010989010989011
3.02666666666667, 8, 1, 4, 53, 0.293478260869565
3.0122748878547, 13, 2, 6, 301, 0.940291018564977
3.011, 9, 4, 5, 282, 0.962645348837209
2.97574103749339, 10, 2, 3, 120, 0.502396166134185
2.94881649988601, 9, 3, 7, 2, 0.010989010989011
2.945, 9, 1, 7, 2, 0.010989010989011
2.945, 9, 1, 7, 2, 0.010989010989011
2.94272523976244, 10, 10, 6, 279, 0.718013045659809
2.94041095920221, 9, 12, 6, 177, 0.475413948820873
2.93213611932021, 9, 2, 1, 181, 0.828464106844741
2.92338195693204, 13, 10, 3, 120, 0.502396166134185
2.91, 18, 1, 6, 126, 0.410561966884094
2.885, 10, 1, 5, 200, 0.599563953488372
2.885, 10, 1, 5, 200, 0.599563953488372
2.885, 8, 1, 6, 158, 0.456472654290015
2.868, 8, 1, 2, 9, 0.387306346826587
2.85620416325974, 6, 5, 3, 74, 0.402156549520767
2.85234560431036, 9, 14, 1, 27, 0.260434056761269
2.83426375654537, 11, 6, 5, 185, 0.575436046511628
2.83361111111111, 8, 16, 0, 51, 0.119634703196347
2.82842712474619, 10, 2, 0, 94, 0.207191780821918
2.79, 13, 1, 7, 4, 0.0549450549450549
2.79, 13, 1, 7, 4, 0.0549450549450549
2.78893578493661, 9, 5, 6, 294, 0.774460612142499
2.78614069996473, 15, 5, 0, 141, 0.350228310502283
2.775, 12, 1, 2, 76, 0.609445277361319
2.775, 12, 1, 2, 76, 0.609445277361319
2.75, 7, 1, 3, 53, 0.353833865814696
2.73183619193974, 12, 5, 1, 79, 0.380217028380634
2.72949364453474, 7, 5, 7, 4, 0.0549450549450549
2.71333333333333, 8, 1, 3, 22, 0.259584664536741
2.69911250846148, 11, 3, 4, 110, 0.937888198757764
2.69333333333334, 11, 1, 1, 184, 0.975932109070673
2.69, 11, 1, 3, 180, 0.730431309904153
2.69, 11, 1, 3, 180, 0.730431309904153
2.68200000000002, 9, 4, 5, 154, 0.481104651162791
2.67618914678249, 8, 17, 4, 30, 0.211180124223602
2.67333333333333, 9, 1, 6, 290, 0.756773707977923
2.6705066102812, 10, 2, 7, 5, 0.112637362637363
2.67, 15, 1, 6, 265, 0.66783743100853
2.66666666666669, 12, 1, 7, 5, 0.112637362637363
2.66343554246933, 7, 2, 7, 2, 0.010989010989011
2.65400745205351, 7, 2, 4, 53, 0.293478260869565
2.64901567071028, 14, 10, 4, 20, 0.178571428571429
2.64, 12, 1, 6, 294, 0.774460612142499
2.63999999999999, 12, 1, 6, 294, 0.774460612142499
2.62812522955476, 8, 5, 5, 246, 0.759738372093023
2.62100913559814, 8, 2, 0, 139, 0.348173515981735
2.615, 12, 1, 7, 8, 0.259615384615385
2.61499999999999, 12, 1, 7, 8, 0.259615384615385
2.6136363636364, 11, 9, 6, 154, 0.449322629202208
2.61, 12, 1, 7, 2, 0.010989010989011
2.61, 12, 1, 7, 2, 0.010989010989011
2.6096232167371, 9, 3, 7, 13, 0.993131868131868
2.595, 12, 1, 5, 259, 0.810755813953488
2.595, 12, 1, 5, 259, 0.810755813953488
2.58666666666667, 9, 1, 3, 48, 0.336261980830671
2.58166666666667, 12, 4, 0, 22, 0.0953196347031963
2.581, 16, 1, 2, 74, 0.607196401799101
2.57858272872694, 13, 2, 0, 101, 0.249657534246575
2.575, 11, 1, 0, 123, 0.3087899543379
2.575, 11, 1, 0, 123, 0.3087899543379
2.57298485064849, 10, 6, 5, 157, 0.484593023255814
2.55650699197166, 7, 3, 5, 226, 0.714970930232558
2.54773398128136, 5, 34, 5, 280, 0.940988372093023
2.52012856814885, 10, 2, 5, 137, 0.438953488372093
2.50858691962893, 13, 3, 5, 79, 0.281540697674419
2.49844396019247, 7, 8, 3, 13, 0.192891373801917
2.495, 8, 1, 4, 71, 0.349378881987578
2.495, 8, 1, 4, 71, 0.349378881987578
2.49372991498456, 10, 2, 3, 165, 0.630990415335463
2.4913728923806, 13, 2, 7, 13, 0.993131868131868
2.48194480196478, 9, 2, 1, 125, 0.480801335559265
2.48194480196478, 9, 2, 1, 125, 0.480801335559265
2.48166666666668, 13, 4, 1, 74, 0.371035058430718
2.477, 8, 4, 3, 194, 0.999600638977636
2.47165179283693, 13, 6, 4, 29, 0.206521739130435
2.46073159852918, 16, 2, 5, 226, 0.714970930232558
2.45951214674778, 13, 3, 6, 301, 0.940291018564977
2.4575, 13, 1, 1, 173, 0.695882025598219
2.455, 12, 1, 7, 8, 0.259615384615385
2.455, 12, 1, 7, 8, 0.259615384615385
2.44666666666667, 6, 1, 5, 280, 0.940988372093023
2.44365762434797, 11, 6, 6, 95, 0.351605619668841
2.44333333333334, 9, 1, 3, 79, 0.416134185303514
2.44333333333333, 15, 1, 5, 157, 0.484593023255814
2.43374711093821, 8, 13, 7, 6, 0.197802197802198
2.43280969679779, 9, 3, 0, 116, 0.29189497716895
2.40416305603426, 11, 2, 1, 149, 0.557735114079021
2.40416305603426, 11, 2, 1, 149, 0.557735114079021
2.4, 8, 1, 0, 73, 0.147146118721461
2.39, 8, 1, 7, 8, 0.259615384615385
2.39, 8, 1, 7, 8, 0.259615384615385
2.38445661175313, 12, 3, 0, 197, 0.481278538812785
2.37234325088087, 11, 2, 0, 103, 0.251826484018265
2.37234325088086, 11, 2, 0, 103, 0.251826484018265
2.36937664947359, 8, 11, 3, 143, 0.559904153354633
2.36739350341256, 7, 2, 7, 8, 0.259615384615385
2.36666666666667, 8, 1, 6, 34, 0.196061214249874
2.35702260395517, 13, 2, 7, 11, 0.615384615384615
2.35042294066407, 14, 8, 6, 119, 0.400777722027095
2.34193765928984, 10, 2, 1, 86, 0.394824707846411
2.34, 10, 1, 5, 195, 0.595639534883721
2.34, 10, 1, 5, 195, 0.595639534883721
2.33333333333334, 9, 1, 7, 5, 0.112637362637363
2.31273316529975, 12, 5, 0, 239, 0.622488584474886
2.30527714626431, 12, 3, 6, 51, 0.244355243351731
2.29208056868282, 9, 3, 2, 70, 0.593703148425787
2.288, 10, 4, 3, 60, 0.369408945686901
2.28571428571428, 16, 1, 5, 155, 0.482703488372093
2.25802765458905, 12, 2, 0, 256, 0.736301369863014
2.255, 14, 1, 6, 171, 0.468765679879579
2.255, 14, 1, 6, 171, 0.468765679879579
2.25142799129797, 12, 2, 0, 159, 0.398858447488584
2.25095658677717, 10, 2, 4, 91, 0.454968944099379
2.2391714737574, 13, 2, 5, 231, 0.72281976744186
2.22502933813367, 9, 2, 4, 48, 0.274844720496894
2.21991178503411, 9, 12, 6, 250, 0.629076768690416
2.212, 8, 1, 2, 153, 0.974262868565717
2.2022751552372, 9, 15, 7, 6, 0.197802197802198
2.19393102292058, 9, 3, 5, 130, 0.423401162790698
2.18984383004814, 9, 6, 5, 154, 0.481104651162791
2.18333333333334, 10, 9, 5, 155, 0.482703488372093
2.17788888605457, 10, 2, 3, 121, 0.50758785942492
2.16951607507295, 15, 7, 5, 153, 0.478779069767442
2.16, 14, 1, 4, 49, 0.277950310559006
2.14724759220315, 11, 2, 7, 2, 0.010989010989011
2.14017652439128, 8, 2, 4, 53, 0.293478260869565
2.13666666666667, 11, 1, 1, 18, 0.139259877573734
2.13263405205863, 12, 2, 0, 138, 0.345319634703196
2.12347432225561, 7, 6, 1, 173, 0.695882025598219
2.115, 9, 1, 4, 88, 0.419254658385093
2.11499999999999, 9, 1, 4, 88, 0.419254658385093
2.0775, 9, 1, 3, 35, 0.297923322683706
2.072, 11, 4, 6, 164, 0.463873557451079
2.07166527261609, 10, 7, 0, 262, 0.795776255707763
2.07, 10, 1, 1, 173, 0.695882025598219
2.07, 10, 1, 1, 173, 0.695882025598219
2.064, 9, 4, 1, 157, 0.585559265442404
2.06299999999999, 10, 4, 3, 67, 0.386182108626198
2.05767635939183, 10, 3, 5, 137, 0.438953488372093
2.02666666666667, 14, 1, 7, 10, 0.409340659340659
2.02140545165982, 9, 5, 7, 13, 0.993131868131868
2.015, 9, 1, 0, 265, 0.857305936073059
2.015, 9, 1, 0, 265, 0.857305936073059
1.99642857142857, 12, 4, 6, 51, 0.244355243351731
1.99474518005016, 13, 3, 5, 158, 0.488372093023256
1.99, 13, 1, 7, 4, 0.0549450549450549
1.99, 13, 1, 7, 4, 0.0549450549450549
1.98, 10, 4, 6, 268, 0.683266432513798
1.97282791951047, 11, 2, 6, 207, 0.52295534370296
1.97282791951047, 11, 2, 6, 207, 0.52295534370296
1.97, 13, 1, 7, 4, 0.0549450549450549
1.97, 13, 1, 7, 4, 0.0549450549450549
1.955, 11, 1, 6, 144, 0.42824887104867
1.95333333333333, 13, 1, 5, 137, 0.438953488372093
1.94925769347092, 8, 2, 1, 108, 0.451307735114079
1.944543648263, 7, 2, 3, 53, 0.353833865814696
1.935, 18, 1, 3, 143, 0.559904153354633
1.93296870124687, 7, 3, 7, 8, 0.259615384615385
1.925, 13, 1, 1, 69, 0.360044518642181
1.925, 13, 1, 1, 69, 0.360044518642181
1.91861639961951, 8, 2, 3, 22, 0.259584664536741
1.91218409155604, 10, 3, 1, 86, 0.394824707846411
1.91, 8, 1, 7, 10, 0.409340659340659
1.91, 8, 1, 7, 10, 0.409340659340659
1.905, 10, 1, 7, 2, 0.010989010989011
1.905, 10, 1, 7, 2, 0.010989010989011
1.90447426399577, 11, 2, 1, 184, 0.975932109070673
1.89659563428792, 13, 3, 7, 6, 0.197802197802198
1.89659563428792, 13, 3, 7, 6, 0.197802197802198
1.89420431844085, 8, 10, 5, 262, 0.826162790697675
1.89033212837204, 9, 2, 6, 290, 0.756773707977923
1.88797510576808, 15, 2, 6, 265, 0.66783743100853
1.88726799898689, 8, 8, 0, 98, 0.226027397260274
1.88561808316412, 12, 2, 7, 5, 0.112637362637363
1.88444628803795, 9, 5, 0, 116, 0.29189497716895
1.87666666666667, 10, 1, 6, 255, 0.643000501756147
1.85333333333333, 8, 4, 0, 139, 0.348173515981735
1.85, 8, 1, 4, 22, 0.184782608695652
1.84752086140681, 6, 3, 6, 297, 0.807325639739087
1.8475208614068, 6, 3, 6, 297, 0.807325639739087
1.84279883919229, 9, 8, 2, 134, 0.860569715142429
1.83828325709976, 12, 3, 0, 159, 0.398858447488584
1.83128518865219, 11, 6, 4, 31, 0.21583850931677
1.8290495406692, 9, 2, 3, 48, 0.336261980830671
1.825, 12, 1, 7, 5, 0.112637362637363
1.825, 12, 1, 7, 5, 0.112637362637363
1.81999999999999, 11, 1, 2, 104, 0.689405297351324
1.81800911517439, 8, 7, 7, 6, 0.197802197802198
1.81666666666666, 8, 1, 5, 195, 0.595639534883721
1.815, 11, 1, 3, 115, 0.488418530351438
1.815, 11, 1, 3, 115, 0.488418530351438
1.81, 13, 1, 7, 4, 0.0549450549450549
1.81, 13, 1, 7, 4, 0.0549450549450549
1.79958675811976, 10, 2, 5, 130, 0.423401162790698
1.79958675811975, 10, 2, 5, 130, 0.423401162790698
1.79666666666667, 14, 1, 6, 171, 0.468765679879579
1.79480503235493, 14, 15, 0, 96, 0.216095890410959
1.78, 11, 1, 4, 90, 0.442546583850932
1.78, 11, 1, 4, 90, 0.442546583850932
1.76666666666667, 10, 1, 6, 253, 0.637230306071249
1.76666666666667, 10, 1, 1, 86, 0.394824707846411
1.76069588515451, 10, 2, 6, 209, 0.52646763672855
1.7425, 11, 1, 0, 104, 0.252397260273973
1.74128841187591, 12, 3, 0, 138, 0.345319634703196
1.73005459130308, 6, 2, 5, 280, 0.940988372093023
1.73, 8, 1, 4, 53, 0.293478260869565
1.72922590259984, 12, 5, 1, 76, 0.375208681135225
1.72769756869914, 9, 2, 3, 79, 0.416134185303514
1.72769756869913, 15, 2, 5, 157, 0.484593023255814
1.72534054609517, 6, 2, 6, 250, 0.629076768690416
1.72180501218924, 11, 2, 3, 52, 0.347444089456869
1.72180501218924, 11, 2, 3, 52, 0.347444089456869
1.716, 10, 1, 4, 26, 0.197204968944099
1.715, 9, 1, 0, 160, 0.399657534246575
1.70839941800171, 10, 7, 3, 126, 0.519568690095847
1.70333333333333, 13, 1, 7, 4, 0.0549450549450549
1.70250000000001, 9, 1, 7, 6, 0.197802197802198
1.702, 10, 1, 2, 80, 0.620689655172414
1.70129891553484, 18, 2, 7, 12, 0.862637362637363
1.7, 14, 1, 6, 138, 0.422227797290517
1.7, 14, 1, 6, 138, 0.422227797290517
1.69705627484771, 8, 2, 0, 73, 0.147146118721461
1.68606543961575, 12, 6, 0, 197, 0.481278538812785
1.685, 11, 1, 6, 37, 0.204465629703964
1.685, 11, 1, 6, 37, 0.204465629703964
1.68055711662003, 11, 2, 0, 229, 0.555936073059361
1.68008928334181, 18, 3, 6, 126, 0.410561966884094
1.67348604880816, 8, 2, 6, 34, 0.196061214249874
1.67, 11, 1, 3, 171, 0.646565495207668
1.66565552661208, 8, 3, 6, 158, 0.456472654290015
1.65, 8, 1, 2, 137, 0.871814092953523
1.64991582276861, 9, 2, 7, 5, 0.112637362637363
1.64350996346234, 13, 5, 6, 211, 0.52922729553437
1.63866666666665, 8, 9, 4, 82, 0.383540372670807
1.63333333333333, 7, 1, 3, 28, 0.284744408945687
1.61220346110533, 11, 2, 5, 206, 0.618459302325581
1.61220346110533, 11, 2, 5, 206, 0.618459302325581
1.59999999999999, 12, 1, 7, 7, 0.245879120879121
1.59333333333334, 10, 1, 6, 298, 0.852609131961867
1.58863323506577, 17, 2, 6, 260, 0.656046161565479
1.58666666666667, 8, 1, 2, 105, 0.691404297851074
1.57, 7, 1, 0, 82, 0.163584474885845
1.57, 14, 1, 7, 10, 0.409340659340659
1.57, 14, 1, 7, 10, 0.409340659340659
1.57, 7, 1, 7, 10, 0.409340659340659
1.57, 7, 1, 7, 10, 0.409340659340659
1.5612917728599, 10, 2, 4, 1, 0.0263975155279503
1.56, 8, 1, 6, 276, 0.7019568489714
1.56, 8, 1, 6, 276, 0.7019568489714
1.55630331233987, 16, 5, 5, 226, 0.714970930232558
1.555, 11, 1, 7, 6, 0.197802197802198
1.555, 11, 1, 7, 6, 0.197802197802198
1.55, 8, 1, 1, 179, 0.794101279910963
1.55, 8, 1, 1, 179, 0.794101279910963
1.54300000000001, 16, 4, 5, 203, 0.613953488372093
1.535, 10, 1, 3, 123, 0.511980830670927
1.535, 10, 1, 3, 123, 0.511980830670927
1.52527192475454, 8, 10, 2, 37, 0.484007996001999
1.52027957955108, 8, 2, 2, 85, 0.627686156921539
1.52027957955107, 8, 2, 2, 85, 0.627686156921539
1.51085148913525, 11, 2, 1, 18, 0.139259877573734
1.5075, 7, 1, 2, 147, 0.925287356321839
1.50666666666667, 14, 1, 7, 10, 0.409340659340659
1.505, 16, 1, 4, 26, 0.197204968944099
1.505, 16, 1, 4, 26, 0.197204968944099
1.4825, 9, 1, 3, 173, 0.651357827476038
1.475, 8, 1, 7, 2, 0.010989010989011
1.475, 8, 1, 7, 2, 0.010989010989011
1.44500000000002, 13, 16, 1, 102, 0.43544796883695
1.43896229971462, 11, 2, 6, 123, 0.408429503261415
1.43896229971462, 11, 2, 6, 123, 0.408429503261415
1.43400000000001, 8, 4, 2, 9, 0.387306346826587
1.43306974320473, 14, 2, 7, 10, 0.409340659340659
1.43, 15, 1, 5, 83, 0.305668604651163
1.41883828653351, 13, 3, 1, 173, 0.695882025598219
1.41, 15, 1, 3, 145, 0.567092651757188
1.395, 9, 1, 3, 156, 0.591453674121406
1.395, 9, 1, 3, 156, 0.591453674121406
1.38910474767024, 18, 3, 7, 12, 0.862637362637363
1.38121524591772, 13, 2, 5, 137, 0.438953488372093
1.38, 9, 1, 4, 90, 0.442546583850932
1.38, 9, 1, 4, 90, 0.442546583850932
1.37833333333333, 8, 4, 1, 108, 0.451307735114079
1.37, 9, 1, 7, 8, 0.259615384615385
1.37, 9, 1, 7, 4, 0.0549450549450549
1.37, 9, 1, 7, 4, 0.0549450549450549
1.37, 9, 1, 7, 8, 0.259615384615385
1.35, 8, 1, 2, 127, 0.815342328835582
1.35, 8, 1, 2, 127, 0.815342328835582
1.34, 10, 1, 4, 77, 0.368012422360248
1.33079184865417, 10, 10, 3, 120, 0.502396166134185
1.32700372602675, 10, 2, 6, 255, 0.643000501756147
1.30814754519511, 8, 2, 4, 22, 0.184782608695652
1.28693434175952, 11, 2, 2, 104, 0.689405297351324
1.28457731915556, 8, 2, 5, 195, 0.595639534883721
1.27478939437069, 10, 3, 4, 1, 0.0263975155279503
1.27333333333333, 13, 1, 7, 12, 0.862637362637363
1.27043518353183, 14, 2, 6, 171, 0.468765679879579
1.27, 16, 1, 2, 118, 0.739880059970015
1.24922198009624, 10, 2, 1, 86, 0.394824707846411
1.24922198009624, 10, 2, 6, 253, 0.637230306071249
1.2475, 17, 1, 5, 237, 0.740697674418604
1.24499999999999, 10, 4, 6, 209, 0.52646763672855
1.24, 12, 1, 7, 3, 0.0260989010989011
1.24, 12, 1, 7, 3, 0.0260989010989011
1.22329473145272, 8, 2, 4, 53, 0.293478260869565
1.20523421330818, 11, 7, 1, 116, 0.463828603227602
1.205, 12, 1, 6, 265, 0.66783743100853
1.205, 12, 1, 6, 265, 0.66783743100853
1.20443855062109, 13, 2, 7, 4, 0.0549450549450549
1.2, 10, 1, 7, 5, 0.112637362637363
1.2, 10, 1, 7, 5, 0.112637362637363
1.19944518424145, 9, 3, 3, 35, 0.297923322683706
1.19579613440658, 11, 8, 0, 112, 0.273059360730594
1.19511505722253, 12, 3, 1, 124, 0.477045075125209
1.19511505722252, 12, 3, 1, 124, 0.477045075125209
1.19147492629933, 17, 2, 1, 103, 0.439343350027824
1.19147492629933, 17, 2, 1, 103, 0.439343350027824
1.19, 12, 1, 5, 157, 0.484593023255814
1.18833333333333, 11, 4, 0, 229, 0.555936073059361
1.18086832458153, 11, 2, 3, 171, 0.646565495207668
1.17, 11, 1, 1, 181, 0.828464106844741
1.17, 11, 1, 1, 181, 0.828464106844741
1.16444444444444, 17, 4, 7, 9, 0.299450549450549
1.16106933470831, 17, 2, 3, 143, 0.559904153354633
1.15494107593803, 7, 2, 3, 28, 0.284744408945687
1.15000000000001, 11, 1, 4, 69, 0.343167701863354
1.15, 14, 1, 7, 7, 0.245879120879121
1.15, 14, 1, 7, 7, 0.245879120879121
1.14999999999999, 11, 1, 4, 69, 0.343167701863354
1.13666666666667, 12, 1, 5, 238, 0.741860465116279
1.135, 12, 1, 4, 57, 0.305900621118012
1.135, 12, 1, 4, 57, 0.305900621118012
1.12871977626572, 11, 3, 6, 144, 0.42824887104867
1.12665680469056, 10, 2, 6, 298, 0.852609131961867
1.125, 15, 1, 6, 219, 0.546287004515805
1.125, 15, 1, 6, 219, 0.546287004515805
1.12333333333333, 17, 4, 6, 260, 0.656046161565479
1.12194275948266, 8, 2, 2, 105, 0.691404297851074
1.12, 14, 1, 3, 123, 0.511980830670927
1.12, 14, 1, 3, 123, 0.511980830670927
1.11717277088193, 18, 3, 3, 143, 0.559904153354633
1.106, 8, 4, 2, 153, 0.974262868565717
1.1, 14, 1, 3, 182, 0.738817891373802
1.1, 14, 1, 3, 182, 0.738817891373802
1.085, 19, 1, 0, 229, 0.555936073059361
1.08499999999999, 19, 1, 0, 229, 0.555936073059361
1.08, 14, 4, 4, 49, 0.277950310559006
1.075, 15, 1, 3, 123, 0.511980830670927
1.075, 15, 1, 3, 123, 0.511980830670927
1.074, 16, 1, 1, 71, 0.364913745130774
1.06537421698773, 14, 2, 7, 10, 0.409340659340659
1.05005357006203, 11, 2, 3, 123, 0.511980830670927
1.05005357006201, 11, 2, 3, 123, 0.511980830670927
1.045, 14, 1, 3, 121, 0.50758785942492
1.045, 14, 1, 3, 121, 0.50758785942492
1.04151077351991, 17, 5, 7, 9, 0.299450549450549
1.03, 11, 1, 7, 10, 0.409340659340659
1.03, 11, 1, 7, 10, 0.409340659340659
1.03, 14, 1, 5, 226, 0.714970930232558
1.03, 14, 1, 5, 226, 0.714970930232558
1.025, 8, 1, 4, 66, 0.333850931677019
1.025, 8, 1, 4, 66, 0.333850931677019
1.01116269709676, 15, 2, 5, 83, 0.305668604651163
1.01, 9, 1, 7, 2, 0.010989010989011
1.01, 9, 1, 7, 2, 0.010989010989011
1.00603284406292, 11, 3, 0, 104, 0.252397260273973
1.005, 16, 1, 6, 140, 0.423858504766683
1.005, 16, 1, 6, 140, 0.423858504766683
1, 13, 1, 7, 7, 0.245879120879121
1, 13, 1, 7, 7, 0.245879120879121
0.997020561473035, 15, 2, 3, 145, 0.567092651757188
0.996125828731825, 6, 6, 6, 250, 0.629076768690416
0.990155711660206, 9, 3, 0, 160, 0.399657534246575
0.98293883329533, 9, 3, 7, 6, 0.197802197802198
0.982500000000002, 14, 1, 5, 54, 0.199273255813954
0.98, 11, 1, 0, 214, 0.507648401826484
0.979999999999999, 11, 1, 0, 214, 0.507648401826484
0.976666666666667, 14, 1, 6, 156, 0.453211239337682
0.969999999999999, 9, 1, 7, 8, 0.259615384615385
0.969999999999999, 9, 1, 7, 8, 0.259615384615385
0.966666666666665, 14, 1, 4, 58, 0.309006211180124
0.965, 9, 1, 6, 252, 0.633467134972403
0.965, 9, 1, 6, 252, 0.633467134972403
0.963333333333331, 13, 1, 1, 183, 0.915692821368948
0.948009142009367, 17, 3, 3, 143, 0.559904153354633
0.947523086789971, 10, 2, 4, 77, 0.368012422360248
0.943333333333335, 13, 1, 0, 251, 0.668949771689498
0.94280904158205, 13, 2, 5, 110, 0.379796511627907
0.933138949631701, 16, 6, 5, 155, 0.482703488372093
0.926309883354384, 13, 2, 5, 275, 0.914244186046512
0.920000000000002, 10, 1, 7, 8, 0.259615384615385
0.920000000000002, 10, 1, 7, 8, 0.259615384615385
0.920000000000002, 11, 1, 5, 53, 0.197819767441861
0.919999999999995, 11, 1, 5, 53, 0.197819767441861
0.917986928011507, 12, 3, 3, 123, 0.511980830670927
0.917986928011495, 12, 3, 3, 123, 0.511980830670927
0.914999999999999, 11, 1, 7, 8, 0.259615384615385
0.914999999999999, 11, 1, 7, 8, 0.259615384615385
0.906439922627713, 7, 3, 0, 82, 0.163584474885845
0.900382634710876, 13, 2, 7, 12, 0.862637362637363
0.900000000000006, 13, 1, 7, 7, 0.245879120879121
0.899999999999991, 13, 1, 7, 7, 0.245879120879121
0.899999999999991, 15, 1, 2, 116, 0.730634682658671
0.898025612106913, 16, 2, 2, 118, 0.739880059970015
0.885000000000005, 14, 1, 0, 230, 0.565068493150685
0.884999999999998, 14, 1, 0, 230, 0.565068493150685
0.877572409168245, 10, 3, 5, 74, 0.269476744186047
0.877572409168221, 10, 3, 5, 74, 0.269476744186047
0.87035553080336, 7, 3, 2, 147, 0.925287356321839
0.860333333333337, 16, 9, 2, 74, 0.607196401799101
0.857999999999997, 10, 4, 4, 26, 0.197204968944099
0.85592177407362, 9, 3, 3, 173, 0.651357827476038
0.850999999999999, 10, 4, 2, 80, 0.620689655172414
0.849999999999994, 8, 1, 7, 7, 0.245879120879121
0.849999999999994, 8, 1, 7, 7, 0.245879120879121
0.835000000000001, 11, 1, 0, 219, 0.522260273972603
0.834999999999999, 11, 1, 0, 219, 0.522260273972603
0.829999999999998, 15, 1, 7, 10, 0.409340659340659
0.829999999999998, 15, 1, 7, 10, 0.409340659340659
0.824999999999996, 8, 4, 2, 137, 0.871814092953523
0.820243866176393, 10, 2, 4, 74, 0.358695652173913
0.816666666666666, 9, 1, 1, 116, 0.463828603227602
0.803744707948712, 12, 2, 5, 238, 0.741860465116279
0.802566196646725, 7, 2, 5, 245, 0.756831395348837
0.802566196646725, 7, 2, 5, 245, 0.756831395348837
0.800000000000011, 12, 4, 7, 7, 0.245879120879121
0.800000000000004, 10, 1, 7, 7, 0.245879120879121
0.799999999999997, 10, 1, 7, 7, 0.245879120879121
0.79666666666666, 10, 1, 2, 40, 0.491754122938531
0.791959594928936, 13, 2, 6, 260, 0.656046161565479
0.791959594928931, 13, 2, 6, 260, 0.656046161565479
0.790000000000006, 19, 1, 5, 226, 0.714970930232558
0.789999999999999, 13, 1, 5, 277, 0.924127906976744
0.789999999999999, 19, 1, 5, 226, 0.714970930232558
0.770000000000003, 12, 4, 5, 273, 0.90203488372093
0.769999999999996, 12, 4, 5, 273, 0.90203488372093
0.759999999999998, 13, 1, 7, 8, 0.259615384615385
0.759999999999998, 13, 1, 7, 8, 0.259615384615385
0.756328852638411, 13, 3, 5, 275, 0.914244186046512
0.75, 11, 1, 3, 60, 0.369408945686901
0.745000000000005, 11, 1, 6, 256, 0.645634721525339
0.744999999999997, 11, 1, 6, 256, 0.645634721525339
0.7325, 12, 1, 5, 226, 0.714970930232558
0.730000000000004, 9, 1, 3, 74, 0.402156549520767
0.729999999999997, 9, 1, 3, 74, 0.402156549520767
0.720244460814055, 17, 3, 5, 237, 0.740697674418604
0.719999999999999, 11, 1, 1, 135, 0.509738452977184
0.719999999999999, 11, 1, 1, 135, 0.509738452977184
0.710000000000001, 12, 1, 5, 257, 0.803633720930233
0.710000000000001, 12, 1, 5, 257, 0.803633720930233
0.700000000000003, 12, 1, 7, 8, 0.259615384615385
0.699999999999996, 12, 1, 7, 8, 0.259615384615385
0.690607622958861, 14, 2, 6, 156, 0.453211239337682
0.690000000000005, 11, 1, 7, 5, 0.112637362637363
0.689999999999998, 11, 1, 7, 5, 0.112637362637363
0.687046820335651, 12, 3, 5, 157, 0.484593023255814
0.686666666666667, 8, 1, 3, 84, 0.427316293929712
0.683536555146997, 14, 2, 4, 58, 0.309006211180124
0.683333333333334, 16, 1, 5, 246, 0.759738372093023
0.681179532543044, 13, 2, 1, 183, 0.915692821368948
0.68, 12, 1, 6, 190, 0.497365780230808
0.68, 12, 1, 6, 190, 0.497365780230808
0.667037396919306, 13, 2, 0, 251, 0.668949771689498
0.6666666666667, 13, 4, 5, 110, 0.379796511627907
0.666666666666671, 11, 1, 2, 9, 0.387306346826587
0.649999999999999, 10, 1, 3, 35, 0.297923322683706
0.649999999999999, 10, 1, 3, 35, 0.297923322683706
0.640000000000004, 9, 1, 0, 75, 0.148858447488584
0.640000000000001, 9, 1, 0, 75, 0.148858447488584
0.635000000000002, 12, 1, 5, 169, 0.513953488372093
0.635, 12, 1, 5, 169, 0.513953488372093
0.625, 9, 1, 3, 119, 0.498402555910543
0.615000000000002, 9, 1, 7, 8, 0.259615384615385
0.614999999999995, 9, 1, 7, 8, 0.259615384615385
0.6, 11, 1, 6, 204, 0.519192172604114
0.599999999999994, 14, 1, 7, 7, 0.245879120879121
0.594999999999999, 11, 1, 5, 221, 0.691860465116279
0.594999999999999, 11, 1, 5, 221, 0.691860465116279
0.593333333333334, 18, 1, 0, 219, 0.522260273972603
0.590000000000003, 15, 1, 7, 6, 0.197802197802198
0.590000000000003, 14, 1, 7, 13, 0.993131868131868
0.589999999999996, 15, 1, 7, 6, 0.197802197802198
0.589999999999996, 14, 1, 7, 13, 0.993131868131868
0.579999999999998, 10, 4, 4, 74, 0.358695652173913
0.577470537969016, 9, 2, 1, 116, 0.463828603227602
0.567246639478808, 14, 3, 5, 54, 0.199273255813954
0.566666666666666, 13, 1, 6, 217, 0.538133467134972
0.565685424949239, 11, 2, 5, 56, 0.210901162790698
0.565685424949236, 11, 2, 5, 56, 0.210901162790698
0.563328402345293, 10, 2, 2, 40, 0.491754122938531
0.545, 12, 1, 6, 229, 0.56823883592574
0.545, 12, 1, 6, 229, 0.56823883592574
0.539999999999999, 15, 1, 7, 13, 0.993131868131868
0.539999999999999, 15, 1, 7, 13, 0.993131868131868
0.539999999999999, 18, 1, 6, 272, 0.691545408931259
0.539999999999999, 18, 1, 6, 272, 0.691545408931259
0.539999999999999, 14, 1, 7, 10, 0.409340659340659
0.539999999999999, 14, 1, 7, 10, 0.409340659340659
0.537000000000006, 16, 4, 1, 71, 0.364913745130774
0.530330085889901, 11, 2, 3, 60, 0.369408945686901
0.519999999999996, 9, 1, 4, 58, 0.309006211180124
0.519615242270671, 15, 3, 2, 116, 0.730634682658671
0.515000000000001, 18, 1, 6, 95, 0.351605619668841
0.515000000000001, 18, 1, 6, 95, 0.351605619668841
0.515000000000001, 13, 1, 5, 190, 0.586482558139535
0.515000000000001, 13, 1, 5, 190, 0.586482558139535
0.509999999999998, 19, 1, 6, 235, 0.580155544405419
0.491439212924646, 11, 2, 4, 37, 0.239130434782609
0.491439212924646, 11, 2, 4, 37, 0.239130434782609
0.489999999999998, 13, 1, 7, 13, 0.993131868131868
0.489999999999998, 13, 1, 7, 13, 0.993131868131868
0.485546656414763, 8, 2, 3, 84, 0.427316293929712
0.483333333333336, 14, 1, 6, 186, 0.489588559959859
0.483189633810805, 16, 2, 5, 246, 0.759738372093023
0.471404520791025, 11, 2, 2, 9, 0.387306346826587
0.466666666666665, 10, 1, 0, 138, 0.345319634703196
0.465000000000003, 11, 1, 6, 258, 0.648770697441044
0.465000000000003, 11, 1, 6, 258, 0.648770697441044
0.456106712659811, 13, 3, 5, 277, 0.924127906976744
0.450000000000003, 19, 1, 4, 26, 0.197204968944099
0.445000000000007, 9, 1, 4, 69, 0.343167701863354
0.445, 14, 1, 0, 203, 0.487557077625571
0.445, 14, 1, 0, 203, 0.487557077625571
0.445, 18, 1, 6, 217, 0.538133467134972
0.445, 18, 1, 6, 217, 0.538133467134972
0.444999999999993, 9, 1, 4, 69, 0.343167701863354
0.439999999999998, 8, 1, 4, 38, 0.243788819875776
0.424264068711945, 14, 2, 7, 7, 0.245879120879121
0.42426406871193, 12, 2, 4, 19, 0.173913043478261
0.424264068711927, 11, 2, 6, 204, 0.519192172604114
0.424264068711924, 12, 2, 4, 19, 0.173913043478261
0.422909072181404, 12, 3, 5, 226, 0.714970930232558
0.420000000000002, 13, 1, 3, 143, 0.559904153354633
0.419999999999998, 13, 1, 3, 143, 0.559904153354633
0.419550023504018, 18, 2, 0, 219, 0.522260273972603
0.415000000000001, 15, 1, 5, 276, 0.922674418604651
0.414999999999999, 15, 1, 5, 276, 0.922674418604651
0.413657466994131, 13, 2, 2, 62, 0.563718140929535
0.413657466994131, 13, 2, 2, 62, 0.563718140929535
0.413333333333336, 12, 1, 6, 147, 0.438158554942298
0.405000000000001, 12, 1, 5, 44, 0.172238372093023
0.405000000000001, 12, 1, 4, 39, 0.246894409937888
0.405000000000001, 12, 1, 4, 39, 0.246894409937888
0.404999999999994, 12, 1, 5, 44, 0.172238372093023
0.400693842672377, 13, 2, 6, 217, 0.538133467134972
0.400000000000002, 12, 1, 4, 90, 0.442546583850932
0.399999999999999, 12, 1, 4, 90, 0.442546583850932
0.399999999999999, 9, 1, 3, 143, 0.559904153354633
0.395000000000003, 12, 1, 7, 5, 0.112637362637363
0.395000000000003, 12, 1, 7, 5, 0.112637362637363
0.390000000000001, 10, 1, 7, 13, 0.993131868131868
0.390000000000001, 15, 1, 7, 12, 0.862637362637363
0.390000000000001, 15, 1, 7, 12, 0.862637362637363
0.389999999999993, 10, 1, 7, 13, 0.993131868131868
0.380000000000003, 12, 1, 0, 136, 0.342922374429224
0.379999999999999, 12, 1, 0, 136, 0.342922374429224
0.367695526217002, 9, 2, 4, 58, 0.309006211180124
0.366666666666667, 13, 1, 6, 226, 0.557952834922228
0.365000000000002, 11, 1, 6, 284, 0.737706974410437
0.364999999999995, 11, 1, 6, 284, 0.737706974410437
0.363333333333337, 13, 1, 0, 187, 0.454337899543379
0.360843918243514, 9, 3, 3, 119, 0.498402555910543
0.360624458405143, 19, 2, 6, 235, 0.580155544405419
0.359999999999999, 11, 1, 1, 29, 0.263912075681692
0.355000000000004, 17, 1, 3, 162, 0.620607028753994
0.354999999999997, 17, 1, 3, 162, 0.620607028753994
0.350000000000001, 13, 1, 7, 4, 0.0549450549450549
0.349999999999998, 13, 1, 7, 4, 0.0549450549450549
0.346666666666668, 12, 1, 1, 1, 0.0153032832498609
0.344999999999999, 10, 1, 6, 229, 0.56823883592574
0.344999999999999, 10, 1, 6, 229, 0.56823883592574
0.344999999999999, 14, 1, 7, 10, 0.409340659340659
0.344999999999999, 14, 1, 7, 10, 0.409340659340659
0.341768277573496, 14, 2, 6, 186, 0.489588559959859
0.335000000000001, 16, 1, 6, 85, 0.324636226793778
0.334999999999997, 16, 1, 6, 85, 0.324636226793778
0.33, 9, 1, 5, 213, 0.653488372093023
0.33, 9, 1, 5, 213, 0.653488372093023
0.329983164553724, 10, 2, 0, 138, 0.345319634703196
0.318198051533938, 19, 2, 4, 26, 0.197204968944099
0.311126983722079, 8, 2, 4, 38, 0.243788819875776
0.305000000000003, 12, 1, 2, 128, 0.817341329335332
0.305, 12, 1, 2, 128, 0.817341329335332
0.299999999999997, 10, 1, 4, 101, 0.572981366459627
0.299999999999997, 10, 1, 4, 101, 0.572981366459627
0.292270802890438, 12, 2, 6, 147, 0.438158554942298
0.282842712474613, 9, 2, 3, 143, 0.559904153354633
0.279307178568683, 11, 2, 7, 11, 0.615384615384615
0.279307178568683, 11, 2, 7, 11, 0.615384615384615
0.266666666666666, 14, 1, 0, 131, 0.338127853881279
0.265000000000001, 16, 1, 5, 223, 0.700872093023256
0.265000000000001, 16, 1, 5, 223, 0.700872093023256
0.261629509039026, 12, 2, 0, 178, 0.442694063926941
0.261629509039021, 12, 2, 0, 178, 0.442694063926941
0.259272486435068, 13, 2, 6, 226, 0.557952834922228
0.25691546383111, 13, 2, 0, 187, 0.454337899543379
0.254558441227157, 11, 2, 1, 29, 0.263912075681692
0.25, 8, 1, 1, 21, 0.180856983861992
0.25, 8, 1, 1, 21, 0.180856983861992
0.25, 12, 1, 4, 68, 0.340062111801242
0.24513035081134, 12, 2, 1, 1, 0.0153032832498609
0.245000000000005, 9, 1, 7, 12, 0.862637362637363
0.244999999999997, 9, 1, 7, 12, 0.862637362637363
0.23, 19, 1, 5, 158, 0.488372093023256
0.210000000000001, 15, 1, 5, 63, 0.229069767441861
0.210000000000001, 15, 1, 5, 63, 0.229069767441861
0.195, 13, 1, 6, 195, 0.503135975915705
0.195, 12, 1, 7, 10, 0.409340659340659
0.195, 12, 1, 7, 10, 0.409340659340659
0.195, 8, 1, 3, 162, 0.620607028753994
0.195, 8, 1, 3, 162, 0.620607028753994
0.194999999999993, 13, 1, 6, 195, 0.503135975915705
0.188561808316412, 14, 2, 0, 131, 0.338127853881279
0.186666666666667, 10, 1, 5, 226, 0.714970930232558
0.176776695296637, 12, 2, 4, 68, 0.340062111801242
0.162634559672904, 19, 2, 5, 158, 0.488372093023256
0.160000000000004, 11, 1, 5, 54, 0.199273255813954
0.159999999999997, 11, 1, 5, 54, 0.199273255813954
0.155000000000001, 10, 1, 6, 113, 0.388986452584044
0.154999999999998, 10, 1, 6, 113, 0.388986452584044
0.150000000000006, 12, 1, 7, 10, 0.409340659340659
0.149999999999999, 12, 1, 7, 10, 0.409340659340659
0.149999999999999, 9, 1, 5, 226, 0.714970930232558
0.149999999999999, 9, 1, 5, 226, 0.714970930232558
0.145, 17, 1, 6, 234, 0.578273958855996
0.145, 17, 1, 6, 234, 0.578273958855996
0.131993265821489, 10, 2, 5, 226, 0.714970930232558
0.110000000000001, 14, 1, 6, 272, 0.691545408931259
0.109999999999999, 14, 1, 6, 272, 0.691545408931259
0.105, 10, 1, 1, 99, 0.423205342237062
0.105, 10, 1, 1, 99, 0.423205342237062
0.103333333333332, 18, 1, 6, 120, 0.40178123432012
0.100000000000001, 12, 1, 2, 128, 0.817341329335332
0.100000000000001, 12, 1, 7, 13, 0.993131868131868
0.100000000000001, 12, 1, 7, 13, 0.993131868131868
0.100000000000001, 12, 1, 1, 150, 0.562604340567613
0.0999999999999996, 8, 1, 4, 98, 0.53416149068323
0.0999999999999979, 12, 1, 2, 128, 0.817341329335332
0.0999999999999943, 12, 1, 1, 150, 0.562604340567613
0.0950000000000024, 19, 1, 5, 249, 0.774709302325581
0.0949999999999989, 19, 1, 5, 249, 0.774709302325581
0.0949999999999989, 20, 1, 7, 10, 0.409340659340659
0.0949999999999989, 20, 1, 7, 10, 0.409340659340659
0.0949999999999989, 15, 1, 6, 128, 0.412192674360261
0.0949999999999989, 15, 1, 6, 128, 0.412192674360261
0.0900000000000034, 9, 1, 3, 48, 0.336261980830671
0.0899999999999963, 9, 1, 3, 48, 0.336261980830671
0.0730677007226138, 18, 2, 6, 120, 0.40178123432012
0.0707106781186558, 8, 2, 4, 98, 0.53416149068323
0.0650000000000119, 8, 1, 7, 8, 0.259615384615385
0.0649999999999977, 9, 1, 4, 62, 0.321428571428571
0.0649999999999977, 9, 1, 4, 62, 0.321428571428571
0.0649999999999977, 8, 1, 7, 8, 0.259615384615385
0.0549999999999997, 12, 1, 5, 200, 0.599563953488372
0.0549999999999997, 12, 1, 5, 200, 0.599563953488372
0.0533333333333346, 11, 1, 6, 112, 0.388233818364275
0.0500000000000007, 9, 1, 6, 48, 0.238710486703462
0.0500000000000007, 9, 1, 6, 48, 0.238710486703462
0.0499999999999972, 9, 1, 4, 104, 0.605590062111801
0.0499999999999972, 9, 1, 4, 104, 0.605590062111801
0.0450000000000017, 11, 1, 5, 119, 0.404941860465116
0.0450000000000017, 20, 1, 6, 254, 0.640993477170095
0.0450000000000017, 20, 1, 6, 254, 0.640993477170095
0.0450000000000017, 20, 1, 4, 31, 0.21583850931677
0.0449999999999982, 11, 1, 5, 119, 0.404941860465116
0.0449999999999946, 20, 1, 4, 31, 0.21583850931677
0.0377123616632784, 11, 2, 6, 112, 0.388233818364275
0.0350000000000001, 14, 1, 3, 121, 0.50758785942492
0.0350000000000001, 14, 1, 3, 121, 0.50758785942492
0.0300000000000011, 14, 1, 6, 215, 0.533241344706473
0.0299999999999994, 14, 1, 6, 215, 0.533241344706473
0.0266666666666673, 14, 1, 0, 125, 0.310616438356164
0.0249999999999986, 9, 1, 5, 115, 0.392732558139535
0.0249999999999986, 9, 1, 5, 115, 0.392732558139535
0.0200000000000014, 11, 1, 6, 202, 0.516934269944807
0.0200000000000005, 9, 1, 5, 166, 0.505232558139535
0.0199999999999996, 9, 1, 5, 166, 0.505232558139535
0.0199999999999996, 11, 1, 6, 202, 0.516934269944807
0.0199999999999996, 13, 1, 6, 148, 0.43941294530858
0.0199999999999996, 13, 1, 6, 148, 0.43941294530858
0.0199999999999996, 11, 1, 5, 216, 0.6625
0.0199999999999996, 11, 1, 5, 216, 0.6625
0.0188561808316392, 14, 2, 0, 125, 0.310616438356164
0.0100000000000016, 18, 1, 1, 100, 0.429187534780189
0.00999999999999801, 18, 1, 1, 100, 0.429187534780189
0.00500000000000256, 12, 1, 4, 86, 0.400621118012422
0.00500000000000256, 10, 1, 5, 65, 0.234883720930233
0.00500000000000256, 10, 1, 5, 65, 0.234883720930233
0.00500000000000256, 11, 1, 4, 40, 0.25
0.00500000000000256, 16, 1, 6, 241, 0.590190667335675
0.00500000000000256, 14, 1, 1, 75, 0.372426265998887
0.00500000000000256, 14, 1, 3, 93, 0.448482428115016
0.00500000000000256, 14, 1, 3, 93, 0.448482428115016
0.00500000000000256, 12, 1, 4, 15, 0.149068322981366
0.00500000000000256, 13, 1, 2, 112, 0.714142928535732
0.00500000000000256, 16, 1, 5, 178, 0.548837209302326
0.00500000000000256, 16, 1, 5, 178, 0.548837209302326
0.00499999999999901, 13, 1, 6, 105, 0.376567987957853
0.00499999999999901, 13, 1, 6, 105, 0.376567987957853
0.00499999999999901, 13, 1, 2, 112, 0.714142928535732
0.00499999999999901, 14, 1, 5, 121, 0.407703488372093
0.00499999999999901, 14, 1, 5, 121, 0.407703488372093
0.00499999999999901, 9, 1, 3, 147, 0.569888178913738
0.00499999999999901, 9, 1, 3, 147, 0.569888178913738
0.00499999999999545, 12, 1, 4, 86, 0.400621118012422
0.00499999999999545, 11, 1, 4, 40, 0.25
0.00499999999999545, 16, 1, 6, 241, 0.590190667335675
0.00499999999999545, 14, 1, 1, 75, 0.372426265998887
0.00499999999999545, 12, 1, 4, 15, 0.149068322981366
