norm, level, Npoints, dimSplit, MainGridIndexSplit
924.642372337791, 0, 659, -1, -1, -1
138.208577590291, 2, 145, 7, 4, 0.0549450549450549
108.426946520555, 3, 83, 3, 52, 0.347444089456869
104.402676844426, 2, 108, 0, 189, 0.460730593607306
101.096088582529, 2, 271, 7, 4, 0.0549450549450549
93.3805929828317, 2, 135, 0, 189, 0.460730593607306
88.3111399209058, 1, 243, 6, 125, 0.409683893627697
72.0439222833045, 3, 188, 3, 52, 0.347444089456869
70.5460441536006, 3, 18, 0, 247, 0.648401826484018
67.4950560243109, 1, 416, 6, 125, 0.409683893627697
66.9049766247677, 4, 14, 7, 4, 0.0549450549450549
63.0065669972352, 3, 40, 1, 129, 0.489844184752365
59.4932496274159, 5, 53, 0, 143, 0.360616438356164
58.6077589541447, 4, 29, 3, 42, 0.315495207667732
58.2675023346454, 5, 17, 7, 4, 0.0549450549450549
57.2169079060696, 4, 23, 0, 105, 0.253538812785388
53.3130659144626, 5, 66, 0, 143, 0.360616438356164
50.3110032584196, 6, 18, 1, 39, 0.280467445742905
49.0948307478848, 4, 26, 7, 4, 0.0549450549450549
47.6385218104407, 5, 14, 7, 4, 0.0549450549450549
43.034693877551, 4, 9, 5, 210, 0.645058139534884
40.8840593554485, 3, 95, 1, 129, 0.489844184752365
38.1134869272276, 6, 23, 7, 3, 0.0260989010989011
37.1670743979561, 5, 23, 7, 4, 0.0549450549450549
36.2592753623188, 5, 1, 5, 71, 0.255523255813953
36.0798902752676, 6, 35, 1, 39, 0.280467445742905
36.0024203292539, 4, 69, 7, 5, 0.112637362637363
35.4252298646103, 4, 60, 0, 105, 0.253538812785388
34.6794444444445, 6, 4, 7, 5, 0.112637362637363
33.1363636363636, 7, 4, 0, 210, 0.501598173515982
31.8816710312807, 4, 98, 3, 42, 0.315495207667732
31.5454601032805, 5, 58, 7, 4, 0.0549450549450549
30.8753516383071, 7, 6, 3, 118, 0.496006389776358
29.7069850540329, 5, 11, 4, 61, 0.31832298136646
29.5306921960528, 6, 26, 1, 15, 0.121591541457986
29.4485449735449, 3, 49, 1, 85, 0.391346688925988
27.9010631270399, 6, 22, 4, 5, 0.0729813664596273
27.4146535986182, 4, 119, 7, 5, 0.112637362637363
26.8371180005295, 3, 59, 1, 85, 0.391346688925988
26.5587149602257, 3, 127, 0, 247, 0.648401826484018
26.0642857142857, 6, 1, 6, 68, 0.282363271450075
25.5602858054788, 5, 11, 0, 70, 0.14337899543379
25.4395421486655, 5, 15, 4, 61, 0.31832298136646
24.9332562751334, 5, 27, 5, 137, 0.438953488372093
24.2990909090909, 6, 9, 4, 82, 0.383540372670807
23.9080746471424, 7, 3, 7, 5, 0.112637362637363
23.9080746471424, 7, 3, 7, 5, 0.112637362637363
23.8084051970247, 6, 40, 1, 15, 0.121591541457986
23.7531002498454, 5, 8, 7, 5, 0.112637362637363
23.1254893986222, 8, 11, 7, 6, 0.197802197802198
23.0237058733571, 5, 7, 7, 2, 0.010989010989011
23.023705873357, 5, 7, 7, 2, 0.010989010989011
22.9170358998634, 7, 7, 0, 207, 0.497488584474886
22.89, 4, 9, 0, 253, 0.682420091324201
22.89, 4, 9, 0, 253, 0.682420091324201
22.8482327586206, 6, 64, 7, 3, 0.0260989010989011
22.7153664197048, 5, 5, 0, 105, 0.253538812785388
22.5529788726525, 5, 33, 5, 137, 0.438953488372093
22.5376822085853, 4, 20, 5, 268, 0.853779069767442
21.811264367816, 6, 36, 4, 5, 0.0729813664596273
21.6972355091956, 8, 3, 5, 257, 0.803633720930233
21.6545454545454, 6, 1, 4, 28, 0.203416149068323
21.4517116836811, 8, 3, 7, 4, 0.0549450549450549
20.4131476591747, 4, 40, 5, 210, 0.645058139534884
20.3842567167285, 7, 2, 7, 6, 0.197802197802198
20.3583216247067, 7, 6, 7, 2, 0.010989010989011
20.09275611176, 7, 6, 4, 68, 0.340062111801242
19.3885815525231, 4, 22, 5, 142, 0.448982558139535
19.3786666666667, 7, 1, 6, 145, 0.432764676367285
19.3305555555555, 7, 1, 0, 270, 0.914497716894977
19.26, 8, 1, 7, 2, 0.010989010989011
19.0781319840282, 5, 5, 0, 277, 0.990068493150685
18.8706935484629, 8, 3, 6, 108, 0.378198695434019
18.6888282136682, 7, 3, 2, 30, 0.470014992503748
18.5369427821103, 6, 14, 7, 5, 0.112637362637363
18.2814703532625, 7, 11, 0, 207, 0.497488584474886
18.0703472207509, 7, 15, 5, 169, 0.513953488372093
18.0512576123906, 5, 18, 1, 46, 0.310239287701725
17.7243027621054, 7, 10, 3, 23, 0.262779552715655
17.7, 10, 1, 7, 6, 0.197802197802198
17.6423141906044, 7, 2, 4, 89, 0.436335403726708
17.3468117566959, 5, 15, 7, 5, 0.112637362637363
17.2484902720982, 10, 6, 6, 33, 0.18941294530858
17.0006252386023, 8, 6, 3, 27, 0.280351437699681
16.9323789822931, 6, 2, 7, 3, 0.0260989010989011
16.8957745576135, 6, 10, 1, 148, 0.550918196994992
16.736274701644, 6, 2, 6, 167, 0.466758655293527
16.3895307666205, 7, 3, 7, 2, 0.010989010989011
16.3279768620944, 5, 22, 1, 46, 0.310239287701725
16.1451992671196, 9, 6, 1, 29, 0.263912075681692
15.8990755571332, 8, 7, 4, 17, 0.16304347826087
15.8357142857143, 9, 4, 0, 64, 0.132191780821918
15.7694881218447, 7, 10, 7, 2, 0.010989010989011
15.6560303333674, 8, 24, 7, 6, 0.197802197802198
15.6206316207575, 7, 18, 0, 210, 0.501598173515982
15.472632089451, 7, 5, 2, 71, 0.596701649175412
15.438, 6, 1, 7, 2, 0.010989010989011
15.3755128205128, 7, 9, 2, 99, 0.668665667166417
15.3263830936324, 6, 6, 5, 197, 0.596656976744186
15.0476194545848, 7, 5, 5, 212, 0.648691860465116
15.00375, 6, 1, 2, 139, 0.874312843578211
14.9797698914898, 7, 14, 3, 23, 0.262779552715655
14.9505274982546, 4, 37, 5, 142, 0.448982558139535
14.8800934851935, 6, 24, 4, 82, 0.383540372670807
14.8185745681586, 6, 13, 1, 148, 0.550918196994992
14.795, 5, 4, 2, 111, 0.713393303348326
14.7229733368485, 8, 8, 3, 27, 0.280351437699681
14.58, 7, 1, 3, 49, 0.340255591054313
14.4421428571429, 10, 4, 6, 282, 0.729177119919719
14.3445, 9, 1, 0, 119, 0.301141552511416
14.3231485729064, 10, 3, 1, 155, 0.58347245409015
14.3075, 9, 1, 4, 67, 0.33695652173913
14.2858638319166, 7, 24, 5, 169, 0.513953488372093
14.2259106328324, 5, 3, 5, 118, 0.401453488372093
14.1280818372197, 6, 12, 7, 5, 0.112637362637363
14.064, 9, 1, 3, 43, 0.320686900958467
14.054, 8, 4, 6, 231, 0.571249372804817
14.0439262030868, 7, 29, 3, 118, 0.496006389776358
13.9061838578635, 8, 5, 4, 66, 0.333850931677019
13.8252295460148, 6, 3, 7, 3, 0.0260989010989011
13.255, 9, 1, 7, 3, 0.0260989010989011
13.2330502908437, 5, 5, 2, 111, 0.713393303348326
13.1364369335797, 8, 8, 7, 4, 0.0549450549450549
13.12375, 9, 1, 7, 6, 0.197802197802198
13.0383011291093, 7, 3, 0, 97, 0.222146118721461
12.9930456612588, 8, 5, 7, 5, 0.112637362637363
12.991710097212, 6, 29, 2, 1, 0.0612193903048476
12.97, 9, 1, 3, 41, 0.310303514376997
12.717559605578, 7, 7, 5, 212, 0.648691860465116
12.695275942255, 7, 5, 7, 2, 0.010989010989011
12.6365405518814, 6, 15, 7, 5, 0.112637362637363
12.5157900270019, 10, 2, 7, 6, 0.197802197802198
12.2783669522396, 9, 5, 6, 264, 0.662819869543402
12.225, 5, 4, 3, 19, 0.244808306709265
12.1965244366309, 10, 12, 6, 33, 0.18941294530858
12.0733333333333, 9, 1, 2, 78, 0.616691654172913
12.0137442123594, 9, 2, 5, 185, 0.575436046511628
12.0137442123594, 9, 2, 5, 185, 0.575436046511628
11.9876286119604, 5, 3, 0, 64, 0.132191780821918
11.6767469785039, 6, 5, 3, 162, 0.620607028753994
11.6384090474621, 4, 75, 5, 268, 0.853779069767442
11.532619047619, 7, 9, 2, 71, 0.596701649175412
11.48, 7, 1, 0, 188, 0.458447488584475
11.4750429483583, 8, 6, 6, 231, 0.571249372804817
11.3310116944785, 8, 11, 5, 257, 0.803633720930233
11.2359006684547, 7, 30, 0, 165, 0.412100456621005
11.2029659605884, 6, 39, 2, 1, 0.0612193903048476
11.1873288365317, 7, 17, 2, 99, 0.668665667166417
11.1722871427475, 7, 2, 7, 2, 0.010989010989011
11.1722871427474, 7, 2, 7, 2, 0.010989010989011
11.0344013204161, 7, 2, 3, 28, 0.284744408945687
11.0147646366139, 5, 15, 0, 277, 0.990068493150685
10.9600385815418, 7, 5, 0, 174, 0.429908675799087
10.934372409974, 5, 5, 3, 19, 0.244808306709265
10.8974863309542, 8, 3, 4, 18, 0.167701863354037
10.8974863309542, 8, 3, 4, 18, 0.167701863354037
10.8793333333333, 8, 1, 5, 261, 0.823255813953488
10.82, 7, 1, 0, 235, 0.590867579908676
10.7762427744244, 8, 3, 4, 13, 0.133540372670807
10.76, 9, 1, 6, 30, 0.177997992975414
10.747427852383, 6, 6, 7, 2, 0.010989010989011
10.725, 8, 4, 0, 101, 0.249657534246575
10.7126677349762, 6, 8, 2, 40, 0.491754122938531
10.6407000850188, 6, 6, 6, 68, 0.282363271450075
10.5542908962093, 7, 34, 0, 165, 0.412100456621005
10.5005357006202, 7, 2, 7, 4, 0.0549450549450549
10.3680988250564, 5, 24, 0, 105, 0.253538812785388
10.15, 6, 1, 6, 261, 0.657802308078274
10.0620713330123, 8, 14, 2, 1, 0.0612193903048476
10.0592378770296, 5, 6, 5, 118, 0.401453488372093
10.0459670555717, 10, 2, 4, 30, 0.211180124223602
10.0153851037047, 9, 10, 0, 64, 0.132191780821918
9.95666666666667, 10, 1, 3, 156, 0.591453674121406
9.94999999999999, 9, 1, 6, 115, 0.390491721023582
9.87333333333333, 6, 1, 0, 49, 0.117237442922374
9.77038461538462, 10, 4, 3, 160, 0.611421725239617
9.65037284526518, 8, 19, 4, 17, 0.16304347826087
9.63, 8, 4, 7, 2, 0.010989010989011
9.60710847931535, 6, 3, 1, 141, 0.524485253199777
9.53874999999999, 10, 1, 0, 220, 0.524543378995434
9.4652452703145, 11, 3, 0, 264, 0.844748858447489
9.44177635677471, 8, 3, 0, 141, 0.350228310502283
9.43021360158024, 7, 7, 4, 89, 0.436335403726708
9.38545454545454, 6, 16, 5, 197, 0.596656976744186
9.32143514299169, 9, 18, 1, 29, 0.263912075681692
9.31666666666666, 8, 1, 7, 3, 0.0260989010989011
9.30754554550406, 6, 8, 7, 2, 0.010989010989011
9.29666666666667, 9, 1, 7, 5, 0.112637362637363
9.25136363636366, 8, 4, 6, 145, 0.432764676367285
9.18747069534252, 8, 10, 7, 5, 0.112637362637363
9.15181818181818, 10, 1, 5, 271, 0.881686046511628
9.13401314442063, 10, 10, 6, 282, 0.729177119919719
9.08871367492535, 5, 87, 0, 70, 0.14337899543379
9.025, 9, 1, 7, 4, 0.0549450549450549
9.01737922708145, 9, 2, 4, 49, 0.277950310559006
8.96, 12, 1, 5, 110, 0.379796511627907
8.92999999999999, 10, 1, 5, 198, 0.596947674418605
8.84285714285714, 7, 1, 6, 167, 0.466758655293527
8.84101047800473, 7, 2, 3, 183, 0.746805111821086
8.83825598118358, 6, 5, 7, 2, 0.010989010989011
8.82107913323704, 10, 6, 0, 117, 0.294292237442922
8.69187626876637, 7, 11, 7, 6, 0.197802197802198
8.64833333333333, 7, 1, 4, 69, 0.343167701863354
8.59285714285714, 9, 1, 4, 52, 0.288819875776397
8.57365149746594, 7, 3, 7, 4, 0.0549450549450549
8.53557169396737, 7, 7, 0, 97, 0.222146118721461
8.52428571428571, 8, 1, 0, 264, 0.844748858447489
8.4406458649588, 7, 34, 4, 68, 0.340062111801242
8.439230711386, 8, 15, 6, 108, 0.378198695434019
8.41853286846585, 8, 20, 2, 1, 0.0612193903048476
8.39335749268432, 8, 2, 6, 67, 0.278725539387858
8.39335749268431, 8, 2, 6, 67, 0.278725539387858
8.37157890324957, 7, 3, 7, 5, 0.112637362637363
8.32333333333333, 9, 1, 7, 8, 0.259615384615385
8.27507892968502, 8, 3, 3, 30, 0.289536741214057
8.265, 10, 1, 5, 247, 0.765697674418605
8.25670697069963, 6, 10, 3, 162, 0.620607028753994
8.22666666666667, 9, 1, 5, 54, 0.199273255813954
8.19714285714285, 11, 4, 0, 264, 0.844748858447489
8.1260711293958, 9, 8, 5, 239, 0.744186046511628
8.12166666666667, 8, 1, 6, 184, 0.484821876567988
8.055, 8, 1, 7, 3, 0.0260989010989011
8.055, 8, 1, 7, 3, 0.0260989010989011
7.97616449178425, 8, 2, 1, 149, 0.557735114079021
7.96711020383176, 8, 5, 6, 283, 0.732689412945309
7.96711020383172, 8, 5, 6, 283, 0.732689412945309
7.94080915272493, 7, 2, 7, 2, 0.010989010989011
7.94080915272493, 7, 2, 7, 2, 0.010989010989011
7.93555555555555, 8, 1, 4, 39, 0.246894409937888
7.9217080598731, 9, 11, 0, 210, 0.501598173515982
7.90333333333333, 7, 1, 5, 110, 0.379796511627907
7.78666666666667, 9, 1, 5, 110, 0.379796511627907
7.73857661330558, 8, 2, 0, 226, 0.539840182648402
7.719, 6, 4, 7, 2, 0.010989010989011
7.695, 10, 1, 6, 250, 0.629076768690416
7.685, 9, 1, 5, 152, 0.477325581395349
7.68271517759184, 7, 2, 7, 4, 0.0549450549450549
7.68271517759184, 7, 2, 7, 4, 0.0549450549450549
7.63927861817609, 10, 8, 0, 117, 0.294292237442922
7.61285714285714, 8, 1, 0, 85, 0.181849315068493
7.604, 8, 1, 2, 153, 0.974262868565717
7.5837202282257, 8, 8, 0, 101, 0.249657534246575
7.57499999999997, 6, 16, 2, 40, 0.491754122938531
7.558, 10, 1, 5, 257, 0.803633720930233
7.54659712221342, 9, 2, 3, 133, 0.537939297124601
7.53917250101097, 8, 2, 7, 11, 0.615384615384615
7.51176171461088, 8, 8, 3, 127, 0.522364217252396
7.33772772861142, 9, 14, 6, 264, 0.662819869543402
7.32, 7, 1, 7, 4, 0.0549450549450549
7.28691157774542, 9, 13, 0, 210, 0.501598173515982
7.24953979312213, 8, 14, 3, 133, 0.537939297124601
7.17471712621966, 8, 14, 7, 2, 0.010989010989011
7.16666666666667, 9, 1, 5, 36, 0.144476744186047
7.16642857142855, 8, 4, 3, 30, 0.289536741214057
7.08215686274509, 8, 9, 3, 127, 0.522364217252396
7.043, 11, 1, 0, 250, 0.660844748858447
7.04042651801406, 10, 2, 3, 156, 0.591453674121406
7.03571247280616, 9, 2, 6, 115, 0.390491721023582
6.99337356286979, 8, 7, 6, 145, 0.432764676367285
6.98338657099835, 9, 2, 5, 8, 0.0508720930232558
6.98150095291518, 6, 2, 0, 49, 0.117237442922374
6.90222222222222, 9, 1, 0, 91, 0.201255707762557
6.8875, 10, 1, 2, 135, 0.86431784107946
6.85333333333334, 8, 1, 3, 26, 0.275159744408946
6.84776853320098, 6, 10, 4, 28, 0.203416149068323
6.81345486427408, 15, 3, 7, 5, 0.112637362637363
6.77879700897503, 9, 2, 7, 6, 0.197802197802198
6.735, 14, 1, 5, 226, 0.714970930232558
6.71133333333332, 8, 16, 7, 2, 0.010989010989011
6.65, 12, 1, 7, 4, 0.0549450549450549
6.65, 12, 1, 7, 4, 0.0549450549450549
6.63490929352717, 9, 12, 5, 239, 0.744186046511628
6.6275, 9, 1, 2, 107, 0.699650174912544
6.58787817805467, 8, 2, 7, 3, 0.0260989010989011
6.57373604243094, 9, 2, 7, 5, 0.112637362637363
6.56450702219477, 6, 13, 6, 167, 0.466758655293527
6.53265650561913, 8, 2, 1, 11, 0.0695603784084586
6.51358974358975, 10, 9, 3, 160, 0.611421725239617
6.51251103645899, 8, 3, 1, 149, 0.557735114079021
6.43555555555556, 12, 1, 6, 138, 0.422227797290517
6.43467170879758, 6, 2, 1, 176, 0.726488592097941
6.348279294423, 7, 26, 2, 30, 0.470014992503748
6.34727548980504, 8, 24, 4, 66, 0.333850931677019
6.34274782724333, 7, 2, 1, 181, 0.828464106844741
6.31852134601126, 8, 3, 0, 226, 0.539840182648402
6.2925, 11, 1, 0, 172, 0.426255707762557
6.288, 8, 1, 4, 85, 0.395962732919255
6.21999999999999, 10, 4, 2, 85, 0.627686156921539
6.20210526315789, 10, 16, 1, 155, 0.58347245409015
6.19284118963178, 10, 2, 6, 118, 0.400025087807326
6.15933333333333, 10, 1, 0, 246, 0.643264840182648
6.15570857009979, 8, 3, 7, 11, 0.615384615384615
6.0654001556734, 8, 20, 3, 133, 0.537939297124601
6.06, 10, 1, 6, 273, 0.694054189663823
6.06, 10, 1, 6, 273, 0.694054189663823
6.012, 7, 1, 2, 94, 0.654672663668166
5.98538461538461, 12, 4, 1, 127, 0.485531441291041
5.98464793319989, 10, 3, 2, 115, 0.723638180909545
5.92781620835195, 9, 5, 7, 3, 0.0260989010989011
5.913, 10, 1, 3, 24, 0.266773162939297
5.88548544207602, 9, 2, 7, 8, 0.259615384615385
5.8590909090909, 12, 1, 5, 182, 0.561046511627907
5.81713178656134, 9, 2, 5, 54, 0.199273255813954
5.79555555555555, 12, 1, 5, 272, 0.891860465116279
5.78188358489309, 8, 8, 0, 141, 0.350228310502283
5.77644752683221, 7, 18, 0, 174, 0.429908675799087
5.755, 8, 4, 1, 73, 0.369504730105732
5.72333333333333, 6, 1, 7, 2, 0.010989010989011
5.72, 9, 1, 1, 182, 0.864496382860323
5.72, 9, 1, 1, 182, 0.864496382860323
5.70506970410702, 6, 12, 7, 2, 0.010989010989011
5.70191125851674, 9, 3, 5, 8, 0.0508720930232558
5.68513852073985, 10, 2, 3, 162, 0.620607028753994
5.68513852073984, 10, 2, 3, 162, 0.620607028753994
5.67088446191219, 6, 7, 2, 139, 0.874312843578211
5.63249834925151, 13, 2, 0, 87, 0.184817351598174
5.63, 10, 1, 7, 8, 0.259615384615385
5.63, 10, 1, 7, 8, 0.259615384615385
5.59, 10, 1, 7, 5, 0.112637362637363
5.59, 10, 1, 7, 5, 0.112637362637363
5.57999999999999, 10, 1, 6, 250, 0.629076768690416
5.575, 9, 1, 7, 4, 0.0549450549450549
5.55333333333333, 8, 1, 5, 167, 0.509593023255814
5.52979610835698, 7, 5, 5, 282, 0.962645348837209
5.52979610835698, 7, 5, 5, 282, 0.962645348837209
5.50600480283925, 9, 2, 5, 110, 0.379796511627907
5.49637456268525, 11, 3, 5, 256, 0.799273255813954
5.485, 7, 1, 7, 2, 0.010989010989011
5.485, 7, 1, 7, 2, 0.010989010989011
5.45166666666667, 11, 1, 7, 1, 0.00274725274725275
5.43666666666667, 11, 1, 4, 30, 0.211180124223602
5.41744809643351, 11, 2, 0, 124, 0.309931506849315
5.41, 7, 4, 0, 235, 0.590867579908676
5.40772669757952, 9, 7, 4, 67, 0.33695652173913
5.39935880966948, 9, 5, 2, 78, 0.616691654172913
5.36647075211757, 10, 3, 4, 29, 0.206521739130435
5.36647075211756, 10, 3, 4, 29, 0.206521739130435
5.315, 11, 1, 4, 30, 0.211180124223602
5.28208765546351, 10, 2, 4, 13, 0.133540372670807
5.27767944389386, 15, 5, 7, 5, 0.112637362637363
5.25252367914701, 11, 5, 0, 195, 0.474771689497717
5.25252367914701, 11, 5, 0, 195, 0.474771689497717
5.21058617943638, 9, 3, 7, 4, 0.0549450549450549
5.20618632414041, 9, 6, 4, 49, 0.277950310559006
5.205, 11, 1, 7, 4, 0.0549450549450549
5.205, 11, 1, 7, 4, 0.0549450549450549
5.18285714285713, 10, 4, 2, 115, 0.723638180909545
5.17916651994023, 7, 14, 6, 145, 0.432764676367285
5.17602163828554, 7, 2, 7, 4, 0.0549450549450549
5.175, 8, 1, 7, 8, 0.259615384615385
5.175, 8, 1, 7, 8, 0.259615384615385
5.17305841193906, 12, 3, 5, 110, 0.379796511627907
5.172, 8, 1, 3, 126, 0.519568690095847
5.14838679905202, 9, 5, 7, 8, 0.259615384615385
5.14666666666668, 9, 4, 0, 128, 0.322374429223744
5.12333333333333, 10, 4, 3, 103, 0.46685303514377
5.115, 8, 1, 7, 3, 0.0260989010989011
5.115, 8, 1, 7, 3, 0.0260989010989011
5.11164933785251, 9, 3, 3, 123, 0.511980830670927
5.07860873337047, 10, 6, 2, 85, 0.627686156921539
5.075, 6, 4, 6, 261, 0.657802308078274
5.06717778123746, 9, 6, 3, 159, 0.608226837060703
5.06528636169032, 10, 3, 1, 66, 0.356844741235392
5.05643365756274, 10, 3, 6, 118, 0.400025087807326
5.04796585361462, 8, 3, 5, 74, 0.269476744186047
5.00333333333333, 7, 1, 3, 173, 0.651357827476038
4.96031125265485, 9, 7, 7, 6, 0.197802197802198
4.93473428869277, 7, 10, 3, 28, 0.284744408945687
4.9325, 11, 1, 5, 224, 0.705813953488372
4.87666666666667, 10, 1, 6, 119, 0.400777722027095
4.83333333333339, 7, 9, 7, 5, 0.112637362637363
4.81928227713079, 8, 15, 4, 13, 0.133540372670807
4.81398296631802, 10, 2, 7, 8, 0.259615384615385
4.80355423965775, 6, 12, 1, 141, 0.524485253199777
4.79418397644479, 7, 2, 6, 123, 0.408429503261415
4.79333333333334, 9, 4, 7, 6, 0.197802197802198
4.77179997485226, 10, 3, 5, 247, 0.765697674418605
4.76340059430605, 5, 19, 0, 64, 0.132191780821918
4.755, 13, 1, 7, 8, 0.259615384615385
4.755, 13, 1, 7, 8, 0.259615384615385
4.74, 9, 1, 0, 156, 0.395091324200913
4.73, 9, 1, 6, 267, 0.677370797792273
4.72142857142857, 11, 1, 5, 143, 0.451598837209302
4.71, 11, 1, 4, 41, 0.253105590062112
4.69240585059163, 9, 6, 6, 199, 0.510662318113397
4.63, 8, 1, 4, 88, 0.419254658385093
4.63, 8, 1, 4, 88, 0.419254658385093
4.60331860967957, 9, 5, 0, 128, 0.322374429223744
4.573213107324, 9, 2, 3, 31, 0.29073482428115
4.53, 8, 1, 4, 90, 0.442546583850932
4.52999999999999, 8, 1, 4, 90, 0.442546583850932
4.52065260775477, 8, 3, 3, 24, 0.266773162939297
4.52065260775477, 8, 3, 3, 24, 0.266773162939297
4.465, 10, 4, 5, 198, 0.596947674418605
4.43693681872226, 9, 3, 5, 152, 0.477325581395349
4.424, 8, 1, 3, 82, 0.424520766773163
4.39708300668225, 5, 68, 5, 71, 0.255523255813953
4.395, 12, 1, 5, 247, 0.765697674418605
4.395, 12, 1, 5, 247, 0.765697674418605
4.37400000000001, 9, 1, 5, 130, 0.423401162790698
4.35702987997557, 9, 6, 3, 133, 0.537939297124601
4.33333333333333, 7, 1, 7, 5, 0.112637362637363
4.29666666666667, 11, 1, 2, 26, 0.456521739130435
4.28826912440595, 8, 3, 1, 142, 0.52615470228158
4.26666666666667, 9, 1, 0, 159, 0.398858447488584
4.26526810411726, 16, 2, 4, 74, 0.358695652173913
4.2225, 11, 1, 6, 293, 0.771073758153537
4.20888346239236, 7, 12, 3, 49, 0.340255591054313
4.20728534805996, 8, 2, 6, 113, 0.388986452584044
4.1684372678737, 6, 5, 7, 2, 0.010989010989011
4.13161474585462, 8, 5, 1, 11, 0.0695603784084586
4.12972306396373, 9, 6, 2, 31, 0.471514242878561
4.10147412523838, 9, 10, 3, 41, 0.310303514376997
4.10124887649343, 10, 12, 4, 30, 0.211180124223602
4.09768379697604, 6, 2, 0, 273, 0.95662100456621
4.09768379697604, 6, 2, 0, 273, 0.95662100456621
4.09273404950774, 9, 2, 5, 194, 0.595058139534884
4.09176383635676, 14, 3, 1, 124, 0.477045075125209
4.07293505963452, 9, 2, 5, 64, 0.231976744186047
4.06964371904962, 6, 5, 1, 176, 0.726488592097941
4.06232845791672, 9, 2, 0, 51, 0.119634703196347
4.047007810991, 6, 2, 7, 2, 0.010989010989011
4.04, 8, 1, 6, 115, 0.390491721023582
4.04, 8, 1, 6, 115, 0.390491721023582
4.01165247193168, 6, 2, 5, 116, 0.395639534883721
3.99333333333333, 11, 1, 5, 240, 0.747383720930232
3.99025641025641, 12, 9, 1, 127, 0.485531441291041
3.98666666666666, 12, 1, 7, 8, 0.259615384615385
3.98, 10, 1, 0, 133, 0.341552511415525
3.97750000000001, 9, 1, 3, 150, 0.580271565495208
3.974, 11, 1, 3, 25, 0.270367412140575
3.96666666666668, 10, 1, 7, 5, 0.112637362637363
3.955, 10, 1, 7, 7, 0.245879120879121
3.955, 10, 1, 7, 7, 0.245879120879121
3.94707005258331, 7, 2, 1, 154, 0.582081246521981
3.93060063264297, 10, 3, 7, 8, 0.259615384615385
3.9275, 6, 1, 6, 89, 0.338559959859508
3.9267996581893, 8, 2, 5, 167, 0.509593023255814
3.92, 7, 1, 4, 59, 0.312111801242236
3.92, 7, 1, 4, 59, 0.312111801242236
3.88845406299213, 14, 3, 5, 226, 0.714970930232558
3.86765224508214, 7, 5, 4, 69, 0.343167701863354
3.86331803291591, 6, 6, 6, 12, 0.107877571500251
3.84430386705086, 11, 2, 4, 30, 0.211180124223602
3.83738095238095, 9, 9, 7, 8, 0.259615384615385
3.83133333333334, 9, 9, 6, 199, 0.510662318113397
3.80524520193271, 6, 6, 7, 2, 0.010989010989011
3.802, 8, 4, 2, 153, 0.974262868565717
3.782, 9, 1, 0, 265, 0.857305936073059
3.779, 10, 4, 5, 257, 0.803633720930233
3.77333333333334, 10, 1, 0, 3, 0.0394977168949772
3.76981953443612, 7, 11, 3, 183, 0.746805111821086
3.75876210625635, 9, 14, 3, 43, 0.320686900958467
3.73499999999999, 10, 4, 4, 13, 0.133540372670807
3.73421570915831, 10, 6, 5, 169, 0.513953488372093
3.7222222222222, 8, 1, 3, 50, 0.343849840255591
3.69444444444444, 10, 4, 6, 263, 0.659809332664325
3.688, 11, 1, 7, 2, 0.010989010989011
3.66198716546085, 7, 6, 1, 181, 0.828464106844741
3.64395694571468, 11, 2, 5, 258, 0.807703488372093
3.63297656887573, 11, 3, 0, 172, 0.426255707762557
3.63211975145216, 8, 5, 6, 184, 0.484821876567988
3.62274374227908, 10, 8, 3, 103, 0.46685303514377
3.61008131138758, 7, 6, 6, 167, 0.466758655293527
3.60666666666667, 11, 1, 3, 128, 0.524760383386581
3.60530861691679, 10, 7, 0, 220, 0.524543378995434
3.59881667794866, 10, 3, 1, 71, 0.364913745130774
3.59, 8, 1, 7, 10, 0.409340659340659
3.58749999999999, 11, 4, 7, 8, 0.259615384615385
3.58749999999999, 11, 4, 7, 8, 0.259615384615385
3.58666666666667, 9, 9, 6, 30, 0.177997992975414
3.58169833500296, 10, 6, 1, 66, 0.356844741235392
3.5764450839871, 9, 8, 2, 31, 0.471514242878561
3.56987909244752, 9, 2, 6, 272, 0.691545408931259
3.56945088628906, 8, 6, 5, 74, 0.269476744186047
3.56, 9, 1, 7, 4, 0.0549450549450549
3.55333333333333, 11, 1, 6, 291, 0.762418464626192
3.545, 11, 1, 3, 173, 0.651357827476038
3.545, 11, 1, 3, 173, 0.651357827476038
3.54357142857143, 14, 4, 1, 124, 0.477045075125209
3.53447811643466, 7, 5, 5, 110, 0.379796511627907
3.52500000000001, 10, 1, 7, 5, 0.112637362637363
3.525, 10, 1, 7, 5, 0.112637362637363
3.48257682375182, 16, 3, 4, 74, 0.358695652173913
3.48002507028268, 8, 6, 0, 264, 0.844748858447489
3.47, 8, 1, 5, 248, 0.770058139534884
3.4575, 12, 1, 6, 227, 0.55920722528851
3.45721196042516, 10, 7, 5, 169, 0.513953488372093
3.44832406958641, 10, 2, 6, 119, 0.400777722027095
3.44, 8, 1, 7, 8, 0.259615384615385
3.44, 8, 1, 7, 8, 0.259615384615385
3.43000000000001, 8, 1, 7, 11, 0.615384615384615
3.42999999999999, 8, 1, 7, 11, 0.615384615384615
3.42629501809468, 11, 5, 0, 124, 0.309931506849315
3.4, 7, 1, 7, 2, 0.010989010989011
3.4, 7, 1, 7, 2, 0.010989010989011
3.39842802201744, 10, 3, 7, 2, 0.010989010989011
3.36333333333334, 10, 1, 7, 13, 0.993131868131868
3.35875721063611, 12, 2, 7, 11, 0.615384615384615
3.35875721063609, 12, 2, 7, 11, 0.615384615384615
3.35168614282424, 9, 2, 0, 156, 0.395091324200913
3.34461507501236, 9, 2, 6, 267, 0.677370797792273
3.34170335806956, 9, 3, 5, 194, 0.595058139534884
3.33047293938863, 11, 2, 4, 41, 0.253105590062112
3.32167898057593, 8, 5, 1, 142, 0.52615470228158
3.31724653461701, 9, 14, 3, 159, 0.608226837060703
3.30441156674969, 10, 5, 6, 263, 0.659809332664325
3.30333333333333, 10, 1, 5, 41, 0.1625
3.29085399450627, 9, 19, 0, 119, 0.301141552511416
3.26746025480882, 7, 35, 0, 270, 0.914497716894977
3.22276920261649, 7, 3, 1, 154, 0.582081246521981
3.21872775073217, 9, 3, 7, 4, 0.0549450549450549
3.20503076774971, 9, 5, 5, 36, 0.144476744186047
3.2, 10, 1, 3, 19, 0.244808306709265
3.14, 9, 1, 1, 20, 0.150806900389538
3.14, 10, 1, 5, 259, 0.810755813953488
3.14, 10, 1, 5, 259, 0.810755813953488
3.13023315544357, 9, 8, 3, 123, 0.511980830670927
3.10793591411703, 8, 6, 0, 85, 0.181849315068493
3.105, 13, 1, 0, 275, 0.969178082191781
3.10333333333334, 10, 1, 3, 171, 0.646565495207668
3.10066323550301, 7, 2, 2, 123, 0.794352823588206
3.100663235503, 7, 2, 2, 123, 0.794352823588206
3.08333333333334, 12, 1, 0, 265, 0.857305936073059
3.08000000000001, 10, 1, 4, 16, 0.158385093167702
3.08, 10, 1, 4, 16, 0.158385093167702
3.06490384115971, 8, 5, 3, 26, 0.275159744408946
3.06412938514171, 7, 2, 7, 5, 0.112637362637363
3.04409469300809, 9, 2, 7, 8, 0.259615384615385
3.04409469300809, 9, 2, 7, 8, 0.259615384615385
3.01698893306261, 9, 2, 0, 159, 0.398858447488584
3.012, 10, 1, 3, 22, 0.259584664536741
3.01069700778128, 13, 7, 0, 87, 0.184817351598174
3.00600000000001, 7, 4, 2, 94, 0.654672663668166
2.98, 10, 1, 6, 77, 0.300175614651279
2.975, 8, 4, 6, 113, 0.388986452584044
2.975, 8, 1, 4, 106, 0.664596273291926
2.975, 12, 1, 2, 74, 0.607196401799101
2.96843426742112, 9, 2, 6, 236, 0.582413447064726
2.96412325429743, 7, 15, 0, 188, 0.458447488584475
2.95368604027067, 10, 2, 6, 288, 0.751003512293026
2.94333333333334, 10, 1, 2, 110, 0.711394302848576
2.942, 12, 1, 5, 160, 0.493313953488372
2.908436619806, 10, 7, 6, 250, 0.629076768690416
2.90762413784592, 8, 14, 5, 261, 0.823255813953488
2.895, 9, 1, 1, 70, 0.361296605453534
2.895, 9, 1, 1, 70, 0.361296605453534
2.89405901862865, 10, 10, 5, 271, 0.881686046511628
2.8925, 8, 1, 6, 202, 0.516934269944807
2.88, 9, 4, 5, 64, 0.231976744186047
2.8725, 9, 1, 3, 173, 0.651357827476038
2.83666666666667, 6, 4, 5, 116, 0.395639534883721
2.82371307953828, 11, 2, 5, 240, 0.747383720930232
2.81899903433038, 12, 2, 7, 8, 0.259615384615385
2.80564257290796, 8, 8, 4, 39, 0.246894409937888
2.80485689870663, 10, 2, 7, 5, 0.112637362637363
2.80014285349873, 10, 2, 0, 34, 0.10513698630137
2.8, 6, 1, 6, 283, 0.732689412945309
2.8, 8, 1, 0, 239, 0.622488584474886
2.79666666666667, 10, 1, 5, 265, 0.834447674418604
2.79000000000001, 10, 4, 6, 250, 0.629076768690416
2.77666666666667, 13, 1, 0, 251, 0.668949771689498
2.76000000000001, 14, 1, 7, 5, 0.112637362637363
2.76, 14, 1, 7, 5, 0.112637362637363
2.74666666666667, 15, 1, 6, 260, 0.656046161565479
2.71666666666667, 12, 1, 6, 282, 0.729177119919719
2.705, 13, 1, 7, 8, 0.259615384615385
2.705, 13, 1, 7, 8, 0.259615384615385
2.70114790413261, 11, 2, 7, 8, 0.259615384615385
2.70114790413261, 11, 2, 7, 8, 0.259615384615385
2.69622575711555, 11, 3, 2, 73, 0.6031984007996
2.695, 9, 1, 3, 173, 0.651357827476038
2.695, 9, 1, 3, 173, 0.651357827476038
2.67, 13, 4, 5, 220, 0.681686046511628
2.66999999999999, 13, 4, 5, 220, 0.681686046511628
2.66814958767723, 10, 2, 0, 3, 0.0394977168949772
2.66666666666666, 9, 1, 6, 121, 0.404039136979428
2.6625, 9, 1, 5, 168, 0.5125
2.6425, 14, 1, 0, 195, 0.474771689497717
2.64037293403209, 11, 13, 5, 256, 0.799273255813954
2.64034581857503, 9, 6, 3, 31, 0.29073482428115
2.64, 13, 1, 7, 10, 0.409340659340659
2.63241102651163, 10, 5, 7, 2, 0.010989010989011
2.62460777056043, 6, 13, 6, 12, 0.107877571500251
2.615, 12, 1, 7, 8, 0.259615384615385
2.61499999999999, 12, 1, 7, 8, 0.259615384615385
2.61, 9, 1, 4, 76, 0.364906832298137
2.60323030785105, 10, 7, 2, 135, 0.86431784107946
2.59543604531224, 11, 5, 3, 123, 0.511980830670927
2.59, 9, 1, 6, 50, 0.241093828399398
2.59, 9, 1, 6, 50, 0.241093828399398
2.586, 8, 4, 3, 126, 0.519568690095847
2.585, 13, 1, 5, 105, 0.365552325581395
2.57666666666667, 11, 4, 5, 258, 0.807703488372093
2.57371424210225, 8, 20, 1, 73, 0.369504730105732
2.54794143487553, 7, 2, 1, 125, 0.480801335559265
2.54474767722474, 10, 6, 1, 71, 0.364913745130774
2.53992755802208, 9, 2, 4, 62, 0.321428571428571
2.5385133444597, 8, 2, 7, 10, 0.409340659340659
2.52083567493005, 11, 2, 1, 19, 0.144546466332777
2.52083567493003, 11, 2, 1, 19, 0.144546466332777
2.52012856814886, 12, 2, 0, 193, 0.466095890410959
2.51730014102411, 9, 2, 7, 4, 0.0549450549450549
2.51258609581619, 11, 2, 6, 291, 0.762418464626192
2.495, 9, 1, 0, 244, 0.638584474885845
2.49, 11, 1, 1, 160, 0.593350027824151
2.46888888888889, 11, 1, 3, 146, 0.568290734824281
2.4675, 10, 1, 5, 114, 0.392005813953488
2.45366053071732, 8, 2, 5, 248, 0.770058139534884
2.444, 10, 1, 0, 240, 0.624429223744292
2.44030406929491, 9, 8, 0, 91, 0.201255707762557
2.43805945146728, 11, 5, 7, 1, 0.00274725274725275
2.43786151165319, 11, 3, 6, 293, 0.771073758153537
2.42371643005804, 9, 3, 6, 236, 0.582413447064726
2.39709198822239, 7, 8, 6, 123, 0.408429503261415
2.39, 8, 1, 7, 8, 0.259615384615385
2.39, 8, 1, 7, 8, 0.259615384615385
2.38322977163912, 9, 13, 4, 52, 0.288819875776397
2.37823580739074, 10, 2, 7, 13, 0.993131868131868
2.37333333333333, 12, 1, 4, 90, 0.442546583850932
2.36666666666666, 14, 1, 7, 8, 0.259615384615385
2.35325136778883, 11, 2, 0, 97, 0.222146118721461
2.34766666666668, 11, 9, 0, 250, 0.660844748858447
2.34538642871489, 9, 6, 0, 51, 0.119634703196347
2.34142857142857, 9, 1, 3, 89, 0.438897763578275
2.33580940051957, 10, 2, 5, 41, 0.1625
2.3334523779156, 9, 2, 7, 7, 0.245879120879121
2.33333333333333, 10, 1, 7, 5, 0.112637362637363
2.32000000000001, 10, 1, 5, 127, 0.41671511627907
2.315, 14, 1, 3, 182, 0.738817891373802
2.315, 14, 1, 3, 182, 0.738817891373802
2.30988215187605, 10, 2, 7, 13, 0.993131868131868
2.3, 9, 1, 4, 90, 0.442546583850932
2.3, 9, 1, 4, 90, 0.442546583850932
2.29785407137471, 10, 3, 0, 133, 0.341552511415525
2.29702928527586, 11, 3, 0, 229, 0.555936073059361
2.29641069570174, 9, 3, 3, 150, 0.580271565495208
2.27531248701804, 12, 8, 6, 138, 0.422227797290517
2.27334830151475, 7, 2, 1, 14, 0.117278797996661
2.27334830151475, 7, 2, 1, 14, 0.117278797996661
2.27333333333333, 11, 1, 6, 93, 0.34821876567988
2.27, 14, 1, 4, 105, 0.633540372670807
2.26754318224225, 6, 3, 6, 89, 0.338559959859508
2.26666666666667, 8, 1, 5, 127, 0.41671511627907
2.26333333333333, 11, 1, 6, 167, 0.466758655293527
2.26274169979695, 10, 2, 3, 19, 0.244808306709265
2.26, 16, 1, 4, 74, 0.358695652173913
2.25778978070978, 9, 5, 6, 272, 0.691545408931259
2.255, 10, 1, 5, 165, 0.502761627906977
2.255, 10, 1, 5, 165, 0.502761627906977
2.23755868948479, 7, 5, 3, 173, 0.651357827476038
2.22031529292576, 9, 2, 1, 20, 0.150806900389538
2.215, 13, 1, 0, 99, 0.230022831050228
2.215, 13, 1, 0, 99, 0.230022831050228
2.21199999999999, 8, 4, 3, 82, 0.424520766773163
2.2, 11, 1, 3, 163, 0.625798722044729
2.18699999999998, 9, 4, 5, 130, 0.423401162790698
2.18024590865852, 12, 2, 0, 265, 0.857305936073059
2.16333333333333, 9, 1, 6, 104, 0.373055694932263
2.1525, 12, 1, 4, 20, 0.178571428571429
2.125, 11, 1, 1, 31, 0.270033388981636
2.10717820793591, 10, 2, 6, 77, 0.300175614651279
2.102, 12, 1, 0, 159, 0.398858447488584
2.0975, 12, 1, 3, 120, 0.502396166134185
2.09599999999998, 8, 9, 4, 85, 0.395962732919255
2.09, 9, 1, 0, 246, 0.643264840182648
2.07384216692913, 9, 3, 4, 62, 0.321428571428571
2.05767635939182, 12, 3, 0, 193, 0.466095890410959
2.05, 14, 1, 4, 26, 0.197204968944099
2.05, 14, 1, 4, 26, 0.197204968944099
2.04903831703835, 12, 8, 5, 272, 0.891860465116279
2.04, 11, 1, 6, 271, 0.689538384345208
2.02333333333333, 14, 1, 5, 108, 0.378197674418605
2.02, 10, 1, 2, 114, 0.71664167916042
2.02, 10, 1, 2, 114, 0.71664167916042
2.00888117404405, 11, 7, 4, 30, 0.211180124223602
1.99618855572313, 12, 3, 6, 227, 0.55920722528851
1.994, 8, 1, 1, 181, 0.828464106844741
1.9925, 12, 1, 5, 50, 0.192151162790698
1.98928571428572, 11, 4, 0, 229, 0.555936073059361
1.98699999999999, 11, 4, 3, 25, 0.270367412140575
1.985, 14, 1, 6, 235, 0.580155544405419
1.985, 14, 1, 6, 235, 0.580155544405419
1.98, 10, 4, 0, 34, 0.10513698630137
1.97989898732234, 8, 2, 0, 239, 0.622488584474886
1.97754196471838, 10, 2, 5, 265, 0.834447674418604
1.972, 12, 1, 0, 130, 0.336872146118721
1.97100000000001, 10, 9, 3, 24, 0.266773162939297
1.965, 16, 1, 6, 213, 0.530983442047165
1.965, 16, 1, 6, 213, 0.530983442047165
1.96339982909464, 13, 2, 0, 251, 0.668949771689498
1.95500000000001, 10, 1, 5, 166, 0.505232558139535
1.955, 10, 1, 5, 166, 0.505232558139535
1.94218662565905, 15, 2, 6, 260, 0.656046161565479
1.93452380952382, 11, 9, 3, 123, 0.511980830670927
1.92751514283296, 11, 6, 5, 143, 0.451598837209302
1.92152774866482, 11, 5, 2, 26, 0.456521739130435
1.92142169586307, 11, 3, 0, 97, 0.222146118721461
1.92097342222346, 12, 2, 6, 282, 0.729177119919719
1.9175, 11, 1, 0, 86, 0.182534246575342
1.90651951646625, 11, 6, 2, 73, 0.6031984007996
1.90525588832577, 9, 3, 7, 7, 0.245879120879121
1.905, 10, 1, 5, 164, 0.501889534883721
1.905, 10, 1, 5, 164, 0.501889534883721
1.90443110222692, 13, 3, 3, 139, 0.551517571884984
1.895, 10, 1, 6, 264, 0.662819869543402
1.895, 10, 1, 6, 264, 0.662819869543402
1.89100000000001, 9, 4, 0, 265, 0.857305936073059
1.88561808316413, 9, 2, 6, 121, 0.404039136979428
1.87666666666666, 12, 1, 5, 260, 0.817151162790698
1.86807507605983, 10, 5, 6, 288, 0.751003512293026
1.86676190233249, 13, 2, 7, 10, 0.409340659340659
1.866, 11, 1, 3, 173, 0.651357827476038
1.865, 8, 1, 7, 3, 0.0260989010989011
1.86499999999999, 8, 1, 7, 3, 0.0260989010989011
1.86, 13, 1, 7, 13, 0.993131868131868
1.86, 13, 1, 7, 13, 0.993131868131868
1.85969083452062, 13, 2, 3, 171, 0.646565495207668
1.8528072290714, 12, 10, 5, 182, 0.561046511627907
1.84554869889689, 9, 2, 4, 76, 0.364906832298137
1.844, 11, 4, 7, 2, 0.010989010989011
1.83, 15, 1, 5, 266, 0.837354651162791
1.82666666666666, 14, 1, 0, 175, 0.435388127853881
1.825, 10, 1, 7, 5, 0.112637362637363
1.825, 10, 1, 7, 5, 0.112637362637363
1.82, 12, 1, 0, 139, 0.348173515981735
1.81, 14, 1, 1, 12, 0.0890372843628269
1.81, 14, 1, 1, 12, 0.0890372843628269
1.805, 7, 1, 5, 77, 0.275436046511628
1.805, 7, 1, 5, 77, 0.275436046511628
1.80250000000001, 12, 4, 7, 11, 0.615384615384615
1.80249999999998, 12, 4, 7, 11, 0.615384615384615
1.80166666666667, 7, 4, 1, 125, 0.480801335559265
1.78333333333334, 10, 1, 6, 140, 0.423858504766683
1.76333333333334, 13, 1, 6, 252, 0.633467134972403
1.75, 13, 1, 6, 233, 0.574761665830406
1.71761705083914, 8, 3, 4, 106, 0.664596273291926
1.71761705083914, 12, 3, 2, 74, 0.607196401799101
1.7112131417993, 9, 15, 2, 107, 0.699650174912544
1.70554155622196, 12, 2, 3, 157, 0.596645367412141
1.7, 11, 1, 6, 245, 0.607375815353738
1.7, 11, 1, 6, 245, 0.607375815353738
1.67820009401607, 12, 2, 4, 90, 0.442546583850932
1.675, 7, 1, 7, 8, 0.259615384615385
1.675, 7, 1, 7, 8, 0.259615384615385
1.67348604880818, 14, 2, 7, 8, 0.259615384615385
1.66998565363099, 8, 3, 6, 202, 0.516934269944807
1.665, 14, 1, 5, 165, 0.502761627906977
1.66, 13, 1, 7, 8, 0.259615384615385
1.66, 13, 1, 7, 8, 0.259615384615385
1.6584386482472, 9, 3, 3, 173, 0.651357827476038
1.655, 10, 1, 0, 5, 0.069634703196347
1.655, 10, 1, 0, 5, 0.069634703196347
1.65, 9, 1, 0, 190, 0.462100456621005
1.65, 9, 1, 0, 190, 0.462100456621005
1.64991582276862, 10, 2, 7, 5, 0.112637362637363
1.64928571428571, 13, 4, 3, 139, 0.551517571884984
1.64833333333333, 10, 1, 4, 23, 0.187888198757764
1.64666666666666, 12, 1, 5, 265, 0.834447674418604
1.64615107601927, 10, 14, 0, 246, 0.643264840182648
1.64402326625873, 13, 2, 0, 242, 0.634132420091324
1.64402326625871, 13, 2, 0, 242, 0.634132420091324
1.63333333333333, 10, 4, 7, 13, 0.993131868131868
1.62, 8, 1, 6, 110, 0.383090817862519
1.61295036776983, 11, 5, 3, 128, 0.524760383386581
1.60748941589742, 11, 2, 6, 93, 0.34821876567988
1.605, 9, 1, 6, 63, 0.262794781736076
1.605, 9, 1, 6, 63, 0.262794781736076
1.60277537068952, 8, 2, 5, 127, 0.41671511627907
1.60041834808555, 11, 2, 6, 167, 0.466758655293527
1.59806132548159, 16, 2, 4, 74, 0.358695652173913
1.57, 11, 1, 7, 10, 0.409340659340659
1.57, 11, 1, 7, 10, 0.409340659340659
1.565, 9, 1, 7, 6, 0.197802197802198
1.565, 9, 1, 7, 6, 0.197802197802198
1.565, 9, 1, 7, 8, 0.259615384615385
1.565, 9, 1, 7, 8, 0.259615384615385
1.55563491861041, 11, 2, 3, 163, 0.625798722044729
1.5556349186104, 12, 2, 3, 120, 0.502396166134185
1.54, 12, 1, 6, 192, 0.499498243853487
1.54, 12, 1, 6, 192, 0.499498243853487
1.53719509171738, 9, 3, 5, 168, 0.5125
1.53719509171736, 9, 3, 7, 7, 0.245879120879121
1.5297076699669, 9, 2, 6, 104, 0.373055694932263
1.52564808633359, 14, 3, 0, 195, 0.474771689497717
1.52, 10, 1, 7, 6, 0.197802197802198
1.52, 10, 1, 7, 6, 0.197802197802198
1.506, 10, 4, 3, 22, 0.259584664536741
1.506, 11, 1, 4, 49, 0.277950310559006
1.5, 10, 1, 4, 19, 0.173913043478261
1.5, 10, 1, 4, 19, 0.173913043478261
1.49822394854708, 12, 3, 5, 200, 0.599563953488372
1.49822394854708, 12, 3, 5, 200, 0.599563953488372
1.495, 9, 1, 6, 121, 0.404039136979428
1.495, 9, 1, 6, 121, 0.404039136979428
1.49245044585519, 13, 3, 5, 105, 0.365552325581395
1.48720470712983, 11, 11, 5, 224, 0.705813953488372
1.47785317267989, 9, 2, 0, 246, 0.643264840182648
1.471, 12, 4, 5, 160, 0.493313953488372
1.4475, 15, 1, 0, 46, 0.115639269406393
1.44500000000001, 12, 1, 5, 263, 0.828779069767442
1.44500000000001, 11, 1, 6, 229, 0.56823883592574
1.44499999999999, 12, 1, 5, 263, 0.828779069767442
1.44048892162811, 9, 3, 0, 244, 0.638584474885845
1.44, 11, 1, 0, 28, 0.1
1.43825519293344, 8, 2, 0, 249, 0.655821917808219
1.43760217028217, 11, 3, 1, 160, 0.593350027824151
1.43071272060078, 14, 2, 5, 108, 0.378197674418605
1.43, 10, 1, 5, 1, 0.000145348837209335
1.42461178922539, 10, 3, 5, 114, 0.392005813953488
1.41279934881072, 12, 2, 6, 166, 0.466256899147015
1.39999999999999, 6, 4, 6, 283, 0.732689412945309
1.39256884928537, 12, 3, 3, 157, 0.596645367412141
1.38785285803486, 10, 5, 3, 171, 0.646565495207668
1.38, 13, 1, 7, 5, 0.112637362637363
1.38, 13, 1, 7, 5, 0.112637362637363
1.37409364067131, 11, 3, 6, 217, 0.538133467134972
1.3740936406713, 11, 3, 6, 217, 0.538133467134972
1.37, 13, 1, 7, 6, 0.197802197802198
1.35, 10, 1, 6, 301, 0.940291018564977
1.35, 10, 1, 6, 301, 0.940291018564977
1.35, 13, 1, 7, 12, 0.862637362637363
1.35, 10, 1, 5, 163, 0.5
1.3475, 11, 1, 0, 118, 0.298630136986301
1.34, 12, 1, 3, 172, 0.649361022364217
1.33, 10, 1, 2, 75, 0.608445777111444
1.33, 10, 1, 2, 75, 0.608445777111444
1.32700372602676, 12, 2, 5, 260, 0.817151162790698
1.325, 11, 1, 0, 242, 0.634132420091324
1.325, 11, 1, 0, 242, 0.634132420091324
1.32, 12, 1, 6, 191, 0.498243853487205
1.32, 12, 1, 6, 191, 0.498243853487205
1.31629868275487, 10, 5, 2, 110, 0.711394302848576
1.31600428720832, 8, 8, 3, 50, 0.343849840255591
1.31521861300698, 11, 2, 1, 86, 0.394824707846411
1.31521861300698, 11, 2, 1, 86, 0.394824707846411
1.29400540957138, 15, 2, 5, 266, 0.837354651162791
1.29164838696743, 14, 2, 0, 175, 0.435388127853881
1.29117698244662, 9, 2, 5, 225, 0.710610465116279
1.28693434175952, 12, 2, 0, 139, 0.348173515981735
1.2825, 13, 1, 1, 62, 0.335976627712855
1.27666666666667, 9, 1, 6, 285, 0.74372804816859
1.27500000000001, 12, 1, 7, 11, 0.615384615384615
1.275, 12, 1, 7, 11, 0.615384615384615
1.27017059221718, 12, 3, 3, 120, 0.502396166134185
1.261007093116, 10, 2, 6, 140, 0.423858504766683
1.24686495749228, 13, 2, 6, 252, 0.633467134972403
1.24666666666667, 12, 1, 4, 57, 0.305900621118012
1.24274645443067, 12, 3, 4, 20, 0.178571428571429
1.23743686707646, 13, 2, 6, 233, 0.574761665830406
1.22686932202796, 11, 3, 1, 31, 0.270033388981636
1.22200000000001, 10, 4, 0, 240, 0.624429223744292
1.22109581933606, 10, 3, 3, 44, 0.321485623003195
1.22109581933606, 10, 3, 3, 44, 0.321485623003195
1.2116666666667, 11, 4, 1, 22, 0.210628825820812
1.2, 8, 1, 7, 7, 0.245879120879121
1.2, 8, 1, 7, 7, 0.245879120879121
1.19070619801867, 9, 5, 7, 7, 0.245879120879121
1.19, 8, 1, 3, 173, 0.651357827476038
1.19, 8, 1, 3, 173, 0.651357827476038
1.17779454914684, 11, 3, 6, 271, 0.689538384345208
1.17433044753169, 8, 3, 0, 249, 0.655821917808219
1.16436916635385, 12, 2, 5, 265, 0.834447674418604
1.16, 10, 4, 5, 127, 0.41671511627907
1.155, 10, 1, 7, 5, 0.112637362637363
1.15499999999999, 10, 1, 7, 5, 0.112637362637363
1.15354583784087, 12, 3, 6, 166, 0.466256899147015
1.15037041136032, 12, 3, 5, 50, 0.192151162790698
1.1455129855222, 8, 2, 6, 110, 0.383090817862519
1.12, 14, 1, 3, 123, 0.511980830670927
1.12, 14, 1, 3, 123, 0.511980830670927
1.10706914117111, 11, 3, 0, 86, 0.182534246575342
1.10666666666667, 13, 1, 6, 296, 0.779854490717511
1.08333333333333, 12, 1, 5, 212, 0.648691860465116
1.07369300391996, 13, 6, 3, 171, 0.646565495207668
1.065, 12, 1, 4, 42, 0.256211180124224
1.065, 12, 1, 4, 42, 0.256211180124224
1.05424159154028, 9, 3, 5, 225, 0.710610465116279
1.051, 12, 4, 0, 159, 0.398858447488584
1.03500000000002, 13, 9, 0, 275, 0.969178082191781
1.02833333333334, 12, 1, 6, 159, 0.458981435022579
1.02833333333334, 10, 1, 3, 151, 0.58426517571885
1.025, 11, 1, 5, 201, 0.600436046511628
1.025, 11, 1, 5, 201, 0.600436046511628
1.02333333333333, 11, 1, 7, 8, 0.259615384615385
1.02, 12, 1, 1, 63, 0.33889816360601
1.02, 12, 1, 1, 63, 0.33889816360601
1.01823376490863, 11, 2, 0, 28, 0.1
1.015, 11, 1, 5, 251, 0.779796511627907
1.015, 11, 1, 5, 251, 0.779796511627907
1.015, 8, 1, 0, 267, 0.881278538812785
1.01116269709676, 10, 2, 5, 1, 0.000145348837209335
1.00666666666667, 13, 1, 3, 19, 0.244808306709265
0.996999999999998, 8, 4, 1, 181, 0.828464106844741
0.985999999999997, 12, 4, 0, 130, 0.336872146118721
0.980000000000004, 12, 1, 0, 240, 0.624429223744292
0.98, 13, 1, 0, 214, 0.507648401826484
0.979999999999999, 13, 1, 0, 214, 0.507648401826484
0.977499999999999, 12, 1, 2, 107, 0.699650174912544
0.975000000000001, 8, 1, 7, 8, 0.259615384615385
0.974999999999994, 8, 1, 7, 8, 0.259615384615385
0.968736290225568, 13, 2, 7, 6, 0.197802197802198
0.965, 11, 1, 6, 86, 0.331033617661816
0.965, 11, 1, 6, 86, 0.331033617661816
0.96128819820072, 14, 3, 5, 165, 0.502761627906977
0.957422581726595, 12, 2, 1, 16, 0.128964941569282
0.955884211528963, 9, 6, 3, 89, 0.438897763578275
0.95459415460184, 10, 2, 5, 163, 0.5
0.95459415460184, 13, 2, 7, 12, 0.862637362637363
0.950000000000003, 10, 1, 6, 79, 0.308454591068741
0.949999999999999, 10, 1, 6, 79, 0.308454591068741
0.948333333333338, 11, 1, 7, 10, 0.409340659340659
0.947523086789976, 12, 2, 3, 172, 0.649361022364217
0.943333333333335, 10, 1, 0, 251, 0.668949771689498
0.939999999999998, 12, 1, 3, 71, 0.395766773162939
0.935000000000001, 15, 1, 5, 88, 0.321511627906977
0.934999999999999, 15, 1, 5, 88, 0.321511627906977
0.933, 11, 4, 3, 173, 0.651357827476038
0.93, 10, 1, 3, 21, 0.256789137380192
0.93, 10, 1, 3, 21, 0.256789137380192
0.926666666666666, 15, 1, 5, 174, 0.530232558139535
0.925000000000004, 10, 1, 6, 295, 0.776969392875063
0.924999999999997, 10, 1, 6, 295, 0.776969392875063
0.920000000000002, 15, 1, 3, 171, 0.646565495207668
0.920000000000002, 12, 1, 7, 8, 0.259615384615385
0.920000000000002, 12, 1, 7, 8, 0.259615384615385
0.916666666666666, 13, 1, 4, 14, 0.141304347826087
0.903333333333334, 8, 1, 5, 144, 0.455087209302326
0.902739657314824, 9, 2, 6, 285, 0.74372804816859
0.902268252794037, 11, 2, 3, 121, 0.50758785942492
0.893333333333334, 12, 1, 1, 103, 0.439343350027824
0.886240499087137, 14, 2, 0, 229, 0.555936073059361
0.883333333333333, 9, 1, 6, 77, 0.300175614651279
0.881526453879229, 12, 2, 4, 57, 0.305900621118012
0.880000000000003, 14, 1, 1, 12, 0.0890372843628269
0.880000000000003, 14, 1, 1, 12, 0.0890372843628269
0.880000000000003, 13, 1, 7, 10, 0.409340659340659
0.880000000000003, 13, 1, 7, 10, 0.409340659340659
0.880000000000003, 15, 1, 7, 5, 0.112637362637363
0.879999999999995, 15, 1, 7, 5, 0.112637362637363
0.87288403766472, 11, 8, 3, 146, 0.568290734824281
0.865000000000002, 13, 1, 6, 228, 0.563221274460612
0.865, 13, 1, 6, 300, 0.878198695434019
0.864999999999999, 13, 1, 6, 300, 0.878198695434019
0.856777716537644, 11, 8, 1, 22, 0.210628825820812
0.856666666666669, 9, 1, 7, 8, 0.259615384615385
0.855, 14, 1, 6, 186, 0.489588559959859
0.855, 14, 1, 6, 186, 0.489588559959859
0.850000000000001, 8, 1, 2, 128, 0.817341329335332
0.849999999999998, 8, 1, 2, 128, 0.817341329335332
0.849999999999994, 11, 1, 7, 7, 0.245879120879121
0.849999999999994, 11, 1, 7, 7, 0.245879120879121
0.835714514651986, 15, 3, 0, 46, 0.115639269406393
0.835000000000001, 11, 1, 7, 10, 0.409340659340659
0.835000000000001, 11, 1, 7, 10, 0.409340659340659
0.835000000000001, 13, 1, 0, 219, 0.522260273972603
0.835000000000001, 12, 1, 5, 263, 0.828779069767442
0.835000000000001, 12, 1, 5, 263, 0.828779069767442
0.834999999999999, 13, 1, 0, 219, 0.522260273972603
0.834271138979001, 11, 3, 6, 229, 0.56823883592574
0.830000000000002, 13, 1, 5, 266, 0.837354651162791
0.829999999999998, 14, 1, 7, 10, 0.409340659340659
0.829999999999998, 14, 1, 7, 10, 0.409340659340659
0.829999999999998, 13, 1, 5, 266, 0.837354651162791
0.829999999999998, 13, 1, 7, 13, 0.993131868131868
0.829999999999998, 13, 1, 7, 13, 0.993131868131868
0.823333333333331, 12, 1, 6, 217, 0.538133467134972
0.815, 8, 1, 5, 226, 0.714970930232558
0.815, 8, 1, 5, 226, 0.714970930232558
0.805, 11, 1, 4, 37, 0.239130434782609
0.803333333333342, 13, 1, 4, 39, 0.246894409937888
0.802566196646725, 14, 8, 4, 105, 0.633540372670807
0.800000000000004, 11, 1, 7, 7, 0.245879120879121
0.799999999999997, 11, 1, 7, 7, 0.245879120879121
0.799999999999997, 8, 1, 7, 7, 0.245879120879121
0.799999999999997, 8, 1, 7, 7, 0.245879120879121
0.792780482136862, 12, 7, 3, 120, 0.502396166134185
0.782531504513112, 13, 2, 6, 296, 0.779854490717511
0.781732264482749, 12, 3, 1, 16, 0.128964941569282
0.777979487733021, 11, 3, 0, 118, 0.298630136986301
0.766032346285428, 12, 2, 5, 212, 0.648691860465116
0.753, 11, 4, 4, 49, 0.277950310559006
0.74666666666667, 12, 1, 6, 234, 0.578273958855996
0.740451720235699, 13, 3, 1, 62, 0.335976627712855
0.740000000000002, 13, 1, 6, 229, 0.56823883592574
0.74, 13, 1, 6, 178, 0.47704465629704
0.739999999999995, 13, 1, 6, 229, 0.56823883592574
0.737157076582426, 10, 5, 4, 23, 0.187888198757764
0.736698943485964, 11, 3, 3, 121, 0.50758785942492
0.733333333333334, 11, 1, 5, 157, 0.484593023255814
0.732500000000002, 12, 1, 6, 213, 0.530983442047165
0.723605939414229, 11, 2, 7, 8, 0.259615384615385
0.721248916810278, 13, 2, 5, 276, 0.922674418604651
0.721248916810278, 13, 2, 5, 276, 0.922674418604651
0.711820826394454, 13, 2, 3, 19, 0.244808306709265
0.710000000000008, 11, 1, 6, 208, 0.524711490215755
0.705000000000005, 14, 1, 5, 115, 0.392732558139535
0.704999999999998, 14, 1, 5, 115, 0.392732558139535
0.703571247280618, 10, 2, 3, 93, 0.448482428115016
0.703571247280618, 10, 2, 3, 93, 0.448482428115016
0.700000000000003, 9, 1, 7, 8, 0.259615384615385
0.700000000000003, 11, 1, 3, 7, 0.155750798722045
0.700000000000003, 11, 1, 3, 7, 0.155750798722045
0.699999999999999, 16, 1, 6, 299, 0.874435524335173
0.699999999999996, 9, 1, 7, 8, 0.259615384615385
0.697500000000005, 11, 1, 3, 189, 0.793929712460064
0.692964645562809, 12, 2, 0, 240, 0.624429223744292
0.685000000000002, 15, 1, 6, 213, 0.530983442047165
0.685000000000002, 14, 1, 7, 10, 0.409340659340659
0.684999999999995, 15, 1, 6, 213, 0.530983442047165
0.684999999999995, 14, 1, 7, 10, 0.409340659340659
0.667037396919306, 10, 2, 0, 251, 0.668949771689498
0.666666666666666, 7, 1, 6, 58, 0.256773707977923
0.664680374315353, 12, 2, 3, 71, 0.395766773162939
0.655252283899531, 15, 2, 5, 174, 0.530232558139535
0.65053823869162, 15, 2, 3, 171, 0.646565495207668
0.650000000000006, 10, 1, 7, 8, 0.259615384615385
0.649999999999999, 10, 1, 7, 8, 0.259615384615385
0.648181216087669, 13, 2, 4, 14, 0.141304347826087
0.643333333333331, 17, 1, 3, 122, 0.510782747603834
0.638753125671849, 8, 2, 5, 144, 0.455087209302326
0.633333333333333, 14, 1, 4, 3, 0.0605590062111801
0.631682057859981, 12, 2, 1, 103, 0.439343350027824
0.626666666666665, 14, 4, 0, 229, 0.555936073059361
0.624610990048122, 9, 2, 6, 77, 0.300175614651279
0.610000000000001, 12, 1, 4, 13, 0.133540372670807
0.605754809216467, 9, 2, 7, 8, 0.259615384615385
0.599999999999994, 9, 1, 3, 132, 0.535143769968051
0.58601052322746, 8, 3, 0, 267, 0.881278538812785
0.582184583176927, 12, 2, 6, 217, 0.538133467134972
0.568042447553189, 13, 2, 4, 39, 0.246894409937888
0.566666666666666, 13, 1, 6, 217, 0.538133467134972
0.565685424949241, 11, 2, 6, 211, 0.52922729553437
0.565685424949236, 11, 2, 6, 211, 0.52922729553437
0.565685424949236, 12, 2, 3, 152, 0.585463258785943
0.565685424949236, 12, 2, 3, 152, 0.585463258785943
0.564359888132851, 12, 3, 2, 107, 0.699650174912544
0.540000000000006, 13, 1, 7, 12, 0.862637362637363
0.539999999999999, 13, 1, 7, 12, 0.862637362637363
0.527973063285948, 12, 2, 6, 234, 0.578273958855996
0.524999999999999, 15, 1, 5, 246, 0.759738372093023
0.523259018078044, 13, 2, 6, 178, 0.47704465629704
0.518544972870133, 11, 2, 5, 157, 0.484593023255814
0.509999999999998, 8, 1, 4, 58, 0.309006211180124
0.509999999999998, 8, 1, 4, 58, 0.309006211180124
0.509717809084554, 12, 3, 0, 134, 0.342237442922374
0.502045814642434, 11, 2, 6, 208, 0.524711490215755
0.499407982849021, 13, 3, 6, 228, 0.563221274460612
0.495000000000005, 11, 1, 5, 154, 0.481104651162791
0.494999999999997, 11, 1, 5, 154, 0.481104651162791
0.494974746830585, 16, 2, 6, 299, 0.874435524335173
0.489999999999998, 16, 1, 6, 242, 0.591445057701957
0.489999999999998, 16, 1, 6, 242, 0.591445057701957
0.489999999999998, 13, 1, 7, 13, 0.993131868131868
0.489999999999998, 13, 1, 7, 13, 0.993131868131868
0.484999999999999, 12, 1, 5, 240, 0.747383720930232
0.484999999999999, 12, 1, 5, 240, 0.747383720930232
0.471404520791033, 7, 2, 6, 58, 0.256773707977923
0.469999999999999, 12, 1, 1, 163, 0.648998330550918
0.469999999999999, 12, 1, 1, 163, 0.648998330550918
0.464766966697651, 11, 3, 4, 37, 0.239130434782609
0.460000000000001, 13, 1, 5, 25, 0.107703488372093
0.459999999999994, 13, 1, 5, 25, 0.107703488372093
0.459884647372455, 12, 5, 6, 159, 0.458981435022579
0.459884647372455, 10, 5, 3, 151, 0.58426517571885
0.454905362563354, 17, 2, 3, 122, 0.510782747603834
0.449999999999996, 13, 1, 4, 26, 0.197204968944099
0.44783429475148, 14, 2, 4, 3, 0.0605590062111801
0.441428571428574, 12, 4, 0, 134, 0.342237442922374
0.439999999999998, 13, 1, 7, 13, 0.993131868131868
0.439999999999998, 13, 1, 7, 13, 0.993131868131868
0.425000000000001, 14, 1, 1, 51, 0.321368948247079
0.425000000000001, 14, 1, 1, 51, 0.321368948247079
0.424264068711935, 10, 2, 6, 205, 0.520572002007025
0.424264068711935, 10, 2, 6, 205, 0.520572002007025
0.424107559732446, 11, 5, 7, 10, 0.409340659340659
0.422909072181401, 12, 3, 6, 213, 0.530983442047165
0.41, 10, 1, 3, 188, 0.788738019169329
0.41, 10, 1, 3, 188, 0.788738019169329
0.406586399182277, 9, 2, 2, 52, 0.53448275862069
0.406586399182257, 9, 2, 2, 52, 0.53448275862069
0.402701812759755, 11, 3, 3, 189, 0.793929712460064
0.400693842672377, 13, 2, 6, 217, 0.538133467134972
0.400000000000002, 9, 1, 3, 25, 0.270367412140575
0.399999999999999, 9, 1, 3, 25, 0.270367412140575
0.399999999999999, 7, 1, 6, 256, 0.645634721525339
0.399999999999999, 7, 1, 6, 256, 0.645634721525339
0.393333333333331, 13, 1, 7, 11, 0.615384615384615
0.390000000000001, 14, 1, 7, 12, 0.862637362637363
0.390000000000001, 14, 1, 7, 12, 0.862637362637363
0.390000000000001, 11, 1, 6, 257, 0.64764174611139
0.390000000000001, 11, 1, 6, 257, 0.64764174611139
0.386666666666663, 11, 1, 0, 170, 0.423858447488584
0.360000000000001, 11, 1, 1, 177, 0.744296048970506
0.359999999999999, 11, 1, 1, 177, 0.744296048970506
0.352183664205671, 12, 3, 4, 13, 0.133540372670807
0.34641016151378, 9, 3, 3, 132, 0.535143769968051
0.345000000000006, 13, 1, 7, 13, 0.993131868131868
0.344999999999999, 13, 1, 7, 13, 0.993131868131868
0.335000000000001, 10, 1, 5, 213, 0.653488372093023
0.334999999999997, 10, 1, 5, 213, 0.653488372093023
0.329999999999998, 11, 1, 3, 67, 0.386182108626198
0.318198051533948, 13, 2, 4, 26, 0.197204968944099
0.303108891324555, 15, 3, 5, 246, 0.759738372093023
0.300520382004281, 12, 2, 6, 272, 0.691545408931259
0.300520382004281, 12, 2, 6, 272, 0.691545408931259
0.300000000000001, 12, 1, 3, 173, 0.651357827476038
0.300000000000001, 12, 1, 3, 173, 0.651357827476038
0.295000000000002, 9, 1, 7, 13, 0.993131868131868
0.295000000000002, 9, 1, 7, 13, 0.993131868131868
0.295000000000002, 12, 1, 7, 11, 0.615384615384615
0.295000000000002, 12, 1, 5, 265, 0.834447674418604
0.294999999999995, 12, 1, 7, 11, 0.615384615384615
0.294999999999995, 12, 1, 5, 265, 0.834447674418604
0.290000000000001, 14, 1, 6, 292, 0.768564977420973
0.289999999999999, 14, 1, 6, 292, 0.768564977420973
0.280000000000001, 9, 1, 3, 71, 0.395766773162939
0.279999999999994, 9, 1, 3, 71, 0.395766773162939
0.278128667266707, 13, 2, 7, 11, 0.615384615384615
0.273414622058801, 11, 2, 0, 170, 0.423858447488584
0.26, 13, 1, 6, 250, 0.629076768690416
0.26, 13, 1, 6, 250, 0.629076768690416
0.255000000000001, 14, 1, 2, 74, 0.607196401799101
0.254999999999999, 14, 1, 2, 74, 0.607196401799101
0.253333333333334, 12, 1, 0, 115, 0.289611872146119
0.25, 7, 1, 6, 26, 0.16294530858003
0.25, 7, 1, 6, 26, 0.16294530858003
0.245000000000005, 14, 1, 3, 190, 0.821884984025559
0.245000000000005, 12, 1, 7, 12, 0.862637362637363
0.244999999999997, 14, 1, 3, 190, 0.821884984025559
0.244999999999997, 12, 1, 7, 12, 0.862637362637363
0.233333333333333, 13, 1, 1, 21, 0.180856983861992
0.215, 10, 1, 2, 68, 0.590954522738631
0.215, 10, 1, 2, 68, 0.590954522738631
0.200000000000003, 11, 1, 6, 115, 0.390491721023582
0.199999999999999, 16, 1, 0, 172, 0.426255707762557
0.199999999999999, 16, 1, 0, 172, 0.426255707762557
0.199999999999996, 11, 1, 6, 115, 0.390491721023582
0.186666666666667, 13, 1, 0, 243, 0.636301369863014
0.18, 16, 1, 4, 58, 0.309006211180124
0.179133717900595, 12, 2, 0, 115, 0.289611872146119
0.175000000000001, 14, 1, 6, 257, 0.64764174611139
0.175000000000001, 14, 1, 6, 257, 0.64764174611139
0.164999999999999, 11, 4, 3, 67, 0.386182108626198
0.164999999999999, 11, 1, 6, 300, 0.878198695434019
0.164999999999999, 11, 1, 6, 300, 0.878198695434019
0.164991582276864, 13, 2, 1, 21, 0.180856983861992
0.16, 13, 1, 6, 95, 0.351605619668841
0.16, 13, 1, 6, 95, 0.351605619668841
0.150000000000006, 11, 1, 4, 109, 0.801242236024845
0.149999999999999, 14, 1, 6, 56, 0.255017561465128
0.149999999999999, 11, 1, 4, 109, 0.801242236024845
0.147499999999999, 13, 1, 4, 18, 0.167701863354037
0.147078210486801, 13, 2, 3, 38, 0.300718849840256
0.143333333333327, 9, 1, 1, 10, 0.0639955481357819
0.131993265821489, 13, 2, 0, 243, 0.636301369863014
0.130000000000003, 13, 1, 6, 265, 0.66783743100853
0.129999999999999, 13, 1, 6, 265, 0.66783743100853
0.127279220613578, 16, 2, 4, 58, 0.309006211180124
0.125, 11, 1, 5, 250, 0.779360465116279
0.125, 11, 1, 5, 250, 0.779360465116279
0.120088855991454, 13, 3, 3, 38, 0.300718849840256
0.106066017177986, 13, 2, 7, 13, 0.993131868131868
0.106066017177976, 14, 2, 6, 56, 0.255017561465128
0.106066017177976, 13, 2, 7, 13, 0.993131868131868
0.105, 9, 1, 0, 47, 0.116095890410959
0.105, 9, 1, 0, 47, 0.116095890410959
0.103333333333332, 11, 1, 6, 235, 0.580155544405419
0.101351971970075, 9, 2, 1, 10, 0.0639955481357819
0.100000000000001, 14, 1, 7, 13, 0.993131868131868
0.100000000000001, 14, 1, 7, 13, 0.993131868131868
0.100000000000001, 12, 1, 5, 109, 0.378633720930233
0.0949999999999989, 11, 1, 6, 189, 0.494731560461616
0.0949999999999989, 11, 1, 6, 189, 0.494731560461616
0.0851591647054693, 13, 3, 4, 18, 0.167701863354037
0.0850000000000009, 13, 1, 5, 183, 0.569767441860465
0.0850000000000009, 14, 1, 6, 168, 0.467134972403412
0.0850000000000009, 14, 1, 6, 168, 0.467134972403412
0.0849999999999973, 13, 1, 5, 183, 0.569767441860465
0.0800000000000054, 12, 1, 7, 3, 0.0260989010989011
0.0799999999999983, 12, 1, 7, 3, 0.0260989010989011
0.0730677007226138, 11, 2, 6, 235, 0.580155544405419
0.0707106781186507, 12, 2, 5, 109, 0.378633720930233
0.0650000000000048, 13, 1, 0, 229, 0.555936073059361
0.0649999999999977, 13, 1, 0, 229, 0.555936073059361
0.0600000000000023, 12, 1, 5, 122, 0.408575581395349
0.0600000000000005, 12, 1, 6, 219, 0.546287004515805
0.0599999999999952, 12, 1, 5, 122, 0.408575581395349
0.0549999999999997, 10, 1, 7, 5, 0.112637362637363
0.0549999999999997, 10, 1, 7, 5, 0.112637362637363
0.053333333333331, 14, 1, 0, 137, 0.34337899543379
0.0450000000000017, 7, 1, 6, 183, 0.480556949322629
0.0450000000000017, 14, 1, 5, 215, 0.660610465116279
0.0450000000000008, 11, 1, 6, 115, 0.390491721023582
0.0449999999999999, 11, 1, 6, 115, 0.390491721023582
0.0449999999999982, 7, 1, 6, 183, 0.480556949322629
0.0449999999999946, 14, 1, 5, 215, 0.660610465116279
0.0424264068711919, 12, 2, 6, 219, 0.546287004515805
0.0399999999999991, 12, 1, 2, 15, 0.419790104947526
0.0399999999999991, 12, 1, 2, 15, 0.419790104947526
0.0399999999999991, 10, 1, 6, 295, 0.776969392875063
0.0399999999999991, 10, 1, 6, 295, 0.776969392875063
0.0377123616632834, 14, 2, 0, 137, 0.34337899543379
0.0350000000000001, 11, 1, 6, 101, 0.364149523331661
0.0350000000000001, 11, 1, 6, 101, 0.364149523331661
0.0300000000000011, 14, 1, 6, 215, 0.533241344706473
0.0300000000000011, 13, 1, 6, 128, 0.412192674360261
0.0299999999999994, 14, 1, 6, 215, 0.533241344706473
0.0299999999999976, 13, 1, 6, 128, 0.412192674360261
0.0249999999999986, 13, 1, 5, 115, 0.392732558139535
0.0249999999999986, 13, 1, 5, 115, 0.392732558139535
0.0249999999999986, 12, 1, 4, 57, 0.305900621118012
0.0249999999999986, 12, 1, 4, 57, 0.305900621118012
0.0249999999999986, 14, 1, 4, 31, 0.21583850931677
0.0249999999999986, 14, 1, 4, 31, 0.21583850931677
0.0200000000000014, 11, 1, 3, 108, 0.475239616613419
0.0200000000000005, 8, 1, 5, 117, 0.398546511627907
0.0199999999999996, 8, 1, 5, 117, 0.398546511627907
0.0199999999999996, 14, 1, 6, 148, 0.43941294530858
0.0199999999999996, 14, 1, 6, 148, 0.43941294530858
0.0199999999999996, 11, 1, 3, 108, 0.475239616613419
0.0150000000000006, 11, 1, 5, 235, 0.736337209302325
0.0150000000000006, 11, 1, 5, 235, 0.736337209302325
0.0150000000000006, 12, 1, 5, 233, 0.732267441860465
0.0149999999999935, 12, 1, 5, 233, 0.732267441860465
0.00500000000000256, 15, 1, 6, 31, 0.180130456598093
0.00500000000000256, 18, 1, 4, 44, 0.262422360248447
0.00500000000000256, 10, 1, 2, 53, 0.535982008995502
0.00500000000000256, 10, 1, 6, 185, 0.489086803813347
0.00500000000000256, 10, 1, 6, 185, 0.489086803813347
0.00500000000000256, 11, 1, 6, 237, 0.584295032614149
0.00500000000000256, 11, 1, 6, 237, 0.584295032614149
0.00500000000000256, 11, 1, 5, 94, 0.336627906976744
0.00500000000000256, 11, 1, 5, 94, 0.336627906976744
0.00500000000000256, 14, 1, 3, 90, 0.442492012779553
0.00500000000000256, 11, 1, 0, 208, 0.500342465753425
0.00500000000000256, 11, 1, 4, 40, 0.25
0.00500000000000256, 10, 1, 1, 114, 0.462437395659432
0.00500000000000256, 10, 1, 1, 114, 0.462437395659432
0.00499999999999901, 10, 1, 4, 69, 0.343167701863354
0.00499999999999901, 10, 1, 4, 69, 0.343167701863354
0.00499999999999901, 10, 1, 4, 50, 0.281055900621118
0.00499999999999901, 10, 1, 4, 50, 0.281055900621118
0.00499999999999901, 13, 1, 6, 155, 0.4519568489714
0.00499999999999901, 13, 1, 6, 155, 0.4519568489714
0.00499999999999545, 15, 1, 6, 31, 0.180130456598093
0.00499999999999545, 18, 1, 4, 44, 0.262422360248447
0.00499999999999545, 10, 1, 2, 53, 0.535982008995502
0.00499999999999545, 14, 1, 3, 90, 0.442492012779553
0.00499999999999545, 11, 1, 0, 208, 0.500342465753425
0.00499999999999545, 11, 1, 4, 40, 0.25
0.0033333333333303, 11, 1, 5, 266, 0.837354651162791
0.00235702260396306, 11, 2, 5, 266, 0.837354651162791
