norm, level, Npoints, dimSplit, MainGridIndexSplit
3864.44514341965, 0, 962, -1, -1, -1
91.4716097622377, 2, 213, 0, 13, 0.170454545454545
57.5627334495772, 1, 143, 4, 18, 0.0200336255683399
54.230025882929, 2, 606, 0, 13, 0.170454545454545
33.3768147482637, 3, 234, 1, 17, 0.436936936936937
29.4589555176283, 5, 29, 4, 100, 0.705914182813912
28.5787030215434, 4, 18, 4, 89, 0.391602757964068
26.4716704162557, 3, 372, 1, 17, 0.436936936936937
26.4313821067411, 6, 18, 2, 3, 0.363636363636364
26.430680003792, 4, 75, 0, 11, 0.103535353535354
24.0529017171879, 1, 819, 4, 18, 0.0200336255683399
22.8781655490163, 5, 34, 1, 24, 0.743243243243243
21.1524350530375, 3, 106, 0, 15, 0.275252525252525
21.0533598711215, 3, 107, 0, 15, 0.275252525252525
20.1174747474739, 5, 81, 3, 3, 0.800505050505051
19.9441522124642, 6, 22, 0, 10, 0.0808080808080808
19.1887134964714, 4, 116, 3, 2, 0.400252525252525
19.025402326614, 4, 118, 3, 2, 0.400252525252525
18.9606562674081, 5, 12, 4, 65, 0.0928774452980315
18.7064891688923, 6, 13, 0, 5, 0.0184343434343434
18.3916478512542, 4, 28, 4, 30, 0.0378992342401869
18.1310426933153, 6, 11, 2, 3, 0.363636363636364
17.2280642515437, 6, 43, 0, 4, 0.0126262626262626
17.111726374955, 6, 14, 1, 21, 0.56981981981982
16.8159474020374, 5, 89, 4, 100, 0.705914182813912
16.7166738327047, 6, 45, 2, 3, 0.363636363636364
16.4628001314046, 6, 11, 0, 8, 0.0467171717171717
15.5656908442479, 6, 31, 1, 11, 0.272522522522523
14.9428865461546, 8, 12, 1, 9, 0.227477477477477
14.7850610483876, 9, 11, 0, 5, 0.0184343434343434
14.7850610483875, 9, 11, 0, 5, 0.0184343434343434
14.7317293216822, 5, 82, 1, 24, 0.743243243243243
14.7181869699598, 6, 21, 0, 5, 0.0184343434343434
14.4359185185181, 8, 25, 2, 4, 0.590909090909091
14.3668112152515, 4, 10, 0, 18, 0.558080808080808
14.3558721784269, 8, 12, 2, 2, 0.181818181818182
14.3064391343004, 7, 54, 0, 9, 0.0618686868686869
14.112085202035, 4, 15, 0, 11, 0.103535353535354
13.8920269665788, 5, 11, 4, 89, 0.391602757964068
13.6639677419356, 4, 16, 0, 11, 0.103535353535354
13.4034138559637, 8, 29, 2, 4, 0.590909090909091
13.2819164434124, 4, 297, 0, 11, 0.103535353535354
12.8695628645274, 6, 18, 0, 8, 0.0467171717171717
12.8523861270291, 4, 89, 4, 89, 0.391602757964068
12.5202047040536, 7, 10, 4, 95, 0.534067194388448
12.4266143387923, 3, 14, 0, 16, 0.351010101010101
12.3193870111606, 5, 216, 3, 3, 0.800505050505051
12.2792531495155, 2, 45, 1, 7, 0.184684684684685
12.2582223268954, 5, 43, 4, 52, 0.0736969911266934
12.2564372272035, 6, 50, 1, 11, 0.272522522522523
12.129096898597, 7, 18, 4, 89, 0.391602757964068
12.0767839016479, 6, 60, 0, 10, 0.0808080808080808
12.0089712415864, 7, 18, 0, 17, 0.444444444444444
11.8754020430005, 8, 19, 1, 9, 0.227477477477477
11.8517588389004, 5, 46, 4, 52, 0.0736969911266934
11.7215205499212, 8, 18, 2, 2, 0.181818181818182
11.429330901654, 7, 12, 4, 95, 0.534067194388448
11.3183431227787, 6, 32, 1, 21, 0.56981981981982
11.2391927858632, 6, 12, 0, 12, 0.132575757575758
11.0192581415145, 4, 78, 4, 30, 0.0378992342401869
10.7039374605053, 8, 14, 1, 20, 0.560810810810811
10.4573992999463, 7, 15, 4, 35, 0.0452335812040479
10.0126166666667, 8, 16, 1, 20, 0.560810810810811
9.90336614744538, 7, 27, 4, 89, 0.391602757964068
9.68257451371997, 7, 11, 2, 4, 0.590909090909091
9.63729051063853, 7, 119, 0, 9, 0.0618686868686869
9.61529837377535, 9, 10, 4, 68, 0.0971476980300399
9.09398371957136, 3, 33, 2, 2, 0.181818181818182
8.58909999786261, 6, 173, 0, 4, 0.0126262626262626
8.37531691390449, 7, 30, 0, 5, 0.0184343434343434
8.37531691390434, 7, 30, 0, 5, 0.0184343434343434
8.35095207041062, 3, 31, 0, 16, 0.351010101010101
8.32080169677107, 2, 98, 1, 7, 0.184684684684685
8.30069398449639, 6, 22, 0, 12, 0.132575757575758
8.27510881632738, 5, 63, 4, 65, 0.0928774452980315
8.26514085125728, 7, 38, 0, 17, 0.444444444444444
8.035725810199, 6, 56, 2, 3, 0.363636363636364
7.81808922574743, 6, 44, 1, 22, 0.632882882882883
7.7307335317297, 6, 45, 1, 22, 0.632882882882883
7.6951222844231, 10, 11, 1, 13, 0.326576576576577
7.5973301982172, 9, 15, 1, 4, 0.128378378378378
7.50300496948754, 10, 26, 1, 5, 0.141891891891892
7.42094715540459, 8, 45, 0, 6, 0.026010101010101
7.3944979585674, 7, 30, 4, 35, 0.0452335812040479
7.37173945298351, 7, 12, 0, 10, 0.0808080808080808
7.36733452246108, 7, 19, 2, 4, 0.590909090909091
6.84656132197155, 6, 13, 4, 30, 0.0378992342401869
6.79968000954449, 6, 10, 0, 11, 0.103535353535354
6.56522441451098, 7, 10, 2, 3, 0.363636363636364
6.48324050794182, 6, 11, 0, 11, 0.103535353535354
6.47969350703258, 3, 65, 2, 2, 0.181818181818182
6.20626206020146, 10, 38, 1, 5, 0.141891891891892
6.12602888567474, 4, 55, 0, 18, 0.558080808080808
5.85511012388871, 10, 19, 1, 13, 0.326576576576577
5.78695007982057, 8, 74, 0, 6, 0.026010101010101
5.63460017618568, 5, 21, 4, 5, 0.00604237658698964
5.62891329301889, 5, 67, 4, 89, 0.391602757964068
5.3721237020726, 9, 30, 1, 4, 0.128378378378378
5.13373718049529, 9, 11, 4, 45, 0.0660434784542375
5.11441095249643, 8, 10, 4, 94, 0.486490559366218
5.06831029028354, 8, 13, 3, 2, 0.400252525252525
5.0440783618022, 8, 12, 4, 50, 0.0708643200456854
4.98769172712475, 7, 12, 0, 8, 0.0467171717171717
4.97080235152511, 9, 13, 1, 6, 0.164414414414414
4.93048497808682, 8, 10, 1, 3, 0.105855855855856
4.88485654559819, 7, 10, 3, 2, 0.400252525252525
4.70096043949764, 7, 12, 2, 3, 0.363636363636364
4.55057164244541, 9, 14, 4, 45, 0.0660434784542375
4.51425004413815, 7, 32, 0, 10, 0.0808080808080808
4.50695841694353, 6, 30, 4, 30, 0.0378992342401869
4.48062068965527, 9, 16, 1, 6, 0.164414414414414
4.45924353366832, 7, 12, 3, 2, 0.400252525252525
4.42826184880875, 5, 34, 4, 5, 0.00604237658698964
4.42627339730358, 7, 22, 2, 3, 0.363636363636364
4.3099890415329, 9, 12, 1, 11, 0.272522522522523
4.18919862156358, 12, 11, 1, 14, 0.353603603603604
4.18919862156339, 12, 11, 1, 14, 0.353603603603604
4.14934210526337, 11, 16, 2, 3, 0.363636363636364
4.1409035288447, 9, 13, 1, 11, 0.272522522522523
4.11847273634285, 8, 18, 4, 50, 0.0708643200456854
3.96381544778548, 7, 19, 0, 8, 0.0467171717171717
3.80078040540548, 9, 64, 4, 68, 0.0971476980300399
3.67194894615956, 7, 18, 2, 5, 0.863636363636364
3.65481052631573, 8, 25, 3, 2, 0.400252525252525
3.53857083698618, 11, 22, 2, 3, 0.363636363636364
3.44813516075363, 8, 22, 4, 94, 0.486490559366218
3.42592265276483, 8, 11, 4, 65, 0.0928774452980315
3.42592265276479, 8, 11, 4, 65, 0.0928774452980315
3.32413229410343, 8, 22, 1, 3, 0.105855855855856
2.9248013367588, 7, 31, 2, 3, 0.363636363636364
2.75396170961901, 7, 32, 2, 5, 0.863636363636364
2.32211369644795, 11, 13, 2, 5, 0.863636363636364
2.3221136964478, 11, 13, 2, 5, 0.863636363636364
0.711114506186687, 9, 11, 4, 43, 0.0622011646212767
0.711114506186593, 9, 11, 4, 43, 0.0622011646212767
0.645839419537154, 5, 13, 3, 3, 0.800505050505051
0.601243778943114, 5, 15, 3, 3, 0.800505050505051
0.361408027767133, 4, 15, 3, 2, 0.400252525252525
0.329918882118946, 4, 18, 3, 2, 0.400252525252525
0.209178811150296, 8, 10, 4, 90, 0.412079181780135
0.160432824561289, 8, 17, 4, 90, 0.412079181780135
