3.84295694391999
3.3723056153134
3.29500451132551
3.26987730838284
3.17421661971957
3.18040623751078
3.16967201473542
3.13382193005325
3.11065254982678
3.08774058546908
3.10005997518866
3.10173231014049
3.0972341091793
3.08836876604611
3.07869319680255
3.06119979526853
3.06369814538709
3.0554365604566
3.03553921453754
3.04088897922923
3.02056194349215
3.00563077328867
3.01080910848345
3.02083009930704
3.02594579414398
3.03138852021411
3.03496250241511
3.03631390567372
3.04289845852517
3.04415297137441
3.04207269865927
3.04251836361236
3.04192476463786
3.04526674115103
3.04153021343023
3.03545556053033
