3.92650504871481
3.38839627650276
3.19628075952794
3.10341511508165
3.01248905848564
2.95894908536774
2.93752220515543
2.91533329871938
2.89244993992443
2.87800076026802
2.86433127207096
2.84887121055355
2.83296093394453
2.8245017815765
2.81949879449778
2.81042010392879
2.80470129152623
2.79919333765857
2.79125157368845
2.79269022733472
2.78557697629716
2.7816651066771
2.77874590906064
2.77260827192324
2.76928159748768
2.76967474025093
2.76715528202917
2.76742735353083
2.76461702092148
2.76125824708636
2.76077227485599
2.760355513239
2.75590438976056
2.75244929750832
2.75091189337734
2.74829610831796
