6.09642533514394
6.09642533514394
6.09642533514394
6.09642533514394
6.09642533514394
6.09642533514394
6.09642533514394
6.09642533514394
6.09642533514394
6.01057415018674
5.88779420661349
5.78126605021272
5.68920846943234
5.61353368949934
5.53834764641594
5.47395497272544
5.39715936108711
5.31694822950849
5.23749624085354
5.15484405596718
5.06009776781651
4.96218466424528
4.85115415396961
4.74085108296059
4.61850688530407
4.48259012829897
4.33955363224636
4.1859770148722
4.02825750381325
3.87315790359382
3.73366256452137
3.62108627503703
3.55568076900456
3.5403913156563
