4.16155715446791
3.85531416145212
3.73889383049487
3.68254556671126
3.65232865494005
3.62560183832535
3.60555301765167
3.5937335348135
3.58587221046757
3.57212908715631
3.55997521850884
3.55199928265172
3.54473061806683
3.54252608403965
3.54123503272389
3.53712410017635
3.53438237453783
3.53293367955773
3.53124323675103
3.53186893636804
3.52888401534135
3.52768893638793
3.52455209234184
3.52254463343568
3.52162571307992
3.52205195711711
3.52305906185195
3.52267236324764
3.51920804670855
3.51842981207816
3.51716266073427
3.51584817216236
3.51381910445865
3.51212178139159
3.51201635802289
3.51164811527627
