3.55209594006042
3.04871541191077
3.00432383142863
2.90534081537492
2.85836821882119
2.88631999328378
2.8493928176444
2.80419049501538
2.7241319056829
2.69949042786953
2.65392377954052
2.60542258132844
2.57067834637852
2.56108232776163
2.55017108266336
2.54079106378418
2.53211521109291
2.50330354907075
2.48940379754418
2.48449872170275
2.48788112369414
2.47737758696097
2.4841790187734
2.46569945277213
2.46987954232799
2.46325506806651
2.46669939575235
2.46107008554054
2.44861472014444
2.45007046367064
2.43917781657191
2.44201639359343
2.43698304787351
2.42852819364743
2.43114414547683
2.42944628968895
