9.63076725673945
7.22591174988382
6.78668349026229
6.63906500869571
6.53870462348472
6.52316256541678
6.55531324672685
6.57052512742311
6.49015475985213
6.51872754168521
6.49096100395031
6.39100794943907
6.29604615630184
6.30414831427763
6.27676603839071
6.24749509619209
6.20755149341296
6.23754933411204
6.17126809034648
6.14488782541106
6.19407672736244
6.1797703975459
6.19186145273485
6.1747241441961
6.18738074494036
6.13068600574704
6.15793796568081
6.14444035044946
6.14568148566043
6.12928318372608
6.10367239556675
6.08439899977729
6.10093553056057
6.09237599740785
6.06841375659847
