4.38635533292006
3.77462449671609
3.43476027527757
3.4360041422159
3.36243134976423
3.30503035653116
3.24982791429413
3.30885749155084
3.2686206117873
3.24608756837103
3.20249937619069
3.12902784895797
3.09968210259317
3.13282887138137
3.10773284274301
3.14295434948868
3.1269498122023
3.1486023521154
3.12706646656716
3.13219264961599
3.09936587745592
3.07768390379994
3.06979643452868
3.07966574858751
3.05000442124341
3.05271674304739
3.0378425835651
3.05123956513302
3.03441153781027
3.0281287812008
2.99502083222534
2.9925383897654
2.99312155833943
2.97564130517653
2.97294073575102
2.95822185336786
2.95232921577508
2.93241982544357
2.94222540666026
2.93734994082164
2.95280226553476
2.94431696652255
2.95860646212151
2.95999008341684
2.95951127483982
2.9555356179399
2.95817778030293
2.9607053477981
2.967793102369
2.97298795583515
2.97004915315498
2.97086283163773
2.96921042960088
2.96259586143611
2.96080069382699
2.95381037294284
2.95505656425852
2.95710669837437
2.9614954053595
2.9627447242453
2.97219020563854
2.96467224837889
2.96011092502212
2.96323948842635
2.96994326361469
2.97501495239792
2.96890677704347
2.96687338286803
2.96713777433556
2.96244320800475
2.95860734944718
2.96283700934835
