norm, level, Npoints, dimSplit, MainGridIndexSplit
1308.61567313783, 0, 3760, -1, -1, -1
147.703423554421, 1, 1865, 0, 12, 0.602040816326531
146.529602905502, 1, 1895, 0, 12, 0.602040816326531
138.512647681151, 2, 272, 0, 11, 0.571428571428571
88.6123045283608, 5, 98, 0, 3, 0.397959183673469
85.5126386501365, 5, 98, 0, 15, 0.683673469387755
82.0405050523722, 3, 100, 0, 10, 0.540816326530612
82.0174238807394, 4, 490, 0, 4, 0.418367346938776
75.3897545902675, 2, 83, 0, 22, 0.928571428571429
74.9461871910107, 6, 57, 1, 1, 0.5
70.1611457844986, 6, 46, 17, 4318, 0.61831550802139
68.3510060093321, 3, 179, 17, 4915, 0.719962453066333
65.3213050665457, 6, 302, 0, 19, 0.785714285714286
63.5921924139158, 8, 89, 0, 13, 0.622448979591837
61.1461110262456, 5, 427, 17, 2397, 0.346868244396405
56.7041210554368, 2, 1623, 0, 11, 0.571428571428571
56.4877145002658, 4, 1033, 0, 4, 0.418367346938776
55.1434665509278, 9, 39, 0, 17, 0.744897959183674
54.5425198106903, 8, 105, 0, 14, 0.642857142857143
53.271981272008, 4, 62, 12, 1875, 0.0978312635088105
53.2633094010094, 7, 78, 9, 127, 0.0708793849111004
52.6171262923714, 8, 130, 0, 13, 0.622448979591837
51.4317932757034, 7, 219, 1, 1, 0.5
51.3270691323048, 5, 606, 17, 2397, 0.346868244396405
49.4601515266559, 6, 27, 15, 4701, 0.788325601943892
48.0424974721404, 8, 10, 1, 1, 0.5
47.2165667672283, 6, 578, 0, 19, 0.785714285714286
46.2751415035607, 7, 165, 0, 2, 0.326530612244898
45.5895459503997, 7, 170, 0, 2, 0.326530612244898
44.9799554908655, 6, 226, 4, 337, 0.0597735372400415
44.7849197213063, 7, 97, 0, 5, 0.438775510204082
44.3061522641806, 5, 392, 0, 3, 0.397959183673469
44.1647218837101, 7, 297, 1, 1, 0.5
41.8202484202953, 5, 44, 0, 15, 0.683673469387755
41.5237643260463, 5, 63, 17, 382, 0.119481738536807
41.2296664757556, 4, 660, 0, 16, 0.724489795918367
41.2034994480904, 7, 241, 5, 230, 0.0422128998426848
40.3347373464165, 8, 192, 0, 14, 0.642857142857143
38.7794605182365, 4, 117, 12, 1875, 0.0978312635088105
35.7087943889689, 5, 562, 0, 15, 0.683673469387755
35.4200995838543, 8, 94, 9, 249, 0.129505045651129
34.8439733938774, 7, 337, 5, 230, 0.0422128998426848
34.688174288828, 6, 380, 4, 337, 0.0597735372400415
34.6388837470988, 9, 93, 0, 8, 0.5
34.5374816831965, 8, 117, 17, 3305, 0.464515303219934
34.5345382490836, 8, 133, 4, 373, 0.0678937158839717
34.4926008707414, 4, 943, 0, 16, 0.724489795918367
33.5515645483193, 3, 49, 11, 327, 0.0366791858492852
33.5484728750807, 8, 124, 17, 3305, 0.464515303219934
33.2660116188864, 8, 26, 0, 8, 0.5
32.4676994027742, 5, 73, 0, 15, 0.683673469387755
31.0189807457227, 8, 11, 0, 6, 0.459183673469388
31.0153272528537, 9, 116, 0, 8, 0.5
30.9146666416854, 6, 335, 1, 1, 0.5
30.633634936316, 6, 38, 2, 1393, 0.345925529857453
27.9706238812493, 9, 41, 16, 4670, 0.619524942948985
27.8845981599283, 8, 204, 4, 373, 0.0678937158839717
27.0689853323733, 7, 302, 9, 127, 0.0708793849111004
26.8092333966196, 9, 165, 0, 17, 0.744897959183674
25.9806408004114, 12, 10, 1, 1, 0.5
25.3394015014626, 7, 303, 0, 5, 0.438775510204082
24.5934496494613, 6, 23, 2, 2179, 0.68535056483999
24.378933664688, 6, 60, 2, 1393, 0.345925529857453
24.3146901461507, 10, 52, 0, 9, 0.520408163265306
23.75420836307, 8, 209, 9, 249, 0.129505045651129
22.9053186118401, 9, 45, 4, 749, 0.153493932422069
22.8404504866089, 3, 1603, 17, 4915, 0.719962453066333
22.8230586907631, 8, 55, 2, 1933, 0.517775679457572
22.4799728217245, 9, 22, 1, 1, 0.5
21.9169655172414, 10, 64, 0, 9, 0.520408163265306
21.0222101685548, 3, 1523, 0, 10, 0.540816326530612
20.9483942039906, 6, 516, 17, 4318, 0.61831550802139
20.8641042942377, 12, 10, 0, 6, 0.459183673469388
20.2086850273992, 10, 14, 0, 7, 0.479591836734694
20.0590830964576, 10, 29, 2, 2032, 0.582871639685555
19.5774387502814, 5, 20, 18, 3227, 0.330726301062209
19.3052072380191, 11, 22, 11, 867, 0.0710867458202084
19.0462342734906, 12, 12, 0, 6, 0.459183673469388
19.0413754648092, 6, 18, 0, 17, 0.744897959183674
18.6679921600225, 7, 19, 0, 14, 0.642857142857143
18.6597288315337, 7, 147, 16, 3065, 0.50180354820504
18.6109003759399, 9, 16, 5, 205, 0.0378430344345394
18.5316729329757, 9, 26, 2, 1109, 0.276727227221533
18.2855700362156, 4, 11, 2, 2314, 0.776521313750697
18.1718082913914, 7, 155, 16, 3065, 0.50180354820504
18.0921925296155, 7, 28, 2, 1163, 0.289648581927396
17.9300222539314, 8, 32, 2, 523, 0.148505705282079
17.7775216988146, 7, 29, 2, 1163, 0.289648581927396
17.712817233305, 10, 29, 2, 1058, 0.27107768967361
17.7049306214665, 7, 104, 0, 5, 0.438775510204082
17.6538706779833, 9, 20, 0, 20, 0.806122448979592
17.2873748224674, 9, 79, 4, 749, 0.153493932422069
17.1139059806856, 8, 51, 15, 2666, 0.573793351005081
16.9285784034778, 10, 12, 0, 14, 0.642857142857143
16.7336664437134, 9, 43, 2, 1383, 0.344439767465672
16.7156160190641, 9, 42, 2, 1449, 0.362375854654668
16.6800890946022, 6, 50, 2, 2179, 0.68535056483999
16.6794143506738, 9, 38, 17, 3413, 0.48018830356127
16.3467335445508, 7, 122, 0, 5, 0.438775510204082
16.2879320793267, 8, 87, 1, 1, 0.5
16.2703736231622, 2, 1782, 0, 22, 0.928571428571429
16.1839918444555, 11, 10, 13, 3530, 0.16165818121611
16.1383395676572, 8, 110, 2, 1933, 0.517775679457572
15.8014922495325, 9, 47, 2, 1449, 0.362375854654668
15.7274526056672, 3, 223, 11, 327, 0.0366791858492852
15.6600277830114, 7, 27, 0, 14, 0.642857142857143
15.528443450363, 10, 61, 2, 2069, 0.608445865234753
15.4281325133185, 11, 32, 0, 18, 0.76530612244898
15.2765425574292, 10, 50, 2, 2032, 0.582871639685555
15.1850671641791, 10, 16, 2, 566, 0.157736544521678
14.6630697945618, 8, 13, 16, 2808, 0.485467327558707
14.5519163909301, 10, 27, 0, 7, 0.479591836734694
14.4362920447045, 10, 18, 0, 17, 0.744897959183674
14.2998844465154, 10, 10, 15, 3432, 0.622459686326486
14.1799301585012, 9, 31, 0, 20, 0.806122448979592
14.0201795951406, 10, 33, 7, 429, 0.0299155257792019
13.6894146410593, 13, 33, 2, 2007, 0.563668217653952
13.6370512285691, 11, 22, 1, 1, 0.5
13.5097162217036, 5, 42, 18, 3227, 0.330726301062209
13.5068279500264, 9, 66, 2, 1383, 0.344439767465672
12.8501243091334, 6, 400, 15, 4701, 0.788325601943892
12.7698186778666, 10, 41, 2, 1956, 0.530835826668639
12.7445143583728, 12, 13, 2, 2042, 0.589515477639617
12.692582099287, 6, 15, 2, 2046, 0.592928408095471
12.5806513059106, 12, 11, 15, 2036, 0.536392754583609
12.5685872533612, 8, 67, 0, 6, 0.459183673469388
12.5532457087878, 5, 22, 18, 319, 0.131859662668528
12.47806533343, 10, 30, 2, 2090, 0.626375126562838
12.4737953132853, 8, 96, 15, 2666, 0.573793351005081
12.0879539457287, 11, 28, 1, 1, 0.5
12.0428232502488, 6, 45, 0, 17, 0.744897959183674
12.0303672582266, 12, 11, 13, 3609, 0.170433378865019
11.9662587790422, 8, 12, 11, 829, 0.0686031015265326
11.8712326576678, 11, 17, 2, 1081, 0.275680595215072
11.7871830957754, 10, 27, 0, 17, 0.744897959183674
11.7411017151266, 11, 19, 13, 3530, 0.16165818121611
11.6831553251385, 9, 235, 16, 4670, 0.619524942948985
11.6128967694897, 10, 17, 3, 443, 0.0498688987494958
11.5007043281845, 10, 26, 0, 14, 0.642857142857143
11.4988310738827, 8, 15, 2, 1940, 0.522940580880764
11.3390060544, 10, 52, 2, 1956, 0.530835826668639
11.1640473395181, 9, 34, 2, 1218, 0.305511882686204
11.1232937699575, 11, 40, 0, 17, 0.744897959183674
11.1102966800102, 5, 880, 17, 382, 0.119481738536807
11.0665564254804, 10, 11, 2, 365, 0.114103366287073
11.0223805051359, 10, 18, 2, 1015, 0.262345138280566
10.9159159592839, 12, 12, 0, 5, 0.438775510204082
10.8963150126103, 9, 67, 4, 190, 0.02661614111066
10.8266900251185, 6, 10, 17, 5061, 0.761918306974627
10.8266900251185, 6, 10, 17, 5061, 0.761918306974627
10.8179587127101, 9, 95, 1, 1, 0.5
10.8012710063251, 8, 17, 2, 1940, 0.522940580880764
10.7196025219828, 9, 92, 17, 3413, 0.48018830356127
10.631333819687, 9, 79, 2, 1109, 0.276727227221533
10.607742709194, 9, 11, 17, 3330, 0.468028217089544
10.4160827199888, 13, 57, 2, 2007, 0.563668217653952
10.4113737830277, 9, 27, 2, 972, 0.251494294717921
10.3884084658092, 11, 13, 17, 1581, 0.261292524746843
10.2101675231337, 8, 276, 0, 8, 0.5
10.0255362725252, 7, 22, 2, 1967, 0.536706067052707
9.80067147006763, 11, 10, 12, 1386, 0.0757042898487013
9.78206322285845, 7, 10, 3, 629, 0.0687273093989512
9.77082185982747, 8, 51, 2, 1843, 0.467364421337641
9.73533776585863, 10, 96, 2, 1058, 0.27107768967361
9.67722341086932, 12, 17, 13, 3609, 0.170433378865019
9.58469392100017, 8, 53, 2, 1843, 0.467364421337641
9.52344087487369, 10, 15, 0, 6, 0.459183673469388
9.41960548895091, 11, 12, 17, 1892, 0.29313630674707
9.39865211696132, 9, 17, 2, 829, 0.2168302977213
9.37487210889894, 10, 13, 15, 1476, 0.50160150209852
9.3219150471892, 9, 65, 17, 3171, 0.44508760951189
9.21646686983983, 9, 11, 4, 513, 0.0996977489060315
9.19429043078486, 10, 174, 2, 2069, 0.608445865234753
9.18172788794652, 9, 67, 17, 3171, 0.44508760951189
9.17545351275972, 8, 38, 2, 2189, 0.690925017917885
9.14541172305156, 8, 123, 2, 523, 0.148505705282079
9.12844097654767, 6, 29, 2, 2046, 0.592928408095471
9.01173252573468, 12, 26, 2, 2042, 0.589515477639617
8.99973599612796, 10, 27, 2, 1015, 0.262345138280566
8.94176378908195, 9, 53, 2, 1218, 0.305511882686204
8.8963391298392, 11, 13, 2, 2036, 0.586216311532292
8.80960984140001, 11, 13, 2, 715, 0.191276549754838
8.72746969696966, 11, 100, 0, 18, 0.76530612244898
8.66021360013708, 12, 90, 1, 1, 0.5
8.65947245551014, 11, 66, 0, 17, 0.744897959183674
8.60798588507404, 11, 40, 0, 20, 0.806122448979592
8.50533884985103, 10, 51, 2, 566, 0.157736544521678
8.4431376127559, 10, 10, 16, 4152, 0.574896326650799
8.40053405318388, 11, 42, 0, 20, 0.806122448979592
8.39718128371772, 10, 29, 15, 3432, 0.622459686326486
8.37955633026342, 9, 45, 10, 925, 0.071557183658264
8.3754026645961, 11, 20, 17, 1581, 0.261292524746843
8.36641138443886, 11, 45, 11, 1555, 0.119214926096438
8.27344254106755, 11, 35, 2, 1081, 0.275680595215072
8.22818796822587, 11, 11, 7, 115, 0.0114477133702301
8.16364025116332, 12, 20, 2, 2134, 0.656363408834939
8.07555049468821, 6, 87, 17, 3210, 0.450335646831266
8.04638776374419, 7, 43, 16, 1415, 0.393529310725591
8.0190517241379, 11, 16, 2, 2036, 0.586216311532292
8.01130331986486, 13, 10, 2, 1027, 0.264429301145607
7.97741242119061, 9, 125, 4, 190, 0.02661614111066
7.95442602625458, 7, 44, 16, 1415, 0.393529310725591
7.85887505722045, 11, 51, 11, 1555, 0.119214926096438
7.74819369403893, 12, 29, 15, 2036, 0.536392754583609
7.73089828471096, 4, 10, 2, 1710, 0.426404705293455
7.70749487771124, 10, 12, 16, 4152, 0.574896326650799
7.65621592546527, 7, 10, 18, 1084, 0.199559843155378
7.62828929249159, 7, 38, 2, 1967, 0.536706067052707
7.54746236950078, 10, 82, 2, 2090, 0.626375126562838
7.51677188473716, 11, 17, 12, 1386, 0.0757042898487013
7.42186671748442, 6, 103, 17, 3210, 0.450335646831266
7.34453009095835, 11, 152, 11, 867, 0.0710867458202084
7.34032252240574, 7, 10, 18, 4340, 0.477271478428229
7.32780703468824, 8, 32, 11, 829, 0.0686031015265326
7.10826859070157, 12, 12, 2, 2112, 0.641687807874768
7.01008979757045, 10, 132, 7, 429, 0.0299155257792019
6.97221231101621, 9, 65, 10, 925, 0.071557183658264
6.97044498338269, 10, 28, 0, 6, 0.459183673469388
6.88231339364138, 9, 117, 5, 205, 0.0378430344345394
6.80776357623949, 7, 18, 12, 1719, 0.0902113785397663
6.80140299849479, 10, 18, 12, 406, 0.0349305784518445
6.7178155907134, 8, 13, 2, 725, 0.19412520904199
6.67038899840684, 9, 21, 4, 513, 0.0996977489060315
6.60925516763113, 9, 67, 2, 972, 0.251494294717921
6.49725384573875, 11, 12, 4, 422, 0.0789461812604322
6.45841160185495, 7, 20, 12, 1719, 0.0902113785397663
6.43585533718847, 13, 59, 2, 1435, 0.35874449664964
6.26729228108093, 10, 12, 2, 820, 0.212614190964835
6.25394596523304, 8, 15, 2, 725, 0.19412520904199
6.11948338143427, 7, 13, 13, 164, 0.018864605323068
6.10679485727153, 13, 10, 2, 1881, 0.48219019123787
6.10161474529489, 12, 10, 14, 2797, 0.0250757379267194
6.10161474529489, 12, 10, 14, 2797, 0.0250757379267194
6.04668938110969, 12, 15, 2, 1630, 0.403902117154526
6.04540594479063, 9, 27, 6, 214, 0.0329090120063648
6.00453260046107, 6, 28, 2, 2180, 0.685555340667342
5.98331617992554, 10, 22, 15, 3210, 0.607010713496797
5.88213761721416, 13, 10, 17, 391, 0.120448856525202
5.86306711767546, 12, 11, 13, 2284, 0.0892938449439133
5.82260043660579, 13, 11, 2, 1881, 0.48219019123787
5.81201029098943, 13, 19, 2, 1027, 0.264429301145607
5.73079732364877, 10, 20, 2, 760, 0.203064811549357
5.66457737730381, 11, 12, 2, 2287, 0.754314512917942
5.60839816280789, 13, 11, 17, 391, 0.120448856525202
5.58283093253788, 13, 10, 16, 2319, 0.455254827865433
5.55451041039343, 9, 15, 6, 215, 0.033053667004195
5.49274920634924, 13, 81, 2, 1435, 0.35874449664964
5.47753310135554, 9, 20, 2, 2113, 0.643189497275344
5.46410085464781, 10, 22, 2, 760, 0.203064811549357
5.42147831272848, 10, 78, 3, 443, 0.0498688987494958
5.38294497344493, 12, 46, 2, 2134, 0.656363408834939
5.36264313725484, 12, 25, 4, 242, 0.0383452880407813
5.32522965815297, 7, 19, 18, 4340, 0.477271478428229
5.25850423101877, 12, 26, 4, 242, 0.0383452880407813
5.24370444780526, 12, 19, 2, 1918, 0.506672279041194
5.23619062942641, 11, 39, 12, 1468, 0.0789647213979558
5.23619062942628, 11, 39, 12, 1468, 0.0789647213979558
5.22505701308528, 11, 39, 17, 1892, 0.29313630674707
5.15299808942413, 8, 18, 16, 2546, 0.469726155129684
5.07481665141252, 5, 22, 2, 2170, 0.679798864631802
5.06387910689004, 8, 109, 16, 2808, 0.485467327558707
4.98241524311595, 11, 30, 7, 115, 0.0114477133702301
4.96680780785636, 9, 40, 6, 214, 0.0329090120063648
4.9230287489104, 8, 132, 2, 2189, 0.690925017917885
4.89103161142926, 7, 40, 3, 629, 0.0687273093989512
4.85876702895567, 5, 24, 2, 2170, 0.679798864631802
4.8490561991719, 11, 11, 2, 2046, 0.592928408095471
4.84453352900323, 11, 11, 18, 2035, 0.255488223268291
4.84453352900322, 11, 11, 18, 2035, 0.255488223268291
4.83483506261016, 6, 10, 2, 1334, 0.332269257460097
4.74047814916667, 8, 13, 13, 2003, 0.0786352911958277
4.72815447318178, 9, 12, 3, 136, 0.0189088342073417
4.72188863321373, 12, 12, 16, 2056, 0.438955414325326
4.71890217391303, 10, 25, 2, 948, 0.245278210714326
4.63818462683981, 12, 12, 2, 1729, 0.435007565329177
4.5998127010112, 10, 54, 15, 1476, 0.50160150209852
4.58969797092567, 12, 17, 12, 1314, 0.0725171264241492
4.57887616182458, 10, 12, 2, 537, 0.148958487389222
4.56803904533168, 8, 14, 13, 2003, 0.0786352911958277
4.5090023723093, 12, 18, 2, 2233, 0.721459369062923
4.48567181962424, 9, 23, 6, 215, 0.033053667004195
4.48258291949009, 12, 26, 2, 1918, 0.506672279041194
4.4477796449024, 11, 51, 2, 715, 0.191276549754838
4.41971248847355, 11, 13, 2, 2090, 0.626375126562838
4.41361538461537, 13, 16, 16, 2319, 0.455254827865433
4.41358037601415, 6, 12, 2, 1334, 0.332269257460097
4.35989961483889, 9, 79, 2, 829, 0.2168302977213
4.27159991729605, 5, 190, 18, 319, 0.131859662668528
4.2433764425112, 12, 21, 13, 2284, 0.0892938449439133
4.24186584514051, 10, 11, 11, 1699, 0.130451902108069
4.23921558498658, 10, 14, 2, 537, 0.148958487389222
4.19924332765304, 4, 18, 2, 2152, 0.664053878795463
4.18242157505451, 11, 12, 2, 1567, 0.388277721527628
4.18136961234068, 10, 17, 11, 1138, 0.0891991761570148
4.17452502620605, 12, 21, 2, 2233, 0.721459369062923
4.17414007623628, 10, 15, 15, 2175, 0.545339076651204
4.16521012802223, 4, 212, 2, 2314, 0.776521313750697
4.16499172033694, 10, 48, 12, 406, 0.0349305784518445
4.16097800651215, 10, 12, 16, 2747, 0.482252840281697
4.1524836443587, 11, 15, 2, 2046, 0.592928408095471
4.14062582408897, 9, 35, 2, 2113, 0.643189497275344
4.11610368977054, 9, 10, 2, 1596, 0.39672358676238
4.09406385458805, 12, 10, 13, 999, 0.0478600107620348
4.07235365733796, 14, 15, 2, 1524, 0.376792072900195
4.06356084402108, 10, 18, 11, 1138, 0.0891991761570148
4.04176046809194, 11, 12, 2, 563, 0.15590721379734
4.03346640841665, 9, 12, 15, 3098, 0.599942014579192
3.94295798208384, 12, 39, 2, 2112, 0.641687807874768
3.93301448245385, 12, 11, 15, 4206, 0.683772365805169
3.9154385017046, 9, 10, 2, 2193, 0.691675862618173
3.91469251792319, 4, 39, 2, 1710, 0.426404705293455
3.90042064688008, 7, 32, 13, 164, 0.018864605323068
3.84090129274375, 4, 46, 18, 2672, 0.294311916781614
3.82798239579718, 11, 12, 2, 1968, 0.537434158883289
3.81833966773281, 12, 11, 2, 1242, 0.308690458584089
3.81833966773278, 12, 11, 2, 1242, 0.308690458584089
3.79759986043821, 6, 70, 2, 2180, 0.685555340667342
3.78476190476185, 12, 25, 12, 1314, 0.0725171264241492
3.77507135243514, 9, 12, 12, 2830, 0.172949408359893
3.75116403332856, 5, 10, 2, 1982, 0.552360041410223
3.74087158095347, 11, 15, 2, 1567, 0.388277721527628
3.73185357597717, 13, 12, 17, 1372, 0.240442598702924
3.71719946270883, 10, 57, 15, 3210, 0.607010713496797
3.71581024096383, 3, 16, 2, 691, 0.181799979522417
3.70282590420619, 12, 40, 2, 1630, 0.403902117154526
3.70047299271629, 13, 10, 2, 1285, 0.318626636784564
3.69937377851353, 7, 11, 14, 3110, 0.028025706775904
3.68236921841507, 7, 11, 18, 151, 0.10444214628593
3.67780652302432, 11, 13, 2, 1968, 0.537434158883289
3.66608598739067, 8, 10, 2, 1857, 0.468970773938863
3.58544894035275, 13, 13, 17, 1372, 0.240442598702924
3.56497027204752, 10, 106, 2, 365, 0.114103366287073
3.54988480928448, 11, 10, 16, 549, 0.316706745515668
3.54574369851852, 12, 19, 4, 512, 0.0994721883881445
3.54499137037951, 4, 54, 18, 2672, 0.294311916781614
3.54188073727184, 7, 12, 14, 3110, 0.028025706775904
3.49832978197882, 10, 13, 12, 737, 0.0486683518335348
3.49503693615998, 9, 14, 12, 2830, 0.172949408359893
3.45596346288623, 12, 20, 4, 512, 0.0994721883881445
3.45053967083414, 8, 18, 4, 896, 0.191952000721794
3.43956197680025, 13, 10, 2, 1672, 0.416919033913152
3.43956197680025, 13, 10, 2, 1672, 0.416919033913152
3.39575801272854, 11, 17, 2, 563, 0.15590721379734
3.37107492845107, 10, 14, 12, 737, 0.0486683518335348
3.35023087842845, 12, 23, 2, 1729, 0.435007565329177
3.34666332174577, 8, 12, 2, 1857, 0.468970773938863
3.32437730370702, 9, 112, 17, 3330, 0.468028217089544
3.233275, 10, 25, 15, 2175, 0.545339076651204
3.21723804590214, 11, 10, 2, 1558, 0.386170805792881
3.21530679156907, 11, 49, 4, 422, 0.0789461812604322
3.19585295428953, 12, 140, 0, 5, 0.438775510204082
3.18238355128671, 12, 12, 2, 2137, 0.657865098235515
3.15182307692307, 10, 16, 2, 621, 0.171185765804712
3.14585190631938, 10, 20, 11, 1699, 0.130451902108069
3.12430964545694, 9, 20, 15, 3098, 0.599942014579192
3.12113056701632, 8, 22, 4, 896, 0.191952000721794
3.11406866912651, 10, 20, 2, 941, 0.244436354535216
3.08996691100587, 11, 10, 15, 2726, 0.577134415727855
3.08493992766133, 14, 13, 2, 2188, 0.690560972002594
3.05325925925926, 7, 16, 18, 151, 0.10444214628593
3.00300424679246, 9, 17, 2, 2193, 0.691675862618173
2.9711179756112, 8, 10, 4, 417, 0.0778183786709974
2.97111797561119, 8, 10, 4, 417, 0.0778183786709974
2.92744825414391, 10, 55, 2, 820, 0.212614190964835
2.90842603685152, 8, 11, 17, 1624, 0.265658778017977
2.89494031418994, 12, 20, 13, 999, 0.0478600107620348
2.89001736153837, 10, 22, 4, 378, 0.0690215184734064
2.88252828279359, 10, 67, 2, 948, 0.245278210714326
2.85402882799271, 14, 20, 2, 316, 0.103944209963482
2.83954965673896, 11, 10, 18, 3208, 0.329366661641402
2.81226442814519, 10, 10, 11, 906, 0.0736309668039738
2.71107659574474, 10, 25, 4, 378, 0.0690215184734064
2.69615793305957, 13, 10, 2, 1235, 0.307871355274684
2.6890910107606, 12, 37, 16, 2056, 0.438955414325326
2.64592791528466, 11, 18, 16, 549, 0.316706745515668
2.64592050441131, 11, 55, 2, 2287, 0.754314512917942
2.63311992578922, 11, 17, 16, 1210, 0.377512084999877
2.62686386450964, 11, 15, 2, 1558, 0.386170805792881
2.557939989891, 9, 41, 3, 136, 0.0189088342073417
2.55501341543831, 11, 11, 18, 389, 0.14008090206792
2.55172219496102, 11, 39, 2, 2090, 0.626375126562838
2.54512579957361, 4, 49, 2, 2152, 0.664053878795463
2.52444319292511, 8, 75, 16, 2546, 0.469726155129684
2.51057210413036, 7, 93, 18, 1084, 0.199559843155378
2.49329880478583, 11, 17, 2, 2195, 0.692085414272875
2.4871580834823, 14, 20, 2, 2188, 0.690560972002594
2.46514728704503, 12, 28, 15, 4206, 0.683772365805169
2.45582483088677, 10, 10, 2, 1759, 0.444436354535216
2.45582483088675, 10, 10, 2, 1759, 0.444436354535216
2.45138525646342, 15, 13, 8, 1397, 0.0891478706179162
2.43981367079988, 15, 30, 0, 6, 0.459183673469388
2.43369679928899, 14, 42, 2, 1524, 0.376792072900195
2.40458823529409, 10, 16, 17, 412, 0.124132438275117
2.40293410135959, 8, 10, 15, 2927, 0.589118069361608
2.40013925971411, 15, 31, 0, 6, 0.459183673469388
2.37935003625799, 6, 18, 2, 1029, 0.266645430654941
2.36251977807976, 11, 22, 17, 2678, 0.378968028217089
2.32932618880294, 13, 14, 2, 2253, 0.73451951627399
2.31652731210845, 14, 29, 2, 1883, 0.4863084606546
2.31648866666666, 9, 16, 2, 2077, 0.617456001638207
2.31089960966463, 12, 14, 13, 1203, 0.0538515667039199
2.29696555385846, 13, 10, 17, 1852, 0.28770337922403
2.27759130694822, 14, 30, 2, 1883, 0.4863084606546
2.27663098677546, 13, 11, 17, 716, 0.167140744111958
2.26997430734923, 11, 11, 7, 1289, 0.0929799009612584
2.26706752951717, 10, 18, 17, 412, 0.124132438275117
2.26336792452832, 10, 16, 15, 4459, 0.719253920918931
2.21119180510633, 16, 12, 3, 183, 0.0236486486486487
2.20140373398428, 13, 15, 2, 1235, 0.307871355274684
2.18493655641428, 11, 20, 15, 2726, 0.577134415727855
2.17299256309109, 13, 29, 2, 1285, 0.318626636784564
2.10809802956799, 14, 10, 15, 878, 0.455226971504308
2.09253412386664, 13, 10, 2, 958, 0.248283864802448
2.08335907345049, 12, 28, 2, 2137, 0.657865098235515
2.07885258581598, 12, 10, 15, 3259, 0.610683123481334
2.07753976145404, 12, 10, 2, 1373, 0.340346526205618
2.07604577941774, 10, 45, 2, 941, 0.244436354535216
2.06124953423364, 13, 11, 2, 1959, 0.531222625453635
2.03279871863246, 9, 41, 2, 1596, 0.39672358676238
1.97973889800139, 6, 26, 2, 1029, 0.266645430654941
1.97448099561401, 10, 10, 2, 78, 0.0485411997588196
1.97349617992543, 13, 12, 2, 1959, 0.531222625453635
1.9495903013951, 13, 15, 17, 716, 0.167140744111958
1.94282716505299, 10, 13, 17, 1563, 0.259713846854022
1.92898932117635, 11, 33, 17, 2678, 0.378968028217089
1.92047319184941, 13, 12, 15, 111, 0.231154738237243
1.91776328700911, 11, 10, 17, 3830, 0.547772784162021
1.91776328700911, 11, 10, 17, 3830, 0.547772784162021
1.90509980237911, 11, 10, 2, 1039, 0.267218802971525
1.90069915025059, 13, 10, 15, 1636, 0.511058648111332
1.89772409163225, 12, 12, 15, 3259, 0.610683123481334
1.88259376249434, 10, 11, 2, 78, 0.0485411997588196
1.87215510103202, 10, 14, 17, 1563, 0.259713846854022
1.8670106756454, 5, 14, 2, 1264, 0.313750696806635
1.86203533024331, 9, 10, 15, 1141, 0.478145018776232
1.85777270799384, 16, 17, 3, 183, 0.0236486486486487
1.85640395239062, 8, 27, 17, 1624, 0.265658778017977
1.84931372469977, 13, 10, 16, 762, 0.340318504159203
1.84892428231796, 14, 13, 15, 878, 0.455226971504308
1.81731582900149, 13, 23, 2, 2253, 0.73451951627399
1.81583388988812, 3, 67, 2, 691, 0.181799979522417
1.80293960548096, 12, 23, 13, 1203, 0.0538515667039199
1.80104175824187, 10, 49, 2, 621, 0.171185765804712
1.79380200273054, 10, 10, 11, 371, 0.0394657135934093
1.7938020027305, 10, 10, 11, 371, 0.0394657135934093
1.78829728595126, 5, 44, 2, 1982, 0.552360041410223
1.76095655674637, 10, 67, 16, 2747, 0.482252840281697
1.74939897237464, 12, 11, 2, 2299, 0.762846839057576
1.74549482097996, 7, 12, 2, 2420, 0.87663394045574
1.74467571791052, 12, 15, 2, 1376, 0.341006359427083
1.74327162111582, 8, 19, 15, 2927, 0.589118069361608
1.73911022676939, 11, 12, 2, 1039, 0.267218802971525
1.73419306883634, 11, 10, 17, 1460, 0.250128000910229
1.71658417533916, 11, 40, 16, 1210, 0.377512084999877
1.7120570401343, 13, 18, 17, 1852, 0.28770337922403
1.6997979220764, 9, 12, 15, 1141, 0.478145018776232
1.69533391007987, 15, 15, 0, 6, 0.459183673469388
1.69533391007986, 15, 15, 0, 6, 0.459183673469388
1.66317857142855, 13, 16, 15, 111, 0.231154738237243
1.64128593174817, 15, 29, 8, 1397, 0.0891478706179162
1.63421215299239, 14, 61, 2, 316, 0.103944209963482
1.62195543246251, 13, 13, 16, 762, 0.340318504159203
1.59765191276253, 6, 12, 2, 2008, 0.5642597922663
1.59725886299713, 10, 31, 11, 906, 0.0736309668039738
1.59100617310463, 11, 14, 16, 4961, 0.648259023875543
1.57294565614649, 11, 10, 6, 115, 0.0185881672211775
1.5178031354641, 11, 35, 18, 3208, 0.329366661641402
1.51164285714285, 7, 16, 2, 2420, 0.87663394045574
1.50263461538462, 13, 16, 15, 1636, 0.511058648111332
1.48838157876749, 10, 37, 15, 4459, 0.719253920918931
1.47567687011759, 11, 10, 4, 431, 0.0809762259214147
1.47567687011756, 11, 10, 4, 431, 0.0809762259214147
1.47045911197831, 13, 10, 17, 902, 0.187862669245648
1.47045911197829, 13, 10, 17, 902, 0.187862669245648
1.45383053901809, 11, 50, 2, 2195, 0.692085414272875
1.4358963626687, 11, 12, 6, 115, 0.0185881672211775
1.42961549155839, 14, 12, 7, 443, 0.0307311389455287
1.39312044340454, 11, 37, 18, 389, 0.14008090206792
1.36988915140607, 12, 23, 2, 1373, 0.340346526205618
1.35700407270329, 11, 12, 2, 547, 0.15019169292727
1.35677523009525, 11, 10, 15, 3648, 0.636638502319417
1.35677523009522, 11, 10, 15, 3648, 0.636638502319417
1.33006536769923, 11, 17, 17, 1460, 0.250128000910229
1.3178348849639, 8, 12, 2, 1980, 0.547650197381145
1.30376734120778, 11, 13, 2, 547, 0.15019169292727
1.27888258172954, 7, 10, 2, 878, 0.232570732983698
1.23953002122824, 12, 10, 7, 275, 0.0209437809496068
1.22130879879237, 11, 38, 7, 1289, 0.0929799009612584
1.206324547251, 9, 59, 2, 2077, 0.617456001638207
1.1978574710012, 6, 12, 16, 2624, 0.474879150001227
1.19785747100113, 6, 12, 16, 2624, 0.474879150001227
1.19207569336974, 10, 11, 16, 2975, 0.496147522881751
1.18184550348792, 12, 11, 7, 275, 0.0209437809496068
1.1808012301778, 5, 35, 2, 1264, 0.313750696806635
1.17320501192248, 15, 10, 17, 4805, 0.696822732961657
1.17320501192246, 15, 10, 17, 4805, 0.696822732961657
1.16843850192648, 14, 14, 16, 2528, 0.468799842956347
1.16745473068954, 7, 12, 2, 878, 0.232570732983698
1.15400813071214, 6, 23, 2, 2008, 0.5642597922663
1.14215836292527, 12, 35, 2, 1376, 0.341006359427083
1.12881883574459, 14, 15, 16, 2528, 0.468799842956347
1.12858527413749, 10, 10, 17, 2763, 0.390388553874161
1.12858527413749, 10, 10, 17, 2763, 0.390388553874161
1.10286231884057, 13, 36, 2, 958, 0.248283864802448
1.0774229216371, 12, 29, 2, 2299, 0.762846839057576
1.04695897089364, 6, 20, 13, 1428, 0.0608054969162631
1.02902963276842, 11, 10, 17, 3126, 0.43874445329389
1.02590798807699, 13, 20, 17, 3520, 0.502019569916941
1.0259079880769, 13, 20, 17, 3520, 0.502019569916941
1.01240327128441, 7, 24, 15, 1456, 0.50035895736691
1.01089080857024, 14, 24, 7, 443, 0.0307311389455287
0.998236211222172, 6, 22, 13, 1428, 0.0608054969162631
0.958176079851725, 16, 15, 17, 4360, 0.624758220502901
0.958176079851697, 16, 15, 17, 4360, 0.624758220502901
0.94125194554911, 11, 40, 16, 4961, 0.648259023875543
0.921027742513372, 6, 10, 11, 2167, 0.174370002423068
0.911325576769911, 12, 11, 2, 1625, 0.403424306890707
0.902197816446037, 15, 10, 12, 717, 0.0478990365241602
0.902197816446026, 15, 10, 12, 717, 0.0478990365241602
0.871998064791437, 14, 10, 2, 1960, 0.531472907020398
0.871998064791393, 14, 10, 2, 1960, 0.531472907020398
0.850003933814436, 15, 12, 14, 3294, 0.030173508704848
0.850003933814424, 15, 12, 14, 3294, 0.030173508704848
0.841603372444386, 8, 11, 2, 793, 0.208068167597638
0.840779451104447, 6, 12, 11, 2167, 0.174370002423068
0.82736770018138, 11, 13, 18, 3115, 0.322962971312313
0.826320245994766, 11, 10, 2, 2183, 0.68962810434466
0.81991867040293, 8, 31, 2, 1980, 0.547650197381145
0.763841845290623, 15, 14, 18, 2864, 0.306738880192519
0.757004096449152, 9, 10, 2, 1688, 0.42186778307414
0.75375469522392, 12, 12, 17, 4087, 0.583613039026055
0.752753844689206, 8, 10, 6, 372, 0.0557645016635325
0.737941330307362, 15, 15, 18, 2864, 0.306738880192519
0.731274188882484, 7, 46, 15, 1456, 0.50035895736691
0.72657846781883, 13, 10, 2, 1172, 0.291689514339996
0.712896323039162, 13, 14, 17, 1990, 0.302181704403231
0.710097909116199, 11, 21, 17, 3126, 0.43874445329389
0.688723279875555, 13, 15, 17, 1990, 0.302181704403231
0.680364038585231, 7, 10, 18, 2729, 0.298285163586461
0.68036403858522, 7, 10, 18, 2729, 0.298285163586461
0.680054467075485, 12, 12, 18, 881, 0.184336108500635
0.664595238474979, 13, 11, 2, 1194, 0.298927202193377
0.637831404055936, 12, 10, 14, 2326, 0.0214238730223243
0.636301497001725, 13, 12, 2, 1194, 0.298927202193377
0.636193114602377, 8, 14, 6, 372, 0.0557645016635325
0.629767596022587, 14, 10, 18, 4445, 0.508965870937109
0.629767596022497, 14, 10, 18, 4445, 0.508965870937109
0.608259206713251, 12, 15, 18, 881, 0.184336108500635
0.599799999999988, 13, 16, 6, 183, 0.0284247070736294
0.57066279166479, 10, 48, 16, 2975, 0.496147522881751
0.561268802023572, 12, 29, 2, 1625, 0.403424306890707
0.550414228702242, 13, 19, 6, 183, 0.0284247070736294
0.54444841201163, 12, 23, 17, 4087, 0.583613039026055
0.544022217447895, 7, 13, 11, 1640, 0.125848073661255
0.544022217447895, 7, 13, 11, 1640, 0.125848073661255
0.541559615010159, 13, 18, 2, 1172, 0.291689514339996
0.504238748636966, 11, 35, 18, 3115, 0.322962971312313
0.5028824871717, 11, 27, 2, 2183, 0.68962810434466
0.492050403922221, 12, 10, 8, 2045, 0.12151221900064
0.492050403922177, 12, 10, 8, 2045, 0.12151221900064
0.478771428571463, 9, 25, 2, 1688, 0.42186778307414
0.471812874577728, 8, 35, 2, 793, 0.208068167597638
0.457053567101325, 10, 12, 2, 1211, 0.303188814689253
0.452655969712551, 16, 15, 10, 1664, 0.124953433503042
0.448464363929061, 12, 14, 18, 3938, 0.403900263051482
0.439122863339719, 10, 13, 2, 1211, 0.303188814689253
0.438282258064511, 16, 16, 10, 1664, 0.124953433503042
0.409439296747723, 7, 11, 3, 460, 0.0515832997176281
0.39200828168693, 7, 12, 3, 460, 0.0515832997176281
0.381177171029826, 12, 28, 14, 2326, 0.0214238730223243
0.366169619815989, 12, 21, 18, 3938, 0.403900263051482
0.35534011753976, 10, 14, 2, 2269, 0.746373761390655
0.316875280013935, 13, 10, 2, 1698, 0.423658433919978
0.302128724949985, 13, 11, 2, 1698, 0.423658433919978
0.267844917816267, 13, 10, 12, 1764, 0.0924826904055391
0.267844917816244, 13, 10, 12, 1764, 0.0924826904055391
0.255874129057437, 10, 27, 2, 2269, 0.746373761390655
0.232686460090635, 11, 13, 9, 134, 0.0742431523306103
0.224222283400009, 11, 14, 9, 134, 0.0742431523306103
0.202688248983494, 10, 10, 15, 1608, 0.509622818643693
0.177769354190269, 10, 13, 15, 1608, 0.509622818643693
0.120776564647938, 9, 10, 2, 1573, 0.38960648911844
0.0833437476392319, 9, 21, 2, 1573, 0.38960648911844
0.0322146901124375, 5, 10, 14, 1732, 0.0168515215769532
0.0189171173994142, 5, 29, 14, 1732, 0.0168515215769532
