norm, level, Npoints, dimSplit, MainGridIndexSplit
1305.6608862673, 0, 3760, -1, -1, -1
111.892509980335, 2, 672, 0, 12, 0.602040816326531
98.0743944542069, 2, 963, 0, 14, 0.642857142857143
92.0153151458411, 2, 1094, 0, 14, 0.642857142857143
90.3350563840474, 2, 1031, 0, 12, 0.602040816326531
89.0941134798684, 3, 181, 0, 11, 0.571428571428571
87.7713319554757, 5, 104, 0, 4, 0.418367346938776
83.5216907021165, 3, 47, 17, 4825, 0.700833428148822
80.1330272203688, 4, 62, 17, 4760, 0.687179997724428
78.1220580024998, 3, 252, 0, 16, 0.724489795918367
76.4877754216868, 7, 25, 0, 3, 0.397959183673469
66.9072855037183, 4, 384, 1, 1, 0.5
66.4730875894435, 5, 61, 0, 22, 0.928571428571429
66.1186838068158, 3, 496, 17, 3089, 0.433297303447491
65.6093967175969, 5, 41, 0, 2, 0.326530612244898
63.6304797553843, 1, 1703, 15, 2624, 0.57130826154186
60.735982924034, 4, 466, 1, 1, 0.5
60.2163525826699, 3, 598, 17, 3089, 0.433297303447491
59.8284323488048, 4, 100, 0, 17, 0.744897959183674
59.2528389864118, 4, 156, 16, 4670, 0.619524942948985
57.8969086804815, 1, 2057, 15, 2624, 0.57130826154186
53.492185616779, 5, 280, 0, 4, 0.418367346938776
52.8938870803508, 6, 21, 17, 2453, 0.353552736375014
50.9502435897436, 5, 36, 0, 7, 0.479591836734694
50.2166847399862, 7, 58, 0, 3, 0.397959183673469
48.5622916485523, 8, 15, 0, 10, 0.540816326530612
46.5092295867213, 3, 711, 0, 16, 0.724489795918367
45.7752361914641, 4, 190, 17, 4760, 0.687179997724428
44.9393116118342, 6, 97, 0, 11, 0.571428571428571
42.5793325477278, 4, 53, 10, 731, 0.0588290078231715
41.1129684889048, 3, 850, 0, 11, 0.571428571428571
40.1696561333464, 7, 85, 0, 5, 0.438775510204082
39.2152286139158, 7, 22, 11, 597, 0.0535195056942089
37.4050478628846, 5, 122, 12, 511, 0.0392900318716342
36.9414724920418, 5, 61, 17, 295, 0.104790078507225
36.0556972133943, 4, 18, 0, 22, 0.928571428571429
35.7475167215467, 5, 14, 4, 484, 0.092930933369423
35.201431762073, 4, 442, 16, 4670, 0.619524942948985
34.4280015912942, 9, 12, 0, 12, 0.602040816326531
33.9167556951804, 6, 156, 0, 13, 0.622448979591837
32.9978720703789, 7, 72, 14, 3030, 0.0272068280448251
32.3572741894295, 7, 131, 0, 5, 0.438775510204082
32.0827556484841, 7, 26, 10, 2414, 0.247764808146033
31.8051787335581, 9, 13, 2, 2418, 0.874586182182228
31.4986372875564, 5, 11, 4, 879, 0.187666350881942
30.7879493052332, 6, 128, 0, 6, 0.459183673469388
30.1755709046627, 9, 20, 0, 14, 0.642857142857143
29.6152788480528, 4, 55, 8, 393, 0.0427006062431751
28.8448830919255, 6, 10, 4, 469, 0.0895475256011188
27.9065977244855, 5, 120, 0, 7, 0.479591836734694
27.2277089047323, 8, 23, 0, 14, 0.642857142857143
26.6057854700829, 6, 83, 17, 2453, 0.353552736375014
26.3207787228601, 6, 205, 18, 2291, 0.269810228151722
26.3027952636811, 7, 27, 0, 5, 0.438775510204082
26.1486811994502, 7, 107, 6, 178, 0.0277014320844785
25.8813737463034, 10, 15, 14, 5206, 0.103077112306043
25.7280516275751, 8, 22, 0, 10, 0.540816326530612
25.384901984906, 6, 304, 0, 11, 0.571428571428571
25.3163082706766, 8, 49, 0, 19, 0.785714285714286
25.0792566564706, 7, 41, 2, 760, 0.203064811549357
24.5546632696362, 9, 41, 6, 179, 0.0278460870823087
24.43162693275, 9, 63, 0, 4, 0.418367346938776
24.2787521827697, 7, 133, 14, 3030, 0.0272068280448251
24.2039929795971, 4, 611, 0, 17, 0.744897959183674
23.9768255456952, 9, 43, 6, 179, 0.0278460870823087
23.9506051128356, 8, 21, 2, 2233, 0.721459369062923
23.7376449387653, 5, 216, 1, 1, 0.5
23.7005744255642, 6, 216, 0, 6, 0.459183673469388
23.3082012938157, 10, 50, 1, 1, 0.5
23.2945787315854, 14, 10, 4, 352, 0.0631569450083457
23.1553620818939, 5, 227, 1, 1, 0.5
22.9038345238095, 3, 625, 17, 4825, 0.700833428148822
22.8917415558111, 8, 26, 0, 9, 0.520408163265306
22.7647345496393, 6, 80, 8, 2379, 0.142297699288323
22.2756768413216, 5, 344, 12, 511, 0.0392900318716342
22.2564379931484, 8, 28, 4, 406, 0.075337212974241
22.1375433388663, 5, 550, 0, 22, 0.928571428571429
21.9459211521604, 5, 34, 13, 1664, 0.0678111676807815
21.8894144068158, 8, 60, 18, 493, 0.151493419486099
21.8732469860586, 13, 26, 0, 19, 0.785714285714286
21.6299263804976, 6, 134, 2, 1835, 0.467027678865997
21.525459576234, 6, 77, 2, 1139, 0.285179918317198
21.464365194555, 13, 27, 0, 19, 0.785714285714286
21.4508397680524, 6, 390, 0, 13, 0.622448979591837
20.9790484751221, 5, 401, 0, 2, 0.326530612244898
20.8458015625, 7, 25, 0, 10, 0.540816326530612
20.721968661476, 6, 146, 2, 1835, 0.467027678865997
20.5490810906502, 7, 26, 16, 1668, 0.413178170932201
20.2892557758409, 6, 345, 18, 2291, 0.269810228151722
20.0198443425991, 9, 33, 8, 1024, 0.0714500884889107
19.8301011334414, 11, 57, 0, 21, 0.836734693877551
19.6734147616523, 11, 10, 1, 1, 0.5
19.606567792894, 9, 37, 0, 12, 0.602040816326531
19.5664437337498, 4, 126, 8, 393, 0.0427006062431751
19.380758939583, 8, 20, 6, 227, 0.0347895269781571
19.3356498278688, 8, 84, 0, 19, 0.785714285714286
19.0353968933592, 9, 11, 15, 2092, 0.540106582725867
19.0138340391807, 8, 13, 14, 4954, 0.0694094981911136
18.8754132485331, 5, 19, 14, 2573, 0.0233463997411675
18.6192919730546, 6, 24, 4, 469, 0.0895475256011188
18.5988848951104, 7, 54, 0, 5, 0.438775510204082
18.5007706115633, 10, 15, 17, 3620, 0.517578791671407
18.3513477876472, 7, 10, 2, 1880, 0.481894403931696
18.234487235013, 13, 10, 17, 1602, 0.263283650017067
17.9864268803299, 7, 28, 0, 11, 0.571428571428571
17.902222108878, 9, 17, 17, 397, 0.121216861986574
17.8661263170746, 14, 17, 4, 352, 0.0631569450083457
17.7595020204088, 8, 13, 14, 4575, 0.0521194586977622
17.7009161783669, 8, 15, 14, 4954, 0.0694094981911136
17.6157173594674, 9, 10, 6, 130, 0.0207579921886301
17.4973235777565, 7, 11, 2, 1880, 0.481894403931696
17.2407168441751, 6, 11, 8, 3219, 0.243645743118575
17.1941169048679, 12, 43, 15, 3416, 0.621631323172079
17.1842891264745, 7, 62, 0, 11, 0.571428571428571
17.0985963257621, 7, 21, 0, 6, 0.459183673469388
16.8123332838467, 8, 24, 2, 1857, 0.468970773938863
16.7937976745877, 6, 147, 8, 2379, 0.142297699288323
16.6981353181725, 11, 15, 18, 1762, 0.239397982661427
16.4198356448585, 9, 15, 0, 19, 0.785714285714286
16.2675341645402, 10, 18, 0, 18, 0.76530612244898
16.1314254991602, 7, 11, 2, 1716, 0.427292067211977
16.1065618105322, 7, 69, 0, 5, 0.438775510204082
16.1039561133662, 9, 51, 8, 1024, 0.0714500884889107
16.0786085252182, 7, 283, 6, 178, 0.0277014320844785
16.0632758880622, 11, 15, 1, 1, 0.5
16.021028575002, 6, 139, 2, 1139, 0.285179918317198
15.9518640697423, 9, 11, 17, 3413, 0.48018830356127
15.9331797903853, 8, 12, 0, 5, 0.438775510204082
15.885608974359, 6, 16, 4, 1014, 0.232191997112825
15.4873163040231, 12, 53, 15, 3416, 0.621631323172079
15.2801191384095, 11, 96, 0, 21, 0.836734693877551
15.2727470796156, 9, 12, 17, 3413, 0.48018830356127
15.2723276649038, 7, 38, 0, 12, 0.602040816326531
15.2469166572531, 7, 77, 0, 5, 0.438775510204082
15.2036535354959, 8, 63, 0, 10, 0.540816326530612
14.97468405476, 7, 115, 2, 760, 0.203064811549357
14.8863894521326, 5, 13, 2, 2267, 0.744985836338608
14.8167176369723, 8, 38, 16, 2473, 0.465303167864942
14.7512581032285, 8, 14, 0, 5, 0.438775510204082
14.727699727304, 4, 443, 10, 731, 0.0588290078231715
14.6763463767588, 7, 85, 0, 11, 0.571428571428571
14.6762279216925, 8, 10, 18, 3739, 0.377228787159368
14.6286085949949, 5, 51, 4, 879, 0.187666350881942
14.622419932011, 9, 19, 0, 9, 0.520408163265306
14.5346268292683, 14, 25, 2, 2131, 0.653405535773199
14.423168266515, 5, 86, 4, 484, 0.092930933369423
14.4081313838754, 11, 10, 10, 864, 0.0676145535825158
14.3908156862745, 8, 36, 2, 2026, 0.578230054265594
14.2473920088903, 8, 84, 0, 14, 0.642857142857143
14.1251852780469, 8, 34, 2, 1857, 0.468970773938863
14.1102208270074, 5, 34, 14, 2573, 0.0233463997411675
14.0024751284353, 9, 10, 14, 2904, 0.0258959536026653
13.8034604651163, 10, 25, 0, 18, 0.76530612244898
13.7982865334526, 11, 12, 3, 350, 0.0404901169826543
13.7497543082386, 8, 11, 2, 1162, 0.289578048031308
13.693156007008, 8, 52, 0, 12, 0.602040816326531
13.6711840872056, 10, 15, 0, 18, 0.76530612244898
13.5771175827536, 9, 204, 0, 4, 0.418367346938776
13.5456379790124, 8, 17, 0, 10, 0.540816326530612
13.4858034379002, 6, 44, 2, 1879, 0.481166312101114
13.3500795419068, 12, 44, 17, 2239, 0.329118784844692
13.3244118136876, 10, 153, 1, 1, 0.5
13.3020980758526, 8, 77, 0, 9, 0.520408163265306
13.220343283894, 12, 10, 2, 2292, 0.75706761015233
13.1984289958201, 7, 52, 0, 11, 0.571428571428571
12.935372056604, 9, 19, 0, 20, 0.806122448979592
12.9081806968951, 10, 79, 2, 1879, 0.481166312101114
12.6427139092612, 8, 61, 0, 12, 0.602040816326531
12.3530373383161, 6, 41, 16, 818, 0.344581993963635
12.3476070098378, 5, 546, 17, 295, 0.104790078507225
12.3349848739496, 8, 49, 2, 2026, 0.578230054265594
12.2648002166323, 9, 14, 6, 281, 0.0426008968609866
12.2566285819519, 7, 59, 0, 12, 0.602040816326531
12.1878545484141, 8, 14, 2, 1162, 0.289578048031308
12.1018589633649, 11, 53, 3, 438, 0.0493646631706333
12.0313905104189, 6, 14, 16, 3059, 0.501460015213604
12.0194364560432, 8, 52, 6, 227, 0.0347895269781571
11.9421960784314, 10, 36, 17, 3620, 0.517578791671407
11.9226038089153, 8, 12, 15, 3718, 0.64177435387674
11.8979231518091, 10, 10, 2, 2227, 0.716112444682085
11.6867441386374, 10, 22, 2, 1891, 0.490540494419859
11.6300714646712, 14, 11, 2, 2216, 0.71001467560096
11.6025769230769, 8, 16, 18, 3739, 0.377228787159368
11.5812706051889, 13, 15, 11, 1733, 0.132996123091834
11.5103670178383, 8, 267, 0, 10, 0.540816326530612
11.4361977777778, 6, 25, 8, 3219, 0.243645743118575
11.4298612498016, 10, 23, 2, 1891, 0.490540494419859
11.3542208394827, 8, 223, 18, 493, 0.151493419486099
11.3204114233795, 8, 94, 2, 2233, 0.721459369062923
10.9580262866749, 7, 14, 12, 1759, 0.0922262519690809
10.9532131066314, 7, 282, 11, 597, 0.0535195056942089
10.9403161828855, 10, 10, 17, 2881, 0.403686426214586
10.9314955800202, 11, 35, 18, 1762, 0.239397982661427
10.921026689725, 7, 24, 2, 1716, 0.427292067211977
10.8297421376437, 8, 17, 4, 235, 0.0367663644155727
10.663901034213, 8, 15, 15, 3718, 0.64177435387674
10.527404680992, 9, 28, 6, 130, 0.0207579921886301
10.4368287468104, 9, 18, 14, 2904, 0.0258959536026653
10.3840097398206, 10, 26, 0, 18, 0.76530612244898
10.3506071428571, 7, 16, 2, 649, 0.176029851765054
10.29425916812, 9, 30, 0, 20, 0.806122448979592
10.2699893031672, 7, 103, 0, 10, 0.540816326530612
10.2618006932085, 10, 125, 2, 1879, 0.481166312101114
10.2611578243356, 6, 76, 2, 1879, 0.481166312101114
10.2454484820601, 5, 156, 13, 1664, 0.0678111676807815
10.0661835036888, 6, 20, 16, 3059, 0.501460015213604
10.0488957218146, 8, 11, 15, 4228, 0.68625745526839
10.0377548607042, 13, 33, 17, 1602, 0.263283650017067
9.99634093518552, 6, 43, 16, 891, 0.349569356857164
9.85976015609538, 9, 41, 15, 2092, 0.540106582725867
9.85688882480827, 7, 113, 16, 1668, 0.413178170932201
9.75686197655932, 11, 24, 3, 350, 0.0404901169826543
9.73853301456594, 7, 29, 0, 2, 0.326530612244898
9.62579176661585, 14, 57, 2, 2131, 0.653405535773199
9.62141255091926, 7, 11, 2, 1940, 0.522940580880764
9.61570314015828, 10, 21, 2, 1707, 0.426074788682723
9.61404122672811, 6, 19, 2, 1786, 0.452185981956974
9.60881239551083, 9, 44, 0, 9, 0.520408163265306
9.4799965296085, 9, 45, 0, 19, 0.785714285714286
9.47158092734685, 9, 203, 0, 14, 0.642857142857143
9.47114157729859, 8, 93, 16, 2473, 0.465303167864942
9.46683860709633, 10, 12, 0, 17, 0.744897959183674
9.45544928609962, 13, 82, 4, 680, 0.137591915911039
9.44038927828395, 8, 35, 0, 10, 0.540816326530612
9.34220628739501, 13, 84, 4, 680, 0.137591915911039
9.24363963243811, 8, 13, 15, 4228, 0.68625745526839
9.1593150179896, 7, 319, 10, 2414, 0.247764808146033
9.14754216589867, 8, 49, 14, 4575, 0.0521194586977622
9.11458618336005, 8, 24, 4, 235, 0.0367663644155727
9.10607724681057, 6, 26, 3, 233, 0.0286910044372731
9.09730736234762, 6, 20, 2, 2086, 0.625965574908135
8.93452442005247, 6, 22, 2, 1786, 0.452185981956974
8.88860727674819, 6, 17, 2, 2138, 0.657978862584043
8.87770624958866, 7, 26, 16, 2611, 0.473989644934115
8.82684179628519, 11, 12, 2, 1411, 0.350134810753006
8.78867030965407, 6, 81, 16, 818, 0.344581993963635
8.74875737462182, 7, 10, 17, 804, 0.177380816930253
8.66441942942516, 7, 10, 2, 1730, 0.435014391190089
8.66441942942514, 7, 10, 2, 1730, 0.435014391190089
8.6319112150786, 9, 10, 4, 476, 0.0911264492263274
8.6319112150786, 9, 10, 4, 476, 0.0911264492263274
8.58994886923963, 10, 21, 2, 1878, 0.480620243228177
8.54717159933745, 10, 17, 2, 1337, 0.33476069669287
8.48047972407313, 8, 10, 16, 2760, 0.483001251441612
8.48025306329394, 10, 27, 2, 1707, 0.426074788682723
8.46690341348168, 9, 76, 17, 397, 0.121216861986574
8.38261519381704, 8, 20, 17, 3313, 0.465311753328023
8.32919135963932, 13, 29, 11, 1733, 0.132996123091834
8.23928546345637, 7, 15, 2, 1940, 0.522940580880764
8.20798035079851, 10, 23, 2, 1878, 0.480620243228177
8.17206755251327, 11, 14, 2, 1411, 0.350134810753006
8.16527933846808, 16, 13, 16, 3431, 0.525550266238068
7.90856769838171, 11, 10, 4, 530, 0.10353227771011
7.84845155510118, 6, 35, 3, 233, 0.0286910044372731
7.84732458503258, 14, 14, 2, 2036, 0.586216311532292
7.83477028560688, 6, 70, 16, 891, 0.349569356857164
7.8193133738558, 7, 10, 14, 4905, 0.0665798543799651
7.77010330391267, 11, 11, 2, 2085, 0.623895063764917
7.64968603582942, 7, 47, 0, 2, 0.326530612244898
7.61276631533423, 4, 10, 16, 1821, 0.424232571835202
7.37272071448681, 7, 18, 17, 719, 0.167652747752873
7.37107593072057, 7, 113, 0, 6, 0.459183673469388
7.29650310295633, 8, 21, 6, 102, 0.0167076522493852
7.27004461271568, 13, 20, 16, 4038, 0.567737344489976
7.23592374199728, 11, 10, 8, 910, 0.0664608201227548
7.21449026463903, 10, 35, 17, 2681, 0.379551143474798
7.17365167426971, 8, 10, 16, 3915, 0.55951095624862
7.15625733038916, 10, 21, 0, 17, 0.744897959183674
7.05304878211322, 11, 13, 13, 2054, 0.0805600397367441
6.97051297512239, 9, 46, 1, 1, 0.5
6.96119518586867, 9, 19, 15, 92, 0.188756350784184
6.9362727210982, 11, 13, 4, 530, 0.10353227771011
6.93522217860875, 12, 15, 2, 2054, 0.595431223763097
6.92814490048542, 8, 17, 6, 101, 0.016562997251555
6.90379966599373, 8, 291, 4, 406, 0.075337212974241
6.88918246036657, 12, 11, 12, 1601, 0.0849727076235484
6.87776161030524, 9, 278, 2, 2418, 0.874586182182228
6.87315515055191, 12, 166, 17, 2239, 0.329118784844692
6.82374889673325, 9, 48, 1, 1, 0.5
6.81941320979141, 11, 10, 7, 263, 0.020244683949898
6.81450994394674, 10, 17, 15, 4669, 0.774188204108681
6.7961132311615, 9, 14, 8, 532, 0.049196068833076
6.78398426251202, 8, 14, 3, 578, 0.0634832593787818
6.77935155747899, 13, 23, 16, 4038, 0.567737344489976
6.75756625703203, 10, 31, 2, 2227, 0.716112444682085
6.74393357193527, 9, 10, 2, 2320, 0.779752221248905
6.73610477790745, 14, 19, 2, 2036, 0.586216311532292
6.69804805128037, 12, 10, 2, 1268, 0.315445785599709
6.69384369585716, 9, 47, 6, 281, 0.0426008968609866
6.68441107986344, 15, 34, 1, 1, 0.5
6.66573041804854, 10, 41, 17, 2681, 0.379551143474798
6.64593684210525, 9, 25, 2, 2144, 0.658320155629629
6.62424889173044, 11, 10, 2, 804, 0.2119520824564
6.60546442979851, 11, 12, 8, 910, 0.0664608201227548
6.55395145255209, 8, 15, 3, 578, 0.0634832593787818
6.54406922842155, 10, 29, 2, 1337, 0.33476069669287
6.52229018596593, 7, 23, 17, 719, 0.167652747752873
6.46918053648314, 9, 22, 15, 92, 0.188756350784184
6.43008836519771, 9, 11, 2, 2320, 0.779752221248905
6.38444263495568, 7, 15, 14, 4905, 0.0665798543799651
6.37541565528672, 12, 43, 2, 2292, 0.75706761015233
6.35356921786879, 10, 10, 16, 781, 0.341692636124948
6.34882387899244, 9, 11, 3, 110, 0.016286809197257
6.34810419652947, 10, 10, 16, 4761, 0.627855617991313
6.33873150946555, 7, 51, 16, 2611, 0.473989644934115
6.33712616675876, 12, 13, 12, 1601, 0.0849727076235484
6.31597350011652, 11, 11, 2, 804, 0.2119520824564
6.2851944806928, 6, 34, 2, 2138, 0.657978862584043
6.24123169647948, 15, 39, 1, 1, 0.5
6.20891629525127, 4, 607, 0, 22, 0.928571428571429
6.18094785357274, 10, 263, 14, 5206, 0.103077112306043
6.07967515170972, 11, 210, 3, 438, 0.0493646631706333
6.07416916535476, 11, 18, 2, 2085, 0.623895063764917
6.05907091686241, 8, 10, 2, 1718, 0.427788079771561
6.00607858756443, 12, 20, 2, 2054, 0.595431223763097
5.99393889505284, 11, 18, 13, 2054, 0.0805600397367441
5.99310542580996, 7, 19, 0, 6, 0.459183673469388
5.95711642072207, 8, 11, 12, 2325, 0.122925596219365
5.87423376048767, 9, 32, 2, 2144, 0.658320155629629
5.82835395711264, 5, 14, 17, 1112, 0.212268176129252
5.82059589826716, 8, 33, 6, 102, 0.0167076522493852
5.77372439051319, 16, 26, 16, 3431, 0.525550266238068
5.61041210091565, 8, 10, 11, 674, 0.0584262175914708
5.57861251316866, 11, 11, 17, 3890, 0.555865286153146
5.55065562610326, 10, 10, 16, 2979, 0.496380634554511
5.54484001314579, 14, 11, 2, 1733, 0.43529880206141
5.47901314333742, 7, 56, 12, 1759, 0.0922262519690809
5.40401926039998, 9, 33, 2, 1086, 0.275782983128747
5.37031600545323, 6, 140, 4, 1014, 0.232191997112825
5.33326375478042, 8, 11, 14, 1043, 0.0119014832066355
5.28041933230955, 8, 14, 12, 2325, 0.122925596219365
5.25236538054127, 14, 14, 15, 1460, 0.500510823945218
5.24621863821935, 13, 10, 14, 1519, 0.0154102950102544
5.24621863821934, 13, 10, 14, 1519, 0.0154102950102544
5.22466818181821, 7, 25, 0, 6, 0.459183673469388
5.17572859437632, 7, 10, 15, 1487, 0.502319416832339
5.14624941705811, 11, 10, 13, 351, 0.0274638850945817
5.10621129164111, 8, 12, 14, 1043, 0.0119014832066355
5.08201018372043, 10, 10, 2, 1297, 0.324854097223012
5.07426703587107, 14, 15, 15, 1460, 0.500510823945218
5.06985705132142, 9, 12, 2, 1247, 0.309275207335525
5.0698570513214, 9, 12, 2, 1247, 0.309275207335525
5.06805599354622, 8, 28, 16, 2760, 0.483001251441612
5.04919136780704, 5, 113, 2, 2267, 0.744985836338608
5.0094906395217, 17, 12, 15, 1260, 0.486456262425447
5.00790288308107, 6, 66, 2, 2086, 0.625965574908135
5.00347534520053, 11, 19, 2, 484, 0.141231612837169
4.96543270274377, 8, 57, 17, 3313, 0.465311753328023
4.95779197918022, 9, 17, 2, 2149, 0.659571563463442
4.95779197918019, 9, 17, 2, 2149, 0.659571563463442
4.94855494288253, 12, 11, 2, 1374, 0.340537650311145
4.94855494288253, 12, 11, 2, 1374, 0.340537650311145
4.92189740726517, 14, 11, 7, 515, 0.034925720943781
4.9129145728376, 7, 10, 4, 387, 0.071051563134389
4.77628554935997, 16, 11, 16, 3814, 0.553063578141487
4.75216967689714, 10, 53, 17, 2881, 0.403686426214586
4.74831730535642, 14, 15, 2, 1733, 0.43529880206141
4.74512412018906, 15, 10, 12, 2275, 0.119921603106568
4.72477217110737, 7, 12, 15, 1487, 0.502319416832339
4.7123579993114, 14, 12, 7, 515, 0.034925720943781
4.67496396004246, 9, 18, 6, 274, 0.0415883118761753
4.65828278012589, 12, 13, 3, 355, 0.0409943525615167
4.63921935849105, 10, 12, 2, 1297, 0.324854097223012
4.63788712369167, 17, 14, 15, 1260, 0.486456262425447
4.57592368331855, 9, 18, 2, 2256, 0.737136096290145
4.57592368331855, 9, 18, 2, 2256, 0.737136096290145
4.57413648837223, 8, 39, 6, 101, 0.016562997251555
4.54793981755627, 10, 10, 2, 2241, 0.722369483851151
4.51457940365168, 14, 73, 2, 2216, 0.71001467560096
4.51355932058494, 11, 13, 13, 351, 0.0274638850945817
4.48929641739462, 9, 22, 3, 110, 0.016286809197257
4.43589087110847, 7, 10, 3, 253, 0.0307079467527229
4.33159037979679, 9, 12, 18, 941, 0.18901383168932
4.30659030609133, 8, 19, 7, 1266, 0.0896883192542965
4.28357549283783, 10, 22, 16, 781, 0.341692636124948
4.27996211145734, 9, 10, 2, 1787, 0.453098372032173
4.27264807138728, 12, 56, 0, 6, 0.459183673469388
4.24995315749584, 12, 11, 18, 800, 0.177819701950132
4.24872615155063, 11, 115, 10, 864, 0.0676145535825158
4.23993853408902, 15, 13, 14, 4854, 0.0641967501544171
4.16260431507297, 12, 59, 0, 6, 0.459183673469388
4.15217065435139, 7, 14, 4, 387, 0.071051563134389
4.13721443321952, 10, 18, 16, 2979, 0.496380634554511
4.08078375666314, 9, 11, 2, 1787, 0.453098372032173
4.03288045340787, 9, 12, 3, 276, 0.0330274304154901
4.02258280727464, 11, 13, 17, 963, 0.195158721128683
3.97675072463768, 8, 25, 4, 189, 0.026390580592773
3.95877913261588, 12, 18, 3, 355, 0.0409943525615167
3.95768875262728, 4, 37, 16, 1821, 0.424232571835202
3.87475348524628, 9, 14, 2, 2170, 0.679798864631802
3.87437762021205, 15, 15, 12, 2275, 0.119921603106568
3.87316643512177, 11, 31, 7, 263, 0.020244683949898
3.85941211232062, 10, 53, 15, 4669, 0.774188204108681
3.85499842204438, 13, 11, 14, 4327, 0.0464929262247083
3.74032298491549, 11, 34, 2, 484, 0.141231612837169
3.73903838361583, 7, 10, 2, 2200, 0.695657614816669
3.73372178374486, 9, 14, 3, 276, 0.0330274304154901
3.72349570091205, 8, 10, 12, 758, 0.0495109352676118
3.71804784410678, 7, 124, 2, 649, 0.176029851765054
3.7104350871246, 9, 70, 2, 1086, 0.275782983128747
3.69702475937455, 7, 56, 17, 804, 0.177380816930253
3.65415056575781, 8, 15, 2, 799, 0.211899750856077
3.6227052874889, 10, 10, 17, 1855, 0.288258049835021
3.62270528748889, 10, 10, 17, 1855, 0.288258049835021
3.60525599364383, 11, 21, 14, 2770, 0.0249260001016078
3.546082791927, 13, 13, 14, 4327, 0.0464929262247083
3.54281403736548, 8, 41, 16, 3915, 0.55951095624862
3.51958055590493, 12, 24, 4, 608, 0.121125998105292
3.48899486843598, 13, 24, 2, 996, 0.257642120112399
3.48562501133507, 12, 19, 2, 2229, 0.717682392691778
3.44121441604171, 11, 10, 2, 1176, 0.295750901582462
3.41697781620903, 10, 11, 2, 2003, 0.56262158564749
3.40579111504275, 5, 41, 17, 1112, 0.212268176129252
3.40153591821365, 9, 34, 6, 274, 0.0415883118761753
3.39907098027176, 8, 12, 12, 758, 0.0495109352676118
3.39736701486048, 12, 20, 2, 2229, 0.717682392691778
3.33350569464984, 10, 10, 2, 2041, 0.588537104242273
3.32486961435467, 10, 13, 0, 5, 0.438775510204082
3.3031074969625, 16, 23, 16, 3814, 0.553063578141487
3.30022222388522, 10, 37, 16, 4761, 0.627855617991313
3.28876696371583, 6, 12, 2, 691, 0.181799979522417
3.20371850097721, 9, 63, 8, 532, 0.049196068833076
3.17346975263981, 10, 18, 15, 2020, 0.535205434062293
3.16372297264147, 9, 21, 2, 2170, 0.679798864631802
3.13923767995106, 8, 15, 16, 2975, 0.496147522881751
3.13607593723288, 16, 22, 14, 4155, 0.0428230125646079
3.13607593723281, 16, 22, 14, 4155, 0.0428230125646079
3.11010208229235, 9, 11, 7, 415, 0.029099912612875
3.09218400118427, 11, 22, 17, 963, 0.195158721128683
3.08957918009157, 12, 47, 2, 1268, 0.315445785599709
3.08882863913229, 10, 19, 15, 2020, 0.535205434062293
3.07589027182146, 12, 21, 18, 800, 0.177819701950132
3.02155818973918, 13, 32, 2, 996, 0.257642120112399
3.01108942898654, 12, 11, 2, 2048, 0.594179815929284
2.99882270987582, 10, 23, 2, 2241, 0.722369483851151
2.99758864509026, 8, 44, 4, 189, 0.026390580592773
2.97655572834956, 10, 11, 13, 1309, 0.0570077403866054
2.92059115577332, 11, 32, 14, 2770, 0.0249260001016078
2.9167143650097, 8, 37, 11, 674, 0.0584262175914708
2.89504074045715, 10, 11, 1, 1, 0.5
2.88772691986454, 9, 27, 18, 941, 0.18901383168932
2.86087781828566, 9, 13, 7, 415, 0.029099912612875
2.80394642587618, 11, 10, 2, 1198, 0.299122876872846
2.75315422326785, 10, 10, 15, 2380, 0.557308924232383
2.71381934890264, 11, 13, 2, 2076, 0.617296731550267
2.70058512178379, 17, 10, 7, 1212, 0.0834838333818817
2.6805955810413, 10, 20, 0, 5, 0.438775510204082
2.67345801932177, 11, 11, 2, 1198, 0.299122876872846
2.67322591975916, 11, 22, 17, 4248, 0.608046990556377
2.66187630408787, 13, 20, 2, 2112, 0.641687807874768
2.65177105390227, 10, 10, 8, 3315, 0.278683586248447
2.64068786257356, 7, 10, 2, 1746, 0.439562689844257
2.61510175929052, 11, 14, 2, 2076, 0.617296731550267
2.59993027599948, 10, 19, 2, 2003, 0.56262158564749
2.59938250948922, 12, 44, 4, 608, 0.121125998105292
2.57854293536615, 12, 15, 2, 2048, 0.594179815929284
2.54027139344654, 17, 10, 2, 1065, 0.27131887009249
2.46996883642135, 17, 10, 14, 3455, 0.0320378783219738
2.46863205541044, 7, 10, 2, 2232, 0.720230714098816
2.46863205541044, 7, 10, 2, 2232, 0.720230714098816
2.46802962962963, 10, 16, 13, 1309, 0.0570077403866054
2.46528564943972, 17, 12, 7, 1212, 0.0834838333818817
2.46365146809569, 14, 10, 16, 3210, 0.51188256079307
2.4418775575726, 7, 33, 3, 253, 0.0307079467527229
2.42994949506232, 13, 24, 2, 2112, 0.641687807874768
2.42072470593589, 10, 12, 8, 3315, 0.278683586248447
2.3807282656903, 11, 10, 10, 467, 0.0421271575810257
2.37872275193611, 8, 10, 17, 1643, 0.267863238138582
2.3596464146225, 13, 10, 15, 3499, 0.626836204992269
2.35567492063098, 5, 12, 2, 878, 0.232570732983698
2.35384137634634, 14, 10, 2, 1502, 0.371481553110886
2.35384137634631, 14, 10, 2, 1502, 0.371481553110886
2.34941408586798, 11, 11, 17, 452, 0.130731596313574
2.34397055250711, 8, 10, 2, 979, 0.253380507616523
2.34147876108161, 9, 33, 14, 3592, 0.0339383454505103
2.32150332265485, 12, 10, 17, 1558, 0.25940095574013
2.30464956933456, 15, 44, 14, 4854, 0.0641967501544171
2.28874157851498, 11, 10, 17, 2388, 0.346185572875185
2.26993533649523, 11, 11, 10, 467, 0.0421271575810257
2.25476274673792, 17, 12, 14, 3455, 0.0320378783219738
2.24983458019005, 13, 11, 15, 3499, 0.626836204992269
2.24371702267394, 11, 68, 17, 3890, 0.555865286153146
2.23488823210881, 8, 11, 2, 979, 0.253380507616523
2.22796539683859, 17, 13, 2, 1065, 0.27131887009249
2.21346656896073, 12, 11, 17, 1558, 0.25940095574013
2.21024358749413, 8, 41, 2, 799, 0.211899750856077
2.18062043051593, 9, 10, 2, 1188, 0.298515375251704
2.16114663325577, 11, 13, 17, 452, 0.130731596313574
2.15914377419657, 12, 11, 13, 2445, 0.0952543565544932
2.15176867331107, 10, 24, 2, 2041, 0.588537104242273
2.14000298185704, 14, 17, 2, 721, 0.19392498378858
2.08932565142104, 11, 12, 17, 2388, 0.346185572875185
2.08216552042922, 14, 14, 16, 3210, 0.51188256079307
2.07451650158037, 9, 11, 11, 1349, 0.103010661497456
2.00777341911429, 11, 39, 17, 4248, 0.608046990556377
1.99735781571556, 11, 10, 17, 4329, 0.619652406417112
1.99735781571555, 11, 10, 17, 4329, 0.619652406417112
1.99062499858368, 9, 12, 2, 1188, 0.298515375251704
1.97638281717052, 9, 12, 2, 2077, 0.617456001638207
1.89333568306234, 7, 39, 2, 2200, 0.695657614816669
1.88793667553545, 8, 103, 2, 1718, 0.427788079771561
1.83291991448548, 8, 44, 16, 2975, 0.496147522881751
1.83195882992267, 8, 105, 7, 1266, 0.0896883192542965
1.80321232899339, 14, 10, 2, 2247, 0.729627649287266
1.74801028063077, 12, 15, 2, 776, 0.204830434238518
1.70455668571322, 7, 24, 2, 1746, 0.439562689844257
1.66874038210268, 9, 17, 11, 1349, 0.103010661497456
1.65950095168551, 11, 43, 2, 1176, 0.295750901582462
1.63205945945943, 5, 25, 2, 878, 0.232570732983698
1.62751756440281, 6, 49, 2, 691, 0.181799979522417
1.62719511637222, 8, 12, 14, 3039, 0.0272562950049066
1.60007377427794, 9, 10, 17, 829, 0.180609284332689
1.58518861488876, 9, 72, 14, 3592, 0.0339383454505103
1.58473989887899, 14, 31, 2, 721, 0.19392498378858
1.56868736179727, 14, 10, 2, 1721, 0.430434238518333
1.56848333424897, 8, 23, 17, 1643, 0.267863238138582
1.56251224337857, 6, 10, 2, 1852, 0.467780798853255
1.55314789206451, 12, 19, 2, 776, 0.204830434238518
1.51924738039172, 10, 10, 2, 1555, 0.385046814029419
1.50846125692258, 11, 11, 4, 1270, 0.433031082239365
1.50648994498913, 8, 14, 14, 3039, 0.0272562950049066
1.47126681745543, 9, 11, 14, 399, 0.0064066398029878
1.44465492627132, 10, 10, 14, 699, 0.00922157722059858
1.4016720436371, 10, 10, 2, 1029, 0.266645430654941
1.35969818134567, 11, 11, 5, 343, 0.0619646914875022
1.33644185599939, 10, 11, 2, 1029, 0.266645430654941
1.33443153239484, 9, 18, 2, 1293, 0.323172660151762
1.30413864648553, 9, 14, 14, 399, 0.0064066398029878
1.30181189718732, 11, 12, 5, 343, 0.0619646914875022
1.29884027752085, 9, 19, 2, 1293, 0.323172660151762
1.26591024827703, 12, 32, 13, 2445, 0.0952543565544932
1.24433472441992, 14, 21, 2, 2247, 0.729627649287266
1.22937989018555, 10, 61, 1, 1, 0.5
1.22898787903887, 14, 11, 9, 353, 0.17948101874099
1.2249308510638, 13, 16, 16, 1333, 0.387223026525654
1.21028235961803, 9, 32, 2, 2077, 0.617456001638207
1.19589377463349, 10, 53, 15, 2380, 0.557308924232383
1.17955580792093, 10, 15, 14, 699, 0.00922157722059858
1.14498933103405, 12, 11, 2, 1688, 0.42186778307414
1.14498933103403, 12, 11, 2, 1688, 0.42186778307414
1.14143569074626, 9, 10, 17, 1055, 0.206209466378427
1.13050442366602, 14, 13, 9, 353, 0.17948101874099
1.13050401058989, 13, 11, 16, 1717, 0.417202414546168
1.11823321431619, 8, 11, 10, 1420, 0.105488637774742
1.05760880357155, 14, 22, 2, 1721, 0.430434238518333
1.04870857296292, 9, 10, 2, 1113, 0.277407538025733
1.01995313081656, 13, 10, 9, 320, 0.163623258049015
0.991207803555157, 8, 14, 10, 1420, 0.105488637774742
0.987723053164234, 15, 10, 15, 1364, 0.493787276341948
0.981169024096283, 11, 26, 4, 1270, 0.433031082239365
0.967491547715599, 10, 11, 12, 1755, 0.0920797157196762
0.901663661309874, 15, 12, 15, 1364, 0.493787276341948
0.892132780210759, 10, 29, 2, 1555, 0.385046814029419
0.887447319782779, 6, 31, 2, 1852, 0.467780798853255
0.880016301868919, 13, 31, 16, 1333, 0.387223026525654
0.829076923076926, 9, 16, 2, 1113, 0.277407538025733
0.828074942931537, 8, 13, 16, 4007, 0.565651608470542
0.823773330473864, 14, 10, 6, 220, 0.0337769419933459
0.823773330473864, 14, 10, 6, 220, 0.0337769419933459
0.815298426344591, 6, 10, 2, 2032, 0.582871639685555
0.81022885072469, 9, 39, 17, 829, 0.180609284332689
0.769463188084016, 10, 10, 2, 768, 0.203365149429472
0.757802468886991, 11, 10, 2, 1931, 0.517343374933164
0.719260053805301, 16, 10, 2, 1436, 0.35958407754178
0.719260053805296, 16, 10, 2, 1436, 0.35958407754178
0.717510935244631, 10, 20, 12, 1755, 0.0920797157196762
0.712144929069922, 13, 10, 12, 2651, 0.149265487049859
0.712144929069922, 13, 10, 12, 2651, 0.149265487049859
0.691775843904204, 11, 12, 2, 1931, 0.517343374933164
0.687652260515481, 13, 22, 9, 320, 0.163623258049015
0.665688377546144, 6, 15, 2, 2032, 0.582871639685555
0.648291908591383, 9, 31, 17, 1055, 0.206209466378427
0.586444392078235, 9, 10, 6, 150, 0.0236510921452336
0.586444392078219, 9, 10, 6, 150, 0.0236510921452336
0.585537407477608, 8, 26, 16, 4007, 0.565651608470542
0.541187592583022, 13, 48, 16, 1717, 0.417202414546168
0.532865594549816, 11, 10, 17, 3501, 0.498677323927637
0.518771975576754, 10, 22, 2, 768, 0.203365149429472
0.493286567007536, 10, 10, 2, 2146, 0.658661448675214
0.477410433258952, 9, 10, 14, 920, 0.0109469045715493
0.450306966773859, 10, 12, 2, 2146, 0.658661448675214
0.434022608858127, 11, 10, 17, 1453, 0.249260439185345
0.434022608858104, 11, 10, 17, 1453, 0.249260439185345
0.418716648990602, 9, 13, 14, 920, 0.0109469045715493
0.386581333346648, 11, 19, 17, 3501, 0.498677323927637
0.377685069023965, 9, 22, 3, 304, 0.0358511496571198
0.377685069023965, 9, 22, 3, 304, 0.0358511496571198
0.375264909930445, 15, 11, 5, 234, 0.0429120783079881
0.355635769048554, 15, 10, 2, 2015, 0.571768239269178
0.339085401185375, 15, 11, 2, 2015, 0.571768239269178
0.27830390572863, 15, 20, 5, 234, 0.0429120783079881
0.230415049511357, 10, 10, 7, 307, 0.0228080396154966
0.210339200343402, 10, 12, 7, 307, 0.0228080396154966
0.203190713655183, 14, 10, 2, 2215, 0.70969613542508
0.185486895574191, 14, 12, 2, 2215, 0.70969613542508
