norm, level, Npoints, dimSplit, MainGridIndexSplit
1305.14181903465, 0, 3760, -1, -1, -1
149.686035207601, 1, 1852, 0, 12, 0.602040816326531
147.473025853533, 1, 1908, 0, 12, 0.602040816326531
139.800097354795, 2, 283, 0, 11, 0.571428571428571
71.7119947926002, 4, 268, 17, 2382, 0.345659346910911
71.5755865035025, 4, 81, 0, 22, 0.928571428571429
68.3310721900919, 2, 192, 17, 4915, 0.719962453066333
67.7795331161231, 4, 300, 17, 2382, 0.345659346910911
67.6484401925737, 6, 103, 0, 2, 0.326530612244898
66.6991670234811, 4, 98, 0, 10, 0.540816326530612
66.070642714442, 3, 568, 1, 1, 0.5
58.3410188111556, 2, 1625, 0, 11, 0.571428571428571
58.1755791236988, 5, 85, 13, 660, 0.0374498116643901
56.9374060997197, 6, 18, 0, 3, 0.397959183673469
56.209469413355, 3, 407, 17, 3340, 0.469180225281602
56.0933976561148, 3, 55, 18, 3685, 0.370684201553511
56.0664328847883, 4, 51, 15, 2804, 0.582021758338856
54.764941344301, 5, 250, 11, 532, 0.0494608674582021
54.7625293939394, 7, 64, 0, 4, 0.418367346938776
51.9772260037728, 5, 22, 14, 4863, 0.0645336602609181
48.433427695706, 3, 1057, 1, 1, 0.5
47.3144912874958, 6, 113, 0, 19, 0.785714285714286
45.7708631838316, 7, 45, 0, 15, 0.683673469387755
44.5613233810962, 7, 28, 0, 18, 0.76530612244898
44.4956985291422, 6, 57, 18, 2383, 0.275051532447478
43.5926027015498, 7, 101, 0, 4, 0.418367346938776
41.3690517565648, 7, 38, 17, 391, 0.120448856525202
40.6533809242516, 7, 23, 0, 6, 0.459183673469388
39.6483057019948, 5, 183, 13, 660, 0.0374498116643901
39.2391382795489, 4, 59, 0, 15, 0.683673469387755
39.1394819708495, 7, 193, 8, 2042, 0.121380427006062
38.8613844912444, 6, 75, 1, 1, 0.5
38.3800355504588, 7, 64, 0, 15, 0.683673469387755
36.8630492350678, 6, 150, 0, 13, 0.622448979591837
36.8165510350997, 9, 90, 0, 5, 0.438775510204082
36.7966974257426, 8, 25, 9, 429, 0.216001922152811
36.4340751805804, 13, 24, 0, 15, 0.683673469387755
36.3317149694389, 10, 32, 0, 4, 0.418367346938776
35.5412589819875, 3, 137, 18, 3685, 0.370684201553511
35.5032658359216, 9, 102, 0, 19, 0.785714285714286
34.127004196311, 4, 78, 0, 15, 0.683673469387755
33.9206004109089, 8, 22, 0, 16, 0.724489795918367
33.7237611422826, 3, 52, 13, 481, 0.0319860093546918
32.5199233737686, 5, 709, 11, 532, 0.0494608674582021
32.2355920938993, 6, 109, 1, 1, 0.5
32.1170125330383, 10, 79, 17, 1857, 0.288542496302196
32.0354740506393, 3, 1253, 17, 3340, 0.469180225281602
31.647212226134, 11, 46, 4, 370, 0.0672170343303108
31.5224546123271, 5, 444, 2, 1309, 0.328019021399074
31.4490617701242, 9, 72, 0, 19, 0.785714285714286
31.3261149137777, 6, 115, 18, 2383, 0.275051532447478
30.7607359312503, 5, 172, 4, 485, 0.09315649388731
30.4303782558235, 10, 88, 17, 1857, 0.288542496302196
29.7407580187527, 5, 184, 4, 485, 0.09315649388731
29.6022715574242, 10, 51, 0, 9, 0.520408163265306
29.3435402082835, 13, 37, 0, 15, 0.683673469387755
28.8794069022445, 10, 44, 0, 21, 0.836734693877551
28.7118433412917, 11, 41, 1, 1, 0.5
28.710020229173, 9, 148, 0, 5, 0.438775510204082
28.4993698954699, 8, 56, 13, 775, 0.041009561654042
28.0795882233588, 7, 10, 15, 4707, 0.794317428760769
27.8894588492048, 6, 606, 0, 2, 0.326530612244898
27.645178591935, 6, 331, 0, 19, 0.785714285714286
27.1831287081718, 6, 22, 18, 140, 0.102894411670638
27.158710093152, 5, 14, 0, 14, 0.642857142857143
26.8166222944261, 11, 47, 1, 1, 0.5
26.755846884109, 7, 413, 8, 2042, 0.121380427006062
25.7913004948267, 9, 81, 0, 13, 0.622448979591837
25.6330397923167, 7, 12, 15, 4707, 0.794317428760769
25.4180278949523, 9, 199, 0, 19, 0.785714285714286
25.1536266985149, 10, 58, 0, 21, 0.836734693877551
24.8880949873661, 10, 20, 0, 21, 0.836734693877551
24.7462107120117, 10, 14, 0, 7, 0.479591836734694
24.6176063894867, 5, 728, 2, 1309, 0.328019021399074
24.5499281878516, 8, 42, 0, 16, 0.724489795918367
23.2388592548733, 2, 1660, 17, 4915, 0.719962453066333
22.9292634499348, 10, 34, 0, 18, 0.76530612244898
22.7961182306902, 10, 86, 0, 9, 0.520408163265306
22.7419332159446, 12, 58, 1, 1, 0.5
22.5490466536712, 6, 111, 0, 5, 0.438775510204082
22.3020740594704, 7, 17, 13, 2641, 0.103553541123391
22.1756551388657, 12, 61, 1, 1, 0.5
22.1504583306465, 9, 38, 0, 5, 0.438775510204082
21.8351148739748, 8, 15, 0, 8, 0.5
21.3218137063478, 4, 959, 0, 10, 0.540816326530612
21.2208616959112, 4, 356, 15, 2804, 0.582021758338856
21.1043533598494, 8, 76, 9, 429, 0.216001922152811
20.9856828165856, 11, 33, 4, 501, 0.0969910226913881
20.7835270633989, 7, 88, 0, 6, 0.459183673469388
20.7115158968499, 13, 19, 0, 14, 0.642857142857143
20.6497931740551, 9, 167, 0, 19, 0.785714285714286
20.5150757856615, 12, 10, 15, 448, 0.400775900154628
20.3458201011042, 7, 44, 0, 20, 0.806122448979592
20.1812718946404, 7, 44, 1, 1, 0.5
20.1503351729317, 6, 139, 0, 5, 0.438775510204082
19.9947826169716, 7, 18, 0, 18, 0.76530612244898
19.6761848793919, 11, 119, 4, 370, 0.0672170343303108
19.1824256756757, 6, 16, 8, 805, 0.0617539631735512
19.0823515692527, 10, 116, 0, 4, 0.418367346938776
19.0139258473148, 10, 50, 9, 314, 0.160740028832292
18.9002306251868, 10, 24, 0, 7, 0.479591836734694
18.82455718535, 13, 23, 0, 14, 0.642857142857143
18.8167068504847, 4, 1172, 0, 22, 0.928571428571429
18.8058062988229, 6, 165, 0, 3, 0.397959183673469
18.7790218226631, 6, 578, 0, 13, 0.622448979591837
18.4366046064535, 7, 27, 17, 2649, 0.376109341221982
18.3003814881073, 12, 14, 9, 233, 0.121816434406535
18.0161382939389, 9, 166, 0, 13, 0.622448979591837
17.8176898463737, 8, 175, 0, 6, 0.459183673469388
17.8157866666668, 7, 36, 0, 18, 0.76530612244898
17.7746541262657, 11, 46, 4, 501, 0.0969910226913881
17.7745240581498, 12, 34, 0, 17, 0.744897959183674
17.2152190121795, 9, 38, 17, 4188, 0.59941404027762
17.1721388888889, 9, 16, 2, 1637, 0.40459835496752
17.1168541651117, 7, 39, 0, 18, 0.76530612244898
17.0604597762102, 4, 10, 2, 2314, 0.776521313750697
16.9587438670003, 8, 11, 0, 3, 0.397959183673469
16.7437938422187, 6, 21, 8, 805, 0.0617539631735512
16.7059929972824, 5, 37, 0, 14, 0.642857142857143
16.5436646341463, 8, 16, 4, 288, 0.048721071863581
16.3986099361294, 8, 239, 18, 2210, 0.265414295516571
16.2602105732343, 12, 20, 0, 15, 0.683673469387755
16.2471426276256, 7, 69, 0, 20, 0.806122448979592
16.1976274413419, 8, 27, 2, 2187, 0.690196926087303
16.0635121878751, 6, 63, 18, 140, 0.102894411670638
16.0004311914639, 3, 231, 13, 481, 0.0319860093546918
15.9923687059882, 12, 42, 0, 17, 0.744897959183674
15.9173048382222, 8, 10, 12, 1698, 0.0892588929186358
15.8404064646595, 12, 15, 7, 500, 0.0340518496941451
15.7911129599837, 5, 12, 18, 157, 0.105766561887546
15.743170338628, 11, 40, 4, 446, 0.0843596336897189
15.7089573451173, 12, 19, 9, 233, 0.121816434406535
15.5856169074055, 5, 21, 9, 279, 0.143921191734743
15.4349412809448, 10, 52, 0, 21, 0.836734693877551
15.4165393090236, 9, 15, 6, 95, 0.015695067264574
15.2785429958064, 8, 238, 0, 6, 0.459183673469388
15.2549661778184, 6, 83, 0, 6, 0.459183673469388
15.1254252172329, 8, 19, 14, 3687, 0.0354123271664523
15.0625859339463, 13, 13, 2, 2072, 0.613997565442941
15.035610241, 8, 27, 2, 2110, 0.641392020568594
14.8391459347036, 10, 14, 1, 1, 0.5
14.8391459347035, 10, 14, 1, 1, 0.5
14.6218404331063, 5, 278, 14, 4863, 0.0645336602609181
14.612439914091, 8, 301, 18, 2210, 0.265414295516571
14.5391734849507, 7, 40, 13, 2641, 0.103553541123391
14.5146709898928, 13, 14, 2, 2072, 0.613997565442941
14.2324026549753, 10, 38, 2, 2158, 0.672085641801572
13.9945610568805, 12, 27, 0, 15, 0.683673469387755
13.5700296003567, 8, 247, 13, 775, 0.041009561654042
13.5605681533945, 9, 14, 16, 4152, 0.574896326650799
13.5461469149673, 7, 303, 0, 18, 0.76530612244898
13.5283037106409, 10, 24, 2, 1892, 0.491496114947498
13.4922116375023, 7, 57, 0, 4, 0.418367346938776
13.0921324458588, 13, 13, 2, 2227, 0.716112444682085
13.0023526001003, 7, 106, 1, 1, 0.5
12.9645593886896, 9, 28, 18, 927, 0.187724639906896
12.9645593886894, 9, 28, 18, 927, 0.187724639906896
12.9299760128875, 8, 26, 14, 3687, 0.0354123271664523
12.7546070556605, 10, 27, 2, 1892, 0.491496114947498
12.576941060949, 8, 20, 0, 3, 0.397959183673469
12.4832538883509, 10, 116, 9, 314, 0.160740028832292
12.2904015904011, 7, 12, 2, 2179, 0.68535056483999
12.184399396791, 10, 43, 2, 1978, 0.546057496501746
12.1665753055934, 10, 52, 2, 2158, 0.672085641801572
11.8846825509994, 8, 14, 2, 1109, 0.276727227221533
11.8564782159198, 6, 10, 2, 2321, 0.780798853255367
11.7056819399044, 12, 13, 0, 4, 0.418367346938776
11.6517800729418, 12, 31, 15, 448, 0.400775900154628
11.636287211625, 8, 14, 0, 17, 0.744897959183674
11.5949222606883, 4, 10, 16, 2154, 0.445267833042966
11.569445945946, 10, 16, 2, 2085, 0.623895063764917
11.5401245851756, 9, 140, 0, 5, 0.438775510204082
11.421296182111, 11, 76, 4, 446, 0.0843596336897189
11.3047084190848, 6, 11, 2, 2321, 0.780798853255367
11.2489929997314, 7, 82, 0, 4, 0.418367346938776
11.1912079433349, 8, 13, 16, 428, 0.301302971560376
11.1427550976415, 9, 38, 2, 1637, 0.40459835496752
11.1274792405109, 11, 20, 15, 931, 0.459893417274133
11.1261731359959, 13, 18, 2, 2227, 0.716112444682085
11.0187189034702, 12, 31, 7, 500, 0.0340518496941451
10.9741397066867, 7, 540, 17, 391, 0.120448856525202
10.886499482777, 6, 50, 16, 908, 0.35164282384119
10.7841178127921, 8, 14, 16, 428, 0.301302971560376
10.6417796368516, 9, 13, 2, 731, 0.195165015187541
10.6318146643106, 9, 10, 2, 2049, 0.59436183888693
10.6318146643106, 9, 10, 2, 2049, 0.59436183888693
10.4416062201685, 12, 14, 9, 371, 0.188130706391158
10.4084866772182, 10, 165, 0, 18, 0.76530612244898
10.384505906071, 8, 32, 0, 8, 0.5
10.2888376531105, 8, 21, 11, 427, 0.0429791616186092
10.2840915612134, 10, 35, 2, 762, 0.203178575897885
10.1941525081084, 9, 10, 16, 1492, 0.400240473094005
10.1361817618806, 8, 15, 2, 1074, 0.274408709798523
10.0986403420947, 10, 21, 2, 2085, 0.623895063764917
10.0359107211612, 9, 18, 2, 972, 0.251494294717921
9.9975603653541, 7, 31, 15, 4397, 0.708899381488845
9.95251840984509, 6, 195, 0, 6, 0.459183673469388
9.91926530612243, 6, 16, 2, 2237, 0.721709650629686
9.84010862971328, 7, 32, 15, 4397, 0.708899381488845
9.78444848372214, 7, 10, 17, 3959, 0.56634713846854
9.72776637945411, 5, 10, 4, 900, 0.192854242793341
9.61680862267502, 8, 66, 2, 2110, 0.641392020568594
9.5887696980076, 9, 28, 16, 4152, 0.574896326650799
9.46011066111642, 5, 57, 9, 279, 0.143921191734743
9.40098050604604, 8, 11, 6, 224, 0.0343555619846666
9.33707939709518, 9, 10, 2, 295, 0.0984926223819979
9.33506189384295, 9, 37, 13, 2009, 0.0788939939567035
9.32910558562982, 7, 11, 17, 3959, 0.56634713846854
9.08554875422135, 11, 30, 15, 931, 0.459893417274133
9.06659187782052, 9, 137, 17, 4188, 0.59941404027762
8.99946616619853, 14, 10, 2, 1891, 0.490540494419859
8.97059068553371, 10, 46, 2, 762, 0.203178575897885
8.9296547152485, 9, 10, 2, 2270, 0.747898203660937
8.89368205128207, 8, 25, 2, 1109, 0.276727227221533
8.88736115925307, 8, 24, 0, 17, 0.744897959183674
8.70553028193676, 13, 35, 2, 1835, 0.467027678865997
8.61325038578582, 7, 97, 0, 18, 0.76530612244898
8.51409170586997, 9, 11, 2, 2270, 0.747898203660937
8.36271865320883, 9, 11, 15, 3277, 0.612298431632428
8.36079232571434, 9, 51, 6, 95, 0.015695067264574
8.30599725509835, 11, 10, 18, 362, 0.136776907827719
8.24445224978223, 7, 10, 4, 269, 0.044435422023729
8.19591498958153, 9, 48, 13, 2009, 0.0788939939567035
8.18645221371167, 7, 10, 7, 397, 0.028051267113312
8.14553738431652, 8, 66, 4, 288, 0.048721071863581
8.1243832188308, 8, 10, 2, 2042, 0.589515477639617
8.11245848076203, 10, 97, 2, 1978, 0.546057496501746
8.04595651563126, 7, 28, 2, 2179, 0.68535056483999
7.99322994890149, 8, 10, 2, 2090, 0.626375126562838
7.87935271580759, 6, 17, 4, 743, 0.152027789055804
7.84994860449865, 8, 56, 0, 8, 0.5
7.81855806468977, 9, 17, 16, 1492, 0.400240473094005
7.74035903648775, 12, 11, 11, 2098, 0.168130603343833
7.65836041977286, 12, 10, 2, 863, 0.227201055733154
7.53275769230765, 11, 25, 2, 1955, 0.530744815189816
7.51053593400629, 14, 10, 17, 2164, 0.320030720218455
7.49440644216277, 8, 15, 17, 3641, 0.520025031289111
7.45650093236358, 9, 12, 9, 334, 0.170350792888035
7.3910847656537, 7, 168, 17, 2649, 0.376109341221982
7.24839946899016, 11, 27, 2, 1955, 0.530744815189816
7.21850932893987, 11, 50, 18, 1909, 0.247781251629102
7.13051917425134, 10, 17, 2, 2159, 0.672608957804803
7.09709622448734, 13, 15, 2, 2047, 0.59404329871105
7.08800036705225, 8, 141, 2, 2187, 0.690196926087303
6.9068898131699, 6, 33, 2, 2237, 0.721709650629686
6.90647333665777, 12, 32, 9, 371, 0.188130706391158
6.90548037325241, 10, 12, 0, 19, 0.785714285714286
6.903378437155, 9, 14, 9, 334, 0.170350792888035
6.87173387096774, 13, 16, 2, 2047, 0.59404329871105
6.85105383825014, 9, 11, 2, 2037, 0.586603110317289
6.84971739499348, 8, 54, 12, 1698, 0.0892588929186358
6.70506893016825, 13, 59, 2, 1835, 0.467027678865997
6.47497931798781, 12, 11, 2, 1082, 0.275723825667512
6.44212499999999, 11, 16, 2, 1612, 0.401829330724338
6.44212499999998, 11, 16, 2, 1612, 0.401829330724338
6.42505447542069, 10, 13, 14, 148, 0.00372272298234965
6.37511851507564, 9, 43, 17, 3232, 0.454161451814768
6.34537855825811, 11, 11, 2, 482, 0.140551302032969
6.33856735284004, 8, 178, 0, 8, 0.5
6.30205293560162, 9, 13, 2, 2037, 0.586603110317289
6.28290591738097, 11, 66, 18, 1909, 0.247781251629102
6.23551948994665, 8, 20, 2, 1968, 0.537434158883289
6.16379615635154, 11, 29, 0, 7, 0.479591836734694
6.15651264555569, 4, 17, 2, 2044, 0.590038793642848
6.13232691105099, 14, 15, 17, 2164, 0.320030720218455
6.10484576547888, 6, 159, 16, 908, 0.35164282384119
6.05752721560662, 8, 42, 2, 1074, 0.274408709798523
6.0524914035855, 9, 21, 15, 3277, 0.612298431632428
6.04337742481493, 9, 11, 10, 1406, 0.104277908853843
6.0296812541967, 8, 12, 17, 2583, 0.368244396404597
5.98587538293271, 9, 10, 13, 2224, 0.0870793493108158
5.98032142857143, 10, 16, 0, 19, 0.785714285714286
5.88953013116054, 12, 19, 11, 2098, 0.168130603343833
5.85129117118816, 9, 43, 2, 731, 0.195165015187541
5.81760426407983, 9, 10, 11, 700, 0.0600012115338018
5.78989243907479, 8, 29, 6, 224, 0.0343555619846666
5.78980656481109, 15, 13, 4, 274, 0.0455632246131637
5.77227096774187, 6, 25, 2, 2170, 0.679798864631802
5.76957559097723, 12, 10, 16, 4791, 0.631272544352563
5.76957559097719, 12, 10, 16, 4791, 0.631272544352563
5.76579156886084, 10, 26, 2, 2159, 0.672608957804803
5.69568142556195, 10, 13, 2, 631, 0.172489505238848
5.69222447067805, 8, 24, 2, 1968, 0.537434158883289
5.68864075652644, 8, 11, 2, 132, 0.0574762516922447
5.63948529915534, 8, 38, 12, 1116, 0.064274462395135
5.59086550584216, 9, 58, 2, 972, 0.251494294717921
5.57919720769607, 15, 14, 4, 274, 0.0455632246131637
5.55595859932782, 12, 19, 2, 863, 0.227201055733154
5.54484101877336, 12, 15, 2, 1082, 0.275723825667512
5.47690069414607, 14, 27, 2, 1891, 0.490540494419859
5.46589877190901, 4, 45, 16, 2154, 0.445267833042966
5.41741631252837, 9, 15, 18, 1615, 0.231465578579409
5.40698684210528, 10, 16, 2, 2097, 0.627467264308711
5.4022712895395, 10, 14, 2, 2197, 0.693314069236982
5.38903453218645, 8, 22, 2, 2090, 0.626375126562838
5.37395517241373, 13, 25, 3, 209, 0.0262706736587334
5.32336367065214, 11, 17, 0, 7, 0.479591836734694
5.30264882164568, 12, 13, 1, 1, 0.5
5.30239084262553, 10, 15, 2, 631, 0.172489505238848
5.22185714285713, 8, 16, 17, 2583, 0.368244396404597
5.20184861132546, 9, 10, 16, 4182, 0.5775157657105
5.17523923882681, 9, 15, 10, 1406, 0.104277908853843
5.13670951763321, 6, 40, 4, 743, 0.152027789055804
5.11835447393337, 11, 12, 11, 311, 0.0355888054276714
5.11835447393332, 11, 12, 11, 311, 0.0355888054276714
5.114068008121, 8, 85, 11, 427, 0.0429791616186092
5.11041226287876, 14, 11, 2, 992, 0.254936803904392
5.06953393189934, 9, 68, 17, 3232, 0.454161451814768
5.03852858124354, 8, 26, 2, 2042, 0.589515477639617
5.03334901960782, 11, 25, 16, 3394, 0.523059652050156
5.02454421768702, 5, 36, 14, 2990, 0.0267188431683454
5.02102965980369, 11, 20, 2, 2050, 0.594589367583987
4.93560478263529, 11, 26, 16, 3394, 0.523059652050156
4.77651680176839, 12, 33, 15, 3402, 0.620568257123923
4.77651680176837, 12, 33, 15, 3402, 0.620568257123923
4.75005399081176, 9, 15, 11, 700, 0.0600012115338018
4.7447775077445, 6, 37, 2, 2170, 0.679798864631802
4.72580143247148, 11, 10, 13, 424, 0.0301026532555155
4.6957266019299, 9, 24, 2, 2229, 0.717682392691778
4.69028094679009, 11, 44, 2, 876, 0.232245366946906
4.67742759812404, 13, 33, 3, 209, 0.0262706736587334
4.61109387224882, 10, 22, 2, 2097, 0.627467264308711
4.58355201096162, 11, 24, 2, 2050, 0.594589367583987
4.5791480042113, 11, 11, 17, 4595, 0.658536238479918
4.53701010983384, 13, 10, 2, 2112, 0.641687807874768
4.52989631277109, 14, 14, 2, 992, 0.254936803904392
4.48822857142861, 11, 16, 15, 2390, 0.557764523967307
4.39652795357552, 11, 57, 0, 7, 0.479591836734694
4.39455690072641, 5, 49, 4, 900, 0.192854242793341
4.37764492753628, 11, 36, 18, 362, 0.136776907827719
4.37495834786993, 9, 23, 18, 1615, 0.231465578579409
4.35315838607095, 12, 94, 0, 4, 0.418367346938776
4.30451200258481, 11, 26, 0, 7, 0.479591836734694
4.29067099392251, 4, 35, 2, 2044, 0.590038793642848
4.27353495989409, 11, 53, 2, 876, 0.232245366946906
4.13381887000387, 12, 20, 2, 827, 0.214607342351054
4.13381887000383, 12, 20, 2, 827, 0.214607342351054
4.12571086981161, 8, 14, 16, 393, 0.29444458076706
4.11868100597239, 11, 19, 15, 2390, 0.557764523967307
4.08488048930582, 10, 10, 17, 3810, 0.545241210604164
4.00228401596443, 10, 10, 3, 298, 0.0352460669624849
3.98658129029017, 12, 23, 1, 1, 0.5
3.98581537068592, 8, 15, 16, 393, 0.29444458076706
3.96069284462658, 12, 11, 16, 4361, 0.591183471155498
3.91534011627908, 10, 16, 12, 1752, 0.091951496501447
3.87691733509612, 13, 13, 12, 794, 0.0509396636993076
3.83811220104623, 11, 10, 3, 315, 0.0369604679306172
3.82870652258606, 5, 62, 14, 2990, 0.0267188431683454
3.78381783740927, 5, 209, 18, 157, 0.105766561887546
3.77381762418439, 9, 19, 16, 4182, 0.5775157657105
3.73717929893413, 8, 20, 2, 856, 0.226079339256664
3.62906372488302, 4, 221, 2, 2314, 0.776521313750697
3.62452424295039, 11, 17, 13, 424, 0.0301026532555155
3.60571152218732, 5, 13, 18, 3005, 0.316115460861406
3.59865603536424, 12, 22, 14, 3671, 0.0350546944145117
3.55663580246916, 5, 16, 2, 691, 0.181799979522417
3.50536219859912, 8, 10, 2, 2042, 0.589515477639617
3.49731618693344, 13, 10, 2, 1101, 0.27627444511439
3.46428762549198, 12, 13, 0, 20, 0.806122448979592
3.45307208940385, 9, 10, 17, 752, 0.171791443850267
3.35453622952456, 9, 13, 2, 1724, 0.434871048110943
3.34246999084052, 6, 10, 9, 718, 0.467803940413263
3.33941666666664, 14, 16, 15, 4058, 0.667729732714822
3.33827108564742, 12, 14, 0, 20, 0.806122448979592
3.29966445017595, 8, 111, 12, 1116, 0.064274462395135
3.25794135071825, 7, 10, 2, 1746, 0.439562689844257
3.239710034027, 14, 17, 15, 4058, 0.667729732714822
3.21494072439021, 14, 27, 2, 1085, 0.275760230259041
3.20535359870698, 8, 82, 17, 3641, 0.520025031289111
3.18298003791695, 11, 10, 15, 2004, 0.534225204329578
3.16595192564019, 10, 10, 9, 100, 0.0579048534358481
3.1522091267633, 9, 12, 17, 752, 0.171791443850267
3.13097111133272, 13, 10, 7, 624, 0.0412758520244684
3.1309711113327, 13, 10, 7, 624, 0.0412758520244684
3.12739754976117, 7, 21, 16, 557, 0.317399946016244
3.12567068243913, 13, 20, 12, 794, 0.0509396636993076
3.05124368627905, 6, 12, 9, 718, 0.467803940413263
3.04729198410404, 10, 44, 2, 2197, 0.693314069236982
3.02092989806591, 13, 13, 8, 1007, 0.0707723010882253
3.02060841006032, 9, 58, 2, 2229, 0.717682392691778
3.01861672044796, 10, 11, 9, 100, 0.0579048534358481
3.01403022680354, 10, 27, 12, 1752, 0.091951496501447
2.99198315209859, 9, 10, 12, 1774, 0.0928673480602264
2.99077940088167, 10, 11, 16, 3038, 0.500098152283267
2.97429587887105, 11, 12, 14, 3804, 0.0371229481238653
2.95311162301863, 14, 32, 2, 1085, 0.275760230259041
2.92280028644016, 11, 27, 17, 4595, 0.658536238479918
2.90919662617801, 13, 10, 14, 4518, 0.0506521617061556
2.86945714285713, 13, 25, 2, 2112, 0.641687807874768
2.85757206334329, 12, 12, 12, 1260, 0.0702458145583764
2.85310435310127, 12, 35, 14, 3671, 0.0350546944145117
2.83830369866026, 12, 14, 2, 1258, 0.312776873983231
2.83263280179339, 7, 10, 2, 2200, 0.695657614816669
2.74546643320893, 12, 13, 12, 1260, 0.0702458145583764
2.69773907188964, 13, 10, 2, 1950, 0.52808272943425
2.69773907188964, 13, 10, 2, 1950, 0.52808272943425
2.68444343258142, 7, 93, 7, 397, 0.028051267113312
2.6612994241166, 7, 29, 16, 557, 0.317399946016244
2.65891528047626, 10, 14, 2, 621, 0.171185765804712
2.65375969533085, 15, 10, 6, 123, 0.0197454072038189
2.61274272060852, 8, 18, 2, 2042, 0.589515477639617
2.60833285804304, 13, 10, 14, 4198, 0.0437535261920869
2.60022592804155, 14, 10, 16, 3388, 0.522802002306579
2.57973682999549, 9, 131, 2, 295, 0.0984926223819979
2.54422508826986, 12, 11, 2, 2235, 0.721618639150863
2.53721796462189, 12, 11, 2, 2048, 0.594179815929284
2.52949402408015, 9, 56, 13, 2224, 0.0870793493108158
2.52862489130143, 11, 11, 2, 1533, 0.378962696670118
2.51228428734419, 8, 11, 16, 3479, 0.529200304272078
2.47749077258795, 11, 24, 3, 315, 0.0369604679306172
2.47736988671505, 8, 58, 2, 132, 0.0574762516922447
2.46477840598891, 12, 12, 2, 1346, 0.335331793722483
2.44376300038298, 10, 10, 11, 1921, 0.149139811000727
2.44123424928237, 11, 17, 15, 2004, 0.534225204329578
2.44118301326511, 10, 28, 17, 3810, 0.545241210604164
2.43109581958427, 9, 10, 17, 3953, 0.56577824553419
2.41573042928165, 11, 11, 7, 1237, 0.0860763180891349
2.40532907909364, 8, 12, 16, 3479, 0.529200304272078
2.38759627329193, 8, 49, 2, 856, 0.226079339256664
2.38107123972019, 13, 12, 14, 4198, 0.0437535261920869
2.37685493314341, 13, 21, 8, 1007, 0.0707723010882253
2.37367065899693, 14, 12, 16, 3388, 0.522802002306579
2.33832868131627, 12, 21, 0, 7, 0.479591836734694
2.30606200295492, 13, 23, 2, 1101, 0.27627444511439
2.29819917650247, 5, 32, 18, 3005, 0.316115460861406
2.29474632488081, 9, 17, 12, 1774, 0.0928673480602264
2.27827510287469, 11, 10, 18, 2205, 0.265076146852329
2.2645860893881, 9, 10, 2, 2181, 0.685760116494693
2.25521450195516, 12, 14, 2, 2235, 0.721618639150863
2.25221092221985, 9, 23, 8, 1769, 0.107109236736077
2.24597627261624, 9, 29, 2, 1724, 0.434871048110943
2.23435042072047, 12, 23, 0, 7, 0.479591836734694
2.23406840840526, 12, 11, 8, 1080, 0.0742365478028392
2.14822291013233, 7, 23, 2, 1746, 0.439562689844257
2.14124781085703, 11, 12, 2, 1883, 0.4863084606546
2.14124781085702, 11, 12, 2, 1883, 0.4863084606546
2.14035086554971, 12, 11, 2, 2318, 0.778023003151272
2.13629926102433, 14, 10, 14, 2925, 0.0260878051910895
2.13583978892511, 7, 149, 4, 269, 0.044435422023729
2.13456071428571, 12, 16, 2, 1346, 0.335331793722483
2.13259058097918, 10, 118, 14, 148, 0.00372272298234965
2.1268677926002, 10, 13, 2, 2076, 0.617296731550267
2.11131983336859, 7, 18, 2, 2200, 0.695657614816669
2.08296430118233, 14, 12, 15, 4191, 0.681811906339739
2.05312837963797, 10, 38, 3, 298, 0.0352460669624849
2.04898988554461, 13, 13, 2, 1815, 0.459892378926292
2.03688142481969, 14, 11, 14, 2925, 0.0260878051910895
2.03452012648695, 11, 107, 2, 482, 0.140551302032969
2.03065119919407, 11, 13, 2, 2045, 0.591108178519016
2.02694918478976, 12, 42, 16, 4361, 0.591183471155498
2.02233709186458, 12, 11, 2, 2019, 0.573269928669754
2.02063614983794, 11, 26, 14, 3804, 0.0371229481238653
2.00836254197294, 14, 10, 18, 849, 0.181785903991141
2.00836254197292, 14, 10, 18, 849, 0.181785903991141
2.00270997065537, 6, 10, 2, 1020, 0.264297334501314
2.00246420668508, 13, 10, 18, 2003, 0.253565002740413
1.98498142459823, 9, 15, 17, 3953, 0.56577824553419
1.96620606199876, 13, 15, 2, 2189, 0.690925017917885
1.96137996524777, 13, 22, 14, 4518, 0.0506521617061556
1.95417260206915, 12, 10, 2, 1158, 0.288144617239849
1.93701308521852, 12, 13, 17, 716, 0.167140744111958
1.93701308521847, 12, 13, 17, 716, 0.167140744111958
1.91820477353466, 7, 14, 4, 223, 0.0340596382009293
1.91392456864534, 9, 14, 2, 2181, 0.685760116494693
1.89230695184479, 12, 10, 4, 367, 0.06654035277665
1.89230695184473, 12, 10, 4, 367, 0.06654035277665
1.86027955807402, 12, 13, 2, 2019, 0.573269928669754
1.83765704428131, 9, 10, 2, 1948, 0.526194241248678
1.83083502393773, 14, 10, 2, 707, 0.18624816554988
1.8257401072897, 9, 35, 8, 1769, 0.107109236736077
1.80113461538464, 11, 16, 18, 2205, 0.265076146852329
1.79408402813241, 12, 22, 2, 2048, 0.594179815929284
1.78916442160257, 15, 22, 6, 123, 0.0197454072038189
1.78390735901972, 12, 12, 2, 1158, 0.288144617239849
1.77982654234432, 14, 12, 2, 2150, 0.66032240816373
1.77982654234432, 14, 12, 2, 2150, 0.66032240816373
1.77468518518519, 12, 16, 2, 2318, 0.778023003151272
1.76999333333335, 12, 36, 2, 1258, 0.312776873983231
1.76458551115893, 5, 65, 2, 691, 0.181799979522417
1.75627729084841, 13, 13, 18, 2003, 0.253565002740413
1.73773086696867, 10, 10, 2, 1383, 0.344439767465672
1.71904425299762, 11, 10, 11, 612, 0.0544887327356433
1.71360758118879, 8, 13, 2, 886, 0.233712927042923
1.71360758118878, 8, 13, 2, 886, 0.233712927042923
1.69987117449616, 12, 19, 8, 1080, 0.0742365478028392
1.69297214964717, 12, 15, 2, 2384, 0.829171454249667
1.68812599908894, 7, 12, 2, 2313, 0.775269905916884
1.67754369351857, 9, 12, 2, 1948, 0.526194241248678
1.6709514247842, 7, 11, 2, 2033, 0.584054788910251
1.67087877046645, 15, 10, 12, 628, 0.0441623621643404
1.66174741897128, 13, 21, 2, 2189, 0.690925017917885
1.63904438449087, 11, 11, 11, 612, 0.0544887327356433
1.62189899774686, 7, 13, 2, 2313, 0.775269905916884
1.6057485397728, 14, 13, 2, 707, 0.18624816554988
1.59637861487538, 15, 11, 15, 4082, 0.67028385244091
1.56434572918059, 14, 11, 12, 1309, 0.0723339561123933
1.54557142857144, 10, 25, 11, 1921, 0.149139811000727
1.54077932878948, 9, 17, 15, 3209, 0.60694168323393
1.53512545293532, 10, 42, 2, 621, 0.171185765804712
1.50455660607022, 14, 23, 15, 4191, 0.681811906339739
1.50424522938136, 12, 19, 2, 2384, 0.829171454249667
1.49774700702036, 14, 12, 12, 1309, 0.0723339561123933
1.46545762492746, 15, 13, 12, 628, 0.0441623621643404
1.46278715139406, 10, 10, 14, 2250, 0.0208356172808146
1.45990226167245, 11, 33, 2, 1533, 0.378962696670118
1.44941239732891, 6, 10, 7, 307, 0.0228080396154966
1.44875986384352, 14, 10, 16, 2897, 0.490890241209236
1.4468776041996, 10, 47, 16, 3038, 0.500098152283267
1.44536145642266, 11, 22, 13, 1789, 0.0718055383087048
1.43901050878866, 11, 31, 7, 1237, 0.0860763180891349
1.43556721686954, 6, 28, 12, 1599, 0.084899439498846
1.42081135271366, 11, 10, 2, 2103, 0.633565033389836
1.42081135271364, 11, 10, 2, 2103, 0.633565033389836
1.41176448879891, 10, 10, 5, 132, 0.0250830274427548
1.39694844578947, 8, 11, 8, 1530, 0.0952103023684904
1.38133833097534, 14, 11, 16, 2897, 0.490890241209236
1.37186852395871, 13, 29, 2, 1815, 0.459892378926292
1.35022678676965, 6, 22, 2, 1020, 0.264297334501314
1.32364722222221, 15, 16, 15, 4082, 0.67028385244091
1.31895668996372, 12, 12, 0, 20, 0.806122448979592
1.31895668996367, 12, 12, 0, 20, 0.806122448979592
1.31076409013979, 11, 10, 17, 2143, 0.318167595858459
1.2909735024499, 12, 10, 2, 2103, 0.633565033389836
1.28294920166946, 10, 13, 14, 2250, 0.0208356172808146
1.27132258441215, 16, 11, 16, 1270, 0.382536254999632
1.27132258441214, 16, 11, 16, 1270, 0.382536254999632
1.25564696010432, 11, 34, 2, 2045, 0.591108178519016
1.24882529187527, 6, 37, 12, 1599, 0.084899439498846
1.23860860352547, 11, 11, 16, 997, 0.359004245086251
1.23860860352544, 11, 11, 16, 997, 0.359004245086251
1.23819936627396, 10, 13, 5, 132, 0.0250830274427548
1.23773360453246, 11, 30, 13, 1789, 0.0718055383087048
1.23263532541935, 11, 24, 17, 1898, 0.293733644328137
1.19627517910473, 8, 15, 8, 1530, 0.0952103023684904
1.17157791150839, 10, 22, 2, 1383, 0.344439767465672
1.12302626834297, 9, 32, 15, 3209, 0.60694168323393
1.11738474509466, 7, 11, 13, 1770, 0.0712260441243429
1.09834380401202, 11, 27, 17, 3852, 0.550588804187052
1.09107174833732, 12, 14, 2, 2103, 0.633565033389836
1.08685971962758, 7, 26, 2, 2033, 0.584054788910251
1.0815402068775, 8, 10, 17, 5139, 0.795241210604164
1.07855220449373, 11, 28, 17, 3852, 0.550588804187052
1.07023439800198, 11, 15, 17, 2143, 0.318167595858459
1.06850236387208, 11, 11, 13, 3586, 0.167711825820605
1.03562081823246, 11, 34, 17, 1898, 0.293733644328137
1.03402449323552, 10, 55, 2, 2076, 0.617296731550267
0.967667164907218, 12, 10, 2, 1680, 0.419415023719867
0.948573511644897, 8, 13, 17, 5139, 0.795241210604164
0.939038351186997, 9, 10, 2, 423, 0.126096403908943
0.939038351186991, 9, 10, 2, 423, 0.126096403908943
0.927670508218982, 14, 10, 16, 2655, 0.476645891100042
0.898887410065045, 6, 26, 7, 307, 0.0228080396154966
0.864041177099776, 7, 69, 4, 223, 0.0340596382009293
0.859502945195711, 11, 17, 13, 3586, 0.167711825820605
0.852032593564262, 13, 10, 2, 1796, 0.45764667068634
0.830841113926265, 12, 11, 2, 913, 0.239749263375843
0.793566262338524, 7, 11, 15, 3145, 0.602509940357853
0.777795785374666, 13, 12, 2, 1796, 0.45764667068634
0.774870678591231, 12, 12, 2, 2231, 0.71904756487412
0.726795795949969, 7, 26, 13, 1770, 0.0712260441243429
0.717390848964152, 12, 14, 2, 2231, 0.71904756487412
0.693513843188729, 10, 10, 11, 1567, 0.120153864792828
0.679569547087959, 7, 15, 15, 3145, 0.602509940357853
0.673002921640359, 14, 19, 16, 2655, 0.476645891100042
0.667753783408909, 12, 21, 2, 1680, 0.419415023719867
0.665026991933422, 13, 10, 2, 369, 0.116349074527025
0.665026991933416, 13, 10, 2, 369, 0.116349074527025
0.64314991636216, 13, 11, 2, 444, 0.131684508708661
0.635483468707982, 10, 12, 6, 93, 0.0154057572689136
0.63306238817513, 8, 10, 2, 1882, 0.483873903596091
0.615769164276348, 13, 12, 2, 444, 0.131684508708661
0.60899444348823, 13, 10, 17, 4215, 0.602599840709978
0.603601303783451, 8, 11, 2, 1882, 0.483873903596091
0.600737887102189, 12, 10, 14, 2777, 0.0249721246995216
0.586126175284129, 10, 14, 11, 1567, 0.120153864792828
0.580653418924478, 13, 11, 17, 4215, 0.602599840709978
0.574579866264895, 12, 23, 2, 913, 0.239749263375843
0.53391290697656, 10, 17, 6, 93, 0.0154057572689136
0.514243843500825, 7, 10, 15, 3361, 0.617158162138281
0.497742503710511, 11, 10, 13, 1717, 0.069466865350387
0.477714745196104, 13, 10, 3, 424, 0.0479528035498185
0.469438255239283, 7, 12, 15, 3361, 0.617158162138281
0.460744926881511, 12, 17, 14, 2777, 0.0249721246995216
0.455483137875466, 13, 11, 3, 424, 0.0479528035498185
0.454374661852219, 11, 12, 13, 1717, 0.069466865350387
0.438766025348379, 9, 10, 18, 1863, 0.244561794554961
0.438766025348357, 9, 10, 18, 1863, 0.244561794554961
0.26829863591536, 13, 10, 18, 3246, 0.332092985246856
0.235313470198642, 13, 13, 18, 3246, 0.332092985246856
