5.53762551911901
5.05057825431223
4.86233197330288
4.81106556920055
4.7878482347257
4.76824080262026
4.76194049792673
4.74387841004458
4.71483793188283
4.66064796665858
4.62441100553579
4.57557179643415
4.58166428789064
4.57185434533859
4.53527246271463
4.53191096931465
4.53164597738791
4.52976456011133
4.52950443878926
4.53231610258182
4.5164835372958
4.507820757034
4.49235800984174
4.48915037478279
4.4795295935663
4.47823928525954
4.46955730962724
4.46882127098212
4.46636613741806
4.46998491694883
4.46467291346457
4.46744415784568
4.46005577624768
4.45211645954071
4.43933549633851
4.43047203477385
