3.22399050307965
2.99908656872056
2.89362878006965
2.91835032862069
2.85721866204275
2.80707116146954
2.78448580260178
2.79415989153423
2.79008679926314
2.74067534355101
2.70601852936554
2.66817781582836
2.66388038810361
2.63444918044877
2.62136313512512
2.60452248558861
2.58696744673859
2.58995202759839
2.59615293529115
2.59378967114693
2.60043351645824
2.60029576400862
2.60740587561099
2.61007070774298
2.61614481925223
2.60686619372332
2.60533111690216
2.59922831916024
2.59891091338768
2.60373894032957
2.60838181341693
2.59235896309819
2.59320344662871
2.58365069127578
2.58079190838124
2.58228834312528
2.58296232449487
2.58074391233069
2.57416972356446
2.57382291856352
2.5739860483915
2.56586193943872
2.56615286688876
2.56926823659674
2.57039604152876
2.57218959732619
2.57504652786295
2.57368533799091
2.57074937345428
2.57178189519407
2.57072578298092
2.57196222113845
2.57146587840258
2.57270073478004
2.56709165757027
2.56919856957299
2.57443968367684
2.57627415183406
2.57557510126494
2.58045716793071
2.57285782875802
2.57506467751155
2.57582447320823
2.57385245353066
2.57542311051669
2.57551899725377
2.5752932396279
2.57902629551982
2.58184831868315
2.57690076822066
2.57536617508171
2.57805105798231
