124.633762387008
105.029191468904
96.6414617817688
91.4173436591283
87.7737936892169
84.7775866236881
83.0522899414023
80.5104394209107
79.4381956715531
78.1548169657622
77.6130706619394
76.6739943810987
76.1512079201178
75.4298629885773
75.290092149677
74.6182539702971
74.7878212491776
74.2570787313164
73.8106515564706
73.4680662486038
73.0848387300429
72.8608535930077
72.5493970430761
72.4412440682149
72.271174913799
72.4277281764567
72.3280072591943
72.1571078214922
71.8505925623266
71.6342678096011
71.346086386005
71.3179898059383
71.3553261290848
71.3945885782007
71.284447560812
71.3002564320674
