2.76610957477019
1.98449672579984
1.59043226119191
1.51494041009833
1.45380462041989
1.37574109801674
1.30853974437003
1.23880549239388
1.19718804002355
1.14882550824159
1.11566594468433
1.06476967091853
1.02717495755251
1.00803874897722
0.986167115364562
0.972975967167514
0.965296750333133
0.956883471399728
0.935172809446205
0.927758985095145
0.908708830230997
0.897165628922194
0.890126936095952
0.886289631712634
0.884637951896234
0.874192221624506
0.859171818158033
0.853432818387408
0.840544502298516
0.837042104167147
0.827372800713611
0.81445320772563
0.804851863974557
0.795618113004218
0.792794914343017
