0.510254209681508
0.450771330247694
0.425867615778274
0.420866301160149
0.414775420050753
0.405521163954373
0.402986280444218
0.398626910863331
0.39821334994158
0.396280747011793
0.395196788728178
0.394688154210931
0.394872708478891
0.392808075344264
0.392748449045024
0.392731477127227
0.392491279299156
0.391660929955099
0.390599917832307
0.390704391632313
0.39088047633981
0.389890901331857
0.389953212915173
0.389719005096129
0.389215961002304
0.389638358832381
0.389725279055441
0.390146223806357
0.390387173287395
0.389533591512529
0.389643392118119
0.389780843214538
0.389822366462526
0.390313832899326
0.39035471720123
0.390037267208232
0.39008439465437
0.389966469413963
0.389945537912998
0.389823370347155
0.389923877156434
0.389994683446086
0.389940593057771
0.390088428394072
0.390287035256562
0.390148458128794
0.390148347725682
0.390282052223064
0.390207270986641
0.39044304145271
0.390286248485651
0.39050466265972
0.390547469346297
0.390581447905738
0.390672997225167
0.390765665840048
0.390706167063295
0.390843621516287
0.390958651366912
0.390872946977331
0.390963098881242
0.391086340008055
0.391269279315161
0.391370973598992
0.391244764804268
0.390803007341438
0.390938096278488
0.390764238839915
0.390758381374795
0.390926111043078
0.391068547011795
