4.1321483544611
3.4985937774005
3.1607332032941
3.27489455004077
3.35316261710277
3.35152224587733
3.28118056822082
3.23998458625286
3.21102591318494
3.17316460433948
3.13842806182005
3.04364524735464
3.02204506749896
3.06282979037958
3.06318286653538
3.09632325094782
3.09424236822354
3.10108532248204
3.08937076696467
3.08221439610474
3.07074747956205
3.06867831634079
3.05222885978029
3.03884217435535
3.04123174056879
3.04272883834862
3.0232353337932
3.03193577880941
3.0212573632413
3.03872362416504
3.02128204759663
3.0113558413669
2.98667226869372
2.98072005928927
2.98190088694429
2.96314147155599
2.95117886295712
2.93105629407648
2.95378880320312
2.95697884083426
2.95853658723313
2.9597669339402
2.95757887819068
2.95751829640159
2.95350258250506
2.94080771301266
2.95185042943139
2.95447121145666
2.96145284708398
2.97081268823302
2.96372989860507
2.96801817345322
2.96824694490134
2.9702267810584
2.96050853498687
2.94725830128342
2.9511137535017
2.93817470641631
2.94349789652821
2.95040157731431
2.96265649809177
2.95727176416776
2.95259089128268
2.96412197987714
2.96277886704333
2.97633748414925
2.96454895377146
2.96587453428528
2.96519893144475
2.95149802076988
2.94806957704607
2.95159469505432
