4.19095102193451
3.8492492004314
3.73668295972878
3.6905679528951
3.6571645201183
3.6442635193393
3.6228464831511
3.6043538000728
3.59081614808915
3.58044909409662
3.57240737577438
3.56729725488476
3.56321350910316
3.55715913382176
3.55345606169148
3.54719555928545
3.54798590316527
3.54636658828096
3.54168349963377
3.53970575924496
3.53792966649111
3.53662725048146
3.5351250392314
3.53464469554682
3.53210063083718
3.52978901744826
3.52952791646296
3.52880118424004
3.52808833482636
3.52741966690396
3.52587348111613
3.52569446748144
3.524575826717
3.52429615500875
3.52429494844897
3.523405809884
