4.12133582181703
3.75592383493791
3.49634809370755
3.39356619742162
3.29108166875018
3.28786081707947
3.2329362502918
3.22867244329554
3.21469061990571
3.19225201717759
3.16955104255262
3.17395971240307
3.16469202474719
3.14941629003409
3.12556210129812
3.11034761797342
3.11163629700012
3.11444789429481
3.11772860290812
3.10676463872218
3.09326221311257
3.08366100654454
3.08513329128067
3.09137292480109
3.08974061931595
3.09002648439135
3.09169533511589
3.08778748242644
3.0742720238451
3.06886009489615
3.07192943776768
3.06978783213984
3.07661103881303
3.06138380269589
3.059687910505
3.05765915508966
