3.97956899668772
3.32745114754652
3.25115489844264
3.12211247895225
3.00077153200504
2.87552578908739
2.83427499099641
2.77828548912873
2.69290409396219
2.63345696700825
2.60986626024701
2.58338353332439
2.55570583204321
2.55938042279943
2.53884890854339
2.50639494637035
2.49995681005396
2.50488529033248
2.48799994131466
2.46324593600042
2.45675576948297
2.44547984523689
2.44128501491996
2.42997092825014
2.43883637342569
2.44155571425224
2.43962469493008
2.4356192167474
2.42888799140992
2.42938192148151
2.4183376894414
2.41490950222945
2.40994192132843
2.40215701117623
2.39826486329703
2.39771197936951
