4.54006192299412
4.09023065641958
3.8724357923375
3.83333881874617
3.83941545183427
3.87273740081397
3.82560700723955
3.79976074947474
3.77440812413924
3.75408253137298
3.71815307801192
3.7114661340788
3.71605851243689
3.68994787693387
3.6864167231446
3.68043795846441
3.68821578819476
3.67670827779995
3.67206489533264
3.66153163202602
3.65428567774192
3.63905427105788
3.63654732582846
3.62565816587045
3.62798066221186
3.62402147818894
3.62312091363683
3.61031679363807
3.61675166791663
3.60854880215958
3.60910236403267
3.60576884436862
3.60995261600237
3.60340553318526
3.61397671454771
3.61424494098123
