0.516519744585438
0.453641273516717
0.433304741369538
0.426653784126788
0.417958791835715
0.40843332693304
0.403597278532406
0.397941153295294
0.397505675917756
0.396413438184871
0.395294994218833
0.394950014670815
0.395091624017421
0.393020659392933
0.392919300421065
0.392727175700082
0.392799052419756
0.392419383947395
0.391750746966966
0.391368945220611
0.391327327145074
0.390421555730549
0.390724581578025
0.390454120128353
0.390410863765603
0.390687208143983
0.39107486374178
0.391320583990276
0.391514304885669
0.391027916369877
0.391356797418147
0.391566236778881
0.391642947185646
0.391831432191674
0.3919551746447
0.391460664190179
0.391541408727752
0.391398417833331
0.39165336936527
0.391432115097308
0.391747424042642
0.391860319234142
0.392065131927942
0.392292679612469
0.392558877409659
0.392291626051454
0.391976365951837
0.392347354295713
0.39244193317712
0.392863582924686
0.392940813481017
0.393049897653781
0.393055750368147
0.393098713001649
0.393197118631865
0.393334786022937
0.393359267058675
0.393363490054213
0.393314833676046
0.393113602154694
0.39317057776546
0.393149366338968
0.393294782362122
0.393390339160334
0.393359134869781
0.393026695823839
0.393236426721991
0.392959957460843
0.393086300953503
0.39325615707956
0.393297055822093
