4.44942665483599
4.07743757539916
3.92753114242565
3.81499870408621
3.71580040154729
3.70562115300249
3.73074521988271
3.67708060489926
3.62280242863202
3.60954063748582
3.5923527335451
3.61061018714987
3.60014864940392
3.55836776653615
3.55144353010213
3.55353307168911
3.56173084549482
3.54524792932248
3.53878804240062
3.51970650308855
3.52319123837382
3.51448459276394
3.51357211535094
3.48837767201753
3.49653568437638
3.49062308286928
3.49390685785737
3.48109791854259
3.49054655766846
3.49002043794293
3.49990001506461
3.5009865363546
3.50143387177852
3.50115465529109
3.51380102638056
