6.1537548454843
5.41629422595906
5.14523009997692
5.00881656633384
4.94040686655679
4.9102620563795
4.79880899201718
4.77099558688065
4.77102263578109
4.75722297099547
4.72590689789933
4.72704872832042
4.73052631722766
4.73711613970578
4.72381356239263
4.72140661084519
4.71102311780059
4.70597421283278
4.70553307493372
4.68683025581576
4.68774429939128
4.69796646402367
4.69416388304461
4.69952909145917
4.69374369461611
4.69525550152433
4.69227475775762
4.6848829951781
4.6777308277152
4.67342761115905
4.66995269314743
4.66802311462766
4.66599882288187
4.66048504260275
4.66859688787626
4.66736240778828
4.65397471617983
4.64744018442008
4.64571377636551
4.64612461382126
4.64590035147019
4.65401571615531
4.64876883591641
4.65523851058208
4.65325679234442
4.65020224851949
4.64649088044152
4.64879669305823
4.65179171298577
4.65374222870916
4.64715753094978
4.64739320968878
4.64696394636858
4.64825907904125
4.64364814516883
4.6465831726424
4.6454366693217
4.64631003306724
4.64136579021679
4.64106541790786
4.64214345827548
4.64320354915017
4.64095940966708
4.63660162872336
4.63287236990284
4.63230942231994
4.63118301716722
4.63240764013188
4.63364976318072
4.63398491716837
4.63052057912911
4.63026162294226
