3.69458609535363
3.04615686249981
2.84199963091564
2.65936338864161
2.53054568708329
2.28733238284568
2.1567943833898
2.05204924690208
1.97589015459671
1.93641008675978
1.89050994602948
1.85108686376582
1.82976462072876
1.82719579279528
1.79803129553602
1.7599719104991
1.73483236424739
1.73259936220498
1.69823147195783
1.67764602577927
1.6534484503267
1.64192669222257
1.64671200118856
1.63612381337098
1.62247067671708
1.61368326922426
1.60333313047346
1.58161068792427
1.58449091609286
1.58083332519855
1.57360648446206
1.57270249077644
1.57244912363094
1.58178912730021
1.57880418522661
