norm, level, Npoints, dimSplit, MainGridIndexSplit
929.460650652507, 0, 659, -1, -1, -1
185.148441026694, 1, 203, 7, 4, 0.0549450549450549
162.852325449025, 2, 103, 0, 234, 0.583333333333333
123.533759134821, 1, 456, 7, 4, 0.0549450549450549
87.9681024814501, 2, 353, 0, 234, 0.583333333333333
86.4573652512785, 2, 66, 4, 44, 0.262422360248447
78.1795739483887, 3, 126, 7, 5, 0.112637362637363
74.0577475854283, 3, 39, 3, 120, 0.502396166134185
65.6927869167416, 5, 13, 3, 44, 0.321485623003195
60.0086256822147, 2, 137, 4, 44, 0.262422360248447
58.2459379622684, 3, 227, 7, 5, 0.112637362637363
57.8113106796119, 3, 64, 3, 120, 0.502396166134185
56.4964094025256, 6, 10, 2, 144, 0.914542728635682
45.5205011013215, 4, 64, 6, 212, 0.529729051680883
43.3557275505502, 5, 27, 0, 125, 0.310616438356164
41.9864731650305, 3, 7, 5, 280, 0.940988372093023
41.5381767195575, 8, 15, 2, 4, 0.327336331834083
40.4756795560659, 4, 54, 1, 12, 0.0890372843628269
40.2641666666667, 5, 16, 3, 42, 0.315495207667732
39.4512877529177, 5, 10, 4, 45, 0.265527950310559
39.0021856844675, 6, 5, 1, 32, 0.271146355036171
37.955696969697, 3, 25, 2, 38, 0.48575712143928
37.0362919196444, 5, 37, 0, 125, 0.310616438356164
35.9615189873418, 6, 1, 0, 273, 0.95662100456621
35.0529667309912, 4, 72, 1, 12, 0.0890372843628269
34.0580997936735, 7, 68, 5, 134, 0.430813953488372
33.0985235877918, 7, 72, 5, 134, 0.430813953488372
31.5790909090909, 6, 4, 0, 56, 0.124429223744292
31.571915361486, 4, 18, 7, 2, 0.010989010989011
30.8339351219326, 6, 8, 1, 32, 0.271146355036171
29.6384199043077, 3, 41, 2, 38, 0.48575712143928
28.5235265410389, 4, 163, 6, 212, 0.529729051680883
27.930149762726, 4, 23, 7, 2, 0.010989010989011
26.3443833633267, 4, 29, 6, 111, 0.385474159558454
26.0331074314356, 6, 13, 3, 115, 0.488418530351438
25.3671078931052, 8, 24, 1, 5, 0.0482749026154702
25.1175835045498, 5, 6, 6, 4, 0.0464124435524335
25.0861300223517, 6, 14, 3, 115, 0.488418530351438
24.6993333333333, 9, 1, 5, 124, 0.410901162790698
24.4475, 5, 1, 1, 139, 0.519894268224819
24.1515552913927, 5, 15, 3, 20, 0.254792332268371
22.5736208748555, 7, 26, 1, 13, 0.111435726210351
22.5275871928199, 4, 22, 3, 50, 0.343849840255591
21.68692568296, 11, 3, 3, 138, 0.549920127795527
21.6418450178587, 4, 19, 6, 74, 0.296287004515805
21.5221023758043, 5, 56, 3, 42, 0.315495207667732
21.5127333126084, 5, 22, 4, 20, 0.178571428571429
21.3540731172889, 5, 11, 1, 70, 0.361296605453534
21.3086350496768, 8, 57, 2, 4, 0.327336331834083
21.0938612631298, 4, 20, 6, 74, 0.296287004515805
20.9509311022108, 5, 8, 7, 5, 0.112637362637363
20.5497682829954, 6, 13, 2, 98, 0.666166916541729
19.8628571428571, 11, 1, 4, 14, 0.141304347826087
19.4922566935299, 9, 27, 3, 144, 0.56349840255591
19.3394328230431, 5, 150, 3, 44, 0.321485623003195
19.1184210526316, 6, 4, 0, 265, 0.857305936073059
19.0132174626298, 6, 2, 1, 2, 0.0342237061769616
18.8076634849849, 5, 44, 4, 45, 0.265527950310559
18.7348507943755, 8, 44, 1, 5, 0.0482749026154702
18.6274847475668, 10, 3, 5, 154, 0.481104651162791
18.506431317578, 10, 11, 0, 142, 0.355479452054794
18.4919783664652, 9, 30, 3, 144, 0.56349840255591
18.0015064646329, 5, 27, 3, 20, 0.254792332268371
17.7246153846154, 7, 1, 1, 2, 0.0342237061769616
17.6453928571429, 6, 25, 4, 17, 0.16304347826087
17.27375, 11, 1, 1, 79, 0.380217028380634
17.0640377732465, 5, 13, 6, 4, 0.0464124435524335
16.8920895145232, 10, 6, 1, 116, 0.463828603227602
16.6932468476256, 5, 18, 1, 70, 0.361296605453534
16.5133333333333, 10, 1, 2, 131, 0.828835582208896
16.5058925779831, 7, 2, 5, 127, 0.41671511627907
16.426, 7, 1, 6, 262, 0.658805820371299
16.3042705945571, 4, 42, 3, 50, 0.343849840255591
16.0720657318494, 10, 2, 0, 84, 0.177397260273973
16.0405352760483, 8, 5, 5, 43, 0.170058139534884
16.0172164293715, 7, 8, 7, 3, 0.0260989010989011
15.9633333333333, 9, 9, 7, 3, 0.0260989010989011
15.9619603965445, 7, 52, 1, 13, 0.111435726210351
15.9436, 7, 1, 6, 120, 0.40178123432012
15.8460305674412, 6, 31, 4, 17, 0.16304347826087
15.8374152661996, 5, 14, 7, 5, 0.112637362637363
15.8230769230769, 6, 1, 4, 69, 0.343167701863354
15.7458985505894, 7, 10, 3, 149, 0.575878594249201
15.7036363636364, 9, 1, 6, 178, 0.47704465629704
15.62, 11, 1, 5, 283, 0.984447674418605
15.5694871878465, 4, 3, 3, 162, 0.620607028753994
15.5687235547748, 7, 2, 4, 77, 0.368012422360248
15.3447222222222, 10, 16, 0, 142, 0.355479452054794
15.1810720570602, 9, 20, 4, 27, 0.200310559006211
15.1467843121898, 7, 3, 0, 270, 0.914497716894977
15.1426666666667, 6, 1, 0, 271, 0.932648401826484
15.1242199444886, 6, 24, 2, 98, 0.666166916541729
15.1011764705882, 7, 9, 7, 3, 0.0260989010989011
15.0993005405118, 6, 140, 2, 144, 0.914542728635682
14.932380952381, 8, 1, 5, 88, 0.321511627906977
14.8054158595938, 6, 6, 0, 235, 0.590867579908676
14.5725, 5, 1, 7, 1, 0.00274725274725275
14.5437722754449, 7, 2, 7, 3, 0.0260989010989011
14.4533503100556, 6, 6, 5, 166, 0.505232558139535
14.29, 7, 1, 3, 14, 0.193690095846645
14.2284615384615, 12, 1, 5, 256, 0.799273255813954
14.1164778055256, 4, 101, 6, 111, 0.385474159558454
13.8583593546053, 9, 24, 4, 27, 0.200310559006211
13.8087750633429, 13, 3, 6, 42, 0.225664826894129
13.7414417810586, 7, 2, 3, 182, 0.738817891373802
13.6192307692308, 13, 1, 0, 54, 0.121917808219178
13.5522830548952, 10, 14, 0, 146, 0.364041095890411
13.5438461538461, 11, 1, 3, 48, 0.336261980830671
13.4835714285714, 4, 4, 3, 162, 0.620607028753994
13.4062318840579, 5, 9, 1, 32, 0.271146355036171
13.383442015573, 6, 7, 0, 256, 0.736301369863014
13.366236082009, 7, 3, 1, 23, 0.225375626043406
13.268, 6, 1, 2, 123, 0.794352823588206
12.8218662480012, 6, 8, 0, 235, 0.590867579908676
12.7950972055706, 7, 2, 4, 2, 0.0559006211180124
12.6986538461538, 8, 16, 0, 226, 0.539840182648402
12.677, 10, 16, 0, 146, 0.364041095890411
12.6178672366963, 8, 2, 6, 8, 0.0815353738083291
12.4775785476724, 4, 12, 0, 128, 0.322374429223744
12.3732808141781, 8, 2, 0, 136, 0.342922374429224
12.2932944846252, 10, 7, 0, 197, 0.481278538812785
12.2932944846251, 10, 7, 0, 197, 0.481278538812785
12.2188051789035, 6, 2, 0, 237, 0.611872146118721
12.209619178065, 7, 5, 1, 7, 0.0509181969949917
12.1821641911511, 12, 2, 5, 98, 0.35406976744186
11.9880697007804, 4, 13, 0, 128, 0.322374429223744
11.9261764705882, 9, 4, 1, 51, 0.321368948247079
11.8861489768554, 5, 6, 7, 3, 0.0260989010989011
11.8861489768554, 5, 6, 7, 3, 0.0260989010989011
11.8749403366922, 7, 3, 7, 3, 0.0260989010989011
11.8653846153846, 5, 4, 6, 276, 0.7019568489714
11.7601023171747, 11, 6, 0, 165, 0.412100456621005
11.5242857142857, 7, 4, 5, 71, 0.255523255813953
11.5196123833578, 6, 5, 3, 63, 0.376996805111821
11.3525490812577, 5, 79, 4, 20, 0.178571428571429
11.3198956833201, 9, 2, 7, 3, 0.0260989010989011
11.21, 9, 9, 5, 226, 0.714970930232558
11.18, 7, 4, 0, 141, 0.350228310502283
11.0584684066104, 10, 14, 1, 116, 0.463828603227602
11.0471987399521, 6, 6, 3, 66, 0.38538338658147
11.0407652814467, 10, 2, 5, 176, 0.540406976744186
10.8916666666667, 7, 4, 1, 149, 0.557735114079021
10.8657022906604, 7, 21, 3, 149, 0.575878594249201
10.7488985480979, 5, 14, 1, 32, 0.271146355036171
10.695, 8, 1, 3, 30, 0.289536741214057
10.495, 12, 4, 5, 196, 0.596220930232558
10.4731338830998, 8, 3, 5, 257, 0.803633720930233
10.4731338830998, 8, 3, 5, 257, 0.803633720930233
10.439243072099, 7, 5, 5, 127, 0.41671511627907
10.41, 7, 1, 4, 53, 0.293478260869565
10.3605555555556, 8, 4, 3, 7, 0.155750798722045
10.2588888888889, 5, 1, 1, 8, 0.0542570951585977
10.220062015105, 6, 12, 5, 166, 0.505232558139535
10.1988925052347, 11, 3, 2, 116, 0.730634682658671
10.0862889779751, 7, 2, 6, 298, 0.852609131961867
10.0466666666667, 8, 4, 5, 279, 0.933720930232558
10.0256666666667, 12, 4, 0, 205, 0.493036529680365
9.98618537102448, 6, 40, 0, 56, 0.124429223744292
9.87271017901646, 6, 15, 0, 265, 0.857305936073059
9.74286622724731, 3, 130, 5, 280, 0.940988372093023
9.66666666666667, 5, 1, 0, 277, 0.990068493150685
9.65255149148958, 7, 8, 1, 7, 0.0509181969949917
9.61166666666667, 6, 1, 3, 22, 0.259584664536741
9.58365390768172, 8, 8, 5, 239, 0.744186046511628
9.56715474945397, 6, 8, 3, 66, 0.38538338658147
9.50003644186139, 11, 5, 2, 92, 0.645427286356822
9.48421535058786, 7, 3, 4, 74, 0.358695652173913
9.43181818181819, 13, 1, 0, 186, 0.451826484018265
9.35, 9, 1, 7, 3, 0.0260989010989011
9.35, 9, 1, 7, 3, 0.0260989010989011
9.30552524041497, 13, 2, 5, 249, 0.774709302325581
9.21643479716372, 9, 27, 7, 3, 0.0260989010989011
9.17521556216772, 9, 2, 6, 232, 0.572252885097843
9.14090909090909, 6, 1, 2, 95, 0.65992003998001
9.1146064094946, 12, 2, 6, 179, 0.478299046663322
9.10933608482252, 11, 10, 0, 165, 0.412100456621005
9.04416666666667, 14, 1, 1, 18, 0.139259877573734
9.03292542863652, 6, 5, 1, 28, 0.262242626599889
9.026, 10, 1, 7, 6, 0.197802197802198
9.01474710312683, 10, 3, 5, 176, 0.540406976744186
8.98860673528809, 7, 6, 4, 77, 0.368012422360248
8.98601184557914, 8, 5, 5, 279, 0.933720930232558
8.85365033548524, 11, 18, 3, 138, 0.549920127795527
8.85214698576617, 9, 6, 0, 189, 0.460730593607306
8.77745614248988, 12, 3, 6, 147, 0.438158554942298
8.77048110931715, 6, 2, 6, 195, 0.503135975915705
8.7525, 8, 1, 0, 225, 0.536986301369863
8.75025551463662, 7, 7, 1, 23, 0.225375626043406
8.74499999999998, 7, 9, 0, 270, 0.914497716894977
8.69920165272362, 8, 17, 5, 43, 0.170058139534884
8.68322866219703, 9, 15, 5, 226, 0.714970930232558
8.67230709388098, 11, 6, 2, 92, 0.645427286356822
8.61983951900112, 13, 3, 6, 166, 0.466256899147015
8.46576923076924, 8, 36, 0, 226, 0.539840182648402
8.42312247968017, 10, 13, 6, 115, 0.390491721023582
8.41343679776582, 5, 3, 7, 1, 0.00274725274725275
8.338, 8, 1, 5, 88, 0.321511627906977
8.10897747229937, 11, 6, 4, 14, 0.141304347826087
8.09928571428574, 9, 4, 3, 18, 0.23482428115016
8.04, 9, 1, 7, 2, 0.010989010989011
7.97250000000002, 13, 9, 6, 42, 0.225664826894129
7.91775107366177, 6, 20, 0, 256, 0.736301369863014
7.91025641025642, 5, 9, 6, 276, 0.7019568489714
7.9054538136656, 7, 8, 0, 141, 0.350228310502283
7.80139272149931, 12, 5, 6, 44, 0.232062217762168
7.70157135842349, 7, 8, 1, 149, 0.557735114079021
7.68625071149777, 7, 2, 6, 208, 0.524711490215755
7.62333333333333, 12, 1, 6, 58, 0.256773707977923
7.59792954253547, 13, 3, 5, 249, 0.774709302325581
7.58946638440413, 9, 10, 0, 219, 0.522260273972603
7.58946638440411, 9, 10, 0, 219, 0.522260273972603
7.5025, 8, 1, 5, 43, 0.170058139534884
7.485, 8, 1, 4, 39, 0.246894409937888
7.44936993980028, 7, 2, 6, 298, 0.852609131961867
7.44936993980028, 7, 2, 6, 298, 0.852609131961867
7.44504873169303, 6, 2, 3, 80, 0.420127795527157
7.42108566855284, 12, 8, 5, 196, 0.596220930232558
7.29333333333333, 11, 1, 3, 60, 0.369408945686901
7.28859825273666, 7, 10, 5, 71, 0.255523255813953
7.26602725296405, 10, 2, 0, 250, 0.660844748858447
7.23000000000002, 7, 4, 1, 11, 0.0695603784084586
7.2176923076923, 10, 1, 3, 60, 0.369408945686901
7.21738452274177, 8, 2, 6, 183, 0.480556949322629
7.18632071847271, 6, 14, 1, 2, 0.0342237061769616
7.15827764821177, 10, 18, 6, 115, 0.390491721023582
7.15592062560784, 8, 2, 3, 16, 0.200079872204473
7.14990573364433, 8, 3, 6, 201, 0.516181635725038
7.095, 7, 1, 0, 275, 0.969178082191781
7.05453045921556, 6, 6, 0, 237, 0.611872146118721
7.0405274561015, 10, 21, 5, 154, 0.481104651162791
6.97714285714286, 13, 1, 5, 276, 0.922674418604651
6.94614561385585, 12, 2, 4, 49, 0.277950310559006
6.91236162319916, 6, 2, 7, 3, 0.0260989010989011
6.83536555146995, 5, 2, 0, 277, 0.990068493150685
6.80695967374568, 11, 3, 1, 143, 0.52754590984975
6.79333333333333, 11, 1, 3, 133, 0.537939297124601
6.77666666666664, 8, 16, 5, 239, 0.744186046511628
6.76462065400508, 7, 3, 3, 25, 0.270367412140575
6.70400000000001, 8, 1, 0, 277, 0.990068493150685
6.67649254224601, 9, 6, 7, 2, 0.010989010989011
6.67372499624039, 11, 3, 3, 123, 0.511980830670927
6.66666666666666, 14, 1, 6, 202, 0.516934269944807
6.61545242845199, 9, 13, 1, 51, 0.321368948247079
6.60117450107559, 9, 14, 5, 124, 0.410901162790698
6.5919283976694, 9, 5, 4, 75, 0.361801242236025
6.54333333333333, 8, 1, 4, 41, 0.253105590062112
6.52666666666667, 10, 1, 6, 291, 0.762418464626192
6.44499999999999, 12, 4, 6, 179, 0.478299046663322
6.38999999999999, 7, 1, 1, 142, 0.52615470228158
6.33428571428571, 7, 1, 6, 297, 0.807325639739087
6.31092802208993, 11, 2, 3, 130, 0.530750798722045
6.30398283003432, 10, 13, 0, 84, 0.177397260273973
6.24738697053816, 6, 17, 3, 63, 0.376996805111821
6.22555555555556, 11, 4, 2, 91, 0.641179410294853
6.20233662355057, 8, 2, 3, 185, 0.775159744408946
6.20166666666666, 6, 4, 6, 195, 0.503135975915705
6.17833333333333, 11, 1, 5, 260, 0.817151162790698
6.1136452301389, 8, 2, 6, 273, 0.694054189663823
6.11222222222222, 10, 4, 4, 13, 0.133540372670807
6.09514697662547, 13, 6, 6, 166, 0.466256899147015
6.04570447391024, 12, 11, 0, 205, 0.493036529680365
6.03666666666666, 8, 4, 4, 83, 0.388198757763975
6.01757980143733, 9, 6, 4, 75, 0.361801242236025
6.01, 6, 1, 7, 2, 0.010989010989011
5.97929494171345, 9, 2, 6, 63, 0.262794781736076
5.96036623710937, 10, 2, 6, 226, 0.557952834922228
5.95666666666666, 9, 1, 2, 136, 0.868815592203898
5.92201929243734, 7, 2, 0, 237, 0.611872146118721
5.91848375853141, 9, 2, 7, 2, 0.010989010989011
5.9184837585314, 9, 2, 7, 2, 0.010989010989011
5.91494822462547, 8, 2, 0, 75, 0.148858447488584
5.90327028010744, 7, 6, 1, 11, 0.0695603784084586
5.89500000000001, 11, 4, 1, 143, 0.52754590984975
5.87550939635592, 11, 6, 0, 155, 0.392694063926941
5.86666666666667, 8, 1, 3, 24, 0.266773162939297
5.86202973317201, 10, 3, 5, 256, 0.799273255813954
5.85721848092875, 14, 3, 0, 52, 0.120776255707763
5.85721848092874, 14, 3, 0, 52, 0.120776255707763
5.84278472419904, 8, 3, 3, 16, 0.200079872204473
5.84, 12, 1, 0, 132, 0.33972602739726
5.83834498999692, 10, 8, 2, 131, 0.828835582208896
5.83072829210709, 6, 12, 1, 28, 0.262242626599889
5.80291583989446, 9, 5, 6, 232, 0.572252885097843
5.74619388315929, 12, 7, 6, 147, 0.438158554942298
5.74347483018772, 13, 2, 4, 41, 0.253105590062112
5.74272727272728, 12, 9, 5, 98, 0.35406976744186
5.72285714285714, 9, 1, 3, 158, 0.604233226837061
5.71, 10, 1, 4, 87, 0.40527950310559
5.71, 10, 1, 4, 87, 0.40527950310559
5.69079537498934, 10, 2, 4, 30, 0.211180124223602
5.68513852073984, 9, 2, 7, 2, 0.010989010989011
5.60864115380052, 5, 19, 1, 139, 0.519894268224819
5.53794988936091, 8, 14, 3, 7, 0.155750798722045
5.47613047689699, 14, 5, 2, 23, 0.448775612193903
5.47613047689698, 14, 5, 2, 23, 0.448775612193903
5.46693775298948, 10, 5, 4, 13, 0.133540372670807
5.45133333333334, 9, 9, 7, 2, 0.010989010989011
5.43928571428572, 12, 4, 7, 11, 0.615384615384615
5.43500000000002, 7, 4, 6, 208, 0.524711490215755
5.39758176305731, 8, 2, 5, 104, 0.3625
5.39051069524545, 12, 2, 6, 58, 0.256773707977923
5.38983690665516, 7, 13, 3, 182, 0.738817891373802
5.38379126019327, 7, 3, 0, 127, 0.312557077625571
5.38379126019326, 7, 3, 0, 127, 0.312557077625571
5.38265395323226, 13, 2, 5, 271, 0.881686046511628
5.368, 8, 1, 5, 36, 0.144476744186047
5.35607844727216, 10, 3, 7, 8, 0.259615384615385
5.35131530755134, 8, 3, 0, 253, 0.682420091324201
5.346, 9, 1, 0, 71, 0.144977168949772
5.3261979019662, 11, 11, 2, 116, 0.730634682658671
5.30094383629514, 12, 2, 1, 111, 0.456176961602671
5.27598466650383, 8, 11, 0, 136, 0.342922374429224
5.24875, 9, 1, 5, 183, 0.569767441860465
5.22, 9, 1, 6, 200, 0.514801806322127
5.20500000000001, 7, 4, 4, 53, 0.293478260869565
5.195, 9, 1, 7, 6, 0.197802197802198
5.195, 9, 1, 7, 6, 0.197802197802198
5.18333333333333, 14, 1, 3, 55, 0.35982428115016
5.17, 15, 1, 1, 123, 0.473706176961603
5.15716545745389, 11, 2, 3, 60, 0.369408945686901
5.1475, 10, 1, 2, 58, 0.557471264367816
5.1224380555213, 9, 10, 3, 18, 0.23482428115016
5.11665573179515, 7, 12, 1, 2, 0.0342237061769616
5.06399999999999, 13, 1, 5, 89, 0.32718023255814
5.05325823108219, 8, 3, 0, 225, 0.536986301369863
5.05, 7, 1, 3, 93, 0.448482428115016
5.05, 7, 1, 3, 93, 0.448482428115016
5.025, 6, 1, 7, 3, 0.0260989010989011
4.99453089778098, 10, 2, 7, 8, 0.259615384615385
4.9917704274135, 8, 3, 6, 273, 0.694054189663823
4.96592584561349, 9, 10, 6, 178, 0.47704465629704
4.95296993042816, 7, 11, 4, 74, 0.358695652173913
4.93888888888889, 11, 1, 0, 252, 0.676940639269406
4.91166666666666, 12, 4, 4, 49, 0.277950310559006
4.90024999362277, 9, 2, 3, 50, 0.343849840255591
4.88207387626747, 9, 3, 6, 63, 0.262794781736076
4.876, 15, 1, 6, 188, 0.492222779729052
4.86778445710504, 9, 3, 5, 236, 0.739244186046512
4.84226723756548, 12, 2, 1, 77, 0.377991096271564
4.83821837818667, 12, 13, 6, 44, 0.232062217762168
4.8103815709347, 8, 11, 5, 146, 0.459593023255814
4.80361206686061, 11, 2, 3, 133, 0.537939297124601
4.79733333333332, 11, 9, 0, 155, 0.392694063926941
4.78330913660162, 7, 6, 3, 25, 0.270367412140575
4.74940838420957, 12, 5, 6, 165, 0.465378825890617
4.74940838420953, 12, 5, 6, 165, 0.465378825890617
4.7306637681725, 11, 3, 7, 5, 0.112637362637363
4.694, 13, 1, 1, 3, 0.0397885364496383
4.68071203374626, 8, 7, 6, 201, 0.516181635725038
4.6465149664381, 10, 3, 4, 30, 0.211180124223602
4.63, 9, 1, 4, 90, 0.442546583850932
4.625, 9, 1, 7, 6, 0.197802197802198
4.625, 9, 1, 7, 6, 0.197802197802198
4.56772886047332, 6, 12, 4, 69, 0.343167701863354
4.53333333333333, 9, 1, 5, 68, 0.241133720930233
4.50333209967908, 13, 3, 1, 145, 0.53158041179744
4.49666666666667, 12, 1, 2, 133, 0.847076461769115
4.49508423869065, 14, 3, 6, 213, 0.530983442047165
4.48472859100519, 10, 12, 7, 2, 0.010989010989011
4.46006307177003, 11, 15, 1, 79, 0.380217028380634
4.43999999999999, 6, 1, 1, 29, 0.263912075681692
4.42266666666663, 6, 9, 2, 123, 0.794352823588206
4.395, 10, 1, 5, 264, 0.832558139534884
4.33220853251904, 11, 13, 5, 283, 0.984447674418605
4.33157039459517, 8, 3, 5, 43, 0.170058139534884
4.32146676488436, 8, 3, 4, 39, 0.246894409937888
4.31, 6, 1, 7, 2, 0.010989010989011
4.31, 6, 1, 7, 2, 0.010989010989011
4.30950736645114, 16, 3, 0, 73, 0.147146118721461
4.29846800874709, 6, 5, 3, 22, 0.259584664536741
4.28506709399048, 8, 2, 6, 100, 0.361264425489212
4.27960887036811, 11, 3, 3, 125, 0.517172523961661
4.27851840646553, 9, 14, 7, 3, 0.0260989010989011
4.27799602617861, 9, 2, 1, 54, 0.32582081246522
4.27799602617861, 9, 2, 1, 54, 0.32582081246522
4.27, 11, 1, 7, 2, 0.010989010989011
4.27, 11, 1, 7, 2, 0.010989010989011
4.2685679357628, 8, 8, 4, 83, 0.388198757763975
4.2650324018568, 7, 18, 4, 2, 0.0559006211180124
4.26, 16, 1, 7, 2, 0.010989010989011
4.26, 16, 1, 7, 2, 0.010989010989011
4.24971175493115, 6, 2, 7, 2, 0.010989010989011
4.24571428571429, 11, 1, 5, 157, 0.484593023255814
4.21199939326788, 9, 2, 2, 136, 0.868815592203898
4.20021428024809, 17, 2, 1, 70, 0.361296605453534
4.18, 12, 1, 5, 277, 0.924127906976744
4.1675, 11, 1, 3, 159, 0.608226837060703
4.14835978296107, 8, 2, 3, 24, 0.266773162939297
4.14511101329025, 8, 5, 0, 253, 0.682420091324201
4.14508097584308, 10, 6, 5, 256, 0.799273255813954
4.13, 7, 1, 4, 105, 0.633540372670807
4.11936467138538, 8, 15, 5, 146, 0.459593023255814
4.1074030496925, 12, 12, 5, 256, 0.799273255813954
4.10666666666667, 9, 1, 0, 131, 0.338127853881279
4.09630015990039, 7, 3, 0, 275, 0.969178082191781
4.07184020623222, 6, 78, 0, 273, 0.95662100456621
4.06666666666666, 9, 1, 7, 5, 0.112637362637363
4.06, 8, 1, 6, 138, 0.422227797290517
4.06, 8, 1, 6, 138, 0.422227797290517
4.04704789919921, 6, 14, 0, 271, 0.932648401826484
4.04233003883369, 8, 7, 3, 30, 0.289536741214057
4.0112631960498, 10, 15, 7, 2, 0.010989010989011
4.00103736548411, 9, 3, 3, 50, 0.343849840255591
3.99, 10, 1, 3, 82, 0.424520766773163
3.99, 10, 1, 3, 82, 0.424520766773163
3.9795459402616, 6, 7, 3, 80, 0.420127795527157
3.97000000000001, 9, 1, 6, 26, 0.16294530858003
3.96333290202922, 7, 13, 3, 14, 0.193690095846645
3.95851232595161, 8, 2, 1, 10, 0.0639955481357819
3.955, 10, 1, 7, 7, 0.245879120879121
3.955, 10, 1, 7, 7, 0.245879120879121
3.95369464341055, 12, 3, 1, 77, 0.377991096271564
3.94250000000001, 9, 4, 6, 207, 0.52295534370296
3.9425, 9, 4, 6, 207, 0.52295534370296
3.935, 12, 1, 7, 8, 0.259615384615385
3.935, 12, 1, 7, 8, 0.259615384615385
3.9315332753855, 13, 12, 0, 54, 0.121917808219178
3.92270210909964, 8, 5, 3, 185, 0.775159744408946
3.90977161139295, 11, 12, 3, 48, 0.336261980830671
3.8944254516227, 9, 31, 0, 189, 0.460730593607306
3.89285714285715, 14, 4, 6, 213, 0.530983442047165
3.89191572365076, 11, 2, 7, 2, 0.010989010989011
3.86273149831814, 15, 2, 4, 65, 0.330745341614907
3.8490017945975, 12, 3, 7, 8, 0.259615384615385
3.84333333333333, 11, 1, 6, 167, 0.466758655293527
3.84, 9, 1, 0, 231, 0.571917808219178
3.83830417314988, 11, 2, 1, 92, 0.403032832498609
3.81666666666668, 8, 4, 5, 104, 0.3625
3.80666666666666, 8, 1, 7, 11, 0.615384615384615
3.74833333333335, 12, 4, 1, 111, 0.456176961602671
3.73352380466497, 9, 2, 1, 9, 0.0584307178631052
3.73352380466497, 9, 2, 1, 9, 0.0584307178631052
3.73214285714286, 16, 4, 0, 73, 0.147146118721461
3.73, 9, 4, 0, 5, 0.069634703196347
3.71, 8, 1, 7, 5, 0.112637362637363
3.69481270392796, 6, 7, 7, 3, 0.0260989010989011
3.69109739779378, 9, 2, 6, 200, 0.514801806322127
3.68416666666667, 11, 1, 3, 121, 0.50758785942492
3.66517014915027, 14, 2, 3, 55, 0.35982428115016
3.66435639812777, 11, 5, 7, 5, 0.112637362637363
3.65534972302695, 11, 10, 3, 123, 0.511980830670927
3.64361599238998, 11, 6, 3, 130, 0.530750798722045
3.62166666666667, 11, 1, 6, 300, 0.878198695434019
3.60333333333334, 11, 1, 1, 33, 0.272537562604341
3.59, 10, 1, 7, 10, 0.409340659340659
3.57187366538648, 9, 3, 7, 5, 0.112637362637363
3.54, 8, 1, 7, 2, 0.010989010989011
3.53166666666666, 10, 4, 7, 8, 0.259615384615385
3.52422019743375, 10, 2, 4, 60, 0.315217391304348
3.5075, 13, 1, 1, 71, 0.364913745130774
3.50637641610661, 10, 7, 7, 8, 0.259615384615385
3.45999999999999, 11, 1, 7, 13, 0.993131868131868
3.44010634031173, 12, 10, 7, 11, 0.615384615384615
3.43000000000001, 8, 1, 6, 82, 0.317360762669343
3.42946059898637, 17, 3, 1, 70, 0.361296605453534
3.41907943263486, 7, 6, 0, 237, 0.611872146118721
3.41499694973021, 8, 6, 0, 75, 0.148858447488584
3.35199999999999, 8, 4, 0, 277, 0.990068493150685
3.34166666666665, 16, 4, 6, 182, 0.480306071249373
3.33898188754466, 8, 20, 5, 88, 0.321511627906977
3.33000000000001, 8, 1, 5, 234, 0.734156976744186
3.33, 8, 1, 5, 234, 0.734156976744186
3.32769941874516, 11, 14, 2, 91, 0.641179410294853
3.32249999999999, 7, 1, 2, 94, 0.654672663668166
3.31599673929274, 13, 6, 4, 41, 0.253105590062112
3.28451099861152, 8, 2, 1, 146, 0.536310517529215
3.28451099861151, 8, 2, 1, 146, 0.536310517529215
3.27390439689371, 9, 2, 4, 90, 0.442546583850932
3.25447372191981, 7, 24, 6, 120, 0.40178123432012
3.24562012564626, 11, 2, 3, 171, 0.646565495207668
3.24562012564625, 11, 2, 3, 171, 0.646565495207668
3.235, 8, 1, 6, 202, 0.516934269944807
3.235, 8, 1, 6, 202, 0.516934269944807
3.20743635946217, 7, 2, 3, 43, 0.320686900958467
3.20555074137902, 9, 2, 5, 68, 0.241133720930233
3.195, 10, 1, 7, 2, 0.010989010989011
3.17962349273551, 12, 2, 2, 133, 0.847076461769115
3.1777358816197, 11, 3, 7, 2, 0.010989010989011
3.16249999999999, 13, 1, 5, 65, 0.234883720930233
3.14379674915541, 10, 2, 3, 19, 0.244808306709265
3.1072292270426, 9, 2, 2, 68, 0.590954522738631
3.09666666666666, 9, 1, 6, 201, 0.516181635725038
3.08333333333333, 8, 1, 6, 9, 0.091570496738585
3.08062854336939, 10, 2, 3, 173, 0.651357827476038
3.07750310092488, 8, 11, 6, 183, 0.480556949322629
3.058943935413, 11, 2, 3, 30, 0.289536741214057
3.05033392221853, 9, 3, 6, 260, 0.656046161565479
3.04113055154915, 7, 22, 6, 298, 0.852609131961867
3.02999999999999, 8, 4, 6, 100, 0.361264425489212
3.01581042176063, 10, 2, 6, 199, 0.510662318113397
3.01581042176063, 10, 2, 6, 199, 0.510662318113397
3.00866666666665, 10, 9, 7, 6, 0.197802197802198
2.9910616844191, 14, 2, 1, 33, 0.272537562604341
2.98887752992472, 16, 5, 6, 182, 0.480306071249373
2.98260279311334, 13, 10, 0, 186, 0.451826484018265
2.9719105106536, 10, 3, 2, 58, 0.557471264367816
2.9663432044864, 10, 12, 0, 250, 0.660844748858447
2.96, 8, 1, 2, 132, 0.83208395802099
2.95570634535977, 12, 2, 5, 277, 0.924127906976744
2.94812288947197, 13, 7, 1, 145, 0.53158041179744
2.94333333333334, 12, 1, 0, 195, 0.474771689497717
2.93359454449786, 8, 37, 6, 8, 0.0815353738083291
2.91881406662972, 10, 5, 6, 291, 0.762418464626192
2.90777777777778, 12, 1, 1, 148, 0.550918196994992
2.90118510267787, 6, 3, 7, 3, 0.0260989010989011
2.9, 8, 1, 7, 7, 0.245879120879121
2.9, 8, 1, 7, 7, 0.245879120879121
2.89060926118116, 6, 10, 2, 95, 0.65992003998001
2.88, 9, 1, 6, 171, 0.468765679879579
2.87751374164109, 10, 3, 4, 60, 0.315217391304348
2.87714956065135, 13, 7, 5, 271, 0.881686046511628
2.87556757682529, 9, 2, 7, 5, 0.112637362637363
2.875, 11, 1, 6, 284, 0.737706974410437
2.875, 11, 1, 6, 284, 0.737706974410437
2.85769487524474, 7, 5, 1, 142, 0.52615470228158
2.84840664375073, 13, 6, 5, 276, 0.922674418604651
2.824, 11, 1, 0, 102, 0.251255707762557
2.81961496864883, 9, 7, 0, 5, 0.069634703196347
2.818, 12, 1, 7, 3, 0.0260989010989011
2.80721392131058, 9, 2, 6, 26, 0.16294530858003
2.792, 13, 1, 3, 88, 0.434904153354633
2.77933333333333, 8, 9, 5, 88, 0.321511627906977
2.77, 11, 1, 1, 51, 0.321368948247079
2.76832304834533, 9, 2, 2, 138, 0.873563218390805
2.76303466419724, 11, 5, 5, 260, 0.817151162790698
2.75, 10, 1, 4, 26, 0.197204968944099
2.75, 10, 1, 4, 26, 0.197204968944099
2.73777777777778, 12, 4, 5, 249, 0.774709302325581
2.735, 13, 1, 5, 123, 0.409302325581395
2.735, 13, 1, 5, 123, 0.409302325581395
2.72691885225205, 14, 11, 1, 18, 0.139259877573734
2.72165526975908, 12, 6, 7, 8, 0.259615384615385
2.71529003975634, 9, 2, 0, 231, 0.571917808219178
2.71, 12, 1, 6, 263, 0.659809332664325
2.705, 11, 1, 7, 8, 0.259615384615385
2.705, 11, 1, 7, 8, 0.259615384615385
2.69171981371679, 8, 2, 7, 11, 0.615384615384615
2.69, 13, 1, 0, 165, 0.412100456621005
2.684, 8, 4, 5, 36, 0.144476744186047
2.67639916679109, 15, 2, 0, 107, 0.25513698630137
2.67639916679108, 15, 2, 0, 107, 0.25513698630137
2.67299999999999, 9, 4, 0, 71, 0.144977168949772
2.65666666666666, 11, 1, 5, 261, 0.823255813953488
2.65165042944956, 8, 2, 6, 208, 0.524711490215755
2.65165042944955, 8, 2, 6, 208, 0.524711490215755
2.64, 11, 1, 5, 169, 0.513953488372093
2.635, 12, 1, 4, 39, 0.246894409937888
2.635, 12, 1, 4, 39, 0.246894409937888
2.6302650544024, 7, 39, 6, 262, 0.658805820371299
2.62336615820209, 8, 2, 7, 5, 0.112637362637363
2.62333333333333, 11, 1, 1, 97, 0.414440734557596
2.62, 9, 1, 7, 6, 0.197802197802198
2.62, 9, 1, 7, 6, 0.197802197802198
2.61886082104414, 7, 3, 3, 43, 0.320686900958467
2.615, 11, 1, 7, 8, 0.259615384615385
2.61499999999999, 11, 1, 7, 8, 0.259615384615385
2.61172739771976, 12, 5, 0, 132, 0.33972602739726
2.6, 12, 1, 3, 71, 0.395766773162939
2.59999999999999, 12, 1, 3, 71, 0.395766773162939
2.58596131416682, 7, 6, 6, 297, 0.807325639739087
2.585, 14, 1, 7, 8, 0.259615384615385
2.585, 14, 1, 7, 8, 0.259615384615385
2.5752828970814, 11, 2, 5, 169, 0.513953488372093
2.575, 13, 1, 3, 173, 0.651357827476038
2.56, 9, 1, 4, 90, 0.442546583850932
2.56, 9, 1, 4, 90, 0.442546583850932
2.54794143487553, 11, 2, 1, 33, 0.272537562604341
2.542, 10, 1, 1, 180, 0.804396215915415
2.54150870298703, 10, 11, 6, 226, 0.557952834922228
2.5385133444597, 10, 2, 7, 10, 0.409340659340659
2.53200000000001, 13, 4, 5, 89, 0.32718023255814
2.52569609033644, 9, 6, 7, 5, 0.112637362637363
2.52, 11, 1, 0, 106, 0.254794520547945
2.51022907321223, 8, 2, 6, 174, 0.471650777722027
2.49761726451432, 11, 3, 3, 30, 0.289536741214057
2.49002923240499, 14, 3, 5, 168, 0.5125
2.48999999999999, 9, 1, 5, 280, 0.940988372093023
2.48814602884497, 5, 17, 1, 8, 0.0542570951585977
2.488, 7, 1, 7, 10, 0.409340659340659
2.47083333333332, 11, 9, 3, 125, 0.517172523961661
2.46, 12, 1, 4, 30, 0.211180124223602
2.45, 12, 1, 5, 155, 0.482703488372093
2.45, 12, 1, 5, 155, 0.482703488372093
2.44874288735977, 12, 5, 5, 249, 0.774709302325581
2.44658946290546, 11, 2, 7, 13, 0.993131868131868
2.44658946290546, 9, 2, 2, 111, 0.713393303348326
2.44658946290545, 9, 2, 2, 111, 0.713393303348326
2.43951839509359, 16, 2, 5, 81, 0.29796511627907
2.43951839509359, 16, 2, 5, 81, 0.29796511627907
2.438, 15, 4, 6, 188, 0.492222779729052
2.43598286118766, 10, 2, 4, 83, 0.388198757763975
2.43598286118766, 10, 2, 4, 83, 0.388198757763975
2.42537625946985, 8, 2, 6, 82, 0.317360762669343
2.42032549674708, 7, 2, 3, 38, 0.300718849840256
2.40610724684776, 11, 3, 3, 159, 0.608226837060703
2.384, 12, 1, 5, 256, 0.799273255813954
2.3758787847868, 14, 2, 6, 56, 0.255017561465128
2.3758787847868, 14, 2, 6, 56, 0.255017561465128
2.35702260395517, 14, 8, 6, 202, 0.516934269944807
2.35333333333334, 10, 1, 7, 11, 0.615384615384615
2.34699999999999, 13, 4, 1, 3, 0.0397885364496383
2.345, 13, 1, 5, 190, 0.586482558139535
2.345, 13, 1, 5, 190, 0.586482558139535
2.33840801471203, 9, 13, 5, 236, 0.739244186046512
2.33634664514034, 9, 6, 3, 158, 0.604233226837061
2.3267215848342, 13, 3, 3, 142, 0.558306709265176
2.32672158483418, 13, 3, 3, 142, 0.558306709265176
2.31341768578198, 8, 8, 4, 41, 0.253105590062112
2.3, 8, 1, 3, 25, 0.270367412140575
2.3, 16, 1, 7, 10, 0.409340659340659
2.3, 8, 1, 3, 25, 0.270367412140575
2.3, 16, 1, 7, 10, 0.409340659340659
2.28991550517336, 13, 3, 0, 33, 0.104794520547945
2.28749043713849, 15, 2, 1, 143, 0.52754590984975
2.28749043713848, 15, 2, 1, 143, 0.52754590984975
2.2655701269217, 14, 2, 4, 49, 0.277950310559006
2.245, 10, 1, 3, 35, 0.297923322683706
2.245, 10, 1, 3, 35, 0.297923322683706
2.24, 11, 1, 4, 29, 0.206521739130435
2.24, 11, 1, 4, 29, 0.206521739130435
2.215, 13, 1, 3, 172, 0.649361022364217
2.215, 13, 1, 3, 172, 0.649361022364217
2.18967399907434, 9, 2, 6, 201, 0.516181635725038
2.18333333333333, 14, 1, 1, 147, 0.541875347801892
2.18024590865852, 8, 2, 6, 9, 0.091570496738585
2.17833333333333, 10, 4, 3, 173, 0.651357827476038
2.16021121652491, 13, 2, 1, 67, 0.358096828046745
2.1602112165249, 13, 2, 1, 67, 0.358096828046745
2.15691180128407, 9, 6, 6, 260, 0.656046161565479
2.15642857142858, 14, 4, 5, 168, 0.5125
2.15351650407731, 10, 3, 0, 192, 0.463812785388128
2.15351650407728, 10, 3, 0, 192, 0.463812785388128
2.115, 10, 1, 4, 88, 0.419254658385093
2.11499999999999, 10, 1, 4, 88, 0.419254658385093
2.11499999999999, 14, 4, 1, 33, 0.272537562604341
2.10270968038861, 11, 3, 5, 169, 0.513953488372093
2.09882149143098, 12, 2, 3, 157, 0.596645367412141
2.08356829838702, 10, 12, 3, 60, 0.369408945686901
2.07417989148054, 12, 2, 3, 121, 0.50758785942492
2.0449528111915, 7, 2, 2, 136, 0.868815592203898
2.04381995293127, 8, 3, 7, 2, 0.010989010989011
2.03646752981726, 9, 2, 6, 171, 0.468765679879579
2.02505606918262, 13, 3, 1, 71, 0.364913745130774
2.02, 12, 1, 5, 193, 0.593313953488372
2.02, 12, 1, 5, 193, 0.593313953488372
2.01022511177231, 10, 5, 6, 229, 0.56823883592574
2.01022511177231, 10, 5, 6, 229, 0.56823883592574
2.00051868274205, 13, 3, 2, 36, 0.482008995502249
1.99050558904014, 13, 2, 2, 118, 0.739880059970015
1.99050558904013, 13, 2, 2, 118, 0.739880059970015
1.98562836401982, 6, 5, 1, 29, 0.263912075681692
1.98384102770718, 9, 7, 5, 183, 0.569767441860465
1.98, 12, 1, 6, 142, 0.42686904164576
1.98, 12, 1, 6, 142, 0.42686904164576
1.97948663722157, 8, 3, 7, 7, 0.245879120879121
1.97333333333333, 12, 1, 0, 126, 0.310844748858447
1.97, 10, 1, 7, 5, 0.112637362637363
1.97, 10, 1, 7, 5, 0.112637362637363
1.96550375222233, 10, 5, 5, 264, 0.832558139534884
1.96518431393982, 9, 5, 2, 68, 0.590954522738631
1.95868578388674, 11, 2, 1, 51, 0.321368948247079
1.95515024998081, 9, 2, 7, 5, 0.112637362637363
1.95515024998079, 9, 2, 7, 5, 0.112637362637363
1.9540763254577, 15, 7, 1, 123, 0.473706176961603
1.95333333333333, 13, 1, 6, 154, 0.449322629202208
1.93666666666667, 10, 1, 7, 8, 0.259615384615385
1.93040151263927, 14, 2, 2, 84, 0.626186906546727
1.90211724139181, 13, 2, 0, 165, 0.412100456621005
1.88666666666667, 14, 1, 6, 34, 0.196061214249874
1.87854701535227, 11, 2, 5, 261, 0.823255813953488
1.87666666666667, 12, 1, 6, 215, 0.533241344706473
1.8725, 17, 1, 4, 29, 0.206521739130435
1.86606060606063, 8, 9, 1, 10, 0.0639955481357819
1.865, 7, 1, 7, 3, 0.0260989010989011
1.86499999999999, 7, 1, 7, 3, 0.0260989010989011
1.85497678931271, 11, 2, 1, 97, 0.414440734557596
1.85333333333334, 11, 1, 7, 13, 0.993131868131868
1.84983026248356, 14, 3, 4, 49, 0.277950310559006
1.84699214941481, 7, 5, 4, 105, 0.633540372670807
1.845, 11, 1, 0, 138, 0.345319634703196
1.845, 11, 1, 0, 138, 0.345319634703196
1.84463411006086, 10, 3, 7, 2, 0.010989010989011
1.83655716551982, 9, 5, 0, 131, 0.338127853881279
1.83494209717909, 7, 2, 5, 259, 0.810755813953488
1.83494209717909, 7, 2, 5, 259, 0.810755813953488
1.8258702263122, 13, 3, 5, 65, 0.234883720930233
1.8209090909091, 15, 9, 4, 65, 0.330745341614907
1.80939393939394, 11, 9, 1, 92, 0.403032832498609
1.805, 10, 1, 6, 94, 0.349974912192674
1.805, 10, 1, 6, 94, 0.349974912192674
1.78, 9, 1, 3, 106, 0.473242811501597
1.77500000000001, 8, 4, 6, 174, 0.471650777722027
1.77493968470868, 10, 3, 6, 163, 0.462744606121425
1.77376092315171, 13, 5, 0, 33, 0.104794520547945
1.76333333333334, 13, 1, 6, 252, 0.633467134972403
1.74616091243013, 11, 8, 0, 252, 0.676940639269406
1.73948268171891, 12, 2, 4, 30, 0.211180124223602
1.73333333333333, 11, 1, 7, 5, 0.112637362637363
1.73330559894086, 11, 6, 5, 157, 0.484593023255814
1.71879091870484, 11, 5, 6, 167, 0.466758655293527
1.71428571428572, 8, 4, 7, 7, 0.245879120879121
1.70333333333333, 14, 1, 6, 215, 0.533241344706473
1.70333333333333, 17, 1, 4, 22, 0.184782608695652
1.69163628872562, 10, 3, 3, 43, 0.320686900958467
1.6916362887256, 10, 3, 3, 43, 0.320686900958467
1.68166387498506, 12, 3, 5, 143, 0.451598837209302
1.68, 14, 1, 7, 13, 0.993131868131868
1.67, 12, 1, 5, 157, 0.484593023255814
1.6696969784964, 7, 3, 2, 136, 0.868815592203898
1.66666666666667, 12, 1, 1, 125, 0.480801335559265
1.66405795839234, 10, 2, 7, 11, 0.615384615384615
1.65639763492949, 12, 2, 5, 220, 0.681686046511628
1.64666666666667, 11, 1, 1, 150, 0.562604340567613
1.59999999999999, 9, 1, 7, 7, 0.245879120879121
1.59999999999999, 9, 1, 7, 7, 0.245879120879121
1.59829205716603, 9, 6, 2, 138, 0.873563218390805
1.57189837457768, 10, 8, 3, 19, 0.244808306709265
1.565, 16, 1, 7, 8, 0.259615384615385
1.565, 16, 1, 7, 8, 0.259615384615385
1.565, 11, 1, 7, 6, 0.197802197802198
1.565, 11, 1, 7, 6, 0.197802197802198
1.56461922950388, 12, 3, 6, 263, 0.659809332664325
1.56, 13, 1, 5, 213, 0.653488372093023
1.555, 11, 1, 7, 2, 0.010989010989011
1.555, 11, 1, 7, 2, 0.010989010989011
1.54959510840736, 13, 5, 2, 36, 0.482008995502249
1.54384980559063, 14, 2, 1, 147, 0.541875347801892
1.53714285714285, 10, 4, 6, 163, 0.462744606121425
1.535, 14, 1, 5, 272, 0.891860465116279
1.535, 14, 1, 5, 272, 0.891860465116279
1.53074824973988, 7, 5, 3, 38, 0.300718849840256
1.51333333333333, 11, 1, 7, 8, 0.259615384615385
1.505, 8, 1, 6, 203, 0.518063221274461
1.505, 15, 1, 4, 26, 0.197204968944099
1.505, 15, 1, 4, 26, 0.197204968944099
1.505, 8, 1, 6, 203, 0.518063221274461
1.5, 8, 1, 6, 290, 0.756773707977923
1.5, 8, 1, 6, 290, 0.756773707977923
1.48845977439769, 13, 2, 7, 13, 0.993131868131868
1.48845977439769, 13, 2, 7, 13, 0.993131868131868
1.48667694316328, 13, 3, 3, 173, 0.651357827476038
1.48, 12, 1, 3, 173, 0.651357827476038
1.48, 12, 1, 3, 173, 0.651357827476038
1.48, 9, 1, 5, 22, 0.0959302325581395
1.475, 15, 1, 2, 126, 0.809595202398801
1.475, 15, 1, 2, 126, 0.809595202398801
1.46666666666667, 12, 4, 3, 121, 0.50758785942492
1.45492267835786, 11, 3, 0, 106, 0.254794520547945
1.44148768107601, 10, 2, 1, 108, 0.451307735114079
1.43760217028217, 9, 3, 5, 280, 0.940988372093023
1.42028166220649, 8, 3, 2, 29, 0.469515242378811
1.42028166220648, 8, 3, 2, 29, 0.469515242378811
1.42, 16, 1, 7, 8, 0.259615384615385
1.41999999999999, 16, 1, 7, 8, 0.259615384615385
1.412, 11, 4, 0, 102, 0.251255707762557
1.41, 14, 1, 6, 126, 0.410561966884094
1.409, 12, 4, 7, 3, 0.0260989010989011
1.40000000000001, 12, 1, 7, 10, 0.409340659340659
1.396, 13, 4, 3, 88, 0.434904153354633
1.39535738154145, 12, 2, 0, 126, 0.310844748858447
1.38121524591772, 13, 2, 6, 154, 0.449322629202208
1.38, 8, 1, 4, 90, 0.442546583850932
1.38, 8, 1, 4, 90, 0.442546583850932
1.37, 13, 1, 6, 154, 0.449322629202208
1.37, 13, 1, 6, 154, 0.449322629202208
1.36943013289794, 10, 2, 7, 8, 0.259615384615385
1.365, 14, 4, 2, 84, 0.626186906546727
1.36, 9, 1, 7, 2, 0.010989010989011
1.36, 9, 1, 7, 2, 0.010989010989011
1.34703841816037, 9, 2, 6, 121, 0.404039136979428
1.34703841816037, 9, 2, 6, 121, 0.404039136979428
1.3375, 11, 1, 1, 71, 0.364913745130774
1.33407479383861, 14, 2, 6, 34, 0.196061214249874
1.33, 14, 1, 6, 164, 0.463873557451079
1.32700372602675, 12, 2, 6, 215, 0.533241344706473
1.32000000000001, 11, 4, 5, 169, 0.513953488372093
1.32, 12, 1, 6, 227, 0.55920722528851
1.32, 12, 1, 6, 227, 0.55920722528851
1.31629868275488, 12, 5, 0, 195, 0.474771689497717
1.31050456779906, 11, 2, 7, 13, 0.993131868131868
1.305, 12, 1, 5, 158, 0.488372093023256
1.305, 12, 1, 5, 158, 0.488372093023256
1.29, 9, 1, 0, 203, 0.487557077625571
1.29, 9, 1, 0, 203, 0.487557077625571
1.29, 15, 1, 7, 12, 0.862637362637363
1.29, 15, 1, 7, 12, 0.862637362637363
1.2725, 12, 1, 0, 189, 0.460730593607306
1.271, 10, 4, 1, 180, 0.804396215915415
1.265, 9, 1, 6, 85, 0.324636226793778
1.265, 9, 1, 6, 85, 0.324636226793778
1.25865007051205, 9, 2, 2, 146, 0.922038980509745
1.25578696157319, 7, 7, 2, 94, 0.654672663668166
1.25333333333333, 10, 1, 3, 87, 0.432108626198083
1.25157900270019, 15, 2, 5, 231, 0.72281976744186
1.25157900270019, 15, 2, 5, 231, 0.72281976744186
1.24686495749228, 13, 2, 6, 252, 0.633467134972403
1.244, 7, 4, 7, 10, 0.409340659340659
1.24, 8, 1, 3, 35, 0.297923322683706
1.24, 12, 1, 6, 33, 0.18941294530858
1.24, 12, 1, 6, 33, 0.18941294530858
1.22666666666666, 15, 1, 7, 8, 0.259615384615385
1.22565175405669, 11, 2, 7, 5, 0.112637362637363
1.21666666666666, 10, 1, 3, 43, 0.320686900958467
1.20443855062109, 14, 2, 6, 215, 0.533241344706473
1.20443855062109, 17, 2, 4, 22, 0.184782608695652
1.2, 12, 1, 1, 145, 0.53158041179744
1.192, 12, 4, 5, 256, 0.799273255813954
1.1879393923934, 12, 2, 0, 75, 0.148858447488584
1.1879393923934, 12, 2, 0, 75, 0.148858447488584
1.18086832458154, 12, 2, 5, 157, 0.484593023255814
1.17851130197758, 12, 2, 1, 125, 0.480801335559265
1.17, 12, 1, 6, 295, 0.776969392875063
1.17, 9, 1, 5, 234, 0.734156976744186
1.17, 9, 1, 5, 234, 0.734156976744186
1.16999999999999, 12, 1, 6, 295, 0.776969392875063
1.16436916635385, 11, 2, 1, 150, 0.562604340567613
1.16, 7, 1, 3, 40, 0.307507987220447
1.14551298552221, 12, 2, 7, 9, 0.299450549450549
1.14551298552221, 12, 2, 7, 9, 0.299450549450549
1.135, 12, 1, 1, 148, 0.550918196994992
1.135, 12, 1, 1, 148, 0.550918196994992
1.13, 13, 1, 2, 74, 0.607196401799101
1.13, 13, 1, 2, 74, 0.607196401799101
1.11877484010731, 8, 7, 2, 132, 0.83208395802099
1.11081804531525, 11, 11, 3, 121, 0.50758785942492
1.102, 14, 1, 5, 212, 0.648691860465116
1.1, 11, 1, 6, 215, 0.533241344706473
1.1, 11, 1, 6, 215, 0.533241344706473
1.09333333333333, 13, 1, 5, 216, 0.6625
1.09197358627914, 11, 11, 6, 300, 0.878198695434019
1.0825, 15, 1, 5, 202, 0.607267441860465
1.08108837905756, 17, 3, 4, 29, 0.206521739130435
1.08, 13, 1, 7, 13, 0.993131868131868
1.08, 11, 1, 5, 262, 0.826162790697675
1.08, 11, 1, 5, 262, 0.826162790697675
1.08, 13, 1, 7, 13, 0.993131868131868
1.07833784130949, 13, 2, 2, 108, 0.706146926536732
1.07833784130948, 13, 2, 2, 108, 0.706146926536732
1.07480230740356, 10, 2, 6, 209, 0.52646763672855
1.07480230740355, 10, 2, 6, 209, 0.52646763672855
1.07008826219564, 11, 2, 7, 8, 0.259615384615385
1.06999999999999, 8, 1, 3, 48, 0.336261980830671
1.04651803615609, 13, 2, 6, 186, 0.489588559959859
1.04651803615609, 9, 2, 5, 22, 0.0959302325581395
1.04651803615609, 13, 2, 6, 186, 0.489588559959859
1.045, 10, 1, 3, 117, 0.492811501597444
1.045, 16, 1, 6, 60, 0.259282488710487
1.045, 16, 1, 6, 60, 0.259282488710487
1.04499999999999, 10, 1, 3, 117, 0.492811501597444
1.0325, 17, 1, 5, 184, 0.57296511627907
1.02980460314621, 12, 8, 5, 143, 0.451598837209302
1.0280546924251, 12, 8, 1, 148, 0.550918196994992
1.02768347915753, 9, 3, 2, 146, 0.922038980509745
1.02768347915753, 9, 3, 3, 106, 0.473242811501597
1.025, 9, 1, 0, 220, 0.524543378995434
1.025, 9, 1, 0, 220, 0.524543378995434
1.02, 8, 1, 1, 99, 0.423205342237062
0.997020561473035, 14, 2, 6, 126, 0.410561966884094
0.99, 11, 1, 5, 163, 0.5
0.989999999999999, 11, 1, 5, 163, 0.5
0.98994949366116, 12, 2, 7, 10, 0.409340659340659
0.989393939393942, 12, 9, 3, 157, 0.596645367412141
0.980000000000004, 11, 1, 7, 10, 0.409340659340659
0.980000000000004, 11, 1, 7, 10, 0.409340659340659
0.970000000000002, 9, 1, 6, 78, 0.304064224786754
0.969999999999999, 9, 1, 6, 78, 0.304064224786754
0.969999999999999, 13, 1, 7, 8, 0.259615384615385
0.969999999999999, 13, 1, 7, 8, 0.259615384615385
0.969948452238563, 14, 3, 7, 13, 0.993131868131868
0.966666666666669, 10, 1, 4, 17, 0.16304347826087
0.966666666666669, 11, 1, 7, 7, 0.245879120879121
0.960000000000001, 14, 1, 3, 157, 0.596645367412141
0.959999999999997, 14, 1, 3, 157, 0.596645367412141
0.956321620411582, 12, 6, 5, 220, 0.681686046511628
0.94045201897811, 14, 2, 6, 164, 0.463873557451079
0.940000000000001, 8, 1, 1, 183, 0.915692821368948
0.93, 15, 1, 6, 57, 0.255770195684897
0.93, 15, 1, 6, 57, 0.255770195684897
0.926666666666666, 11, 1, 3, 145, 0.567092651757188
0.926666666666666, 14, 1, 0, 27, 0.0994292237442922
0.925000000000001, 10, 1, 4, 94, 0.489130434782609
0.924999999999997, 10, 1, 4, 94, 0.489130434782609
0.920000000000002, 11, 1, 7, 8, 0.259615384615385
0.920000000000002, 11, 1, 7, 8, 0.259615384615385
0.9175, 11, 1, 2, 91, 0.641179410294853
0.914999999999999, 7, 1, 7, 8, 0.259615384615385
0.914999999999999, 7, 1, 7, 8, 0.259615384615385
0.914999999999999, 11, 1, 7, 8, 0.259615384615385
0.914999999999999, 11, 1, 7, 8, 0.259615384615385
0.911676858254916, 10, 5, 1, 108, 0.451307735114079
0.900666419935815, 13, 3, 5, 213, 0.653488372093023
0.900000000000006, 10, 1, 3, 123, 0.511980830670927
0.900000000000006, 10, 1, 7, 7, 0.245879120879121
0.900000000000006, 11, 1, 7, 7, 0.245879120879121
0.9, 8, 1, 6, 294, 0.774460612142499
0.9, 8, 1, 6, 294, 0.774460612142499
0.899999999999999, 10, 1, 3, 123, 0.511980830670927
0.899999999999991, 10, 1, 7, 7, 0.245879120879121
0.899999999999991, 11, 1, 7, 7, 0.245879120879121
0.889999999999993, 14, 1, 2, 34, 0.478010994502749
0.88624049908714, 10, 2, 3, 87, 0.432108626198083
0.880000000000003, 12, 1, 7, 10, 0.409340659340659
0.880000000000003, 12, 1, 7, 10, 0.409340659340659
0.876812408671315, 8, 2, 3, 35, 0.297923322683706
0.875, 14, 1, 3, 143, 0.559904153354633
0.875, 14, 1, 3, 143, 0.559904153354633
0.867384318255503, 15, 2, 7, 8, 0.259615384615385
0.860313250443644, 10, 2, 3, 43, 0.320686900958467
0.850000000000001, 15, 1, 0, 192, 0.463812785388128
0.850000000000001, 15, 1, 0, 192, 0.463812785388128
0.850000000000001, 13, 1, 7, 8, 0.259615384615385
0.850000000000001, 13, 1, 7, 8, 0.259615384615385
0.849999999999994, 10, 1, 7, 7, 0.245879120879121
0.849999999999994, 10, 1, 7, 7, 0.245879120879121
0.848528137423859, 12, 2, 1, 145, 0.53158041179744
0.844992603517929, 14, 2, 6, 175, 0.473406924234822
0.844992603517919, 14, 2, 6, 175, 0.473406924234822
0.835000000000001, 16, 1, 7, 10, 0.409340659340659
0.835000000000001, 16, 1, 7, 10, 0.409340659340659
0.835000000000001, 14, 1, 0, 251, 0.668949771689498
0.835000000000001, 14, 1, 0, 251, 0.668949771689498
0.829999999999998, 12, 1, 3, 67, 0.386182108626198
0.820243866176398, 7, 2, 3, 40, 0.307507987220447
0.82, 14, 1, 6, 78, 0.304064224786754
0.806666666666672, 15, 1, 1, 110, 0.454785754034502
0.780000000000001, 9, 1, 5, 110, 0.379796511627907
0.773103414097292, 13, 2, 5, 216, 0.6625
0.772205985041124, 11, 3, 1, 71, 0.364913745130774
0.770000000000003, 9, 1, 7, 8, 0.259615384615385
0.769999999999996, 9, 1, 7, 8, 0.259615384615385
0.76367532368148, 12, 2, 7, 7, 0.245879120879121
0.756604255869611, 8, 2, 3, 48, 0.336261980830671
0.755190042307234, 13, 2, 5, 261, 0.823255813953488
0.753333333333332, 16, 1, 6, 234, 0.578273958855996
0.734678217543795, 12, 3, 0, 189, 0.460730593607306
0.721248916810281, 8, 2, 1, 99, 0.423205342237062
0.715000000000003, 14, 1, 3, 176, 0.703274760383387
0.714999999999996, 14, 1, 3, 176, 0.703274760383387
0.709463803790501, 13, 2, 3, 121, 0.50758785942492
0.705000000000002, 12, 1, 6, 293, 0.771073758153537
0.704999999999998, 12, 1, 6, 293, 0.771073758153537
0.700000000000003, 10, 1, 7, 7, 0.245879120879121
0.700000000000003, 10, 1, 7, 7, 0.245879120879121
0.699999999999996, 12, 1, 6, 284, 0.737706974410437
0.686666666666667, 15, 1, 6, 127, 0.411063723030607
0.685000000000002, 15, 1, 6, 209, 0.52646763672855
0.684999999999999, 15, 1, 6, 209, 0.52646763672855
0.683536555146997, 11, 2, 7, 7, 0.245879120879121
0.683536555146992, 10, 2, 4, 17, 0.16304347826087
0.677499999999995, 10, 1, 0, 276, 0.976369863013699
0.664680374315358, 8, 2, 1, 183, 0.915692821368948
0.661851947190613, 13, 2, 3, 156, 0.591453674121406
0.655252283899533, 11, 2, 3, 145, 0.567092651757188
0.655252283899531, 14, 2, 0, 27, 0.0994292237442922
0.650000000000006, 13, 1, 7, 8, 0.259615384615385
0.649999999999999, 13, 1, 7, 8, 0.259615384615385
0.640000000000001, 9, 1, 5, 245, 0.756831395348837
0.640000000000001, 9, 1, 5, 245, 0.756831395348837
0.629325035256028, 14, 2, 2, 34, 0.478010994502749
0.624981666397765, 15, 3, 5, 202, 0.607267441860465
0.623538290724795, 12, 3, 7, 7, 0.245879120879121
0.616610087494523, 13, 3, 5, 261, 0.823255813953488
0.615000000000002, 15, 1, 6, 265, 0.66783743100853
0.614999999999995, 15, 1, 6, 265, 0.66783743100853
0.5961141529383, 17, 3, 5, 184, 0.57296511627907
0.590000000000003, 10, 1, 7, 10, 0.409340659340659
0.589999999999996, 10, 1, 7, 10, 0.409340659340659
0.586898628384833, 12, 2, 3, 67, 0.386182108626198
0.586666666666666, 12, 1, 5, 165, 0.502761627906977
0.580000000000002, 15, 1, 0, 126, 0.310844748858447
0.579999999999998, 15, 1, 0, 126, 0.310844748858447
0.579999999999998, 15, 1, 3, 146, 0.568290734824281
0.579827560572974, 14, 2, 6, 78, 0.304064224786754
0.570399470157142, 15, 2, 1, 110, 0.454785754034502
0.566666666666666, 15, 1, 6, 217, 0.538133467134972
0.551543289325498, 9, 2, 5, 110, 0.379796511627907
0.551000000000002, 14, 4, 5, 212, 0.648691860465116
0.540399851961486, 13, 3, 3, 156, 0.591453674121406
0.540000000000006, 13, 1, 7, 12, 0.862637362637363
0.539999999999999, 13, 1, 7, 12, 0.862637362637363
0.535000000000004, 14, 1, 0, 150, 0.373287671232877
0.535, 13, 1, 1, 154, 0.582081246521981
0.535, 13, 1, 1, 154, 0.582081246521981
0.534999999999997, 14, 1, 0, 150, 0.373287671232877
0.532687108493869, 16, 2, 6, 234, 0.578273958855996
0.52971887198148, 11, 3, 2, 91, 0.641179410294853
0.523333333333333, 18, 1, 6, 85, 0.324636226793778
0.523259018078047, 13, 2, 6, 234, 0.578273958855996
0.523259018078047, 13, 2, 6, 234, 0.578273958855996
0.501666666666679, 13, 4, 3, 121, 0.50758785942492
0.494974746830585, 12, 2, 6, 284, 0.737706974410437
0.49, 13, 1, 5, 272, 0.891860465116279
0.49, 13, 1, 5, 272, 0.891860465116279
0.489999999999998, 14, 1, 0, 219, 0.522260273972603
0.489999999999998, 14, 1, 0, 219, 0.522260273972603
0.489317892581091, 15, 2, 6, 161, 0.461364776718515
0.485546656414763, 15, 2, 6, 127, 0.411063723030607
0.479999999999997, 10, 1, 4, 59, 0.312111801242236
0.479999999999997, 10, 1, 4, 59, 0.312111801242236
0.475000000000001, 18, 1, 1, 158, 0.588063439065109
0.474999999999998, 18, 1, 1, 158, 0.588063439065109
0.469999999999999, 12, 1, 5, 188, 0.583866279069767
0.469999999999999, 12, 1, 5, 188, 0.583866279069767
0.466666666666669, 18, 1, 3, 110, 0.478035143769968
0.459999999999997, 15, 1, 6, 238, 0.585800301053688
0.450000000000003, 10, 1, 5, 259, 0.810755813953488
0.449999999999999, 16, 1, 3, 123, 0.511980830670927
0.449999999999999, 16, 1, 3, 123, 0.511980830670927
0.449999999999999, 10, 1, 5, 259, 0.810755813953488
0.445, 15, 1, 5, 239, 0.744186046511628
0.445, 15, 1, 5, 239, 0.744186046511628
0.445, 13, 1, 7, 8, 0.259615384615385
0.445, 13, 1, 7, 8, 0.259615384615385
0.440000000000005, 16, 1, 7, 6, 0.197802197802198
0.440000000000001, 10, 1, 5, 157, 0.484593023255814
0.440000000000001, 10, 1, 5, 157, 0.484593023255814
0.439999999999998, 16, 1, 7, 6, 0.197802197802198
0.439999999999998, 9, 1, 0, 264, 0.844748858447489
0.439999999999998, 9, 1, 0, 264, 0.844748858447489
0.43666666666666, 14, 1, 4, 20, 0.178571428571429
0.43, 8, 1, 1, 99, 0.423205342237062
0.43, 8, 1, 1, 99, 0.423205342237062
0.420000000000002, 10, 1, 3, 190, 0.821884984025559
0.420000000000002, 14, 1, 6, 164, 0.463873557451079
0.420000000000002, 14, 1, 6, 164, 0.463873557451079
0.419999999999995, 10, 1, 3, 190, 0.821884984025559
0.414835978296107, 12, 2, 5, 165, 0.502761627906977
0.410121933088196, 15, 2, 3, 146, 0.568290734824281
0.403333333333329, 14, 1, 1, 121, 0.47245409015025
0.400693842672377, 15, 2, 6, 217, 0.538133467134972
0.400000000000002, 9, 1, 6, 279, 0.718013045659809
0.399999999999999, 9, 1, 6, 279, 0.718013045659809
0.399999999999999, 14, 1, 6, 95, 0.351605619668841
0.399526386279223, 15, 3, 6, 161, 0.461364776718515
0.395000000000003, 8, 1, 5, 265, 0.834447674418604
0.395, 8, 1, 5, 265, 0.834447674418604
0.391154807375973, 10, 3, 0, 276, 0.976369863013699
0.390000000000001, 14, 1, 3, 120, 0.502396166134185
0.390000000000001, 14, 1, 1, 143, 0.52754590984975
0.390000000000001, 14, 1, 1, 143, 0.52754590984975
0.390000000000001, 9, 1, 1, 16, 0.128964941569282
0.389999999999999, 14, 1, 3, 120, 0.502396166134185
0.389999999999993, 9, 1, 1, 16, 0.128964941569282
0.380000000000003, 8, 1, 5, 195, 0.595639534883721
0.379999999999999, 8, 1, 5, 195, 0.595639534883721
0.370052548820965, 18, 2, 6, 85, 0.324636226793778
0.360624458405138, 10, 2, 4, 91, 0.454968944099379
0.360000000000001, 13, 1, 6, 106, 0.376944305067737
0.359999999999999, 13, 1, 6, 106, 0.376944305067737
0.355000000000004, 15, 1, 6, 125, 0.409683893627697
0.355, 11, 1, 4, 44, 0.262422360248447
0.355, 11, 1, 4, 44, 0.262422360248447
0.354999999999997, 15, 1, 6, 125, 0.409683893627697
0.350000000000001, 10, 1, 1, 57, 0.32943795214246
0.350000000000001, 10, 1, 1, 57, 0.32943795214246
0.350000000000001, 13, 1, 2, 25, 0.453023488255872
0.350000000000001, 13, 1, 2, 25, 0.453023488255872
0.340000000000003, 18, 1, 4, 40, 0.25
0.340000000000003, 13, 1, 6, 234, 0.578273958855996
0.34, 8, 1, 5, 257, 0.803633720930233
0.34, 8, 1, 5, 257, 0.803633720930233
0.34, 8, 1, 5, 70, 0.251453488372093
0.34, 8, 1, 5, 70, 0.251453488372093
0.339999999999996, 18, 1, 4, 40, 0.25
0.339999999999996, 13, 1, 6, 234, 0.578273958855996
0.334999999999994, 10, 1, 5, 153, 0.478779069767442
0.334999999999994, 10, 1, 5, 153, 0.478779069767442
0.329983164553724, 18, 2, 3, 110, 0.478035143769968
0.325269119345817, 15, 2, 6, 238, 0.585800301053688
0.323333333333331, 10, 1, 7, 13, 0.993131868131868
0.308769961118136, 14, 2, 4, 20, 0.178571428571429
0.299999999999997, 9, 1, 5, 114, 0.392005813953488
0.299999999999997, 9, 1, 5, 114, 0.392005813953488
0.290000000000001, 14, 1, 5, 277, 0.924127906976744
0.289999999999999, 14, 1, 5, 277, 0.924127906976744
0.285199735078586, 14, 2, 1, 121, 0.47245409015025
0.282842712474618, 14, 2, 6, 95, 0.351605619668841
0.280000000000001, 7, 1, 0, 176, 0.441438356164384
0.279999999999994, 7, 1, 0, 176, 0.441438356164384
0.265000000000001, 13, 1, 3, 143, 0.559904153354633
0.265000000000001, 13, 1, 3, 143, 0.559904153354633
0.263333333333335, 13, 1, 4, 18, 0.167701863354037
0.260000000000005, 13, 1, 1, 179, 0.794101279910963
0.259999999999998, 13, 1, 1, 179, 0.794101279910963
0.255000000000003, 10, 4, 4, 91, 0.454968944099379
0.25, 12, 1, 3, 130, 0.530750798722045
0.25, 12, 1, 3, 130, 0.530750798722045
0.25, 9, 1, 6, 26, 0.16294530858003
0.25, 9, 1, 6, 26, 0.16294530858003
0.24666666666667, 14, 1, 6, 235, 0.580155544405419
0.246073159852918, 8, 2, 5, 263, 0.828779069767442
0.243333333333332, 16, 1, 0, 182, 0.447260273972603
0.240416305603429, 8, 2, 7, 11, 0.615384615384615
0.240416305603419, 8, 2, 7, 11, 0.615384615384615
0.240000000000002, 15, 1, 5, 62, 0.227616279069767
0.240000000000002, 16, 1, 5, 226, 0.714970930232558
0.240000000000002, 16, 1, 5, 226, 0.714970930232558
0.24, 8, 1, 5, 266, 0.837354651162791
0.24, 8, 1, 5, 266, 0.837354651162791
0.235000000000007, 11, 1, 6, 163, 0.462744606121425
0.234999999999999, 9, 1, 5, 152, 0.477325581395349
0.234999999999999, 9, 1, 5, 152, 0.477325581395349
0.234999999999999, 11, 1, 6, 163, 0.462744606121425
0.22980970388563, 15, 2, 2, 74, 0.607196401799101
0.229809703885625, 15, 2, 2, 74, 0.607196401799101
0.228631192583643, 10, 2, 7, 13, 0.993131868131868
0.225000000000001, 14, 1, 6, 103, 0.369292523833417
0.225000000000001, 12, 1, 4, 91, 0.454968944099379
0.224999999999998, 12, 1, 4, 91, 0.454968944099379
0.224999999999994, 14, 1, 6, 103, 0.369292523833417
0.204999999999998, 19, 1, 1, 180, 0.804396215915415
0.204999999999998, 19, 1, 1, 180, 0.804396215915415
0.200917893678001, 8, 3, 5, 263, 0.828779069767442
0.200000000000003, 12, 1, 7, 7, 0.245879120879121
0.200000000000003, 12, 1, 7, 7, 0.245879120879121
0.199999999999999, 11, 1, 6, 289, 0.753888610135474
0.199999999999999, 11, 1, 6, 289, 0.753888610135474
0.195, 13, 1, 5, 158, 0.488372093023256
0.195, 13, 1, 5, 158, 0.488372093023256
0.190000000000005, 13, 1, 7, 10, 0.409340659340659
0.189999999999998, 13, 1, 7, 10, 0.409340659340659
0.186204785712459, 13, 2, 4, 18, 0.167701863354037
0.174419672692684, 14, 2, 6, 235, 0.580155544405419
0.172062650088731, 16, 2, 0, 182, 0.447260273972603
0.169705627484768, 15, 2, 5, 62, 0.227616279069767
0.155000000000001, 15, 1, 6, 192, 0.499498243853487
0.155000000000001, 15, 1, 6, 192, 0.499498243853487
0.150000000000006, 12, 1, 6, 297, 0.807325639739087
0.15, 17, 1, 6, 265, 0.66783743100853
0.15, 17, 1, 6, 265, 0.66783743100853
0.15, 15, 1, 5, 270, 0.875
0.15, 15, 1, 5, 270, 0.875
0.149999999999999, 12, 1, 6, 297, 0.807325639739087
0.145, 12, 1, 6, 234, 0.578273958855996
0.145, 12, 1, 6, 234, 0.578273958855996
0.130000000000001, 13, 1, 3, 173, 0.651357827476038
0.129999999999999, 13, 1, 3, 173, 0.651357827476038
0.120000000000001, 9, 1, 1, 126, 0.482749026154702
0.119999999999997, 9, 1, 1, 126, 0.482749026154702
0.110308657865106, 11, 2, 5, 237, 0.740697674418604
0.103333333333332, 13, 1, 6, 120, 0.40178123432012
0.100000000000001, 9, 1, 0, 106, 0.254794520547945
0.100000000000001, 18, 1, 4, 39, 0.246894409937888
0.100000000000001, 12, 1, 7, 9, 0.299450549450549
0.100000000000001, 12, 1, 7, 9, 0.299450549450549
0.100000000000001, 15, 1, 6, 79, 0.308454591068741
0.0999999999999996, 14, 1, 3, 143, 0.559904153354633
0.0999999999999979, 9, 1, 0, 106, 0.254794520547945
0.0999999999999943, 15, 1, 6, 79, 0.308454591068741
0.095000000000006, 11, 1, 7, 10, 0.409340659340659
0.0950000000000024, 14, 1, 5, 249, 0.774709302325581
0.0949999999999989, 14, 1, 5, 249, 0.774709302325581
0.0949999999999989, 11, 1, 7, 10, 0.409340659340659
0.0900666419935932, 11, 3, 5, 237, 0.740697674418604
0.085000000000008, 10, 1, 5, 192, 0.590697674418605
0.0849999999999937, 10, 1, 5, 192, 0.590697674418605
0.0800000000000054, 16, 1, 2, 127, 0.815342328835582
0.0799999999999983, 16, 1, 2, 127, 0.815342328835582
0.0742462120245878, 11, 2, 2, 142, 0.902048975512244
0.0742462120245853, 11, 2, 2, 142, 0.902048975512244
0.0730677007226138, 13, 2, 6, 120, 0.40178123432012
0.0707106781186608, 18, 2, 4, 39, 0.246894409937888
0.0707106781186558, 14, 2, 3, 143, 0.559904153354633
0.0650000000000048, 9, 1, 5, 185, 0.575436046511628
0.0649999999999977, 9, 1, 5, 185, 0.575436046511628
0.0625, 14, 1, 3, 123, 0.511980830670927
0.0600000000000005, 14, 1, 0, 139, 0.348173515981735
0.0599999999999987, 14, 1, 0, 139, 0.348173515981735
0.0549999999999997, 9, 1, 5, 200, 0.599563953488372
0.0549999999999997, 9, 1, 5, 200, 0.599563953488372
0.0500000000000007, 14, 1, 6, 229, 0.56823883592574
0.0499999999999972, 14, 1, 6, 229, 0.56823883592574
0.0360843918243557, 14, 3, 3, 123, 0.511980830670927
0.0350000000000001, 9, 1, 3, 123, 0.511980830670927
0.0350000000000001, 9, 1, 3, 123, 0.511980830670927
0.0300000000000011, 16, 1, 6, 215, 0.533241344706473
0.0299999999999994, 16, 1, 6, 215, 0.533241344706473
0.0250000000000004, 15, 1, 0, 96, 0.216095890410959
0.0250000000000004, 15, 1, 0, 96, 0.216095890410959
0.0249999999999986, 16, 1, 6, 199, 0.510662318113397
0.0249999999999986, 16, 1, 6, 199, 0.510662318113397
0.0249999999999986, 14, 1, 6, 263, 0.659809332664325
0.0249999999999986, 14, 1, 6, 263, 0.659809332664325
0.0199999999999996, 16, 1, 3, 121, 0.50758785942492
0.0199999999999996, 16, 1, 3, 121, 0.50758785942492
0.0150000000000006, 7, 1, 4, 75, 0.361801242236025
0.0149999999999935, 7, 1, 4, 75, 0.361801242236025
0.00500000000000256, 14, 1, 1, 75, 0.372426265998887
0.00500000000000256, 13, 1, 5, 94, 0.336627906976744
0.00500000000000256, 13, 1, 5, 94, 0.336627906976744
0.00500000000000256, 15, 1, 4, 15, 0.149068322981366
0.00500000000000256, 14, 1, 0, 163, 0.406164383561644
0.00500000000000256, 15, 1, 3, 113, 0.482827476038339
0.00500000000000256, 15, 1, 3, 113, 0.482827476038339
0.00500000000000256, 13, 1, 6, 15, 0.123557451078776
0.00500000000000256, 10, 1, 4, 96, 0.498447204968944
0.00500000000000256, 10, 1, 0, 224, 0.534817351598174
0.00500000000000078, 12, 1, 6, 281, 0.727922729553437
0.00499999999999901, 10, 1, 6, 82, 0.317360762669343
0.00499999999999901, 10, 1, 6, 82, 0.317360762669343
0.00499999999999901, 15, 1, 2, 55, 0.543728135932034
0.00499999999999901, 15, 1, 2, 55, 0.543728135932034
0.00499999999999901, 17, 1, 6, 105, 0.376567987957853
0.00499999999999901, 17, 1, 6, 105, 0.376567987957853
0.00499999999999901, 13, 1, 6, 15, 0.123557451078776
0.00499999999999901, 10, 1, 4, 96, 0.498447204968944
0.00499999999999901, 12, 1, 6, 281, 0.727922729553437
0.00499999999999545, 14, 1, 1, 75, 0.372426265998887
0.00499999999999545, 15, 1, 4, 15, 0.149068322981366
0.00499999999999545, 14, 1, 0, 163, 0.406164383561644
0.00499999999999545, 10, 1, 0, 224, 0.534817351598174
