norm, level, Npoints, dimSplit, MainGridIndexSplit
941.351112878909, 0, 659, -1, -1, -1
114.611080398094, 2, 30, 0, 266, 0.868721461187215
109.640522915284, 1, 254, 4, 44, 0.262422360248447
105.857633863336, 4, 82, 7, 4, 0.0549450549450549
101.935086614173, 2, 100, 2, 12, 0.393303348325837
91.1126149080208, 3, 37, 7, 5, 0.112637362637363
89.3584459958614, 4, 34, 7, 4, 0.0549450549450549
86.8281294146156, 1, 405, 4, 44, 0.262422360248447
83.5171382591789, 3, 34, 0, 82, 0.163584474885845
82.141633633617, 2, 154, 2, 12, 0.393303348325837
80.1606241106124, 4, 143, 7, 4, 0.0549450549450549
69.8247031863571, 3, 63, 7, 5, 0.112637362637363
67.7173128626376, 4, 37, 7, 4, 0.0549450549450549
66.8207737885954, 3, 150, 6, 128, 0.412192674360261
54.5589333333335, 3, 225, 6, 128, 0.412192674360261
48.3777951706972, 4, 116, 7, 4, 0.0549450549450549
46.068060953333, 7, 10, 0, 64, 0.132191780821918
45.2128133919199, 4, 83, 7, 4, 0.0549450549450549
44.9794040372543, 5, 15, 0, 70, 0.14337899543379
44.4553915948425, 3, 120, 0, 82, 0.163584474885845
40.3829870487949, 5, 37, 3, 46, 0.3314696485623
37.5023486511903, 5, 7, 5, 267, 0.842151162790698
36.9234523328999, 6, 8, 0, 274, 0.962328767123288
36.7249090909091, 7, 1, 5, 281, 0.949127906976744
36.2176598739801, 5, 46, 3, 46, 0.3314696485623
36.0162119355902, 7, 2, 0, 255, 0.713470319634703
34.8117647058824, 6, 9, 0, 274, 0.962328767123288
34.8038725027772, 6, 7, 5, 154, 0.481104651162791
32.9014332090698, 4, 30, 1, 129, 0.489844184752365
32.4169088594434, 2, 375, 0, 266, 0.868721461187215
32.4076367933051, 7, 6, 7, 2, 0.010989010989011
31.3702856974107, 4, 33, 1, 129, 0.489844184752365
29.424117647059, 6, 64, 4, 12, 0.125776397515528
29.0269574329192, 8, 5, 7, 4, 0.0549450549450549
28.4448735695475, 4, 10, 2, 138, 0.873563218390805
27.7413241582212, 6, 72, 4, 12, 0.125776397515528
26.8537412018318, 6, 11, 3, 156, 0.591453674121406
26.4855, 10, 1, 5, 26, 0.10828488372093
25.3691439128783, 5, 18, 7, 2, 0.010989010989011
25.1054347826087, 7, 4, 3, 100, 0.462859424920128
24.8116278184242, 7, 3, 7, 3, 0.0260989010989011
24.7407823902408, 6, 2, 1, 96, 0.413884251530328
24.7278787878788, 5, 9, 0, 63, 0.131164383561644
24.6925114705078, 5, 19, 7, 2, 0.010989010989011
24.0946635689316, 5, 8, 5, 148, 0.462790697674419
23.7666666666667, 7, 1, 7, 4, 0.0549450549450549
23.1153206769882, 9, 2, 5, 229, 0.719186046511628
22.7699147878667, 7, 34, 7, 6, 0.197802197802198
22.1042773135779, 5, 5, 4, 54, 0.296583850931677
21.9166605623229, 8, 20, 7, 5, 0.112637362637363
21.6626247428954, 6, 46, 0, 150, 0.373287671232877
21.5381831450372, 7, 38, 7, 6, 0.197802197802198
20.8967159273692, 8, 22, 7, 5, 0.112637362637363
20.8220679170674, 5, 17, 4, 27, 0.200310559006211
19.8245369849252, 7, 54, 0, 64, 0.132191780821918
19.8111026238821, 6, 55, 0, 150, 0.373287671232877
19.5699707090004, 8, 11, 7, 4, 0.0549450549450549
19.40375, 11, 1, 0, 208, 0.500342465753425
19.3151919483084, 6, 10, 1, 70, 0.361296605453534
19.2530051667429, 7, 17, 7, 2, 0.010989010989011
19.2190042666107, 7, 5, 7, 3, 0.0260989010989011
19.1357142857143, 4, 1, 4, 42, 0.256211180124224
19.116561127703, 3, 7, 6, 81, 0.315730055193176
19.1045567580746, 12, 10, 1, 33, 0.272537562604341
19.0211724139181, 6, 2, 1, 141, 0.524485253199777
18.8735802998089, 9, 3, 5, 229, 0.719186046511628
18.3610869366389, 4, 24, 2, 138, 0.873563218390805
17.7354472039368, 9, 3, 7, 6, 0.197802197802198
17.4668450564586, 6, 26, 3, 156, 0.591453674121406
17.3339939046124, 5, 101, 0, 70, 0.14337899543379
17.1302200164398, 10, 8, 0, 214, 0.507648401826484
17.0375, 5, 16, 5, 148, 0.462790697674419
16.8896614138061, 5, 8, 5, 142, 0.448982558139535
16.8636482031617, 6, 2, 4, 110, 0.937888198757764
16.8472222222222, 6, 4, 0, 109, 0.261529680365297
16.8055711662003, 7, 2, 7, 4, 0.0549450549450549
16.7830037744154, 8, 15, 5, 169, 0.513953488372093
16.7558047099757, 12, 13, 1, 33, 0.272537562604341
16.7229310675555, 7, 8, 7, 3, 0.0260989010989011
16.2318045622731, 8, 23, 6, 65, 0.276342197691922
16.155, 6, 1, 7, 5, 0.112637362637363
16.155, 6, 1, 7, 5, 0.112637362637363
16.0830539987257, 6, 3, 1, 138, 0.515720645520312
16.0533333333333, 6, 1, 7, 4, 0.0549450549450549
15.7572222222222, 8, 1, 5, 12, 0.063953488372093
15.6382800707568, 9, 7, 0, 101, 0.249657534246575
15.3733333333333, 7, 4, 7, 6, 0.197802197802198
15.2949403416751, 5, 5, 0, 235, 0.590867579908676
15.27, 6, 16, 1, 70, 0.361296605453534
15.2210228420866, 9, 3, 2, 135, 0.86431784107946
15.1426713629236, 5, 24, 0, 63, 0.131164383561644
14.9907728029868, 7, 13, 7, 8, 0.259615384615385
14.9742857142857, 10, 1, 1, 116, 0.463828603227602
14.9120901768023, 8, 19, 5, 169, 0.513953488372093
14.8702644984123, 4, 18, 4, 79, 0.374223602484472
14.7449833175228, 6, 39, 5, 154, 0.481104651162791
14.7057692307692, 8, 4, 0, 141, 0.350228310502283
14.6323972508772, 6, 7, 5, 191, 0.589098837209302
14.6087007153367, 10, 11, 0, 214, 0.507648401826484
14.5433149591144, 11, 10, 4, 29, 0.206521739130435
14.4756146242569, 6, 3, 1, 178, 0.772954924874791
14.4736526371364, 4, 19, 4, 79, 0.374223602484472
14.4273076923077, 8, 4, 5, 257, 0.803633720930233
14.1805263157895, 11, 1, 3, 184, 0.76038338658147
14.1341341522596, 9, 8, 6, 260, 0.656046161565479
14.125699121823, 9, 3, 4, 57, 0.305900621118012
13.9885006049095, 11, 2, 3, 118, 0.496006389776358
13.9813747362742, 8, 31, 6, 65, 0.276342197691922
13.7503273496387, 7, 5, 7, 6, 0.197802197802198
13.4054230769231, 6, 16, 1, 1, 0.0153032832498609
13.404976804344, 6, 2, 1, 14, 0.117278797996661
13.3210233808058, 8, 18, 1, 40, 0.282415136338342
13.2909941517708, 8, 6, 4, 75, 0.361801242236025
13.2158257403766, 10, 2, 0, 136, 0.342922374429224
13.185, 5, 1, 7, 4, 0.0549450549450549
13.1132952571045, 7, 8, 7, 3, 0.0260989010989011
13.1132952571045, 7, 8, 7, 3, 0.0260989010989011
12.8625, 9, 1, 3, 33, 0.292731629392971
12.766, 11, 4, 5, 110, 0.379796511627907
12.6945169297106, 8, 13, 0, 155, 0.392694063926941
12.6374323943107, 8, 20, 1, 40, 0.282415136338342
12.630980514196, 7, 3, 5, 161, 0.495348837209302
12.6058823529412, 6, 1, 4, 29, 0.206521739130435
12.5645469880881, 6, 7, 0, 23, 0.095662100456621
12.3050695316689, 8, 7, 4, 75, 0.361801242236025
12.2678611284391, 9, 6, 3, 58, 0.367811501597444
12.163324492995, 13, 2, 1, 86, 0.394824707846411
12.1286490643023, 10, 2, 5, 144, 0.455087209302326
12.0536301053122, 9, 11, 6, 260, 0.656046161565479
11.7942857142857, 7, 1, 6, 201, 0.516181635725038
11.753057512362, 6, 8, 0, 23, 0.095662100456621
11.6285924182284, 9, 7, 6, 54, 0.252885097842449
11.5984845992914, 6, 5, 4, 72, 0.352484472049689
11.5533333333333, 10, 1, 3, 80, 0.420127795527157
11.4975, 11, 16, 4, 29, 0.206521739130435
11.4753603094094, 9, 13, 0, 101, 0.249657534246575
11.4309521329882, 5, 6, 0, 249, 0.655821917808219
11.407, 8, 1, 1, 51, 0.321368948247079
11.3724365446884, 6, 6, 1, 138, 0.515720645520312
11.3578324139273, 9, 7, 3, 58, 0.367811501597444
11.3514208606481, 6, 2, 7, 4, 0.0549450549450549
11.3308333333333, 13, 1, 4, 39, 0.246894409937888
11.33, 8, 1, 7, 1, 0.00274725274725275
11.1848325856395, 9, 2, 5, 268, 0.853779069767442
11.1756780001348, 6, 12, 5, 191, 0.589098837209302
11.1433333333333, 10, 1, 7, 5, 0.112637362637363
11.1247659151403, 12, 6, 3, 123, 0.511980830670927
10.9983388745756, 6, 2, 4, 16, 0.158385093167702
10.9686235874324, 8, 10, 1, 5, 0.0482749026154702
10.8362976730985, 10, 24, 7, 5, 0.112637362637363
10.77625, 12, 4, 1, 21, 0.180856983861992
10.7639329766122, 10, 2, 5, 70, 0.251453488372093
10.75, 8, 1, 7, 2, 0.010989010989011
10.75, 8, 1, 7, 2, 0.010989010989011
10.7244304720865, 12, 5, 0, 257, 0.740296803652968
10.6485786049164, 5, 65, 4, 27, 0.200310559006211
10.6000771042189, 7, 26, 7, 8, 0.259615384615385
10.573266683828, 14, 2, 0, 165, 0.412100456621005
10.546172529374, 3, 23, 6, 81, 0.315730055193176
10.5149914231111, 9, 6, 6, 284, 0.737706974410437
10.4233953521234, 11, 6, 5, 110, 0.379796511627907
10.4111780428538, 10, 26, 7, 5, 0.112637362637363
10.3969848281018, 7, 24, 0, 255, 0.713470319634703
10.281227601689, 7, 5, 3, 81, 0.423722044728435
10.2164705882353, 8, 4, 7, 4, 0.0549450549450549
10.1676631043104, 10, 3, 4, 58, 0.309006211180124
10.056, 9, 1, 5, 261, 0.823255813953488
10.0119753555846, 6, 3, 1, 145, 0.53158041179744
9.955, 5, 1, 5, 280, 0.940988372093023
9.88533333333329, 5, 25, 4, 54, 0.296583850931677
9.80384615384616, 8, 9, 0, 141, 0.350228310502283
9.66826162962381, 13, 6, 2, 52, 0.53448275862069
9.52, 7, 1, 0, 36, 0.106735159817352
9.50153585866355, 11, 3, 7, 2, 0.010989010989011
9.42222222222223, 10, 1, 4, 106, 0.664596273291926
9.3686985004159, 5, 26, 5, 142, 0.448982558139535
9.35113677796335, 6, 14, 1, 96, 0.413884251530328
9.345, 10, 4, 0, 136, 0.342922374429224
9.33857142857143, 9, 1, 7, 1, 0.00274725274725275
9.27017889343409, 8, 14, 1, 5, 0.0482749026154702
9.18060304240535, 8, 2, 1, 32, 0.271146355036171
9.14047513721645, 5, 14, 0, 235, 0.590867579908676
9.13945476127178, 7, 3, 6, 195, 0.503135975915705
9.10753534168273, 8, 2, 0, 226, 0.539840182648402
9.01561146012848, 8, 2, 7, 6, 0.197802197802198
9.00521906777142, 6, 14, 0, 109, 0.261529680365297
9.002, 6, 1, 0, 268, 0.898401826484018
8.98010608697545, 6, 3, 4, 16, 0.158385093167702
8.95107094656544, 13, 7, 2, 52, 0.53448275862069
8.91347932749941, 10, 10, 7, 6, 0.197802197802198
8.746, 9, 1, 6, 210, 0.527972905168088
8.68912155130388, 6, 3, 0, 241, 0.629566210045662
8.68912155130385, 6, 3, 0, 241, 0.629566210045662
8.64985524450142, 8, 28, 0, 155, 0.392694063926941
8.64500000000002, 6, 9, 4, 72, 0.352484472049689
8.63401084379031, 9, 3, 0, 235, 0.590867579908676
8.61666666666666, 10, 1, 3, 15, 0.194888178913738
8.52095831856174, 11, 6, 0, 108, 0.256506849315069
8.50820671317853, 5, 136, 5, 267, 0.842151162790698
8.50652690585293, 6, 10, 1, 141, 0.524485253199777
8.33833333333334, 9, 1, 3, 183, 0.746805111821086
8.28729147550634, 7, 2, 6, 288, 0.751003512293026
8.22857142857144, 11, 4, 7, 2, 0.010989010989011
8.22, 10, 1, 3, 42, 0.315495207667732
8.16944034530859, 10, 2, 3, 80, 0.420127795527157
8.08466007766738, 7, 7, 5, 164, 0.501889534883721
8.08466007766737, 7, 7, 5, 164, 0.501889534883721
8.08290376865475, 5, 12, 0, 249, 0.655821917808219
8.07333333333333, 9, 1, 6, 180, 0.479553437029604
8.01151983084358, 8, 2, 7, 1, 0.00274725274725275
7.97656223838673, 10, 7, 5, 213, 0.653488372093023
7.97459314338161, 9, 2, 0, 3, 0.0394977168949772
7.945, 11, 1, 0, 156, 0.395091324200913
7.94384093246654, 9, 15, 6, 54, 0.252885097842449
7.91500000000001, 7, 4, 6, 195, 0.503135975915705
7.8795265650221, 10, 2, 7, 5, 0.112637362637363
7.86639741770863, 12, 12, 3, 123, 0.511980830670927
7.81212264394777, 4, 6, 4, 42, 0.256211180124224
7.77125, 12, 1, 6, 299, 0.874435524335173
7.75524276296365, 6, 5, 1, 145, 0.53158041179744
7.74770537842267, 7, 42, 3, 100, 0.462859424920128
7.73936696646868, 6, 6, 1, 14, 0.117278797996661
7.68423040640867, 7, 2, 5, 137, 0.438953488372093
7.66024175824178, 6, 49, 1, 1, 0.0153032832498609
7.46139075508046, 10, 8, 5, 213, 0.653488372093023
7.42616783745156, 9, 3, 3, 33, 0.292731629392971
7.41454545454545, 7, 1, 5, 6, 0.0436046511627907
7.38695519293843, 7, 41, 7, 3, 0.0260989010989011
7.37690577558722, 9, 11, 4, 57, 0.305900621118012
7.36121593216772, 8, 3, 7, 6, 0.197802197802198
7.3475, 15, 1, 0, 242, 0.634132420091324
7.28037141909669, 7, 2, 0, 259, 0.765981735159817
7.25666666666667, 9, 1, 4, 89, 0.436335403726708
7.1894542270838, 8, 3, 4, 85, 0.395962732919255
7.17359829513752, 11, 2, 7, 5, 0.112637362637363
7.17359829513752, 11, 2, 7, 5, 0.112637362637363
7.16299169341973, 11, 2, 6, 33, 0.18941294530858
7.147, 12, 1, 6, 247, 0.621048670346212
7.11411001695456, 8, 3, 3, 177, 0.710463258785943
7.0975, 8, 1, 5, 262, 0.826162790697675
7.00247880218141, 10, 6, 5, 144, 0.455087209302326
7, 10, 1, 7, 2, 0.010989010989011
7, 10, 1, 7, 2, 0.010989010989011
6.95733333333334, 11, 9, 0, 108, 0.256506849315069
6.87211743728479, 4, 5, 6, 63, 0.262794781736076
6.86890916583879, 9, 20, 7, 6, 0.197802197802198
6.82444444444445, 12, 1, 0, 250, 0.660844748858447
6.8179235842007, 8, 2, 7, 4, 0.0549450549450549
6.80578947368421, 11, 1, 1, 150, 0.562604340567613
6.8, 11, 1, 7, 2, 0.010989010989011
6.8, 11, 1, 7, 2, 0.010989010989011
6.78333333333334, 8, 1, 7, 2, 0.010989010989011
6.755, 12, 1, 7, 3, 0.0260989010989011
6.755, 12, 1, 7, 3, 0.0260989010989011
6.70572930825243, 10, 2, 5, 72, 0.261337209302326
6.7, 11, 1, 1, 116, 0.463828603227602
6.68712100585435, 14, 5, 0, 165, 0.412100456621005
6.66757082304133, 6, 3, 5, 274, 0.904941860465116
6.65100943612829, 12, 13, 0, 257, 0.740296803652968
6.59424242424243, 11, 9, 3, 118, 0.496006389776358
6.56333333333334, 12, 1, 7, 11, 0.615384615384615
6.5545001469455, 14, 3, 0, 252, 0.676940639269406
6.49848967277868, 9, 3, 0, 133, 0.341552511415525
6.49166666666666, 8, 4, 1, 32, 0.271146355036171
6.46651755794743, 10, 19, 7, 6, 0.197802197802198
6.4589982655014, 7, 6, 7, 2, 0.010989010989011
6.43909090909091, 9, 16, 6, 284, 0.737706974410437
6.39381665032901, 10, 8, 6, 177, 0.475413948820873
6.27833333333333, 9, 4, 3, 173, 0.651357827476038
6.27285714285714, 10, 1, 1, 98, 0.417640511964385
6.25435947959502, 10, 2, 5, 255, 0.797529069767442
6.254359479595, 10, 2, 5, 255, 0.797529069767442
6.22639662052082, 10, 8, 4, 58, 0.309006211180124
6.22167083835471, 12, 12, 1, 21, 0.180856983861992
6.16659042745666, 8, 6, 4, 67, 0.33695652173913
6.16659042745665, 8, 6, 4, 67, 0.33695652173913
6.155, 8, 1, 3, 93, 0.448482428115016
6.155, 8, 1, 3, 93, 0.448482428115016
6.15182467016561, 8, 22, 5, 257, 0.803633720930233
6.11322654377459, 10, 6, 1, 116, 0.463828603227602
6.0929034312241, 10, 2, 3, 15, 0.194888178913738
6.07619041942878, 10, 19, 5, 26, 0.10828488372093
6.06772677145873, 7, 13, 5, 161, 0.495348837209302
6.00000000000001, 7, 1, 7, 4, 0.0549450549450549
6, 7, 1, 7, 4, 0.0549450549450549
5.97461538461539, 10, 4, 3, 190, 0.821884984025559
5.94439837157639, 7, 3, 0, 259, 0.765981735159817
5.92162645533668, 8, 2, 3, 145, 0.567092651757188
5.89651125666695, 5, 5, 7, 4, 0.0549450549450549
5.84285714285715, 11, 1, 3, 194, 0.999600638977636
5.77428571428572, 6, 4, 5, 274, 0.904941860465116
5.7625, 11, 1, 0, 155, 0.392694063926941
5.74738095238098, 7, 16, 3, 81, 0.423722044728435
5.74249999999999, 10, 1, 4, 87, 0.40527950310559
5.70399470157149, 9, 2, 6, 282, 0.729177119919719
5.685, 9, 1, 0, 277, 0.990068493150685
5.685, 9, 1, 0, 277, 0.990068493150685
5.6670782400234, 8, 13, 7, 4, 0.0549450549450549
5.663, 7, 1, 5, 200, 0.599563953488372
5.62785714285714, 9, 4, 0, 133, 0.341552511415525
5.61551204749447, 9, 5, 3, 173, 0.651357827476038
5.60666666666667, 10, 1, 3, 66, 0.38538338658147
5.56892729796325, 8, 5, 4, 85, 0.395962732919255
5.56681129552637, 8, 3, 7, 4, 0.0549450549450549
5.56399999999999, 15, 1, 2, 84, 0.626186906546727
5.5, 9, 1, 4, 90, 0.442546583850932
5.48714862200761, 11, 2, 5, 165, 0.502761627906977
5.47536350898785, 10, 2, 5, 93, 0.335174418604651
5.47126805294192, 6, 21, 1, 178, 0.772954924874791
5.43409090909091, 14, 4, 1, 29, 0.263912075681692
5.3928677178494, 11, 2, 5, 86, 0.316133720930233
5.38205920938569, 8, 3, 5, 256, 0.799273255813954
5.36333333333334, 7, 4, 4, 74, 0.358695652173913
5.355, 8, 1, 5, 105, 0.365552325581395
5.3225, 8, 1, 7, 5, 0.112637362637363
5.28723025023579, 9, 8, 0, 235, 0.590867579908676
5.25823798117455, 8, 6, 0, 226, 0.539840182648402
5.22976175365571, 7, 2, 5, 114, 0.392005813953488
5.224, 5, 4, 6, 153, 0.446813848469644
5.19723484172112, 8, 2, 4, 110, 0.937888198757764
5.19333333333333, 11, 1, 7, 5, 0.112637362637363
5.19, 9, 1, 0, 277, 0.990068493150685
5.1864589903446, 13, 11, 1, 86, 0.394824707846411
5.15480843484994, 12, 2, 6, 49, 0.239964877069744
5.15480843484994, 12, 2, 6, 49, 0.239964877069744
5.14500000000001, 10, 1, 6, 250, 0.629076768690416
5.13123820881038, 9, 2, 4, 89, 0.436335403726708
5.09374012192928, 11, 2, 0, 219, 0.522260273972603
5.065, 11, 4, 6, 33, 0.18941294530858
5.06288455329569, 8, 2, 0, 247, 0.648401826484018
5.05333333333333, 9, 1, 3, 188, 0.788738019169329
5.04672211258284, 9, 2, 1, 15, 0.121591541457986
5.02903572667126, 11, 6, 3, 143, 0.559904153354633
5.0031185430939, 7, 10, 7, 2, 0.010989010989011
4.99762711793479, 7, 54, 5, 281, 0.949127906976744
4.97281855796437, 6, 23, 4, 110, 0.937888198757764
4.95, 8, 1, 3, 125, 0.517172523961661
4.93571428571428, 9, 1, 0, 154, 0.390182648401826
4.89333333333333, 7, 1, 0, 170, 0.423858447488584
4.8225, 8, 1, 4, 60, 0.315217391304348
4.81499698009945, 7, 6, 6, 201, 0.516181635725038
4.79654099904875, 8, 2, 7, 2, 0.010989010989011
4.77579920013394, 15, 2, 3, 44, 0.321485623003195
4.77398092555375, 9, 2, 0, 12, 0.0821917808219178
4.74166666666666, 10, 4, 5, 72, 0.261337209302326
4.74166666666666, 9, 1, 4, 57, 0.305900621118012
4.7, 11, 1, 0, 151, 0.374657534246575
4.67, 11, 1, 7, 8, 0.259615384615385
4.67, 11, 1, 7, 8, 0.259615384615385
4.66086624455797, 10, 3, 6, 242, 0.591445057701957
4.6575, 9, 1, 7, 6, 0.197802197802198
4.65727823641971, 8, 7, 3, 177, 0.710463258785943
4.644, 9, 1, 0, 5, 0.069634703196347
4.64097750718772, 12, 2, 5, 233, 0.732267441860465
4.6409775071877, 12, 2, 7, 11, 0.615384615384615
4.63626346197979, 14, 2, 2, 6, 0.367566216891554
4.63626346197979, 7, 2, 3, 101, 0.464456869009585
4.61014189947916, 12, 3, 5, 256, 0.799273255813954
4.61014189947915, 12, 3, 5, 256, 0.799273255813954
4.60148164544132, 12, 3, 3, 190, 0.821884984025559
4.6014816454413, 12, 3, 3, 190, 0.821884984025559
4.58704788871156, 11, 3, 0, 156, 0.395091324200913
4.552, 13, 1, 2, 34, 0.478010994502749
4.50932095888107, 12, 2, 2, 68, 0.590954522738631
4.501, 6, 4, 0, 268, 0.898401826484018
4.48799999999999, 13, 1, 3, 131, 0.53314696485623
4.41684409228321, 10, 5, 3, 146, 0.568290734824281
4.3875, 10, 1, 6, 122, 0.407049673858505
4.35527269583687, 11, 8, 3, 143, 0.559904153354633
4.32325086017455, 11, 2, 0, 138, 0.345319634703196
4.28153156008455, 13, 2, 7, 5, 0.112637362637363
4.28153156008454, 13, 2, 7, 5, 0.112637362637363
4.27166666666666, 12, 4, 7, 2, 0.010989010989011
4.27092495836674, 7, 2, 1, 164, 0.657762938230384
4.27008259092647, 7, 3, 5, 114, 0.392005813953488
4.26537813876644, 5, 6, 6, 153, 0.446813848469644
4.24208110287078, 15, 3, 0, 242, 0.634132420091324
4.19857142857143, 12, 1, 2, 23, 0.448775612193903
4.19785725764415, 11, 2, 4, 108, 0.706521739130435
4.19285714285714, 8, 1, 1, 20, 0.150806900389538
4.16789473684211, 11, 9, 0, 219, 0.522260273972603
4.156, 10, 1, 3, 173, 0.651357827476038
4.14885609386365, 10, 19, 6, 177, 0.475413948820873
4.14364573775318, 7, 8, 6, 288, 0.751003512293026
4.12666666666667, 14, 1, 5, 266, 0.837354651162791
4.11, 10, 4, 3, 42, 0.315495207667732
4.10778661347757, 14, 7, 1, 29, 0.263912075681692
4.07416839958146, 9, 3, 6, 233, 0.574761665830406
4.06838425501188, 10, 14, 5, 70, 0.251453488372093
4.06666666666667, 16, 1, 6, 209, 0.52646763672855
4.06384368673355, 9, 2, 0, 244, 0.638584474885845
4.05500000000001, 12, 4, 7, 8, 0.259615384615385
4.05499999999999, 12, 4, 7, 8, 0.259615384615385
4.04596156175997, 11, 23, 0, 208, 0.500342465753425
4.03428571428571, 7, 1, 0, 19, 0.0924657534246575
4.03333333333333, 9, 4, 6, 282, 0.729177119919719
4.03200857054493, 10, 6, 3, 146, 0.568290734824281
4.02, 9, 1, 7, 11, 0.615384615384615
4.01379521975344, 14, 8, 0, 252, 0.676940639269406
3.98888888888889, 13, 1, 6, 178, 0.47704465629704
3.98307692307691, 10, 9, 3, 190, 0.821884984025559
3.96451201985257, 10, 2, 3, 66, 0.38538338658147
3.95401212487474, 11, 10, 0, 219, 0.522260273972603
3.94666666666667, 7, 1, 3, 13, 0.192891373801917
3.91265752256556, 7, 2, 0, 253, 0.682420091324201
3.91058582331106, 12, 3, 1, 7, 0.0509181969949917
3.90288781972188, 13, 3, 0, 244, 0.638584474885845
3.90288781972187, 13, 3, 0, 244, 0.638584474885845
3.89942371810674, 15, 3, 3, 44, 0.321485623003195
3.89615836433787, 11, 2, 3, 146, 0.568290734824281
3.87333333333333, 12, 1, 1, 179, 0.794101279910963
3.87166666666666, 10, 4, 5, 93, 0.335174418604651
3.84868119474392, 8, 2, 2, 94, 0.654672663668166
3.84, 11, 1, 4, 26, 0.197204968944099
3.82069481755464, 12, 5, 7, 2, 0.010989010989011
3.81333333333333, 11, 4, 5, 86, 0.316133720930233
3.81231570314005, 10, 2, 5, 166, 0.505232558139535
3.80695412424973, 9, 2, 4, 18, 0.167701863354037
3.805, 7, 1, 7, 4, 0.0549450549450549
3.805, 7, 1, 7, 4, 0.0549450549450549
3.80233333333333, 8, 9, 1, 51, 0.321368948247079
3.7926266184093, 13, 6, 7, 8, 0.259615384615385
3.79262661840927, 13, 6, 7, 8, 0.259615384615385
3.79244936976382, 7, 8, 4, 74, 0.358695652173913
3.78504158443714, 13, 2, 1, 71, 0.364913745130774
3.785, 12, 1, 1, 181, 0.828464106844741
3.785, 12, 1, 1, 181, 0.828464106844741
3.78302127934803, 11, 2, 5, 165, 0.502761627906977
3.75, 10, 1, 6, 263, 0.659809332664325
3.72901603047715, 9, 5, 3, 183, 0.746805111821086
3.72837393263602, 9, 50, 2, 135, 0.86431784107946
3.71, 10, 1, 7, 5, 0.112637362637363
3.67224121696214, 11, 2, 7, 5, 0.112637362637363
3.66988419435819, 9, 2, 0, 277, 0.990068493150685
3.66938755107717, 12, 5, 0, 102, 0.251255707762557
3.66938755107715, 12, 5, 0, 102, 0.251255707762557
3.66666666666667, 7, 1, 5, 227, 0.715697674418605
3.628, 10, 1, 4, 26, 0.197204968944099
3.6219239083299, 4, 18, 6, 63, 0.262794781736076
3.61050442766966, 9, 5, 6, 180, 0.479553437029604
3.59999999999999, 9, 1, 2, 107, 0.699650174912544
3.59822178304784, 7, 7, 0, 36, 0.106735159817352
3.58571428571429, 12, 1, 3, 171, 0.646565495207668
3.585, 11, 1, 5, 119, 0.404941860465116
3.585, 11, 1, 5, 119, 0.404941860465116
3.58, 8, 4, 0, 247, 0.648401826484018
3.575, 11, 1, 7, 10, 0.409340659340659
3.575, 9, 1, 7, 2, 0.010989010989011
3.575, 9, 1, 7, 4, 0.0549450549450549
3.575, 9, 1, 7, 4, 0.0549450549450549
3.575, 10, 1, 7, 3, 0.0260989010989011
3.575, 9, 1, 7, 2, 0.010989010989011
3.575, 10, 1, 7, 3, 0.0260989010989011
3.57324626759603, 9, 2, 3, 188, 0.788738019169329
3.56, 13, 1, 1, 86, 0.394824707846411
3.56, 10, 1, 3, 191, 0.882987220447284
3.536, 14, 1, 0, 199, 0.482077625570776
3.53, 10, 1, 3, 132, 0.535143769968051
3.53, 10, 1, 3, 132, 0.535143769968051
3.52991954582537, 11, 3, 0, 138, 0.345319634703196
3.52666666666666, 16, 1, 7, 11, 0.615384615384615
3.52500000000001, 11, 1, 7, 5, 0.112637362637363
3.525, 11, 1, 7, 5, 0.112637362637363
3.52338481739201, 8, 7, 5, 256, 0.799273255813954
3.48, 14, 1, 3, 44, 0.321485623003195
3.47896536343782, 6, 2, 6, 75, 0.297415955845459
3.47896536343782, 6, 2, 6, 75, 0.297415955845459
3.47333333333333, 7, 1, 6, 250, 0.629076768690416
3.46010918260618, 7, 2, 0, 170, 0.423858447488584
3.46000000000001, 16, 1, 7, 13, 0.993131868131868
3.44, 8, 1, 1, 181, 0.828464106844741
3.41637479351988, 13, 11, 4, 39, 0.246894409937888
3.39764808360136, 7, 2, 7, 7, 0.245879120879121
3.39764808360135, 7, 2, 7, 7, 0.245879120879121
3.3825, 15, 1, 6, 252, 0.633467134972403
3.38, 7, 1, 2, 111, 0.713393303348326
3.38, 7, 1, 2, 111, 0.713393303348326
3.34238210622969, 11, 18, 3, 184, 0.76038338658147
3.33125861358996, 10, 8, 4, 106, 0.664596273291926
3.316, 16, 1, 5, 212, 0.648691860465116
3.28451099861152, 9, 2, 1, 146, 0.536310517529215
3.28451099861151, 9, 2, 1, 146, 0.536310517529215
3.28166666666667, 12, 4, 5, 233, 0.732267441860465
3.27833333333334, 14, 4, 2, 6, 0.367566216891554
3.27833333333334, 7, 4, 3, 101, 0.464456869009585
3.275, 12, 1, 3, 37, 0.299920127795527
3.275, 12, 1, 3, 37, 0.299920127795527
3.25693383414523, 5, 2, 5, 65, 0.234883720930233
3.24915565955219, 11, 2, 6, 231, 0.571249372804817
3.24915565955219, 11, 2, 6, 231, 0.571249372804817
3.24677070332971, 13, 5, 1, 74, 0.371035058430718
3.24677070332969, 13, 5, 1, 74, 0.371035058430718
3.245, 13, 1, 7, 5, 0.112637362637363
3.245, 13, 1, 7, 5, 0.112637362637363
3.23333333333333, 17, 1, 7, 13, 0.993131868131868
3.216, 10, 1, 1, 160, 0.593350027824151
3.21262180919088, 12, 2, 5, 249, 0.774709302325581
3.21, 10, 1, 5, 265, 0.834447674418604
3.1918273187397, 9, 5, 1, 15, 0.121591541457986
3.19, 15, 1, 7, 8, 0.259615384615385
3.19, 15, 1, 7, 8, 0.259615384615385
3.17, 11, 1, 5, 232, 0.727180232558139
3.16999999999999, 11, 1, 5, 232, 0.727180232558139
3.16800673399958, 11, 6, 5, 165, 0.502761627906977
3.1652424811895, 8, 7, 3, 145, 0.567092651757188
3.16, 15, 1, 0, 141, 0.350228310502283
3.16, 15, 1, 0, 141, 0.350228310502283
3.1514705882353, 6, 16, 4, 29, 0.206521739130435
3.13707392694677, 7, 12, 5, 137, 0.438953488372093
3.1275, 13, 1, 0, 106, 0.254794520547945
3.098, 10, 1, 0, 75, 0.148858447488584
3.08000000000001, 10, 1, 0, 265, 0.857305936073059
3.07294680776179, 8, 3, 7, 5, 0.112637362637363
3.06666666666666, 7, 1, 4, 108, 0.706521739130435
3.066, 10, 1, 2, 132, 0.83208395802099
3.02, 7, 4, 1, 164, 0.657762938230384
3.01933064618971, 9, 5, 0, 12, 0.0821917808219178
3.01666666666667, 14, 1, 7, 5, 0.112637362637363
3.00062493490941, 8, 6, 4, 110, 0.937888198757764
2.9925, 12, 1, 3, 190, 0.821884984025559
2.9875, 7, 1, 5, 65, 0.234883720930233
2.97046713498062, 10, 3, 6, 250, 0.629076768690416
2.9698484809835, 8, 2, 0, 55, 0.12283105022831
2.96833333333332, 11, 4, 4, 108, 0.706521739130435
2.96166666666667, 13, 1, 3, 99, 0.45926517571885
2.9425, 12, 1, 3, 146, 0.568290734824281
2.93728093790701, 9, 29, 5, 268, 0.853779069767442
2.93725641087295, 12, 7, 6, 299, 0.874435524335173
2.92, 13, 1, 0, 114, 0.284246575342466
2.91533333333332, 9, 9, 6, 210, 0.527972905168088
2.88087210304, 9, 6, 6, 233, 0.574761665830406
2.87556757682529, 16, 2, 6, 209, 0.52646763672855
2.85317586208772, 7, 2, 6, 294, 0.774460612142499
2.85317586208772, 7, 2, 6, 294, 0.774460612142499
2.85194498615973, 12, 5, 2, 68, 0.590954522738631
2.84256926036992, 9, 2, 7, 11, 0.615384615384615
2.81944444444444, 9, 16, 0, 3, 0.0394977168949772
2.80333333333333, 9, 1, 0, 99, 0.230022831050228
2.7907147630829, 7, 2, 3, 13, 0.192891373801917
2.78427167316699, 8, 3, 4, 60, 0.315217391304348
2.78200000000001, 15, 4, 2, 84, 0.626186906546727
2.77, 7, 1, 5, 272, 0.891860465116279
2.76520175407523, 12, 6, 1, 7, 0.0509181969949917
2.75, 9, 1, 3, 35, 0.297923322683706
2.74999999999999, 9, 4, 4, 90, 0.442546583850932
2.74003877709787, 9, 2, 6, 283, 0.732689412945309
2.74003877709787, 9, 2, 6, 283, 0.732689412945309
2.725, 10, 1, 5, 176, 0.540406976744186
2.72499999999999, 10, 1, 5, 176, 0.540406976744186
2.705, 16, 1, 5, 183, 0.569767441860465
2.68900887875069, 9, 3, 7, 6, 0.197802197802198
2.68757904867131, 9, 14, 5, 261, 0.823255813953488
2.68260284718299, 8, 7, 5, 262, 0.826162790697675
2.67500000000001, 11, 4, 5, 165, 0.502761627906977
2.65927533988742, 5, 3, 5, 65, 0.234883720930233
2.655, 11, 1, 0, 160, 0.399657534246575
2.655, 11, 1, 0, 160, 0.399657534246575
2.63766594409775, 9, 3, 5, 238, 0.741860465116279
2.62336615820209, 10, 2, 7, 5, 0.112637362637363
2.615, 11, 1, 7, 5, 0.112637362637363
2.61499999999999, 11, 1, 7, 5, 0.112637362637363
2.59272486435067, 7, 2, 5, 227, 0.715697674418605
2.58235396489326, 8, 2, 3, 116, 0.48961661341853
2.57020042099476, 9, 5, 0, 244, 0.638584474885845
2.56088320489547, 10, 6, 1, 98, 0.417640511964385
2.56, 14, 1, 6, 95, 0.351605619668841
2.56, 9, 1, 4, 90, 0.442546583850932
2.56, 9, 1, 4, 90, 0.442546583850932
2.55055555555555, 12, 4, 7, 8, 0.259615384615385
2.51730014102411, 10, 2, 3, 191, 0.882987220447284
2.5173001410241, 13, 2, 1, 86, 0.394824707846411
2.51000000000001, 11, 1, 4, 9, 0.108695652173913
2.51, 11, 1, 4, 9, 0.108695652173913
2.505, 8, 1, 5, 225, 0.710610465116279
2.505, 8, 1, 5, 225, 0.710610465116279
2.49372991498455, 16, 2, 7, 11, 0.615384615384615
2.48618744265191, 14, 2, 4, 30, 0.211180124223602
2.465, 10, 1, 2, 2, 0.208645677161419
2.465, 10, 1, 2, 2, 0.208645677161419
2.45601755332127, 7, 2, 6, 250, 0.629076768690416
2.456, 13, 1, 4, 23, 0.187888198757764
2.44658946290544, 16, 2, 7, 13, 0.993131868131868
2.43411971264978, 8, 5, 2, 94, 0.654672663668166
2.43405801172707, 10, 11, 6, 242, 0.591445057701957
2.43244732728172, 8, 2, 1, 181, 0.828464106844741
2.4144421472367, 5, 17, 5, 280, 0.940988372093023
2.41280547224878, 12, 8, 0, 250, 0.660844748858447
2.41112015630975, 10, 5, 5, 166, 0.505232558139535
2.405, 16, 1, 5, 262, 0.826162790697675
2.405, 16, 1, 5, 262, 0.826162790697675
2.40121212121214, 11, 9, 0, 219, 0.522260273972603
2.39482880390227, 8, 5, 5, 105, 0.365552325581395
2.39387048905477, 13, 5, 1, 71, 0.364913745130774
2.39, 15, 1, 4, 31, 0.21583850931677
2.39, 15, 1, 4, 31, 0.21583850931677
2.38533643999599, 11, 6, 3, 194, 0.999600638977636
2.38272727272728, 10, 4, 5, 240, 0.747383720930232
2.38233333333334, 12, 9, 6, 247, 0.621048670346212
2.37290960636937, 13, 3, 6, 169, 0.467762167586553
2.37290960636937, 13, 3, 6, 169, 0.467762167586553
2.36880771697491, 11, 8, 1, 116, 0.463828603227602
2.34468514512123, 7, 10, 5, 6, 0.0436046511627907
2.325, 15, 1, 6, 202, 0.516934269944807
2.325, 15, 1, 6, 202, 0.516934269944807
2.322, 9, 4, 0, 5, 0.069634703196347
2.298, 15, 1, 4, 37, 0.239130434782609
2.29385439816917, 10, 2, 6, 72, 0.290642247867536
2.29, 13, 1, 1, 2, 0.0342237061769616
2.2863119258365, 17, 2, 7, 13, 0.993131868131868
2.28428571428571, 9, 4, 5, 238, 0.741860465116279
2.28128624104479, 12, 5, 7, 8, 0.259615384615385
2.276, 13, 4, 2, 34, 0.478010994502749
2.27166666666667, 12, 4, 5, 249, 0.774709302325581
2.26981276760881, 10, 2, 5, 265, 0.834447674418604
2.26333333333334, 13, 1, 0, 226, 0.539840182648402
2.24944808045588, 11, 6, 3, 146, 0.568290734824281
2.24400000000001, 13, 4, 3, 131, 0.53314696485623
2.215, 14, 1, 1, 150, 0.562604340567613
2.215, 14, 1, 1, 150, 0.562604340567613
2.17802027571567, 11, 7, 0, 155, 0.392694063926941
2.17788888605457, 10, 2, 0, 265, 0.857305936073059
2.17, 15, 1, 5, 226, 0.714970930232558
2.17, 15, 1, 5, 226, 0.714970930232558
2.16846079563874, 7, 2, 4, 108, 0.706521739130435
2.1650635094611, 10, 3, 6, 263, 0.659809332664325
2.16442093070922, 8, 53, 5, 12, 0.063953488372093
2.15263507244076, 11, 2, 2, 36, 0.482008995502249
2.1375, 12, 1, 6, 283, 0.732689412945309
2.13310545657941, 14, 2, 7, 5, 0.112637362637363
2.12053779866231, 9, 5, 4, 57, 0.305900621118012
2.12, 13, 1, 6, 238, 0.585800301053688
2.10848318308052, 8, 3, 3, 116, 0.48961661341853
2.09303607231219, 11, 2, 5, 215, 0.660610465116279
2.09303607231218, 11, 2, 5, 215, 0.660610465116279
2.09140341731774, 7, 7, 0, 253, 0.682420091324201
2.07846096908267, 9, 3, 2, 107, 0.699650174912544
2.078, 10, 4, 3, 173, 0.651357827476038
2.06475180106471, 13, 2, 0, 114, 0.284246575342466
2.06402721235291, 11, 3, 7, 10, 0.409340659340659
2.06333333333333, 12, 1, 6, 195, 0.503135975915705
2.05, 13, 1, 5, 223, 0.700872093023256
2.03788174337964, 11, 2, 1, 179, 0.794101279910963
2.02996354647073, 14, 3, 4, 30, 0.211180124223602
2.02333333333333, 14, 1, 2, 68, 0.590954522738631
2.02, 7, 1, 7, 5, 0.112637362637363
2.02, 7, 1, 7, 5, 0.112637362637363
2.02, 10, 1, 3, 149, 0.575878594249201
2.02, 10, 1, 3, 149, 0.575878594249201
2.01499691936094, 9, 6, 0, 154, 0.390182648401826
1.99333333333334, 8, 1, 3, 42, 0.315495207667732
1.98225600992629, 9, 2, 0, 99, 0.230022831050228
1.97948663722157, 8, 3, 7, 7, 0.245879120879121
1.97, 8, 1, 5, 122, 0.408575581395349
1.97, 8, 1, 5, 122, 0.408575581395349
1.95333333333333, 10, 1, 5, 49, 0.19171511627907
1.95288728553391, 15, 3, 6, 252, 0.633467134972403
1.94454364826302, 9, 2, 3, 35, 0.297923322683706
1.94200000000001, 13, 1, 7, 9, 0.299450549450549
1.93412340178525, 15, 3, 3, 134, 0.541932907348243
1.92, 14, 1, 7, 8, 0.259615384615385
1.91, 10, 1, 7, 10, 0.409340659340659
1.91, 10, 1, 7, 10, 0.409340659340659
1.89504617357995, 13, 2, 3, 145, 0.567092651757188
1.89504617357994, 13, 2, 3, 145, 0.567092651757188
1.89151063967401, 11, 2, 0, 197, 0.481278538812785
1.89151063967401, 11, 2, 0, 197, 0.481278538812785
1.88766666666668, 7, 9, 5, 200, 0.599563953488372
1.88326106056019, 12, 2, 6, 177, 0.475413948820873
1.87829710109982, 8, 5, 0, 55, 0.12283105022831
1.87666666666667, 13, 1, 5, 260, 0.817151162790698
1.87292427325115, 10, 3, 6, 72, 0.290642247867536
1.87092414139568, 8, 7, 3, 125, 0.517172523961661
1.84666666666667, 13, 1, 3, 149, 0.575878594249201
1.84550143742983, 14, 5, 5, 266, 0.837354651162791
1.83666666666666, 8, 1, 6, 154, 0.449322629202208
1.835, 11, 1, 4, 19, 0.173913043478261
1.8342349903979, 14, 2, 6, 214, 0.532112393376819
1.83, 10, 1, 6, 182, 0.480306071249373
1.83, 10, 1, 6, 182, 0.480306071249373
1.814, 10, 4, 4, 26, 0.197204968944099
1.81019335983756, 14, 2, 5, 222, 0.695639534883721
1.81019335983756, 14, 2, 5, 222, 0.695639534883721
1.81019335983756, 14, 2, 6, 95, 0.351605619668841
1.81, 13, 1, 6, 126, 0.410561966884094
1.81, 13, 1, 6, 126, 0.410561966884094
1.80566296689056, 13, 3, 0, 106, 0.254794520547945
1.80117251592215, 10, 7, 5, 240, 0.747383720930232
1.8, 11, 1, 4, 74, 0.358695652173913
1.8, 11, 1, 4, 74, 0.358695652173913
1.79720890937742, 9, 27, 7, 1, 0.00274725274725275
1.7775, 13, 1, 7, 2, 0.010989010989011
1.77719504338219, 13, 2, 0, 186, 0.451826484018265
1.77643302314337, 11, 7, 0, 151, 0.374657534246575
1.77130248687231, 13, 2, 5, 226, 0.714970930232558
1.77130248687231, 13, 2, 5, 226, 0.714970930232558
1.768, 14, 4, 0, 199, 0.482077625570776
1.76666666666667, 9, 1, 5, 197, 0.596656976744186
1.73220732656983, 12, 5, 1, 179, 0.794101279910963
1.72772068054995, 12, 3, 3, 190, 0.821884984025559
1.725, 7, 1, 6, 259, 0.652282990466633
1.725, 7, 1, 6, 259, 0.652282990466633
1.72483392920401, 7, 3, 5, 65, 0.234883720930233
1.71428571428572, 8, 4, 7, 7, 0.245879120879121
1.71405960810469, 12, 6, 2, 23, 0.448775612193903
1.71333333333333, 11, 1, 7, 8, 0.259615384615385
1.71172676073063, 8, 6, 1, 20, 0.150806900389538
1.70059180875365, 10, 2, 1, 158, 0.588063439065109
1.70059180875365, 10, 2, 1, 158, 0.588063439065109
1.69885316709048, 12, 3, 3, 146, 0.568290734824281
1.68666666666667, 13, 1, 6, 46, 0.236954340190667
1.67, 16, 1, 4, 18, 0.167701863354037
1.67, 12, 1, 7, 13, 0.993131868131868
1.66392347580448, 11, 3, 1, 179, 0.794101279910963
1.66333333333333, 15, 1, 6, 235, 0.580155544405419
1.65831912532799, 10, 7, 6, 122, 0.407049673858505
1.658, 16, 4, 5, 212, 0.648691860465116
1.655, 10, 1, 5, 117, 0.398546511627907
1.655, 10, 1, 5, 117, 0.398546511627907
1.64699024609992, 7, 6, 0, 19, 0.0924657534246575
1.64666666666666, 8, 1, 5, 224, 0.705813953488372
1.63666666666666, 12, 1, 7, 11, 0.615384615384615
1.63, 14, 1, 6, 156, 0.453211239337682
1.62329069284598, 9, 11, 4, 18, 0.167701863354037
1.618, 6, 1, 1, 141, 0.524485253199777
1.608, 10, 4, 1, 160, 0.593350027824151
1.60413996272338, 11, 18, 1, 150, 0.562604340567613
1.60041834808555, 13, 2, 0, 226, 0.539840182648402
1.60041834808555, 9, 2, 5, 234, 0.734156976744186
1.60041834808554, 8, 2, 0, 13, 0.085958904109589
1.59999999999999, 7, 1, 7, 7, 0.245879120879121
1.59999999999999, 7, 1, 7, 7, 0.245879120879121
1.59926024565527, 7, 3, 5, 272, 0.891860465116279
1.576848122046, 8, 2, 4, 67, 0.33695652173913
1.57684812204599, 8, 2, 4, 67, 0.33695652173913
1.565, 12, 1, 0, 230, 0.565068493150685
1.565, 12, 1, 0, 230, 0.565068493150685
1.56270598642227, 10, 2, 4, 30, 0.211180124223602
1.56270598642227, 10, 2, 4, 30, 0.211180124223602
1.56173247815793, 16, 3, 5, 183, 0.569767441860465
1.55630331233987, 14, 5, 3, 44, 0.321485623003195
1.549, 10, 4, 0, 75, 0.148858447488584
1.53299999999999, 10, 4, 2, 132, 0.83208395802099
1.53, 11, 1, 6, 227, 0.55920722528851
1.52333333333334, 15, 1, 5, 231, 0.72281976744186
1.51666666666667, 12, 1, 6, 215, 0.533241344706473
1.515, 13, 1, 7, 13, 0.993131868131868
1.515, 13, 1, 7, 13, 0.993131868131868
1.5, 8, 1, 5, 278, 0.925872093023256
1.5, 8, 1, 5, 278, 0.925872093023256
1.49906637611548, 13, 2, 6, 238, 0.585800301053688
1.49816554492486, 15, 5, 3, 134, 0.541932907348243
1.49764659827789, 14, 3, 6, 214, 0.532112393376819
1.48270712437309, 10, 15, 4, 87, 0.40527950310559
1.48, 14, 1, 0, 107, 0.25513698630137
1.48, 11, 1, 3, 110, 0.478035143769968
1.48, 11, 1, 3, 110, 0.478035143769968
1.46666666666667, 10, 1, 3, 25, 0.270367412140575
1.46386172723471, 12, 6, 3, 171, 0.646565495207668
1.46, 11, 1, 5, 168, 0.5125
1.46, 15, 1, 5, 155, 0.482703488372093
1.46, 11, 1, 5, 168, 0.5125
1.45999999999999, 8, 1, 7, 7, 0.245879120879121
1.45899699184825, 12, 2, 6, 195, 0.503135975915705
1.45138357635543, 11, 7, 4, 26, 0.197204968944099
1.45, 11, 1, 5, 32, 0.133430232558139
1.45, 11, 1, 5, 32, 0.133430232558139
1.4475, 11, 1, 0, 85, 0.181849315068493
1.44500000000001, 11, 1, 4, 78, 0.37111801242236
1.44499999999999, 11, 1, 4, 78, 0.37111801242236
1.43071272060079, 14, 2, 2, 68, 0.590954522738631
1.42, 15, 1, 7, 8, 0.259615384615385
1.41999999999999, 15, 1, 7, 8, 0.259615384615385
1.4175, 14, 1, 3, 143, 0.559904153354633
1.4102851913665, 13, 8, 6, 178, 0.47704465629704
1.40949951716518, 8, 2, 3, 42, 0.315495207667732
1.38121524591772, 10, 2, 5, 49, 0.19171511627907
1.38, 14, 1, 7, 5, 0.112637362637363
1.38, 14, 1, 7, 5, 0.112637362637363
1.37, 14, 1, 5, 168, 0.5125
1.37, 14, 1, 5, 168, 0.5125
1.36144596001487, 11, 5, 2, 36, 0.482008995502249
1.33166666666666, 12, 4, 6, 177, 0.475413948820873
1.32700372602675, 13, 2, 5, 260, 0.817151162790698
1.32449759867238, 13, 5, 3, 99, 0.45926517571885
1.30579052259116, 13, 2, 3, 149, 0.575878594249201
1.30107647738324, 9, 2, 6, 42, 0.225664826894129
1.2987194547793, 8, 2, 6, 154, 0.449322629202208
1.29666666666667, 11, 1, 5, 226, 0.714970930232558
1.29, 10, 1, 1, 157, 0.585559265442404
1.29, 10, 1, 1, 157, 0.585559265442404
1.26572113832392, 15, 2, 1, 91, 0.401919866444073
1.26572113832392, 15, 2, 1, 91, 0.401919866444073
1.265, 10, 1, 1, 133, 0.503478018920423
1.265, 10, 1, 1, 133, 0.503478018920423
1.25666666666667, 13, 4, 0, 186, 0.451826484018265
1.255, 10, 1, 5, 123, 0.409302325581395
1.24922198009623, 9, 2, 5, 197, 0.596656976744186
1.23408620039282, 12, 3, 6, 283, 0.732689412945309
1.23, 17, 1, 4, 41, 0.253105590062112
1.23, 17, 1, 4, 41, 0.253105590062112
1.228, 13, 4, 4, 23, 0.187888198757764
1.21150961843295, 11, 2, 7, 8, 0.259615384615385
1.195, 15, 1, 6, 57, 0.255770195684897
1.195, 15, 1, 6, 57, 0.255770195684897
1.19265343760131, 13, 2, 6, 46, 0.236954340190667
1.19, 9, 1, 5, 150, 0.468895348837209
1.19, 9, 1, 5, 150, 0.468895348837209
1.18356805183871, 13, 3, 5, 223, 0.700872093023256
1.18086832458154, 12, 2, 7, 13, 0.993131868131868
1.18086832458154, 16, 2, 4, 18, 0.167701863354037
1.1775, 10, 1, 5, 176, 0.540406976744186
1.17615427937362, 15, 2, 6, 235, 0.580155544405419
1.16436916635384, 8, 2, 5, 224, 0.705813953488372
1.15903066539817, 13, 3, 0, 221, 0.526826484018265
1.15729809854199, 12, 2, 7, 11, 0.615384615384615
1.15258405333407, 14, 2, 6, 156, 0.453211239337682
1.15000000000001, 15, 1, 4, 26, 0.197204968944099
1.149, 15, 4, 4, 37, 0.239130434782609
1.145, 11, 1, 7, 8, 0.259615384615385
1.145, 13, 4, 1, 2, 0.0342237061769616
1.145, 11, 1, 7, 8, 0.259615384615385
1.14197745161628, 14, 2, 5, 202, 0.607267441860465
1.14197745161627, 14, 2, 5, 202, 0.607267441860465
1.13166666666667, 8, 4, 0, 13, 0.085958904109589
1.13166666666667, 9, 4, 5, 234, 0.734156976744186
1.13, 8, 1, 0, 257, 0.740296803652968
1.13, 11, 1, 6, 182, 0.480306071249373
1.13, 11, 1, 6, 182, 0.480306071249373
1.13, 8, 1, 0, 257, 0.740296803652968
1.12854242277373, 9, 2, 2, 29, 0.469515242378811
1.12783531599255, 11, 2, 3, 79, 0.416134185303514
1.12783531599254, 11, 2, 3, 79, 0.416134185303514
1.125, 12, 1, 3, 157, 0.596645367412141
1.125, 12, 1, 3, 157, 0.596645367412141
1.122, 13, 1, 5, 264, 0.832558139534884
1.11333333333333, 13, 1, 6, 276, 0.7019568489714
1.10851251684408, 14, 3, 7, 8, 0.259615384615385
1.09, 9, 1, 2, 148, 0.930284857571214
1.09, 9, 1, 2, 148, 0.930284857571214
1.08187337521541, 11, 2, 6, 227, 0.55920722528851
1.0771593300075, 15, 2, 5, 231, 0.72281976744186
1.075, 12, 1, 7, 10, 0.409340659340659
1.075, 12, 1, 7, 10, 0.409340659340659
1.0724452847996, 12, 2, 6, 215, 0.533241344706473
1.06232449530891, 9, 3, 6, 42, 0.225664826894129
1.05943774396296, 11, 3, 4, 19, 0.173913043478261
1.05, 10, 1, 3, 20, 0.254792332268371
1.05, 15, 1, 5, 226, 0.714970930232558
1.05, 10, 1, 3, 20, 0.254792332268371
1.04651803615609, 14, 2, 0, 107, 0.25513698630137
1.03708994574027, 10, 2, 3, 25, 0.270367412140575
1.035, 11, 1, 6, 111, 0.385474159558454
1.035, 11, 1, 6, 111, 0.385474159558454
1.03237590053236, 15, 2, 5, 155, 0.482703488372093
1.03237590053236, 8, 2, 7, 7, 0.245879120879121
1.02624010348456, 13, 3, 7, 2, 0.010989010989011
1.01666666666667, 14, 1, 1, 146, 0.536310517529215
1.0146982310027, 13, 2, 6, 255, 0.643000501756147
1.01469823100269, 13, 2, 6, 255, 0.643000501756147
1.01333333333334, 14, 1, 7, 5, 0.112637362637363
1.0132497224278, 10, 3, 0, 190, 0.462100456621005
1.01324972242779, 10, 3, 0, 190, 0.462100456621005
1.01, 13, 1, 7, 2, 0.010989010989011
1.01, 13, 1, 7, 2, 0.010989010989011
1, 8, 1, 7, 7, 0.245879120879121
1, 8, 1, 7, 7, 0.245879120879121
0.999640751796912, 15, 3, 0, 228, 0.544748858447489
0.989949493661191, 9, 2, 5, 114, 0.392005813953488
0.980000000000004, 8, 1, 7, 10, 0.409340659340659
0.975807358037437, 15, 2, 7, 2, 0.010989010989011
0.971000000000004, 13, 4, 7, 9, 0.299450549450549
0.949999999999996, 14, 1, 0, 264, 0.844748858447489
0.939037805415732, 14, 2, 6, 149, 0.440667335674862
0.93, 14, 1, 1, 16, 0.128964941569282
0.93, 14, 1, 1, 16, 0.128964941569282
0.929845417260318, 16, 2, 5, 236, 0.739244186046512
0.929845417260308, 16, 2, 5, 236, 0.739244186046512
0.925000000000001, 10, 1, 6, 174, 0.471650777722027
0.924999999999997, 10, 1, 6, 174, 0.471650777722027
0.921451029626649, 9, 3, 2, 29, 0.469515242378811
0.920000000000002, 12, 1, 7, 8, 0.259615384615385
0.920000000000002, 12, 1, 7, 8, 0.259615384615385
0.91923881554252, 9, 2, 3, 19, 0.244808306709265
0.91923881554252, 9, 2, 3, 19, 0.244808306709265
0.916881792938558, 11, 2, 5, 226, 0.714970930232558
0.914999999999999, 15, 1, 7, 8, 0.259615384615385
0.914999999999999, 15, 1, 7, 8, 0.259615384615385
0.900000000000006, 8, 1, 7, 7, 0.245879120879121
0.900000000000006, 10, 1, 7, 7, 0.245879120879121
0.899999999999991, 8, 1, 7, 7, 0.245879120879121
0.899999999999991, 10, 1, 7, 7, 0.245879120879121
0.89778129296617, 13, 5, 0, 221, 0.526826484018265
0.890000000000001, 14, 1, 5, 160, 0.493313953488372
0.890000000000001, 14, 1, 5, 160, 0.493313953488372
0.880000000000003, 17, 1, 7, 10, 0.409340659340659
0.880000000000003, 17, 1, 7, 10, 0.409340659340659
0.870000000000005, 11, 1, 0, 250, 0.660844748858447
0.869999999999999, 10, 1, 6, 293, 0.771073758153537
0.869999999999997, 11, 1, 0, 250, 0.660844748858447
0.866666666666671, 10, 1, 2, 62, 0.563718140929535
0.86571428571429, 15, 4, 0, 228, 0.544748858447489
0.855599205235723, 11, 2, 3, 123, 0.511980830670927
0.855599205235723, 11, 2, 3, 123, 0.511980830670927
0.844992603517929, 13, 2, 3, 112, 0.480431309904153
0.844992603517919, 13, 2, 3, 112, 0.480431309904153
0.835800215362501, 14, 2, 2, 29, 0.469515242378811
0.835714514651983, 11, 3, 0, 85, 0.181849315068493
0.83, 15, 1, 6, 242, 0.591445057701957
0.829999999999998, 18, 1, 7, 10, 0.409340659340659
0.829999999999998, 18, 1, 7, 10, 0.409340659340659
0.829999999999998, 15, 1, 6, 242, 0.591445057701957
0.813172798364524, 15, 2, 4, 26, 0.197204968944099
0.808999999999998, 6, 4, 1, 141, 0.524485253199777
0.800000000000004, 8, 1, 7, 7, 0.245879120879121
0.799999999999997, 8, 1, 7, 7, 0.245879120879121
0.795000000000002, 9, 1, 4, 23, 0.187888198757764
0.794999999999998, 9, 1, 4, 23, 0.187888198757764
0.78724554972103, 13, 2, 6, 276, 0.7019568489714
0.775, 12, 1, 4, 14, 0.141304347826087
0.775, 12, 1, 4, 14, 0.141304347826087
0.766721157483812, 14, 3, 6, 149, 0.440667335674862
0.758018469431978, 12, 2, 5, 132, 0.42718023255814
0.755000000000003, 13, 1, 3, 37, 0.299920127795527
0.755000000000003, 13, 1, 3, 37, 0.299920127795527
0.750000000000007, 8, 1, 7, 7, 0.245879120879121
0.75, 16, 1, 3, 176, 0.703274760383387
0.75, 14, 1, 7, 2, 0.010989010989011
0.75, 14, 1, 7, 2, 0.010989010989011
0.75, 8, 1, 7, 7, 0.245879120879121
0.745000000000001, 17, 1, 6, 229, 0.56823883592574
0.742462120245873, 15, 2, 5, 226, 0.714970930232558
0.724574587832983, 10, 3, 5, 123, 0.409302325581395
0.718891894206323, 14, 2, 1, 146, 0.536310517529215
0.71653487160237, 14, 2, 7, 5, 0.112637362637363
0.706666666666663, 11, 1, 6, 220, 0.548168590065228
0.700000000000003, 9, 1, 7, 7, 0.245879120879121
0.700000000000003, 9, 1, 7, 7, 0.245879120879121
0.699999999999989, 9, 4, 5, 114, 0.392005813953488
0.693333333333335, 11, 1, 2, 116, 0.730634682658671
0.689999999999998, 9, 1, 5, 68, 0.241133720930233
0.689999999999998, 9, 1, 5, 68, 0.241133720930233
0.686666666666667, 16, 1, 6, 127, 0.411063723030607
0.683333333333334, 14, 1, 5, 246, 0.759738372093023
0.682428018182147, 14, 3, 2, 29, 0.469515242378811
0.679829941970775, 10, 3, 5, 176, 0.540406976744186
0.675000000000001, 10, 1, 0, 130, 0.336872146118721
0.674999999999999, 10, 1, 0, 130, 0.336872146118721
0.671751442127232, 14, 2, 0, 264, 0.844748858447489
0.669999999999995, 14, 1, 1, 102, 0.43544796883695
0.657609306503489, 14, 2, 5, 264, 0.832558139534884
0.657609306503489, 14, 2, 5, 264, 0.832558139534884
0.653333333333336, 9, 1, 7, 11, 0.615384615384615
0.650000000000006, 10, 1, 7, 8, 0.259615384615385
0.649999999999999, 10, 1, 7, 8, 0.259615384615385
0.649999999999999, 14, 1, 6, 157, 0.45471650777722
0.649999999999999, 14, 1, 6, 157, 0.45471650777722
0.640000000000001, 12, 1, 0, 111, 0.269063926940639
0.636396103067897, 10, 2, 7, 7, 0.245879120879121
0.636396103067897, 10, 2, 7, 7, 0.245879120879121
0.618919488571278, 12, 3, 5, 132, 0.42718023255814
0.617154761789942, 15, 5, 7, 2, 0.010989010989011
0.615182899632297, 10, 2, 6, 293, 0.771073758153537
0.612825877028336, 10, 2, 2, 62, 0.563718140929535
0.607500000000009, 14, 1, 6, 234, 0.578273958855996
0.600000000000009, 8, 1, 6, 121, 0.404039136979428
0.599999999999994, 8, 1, 6, 121, 0.404039136979428
0.590000000000003, 17, 1, 7, 13, 0.993131868131868
0.59, 16, 1, 5, 212, 0.648691860465116
0.59, 16, 1, 5, 212, 0.648691860465116
0.59, 12, 1, 0, 80, 0.161415525114155
0.589999999999996, 17, 1, 7, 13, 0.993131868131868
0.585000000000001, 14, 1, 5, 237, 0.740697674418604
0.584999999999994, 14, 1, 5, 237, 0.740697674418604
0.580000000000002, 15, 1, 1, 103, 0.439343350027824
0.579999999999998, 15, 1, 1, 103, 0.439343350027824
0.577500000000001, 8, 1, 5, 227, 0.715697674418605
0.566666666666665, 18, 1, 5, 237, 0.740697674418604
0.565803263805836, 8, 3, 7, 10, 0.409340659340659
0.565000000000005, 12, 1, 6, 78, 0.304064224786754
0.564999999999998, 12, 1, 6, 78, 0.304064224786754
0.561, 13, 4, 5, 264, 0.832558139534884
0.559499999999996, 9, 1, 7, 5, 0.112637362637363
0.556666666666668, 13, 1, 5, 157, 0.484593023255814
0.551543289325498, 13, 2, 7, 11, 0.615384615384615
0.550000000000004, 16, 1, 0, 112, 0.273059360730594
0.550000000000004, 11, 1, 6, 291, 0.762418464626192
0.549999999999997, 16, 1, 0, 112, 0.273059360730594
0.545000000000002, 15, 1, 3, 124, 0.514376996805112
0.544999999999995, 15, 1, 3, 124, 0.514376996805112
0.539999999999999, 12, 1, 5, 238, 0.741860465116279
0.539999999999999, 12, 1, 5, 238, 0.741860465116279
0.535764640490581, 14, 7, 3, 143, 0.559904153354633
0.515000000000001, 12, 1, 7, 3, 0.0260989010989011
0.515000000000001, 12, 1, 7, 3, 0.0260989010989011
0.512652416360253, 14, 2, 3, 26, 0.275159744408946
0.512652416360243, 14, 2, 3, 26, 0.275159744408946
0.505000000000003, 17, 1, 6, 265, 0.66783743100853
0.504999999999999, 17, 1, 6, 265, 0.66783743100853
0.499688792038496, 11, 2, 6, 220, 0.548168590065228
0.496666666666663, 17, 1, 4, 35, 0.231366459627329
0.490260701622669, 11, 2, 2, 116, 0.730634682658671
0.485546656414763, 16, 2, 6, 127, 0.411063723030607
0.483189633810805, 14, 2, 5, 246, 0.759738372093023
0.466666666666669, 9, 1, 5, 225, 0.710610465116279
0.461976430375213, 9, 2, 7, 11, 0.615384615384615
0.460000000000001, 11, 1, 5, 24, 0.103924418604651
0.459999999999994, 11, 1, 5, 24, 0.103924418604651
0.452548339959391, 12, 2, 0, 111, 0.269063926940639
0.450333209967905, 13, 3, 7, 11, 0.615384615384615
0.440000000000001, 9, 1, 6, 171, 0.468765679879579
0.440000000000001, 9, 1, 6, 171, 0.468765679879579
0.430125950546271, 17, 3, 6, 229, 0.56823883592574
0.43, 12, 1, 1, 99, 0.423205342237062
0.43, 12, 1, 1, 99, 0.423205342237062
0.414999999999999, 16, 1, 5, 248, 0.770058139534884
0.414999999999999, 16, 1, 5, 248, 0.770058139534884
0.400693842672379, 18, 2, 5, 237, 0.740697674418604
0.39362277486051, 13, 2, 5, 157, 0.484593023255814
0.390000000000001, 14, 1, 7, 13, 0.993131868131868
0.390000000000001, 14, 1, 0, 264, 0.844748858447489
0.389999999999993, 14, 1, 7, 13, 0.993131868131868
0.389999999999993, 14, 1, 0, 264, 0.844748858447489
0.388908729652594, 11, 2, 6, 291, 0.762418464626192
0.386824680357054, 14, 3, 1, 102, 0.43544796883695
0.375, 16, 4, 3, 176, 0.703274760383387
0.370000000000005, 12, 1, 3, 143, 0.559904153354633
0.369999999999997, 12, 1, 3, 143, 0.559904153354633
0.355, 12, 1, 5, 198, 0.596947674418605
0.354999999999997, 12, 1, 5, 198, 0.596947674418605
0.351196367989321, 17, 2, 4, 35, 0.231366459627329
0.350740288532686, 14, 3, 6, 234, 0.578273958855996
0.350000000000001, 18, 1, 6, 127, 0.411063723030607
0.345000000000006, 15, 1, 7, 13, 0.993131868131868
0.345000000000002, 12, 1, 6, 201, 0.516181635725038
0.345000000000001, 14, 1, 5, 202, 0.607267441860465
0.344999999999999, 15, 1, 7, 13, 0.993131868131868
0.344999999999999, 14, 1, 5, 202, 0.607267441860465
0.344999999999999, 12, 1, 6, 201, 0.516181635725038
0.344999999999999, 13, 1, 7, 10, 0.409340659340659
0.344999999999999, 13, 1, 7, 10, 0.409340659340659
0.340636658821883, 12, 3, 0, 80, 0.161415525114155
0.340000000000003, 14, 1, 5, 212, 0.648691860465116
0.34, 15, 1, 6, 216, 0.53549924736578
0.34, 15, 1, 6, 216, 0.53549924736578
0.34, 14, 1, 6, 219, 0.546287004515805
0.34, 14, 1, 6, 219, 0.546287004515805
0.34, 9, 1, 6, 295, 0.776969392875063
0.34, 9, 1, 6, 295, 0.776969392875063
0.339999999999996, 14, 1, 5, 212, 0.648691860465116
0.333419780457004, 8, 3, 5, 227, 0.715697674418605
0.333333333333329, 7, 1, 4, 94, 0.489130434782609
0.329983164553713, 9, 2, 5, 225, 0.710610465116279
0.322500000000005, 17, 1, 5, 118, 0.401453488372093
0.320000000000007, 15, 1, 4, 51, 0.28416149068323
0.315000000000005, 15, 1, 4, 26, 0.197204968944099
0.314999999999998, 15, 1, 4, 26, 0.197204968944099
0.309999999999999, 15, 1, 6, 140, 0.423858504766683
0.309999999999999, 15, 1, 6, 140, 0.423858504766683
0.299999999999997, 9, 1, 4, 69, 0.343167701863354
0.299999999999997, 9, 1, 4, 69, 0.343167701863354
0.295000000000002, 13, 1, 7, 13, 0.993131868131868
0.295000000000002, 13, 1, 7, 13, 0.993131868131868
0.295000000000002, 15, 1, 6, 176, 0.474034119417963
0.294999999999998, 15, 1, 6, 176, 0.474034119417963
0.293333333333333, 7, 1, 4, 91, 0.454968944099379
0.290000000000001, 12, 1, 0, 134, 0.342237442922374
0.289999999999999, 16, 1, 1, 12, 0.0890372843628269
0.289999999999999, 12, 1, 0, 134, 0.342237442922374
0.280000000000001, 9, 1, 4, 52, 0.288819875776397
0.279999999999994, 9, 1, 4, 52, 0.288819875776397
0.247487373415288, 18, 2, 6, 127, 0.411063723030607
0.245, 10, 1, 5, 260, 0.817151162790698
0.245, 10, 1, 5, 260, 0.817151162790698
0.243333333333332, 11, 1, 0, 182, 0.447260273972603
0.240000000000002, 17, 1, 6, 100, 0.361264425489212
0.240000000000002, 17, 1, 6, 100, 0.361264425489212
0.240000000000002, 9, 1, 6, 28, 0.168088309081786
0.24, 13, 1, 6, 113, 0.388986452584044
0.24, 13, 1, 6, 113, 0.388986452584044
0.239999999999995, 9, 1, 6, 28, 0.168088309081786
0.235702260395523, 7, 2, 4, 94, 0.489130434782609
0.235000000000007, 17, 1, 5, 238, 0.741860465116279
0.234999999999999, 17, 1, 5, 238, 0.741860465116279
0.22627416997969, 15, 2, 4, 51, 0.28416149068323
0.215000000000003, 14, 1, 7, 6, 0.197802197802198
0.214999999999996, 14, 1, 7, 6, 0.197802197802198
0.210000000000001, 12, 1, 6, 186, 0.489588559959859
0.209999999999999, 12, 1, 6, 186, 0.489588559959859
0.207417989148054, 7, 2, 4, 91, 0.454968944099379
0.20207259421637, 6, 3, 6, 251, 0.630958354239839
0.20207259421637, 6, 3, 6, 251, 0.630958354239839
0.200000000000003, 12, 1, 0, 96, 0.216095890410959
0.200000000000003, 12, 1, 0, 96, 0.216095890410959
0.200000000000003, 8, 1, 7, 7, 0.245879120879121
0.200000000000003, 8, 1, 7, 7, 0.245879120879121
0.199999999999999, 15, 1, 6, 289, 0.753888610135474
0.199999999999999, 15, 1, 6, 289, 0.753888610135474
0.195, 15, 1, 6, 289, 0.753888610135474
0.195, 15, 1, 6, 289, 0.753888610135474
0.186195461813645, 17, 3, 5, 118, 0.401453488372093
0.172062650088731, 11, 2, 0, 182, 0.447260273972603
0.170000000000002, 11, 1, 4, 8, 0.100931677018634
0.170000000000002, 11, 1, 4, 8, 0.100931677018634
0.167431578064987, 16, 3, 1, 12, 0.0890372843628269
0.164999999999999, 14, 1, 4, 26, 0.197204968944099
0.164999999999999, 14, 1, 4, 26, 0.197204968944099
0.155, 12, 1, 6, 215, 0.533241344706473
0.155, 12, 1, 6, 215, 0.533241344706473
0.150000000000006, 12, 1, 4, 109, 0.801242236024845
0.15, 13, 1, 5, 270, 0.875
0.15, 13, 1, 5, 270, 0.875
0.149999999999999, 12, 1, 4, 109, 0.801242236024845
0.145, 15, 1, 6, 234, 0.578273958855996
0.145, 15, 1, 6, 234, 0.578273958855996
0.143333333333331, 15, 1, 0, 265, 0.857305936073059
0.140000000000001, 10, 1, 5, 263, 0.828779069767442
0.140000000000001, 10, 1, 5, 263, 0.828779069767442
0.135000000000002, 15, 1, 1, 133, 0.503478018920423
0.135, 11, 1, 3, 67, 0.386182108626198
0.135, 11, 1, 3, 67, 0.386182108626198
0.134999999999998, 15, 1, 1, 133, 0.503478018920423
0.134999999999998, 14, 1, 6, 219, 0.546287004515805
0.134999999999998, 14, 1, 6, 219, 0.546287004515805
0.130000000000003, 12, 1, 6, 295, 0.776969392875063
0.130000000000001, 10, 1, 3, 173, 0.651357827476038
0.129999999999999, 10, 1, 3, 173, 0.651357827476038
0.129999999999995, 12, 1, 6, 295, 0.776969392875063
0.128358103100581, 9, 19, 7, 5, 0.112637362637363
0.120000000000001, 10, 1, 5, 111, 0.385174418604651
0.120000000000001, 8, 1, 0, 125, 0.310616438356164
0.119999999999997, 10, 1, 5, 111, 0.385174418604651
0.119999999999997, 8, 1, 0, 125, 0.310616438356164
0.115000000000002, 14, 1, 3, 173, 0.651357827476038
0.114999999999998, 14, 1, 3, 173, 0.651357827476038
0.109999999999999, 10, 1, 7, 3, 0.0260989010989011
0.109999999999999, 10, 1, 7, 3, 0.0260989010989011
0.105, 8, 1, 5, 201, 0.600436046511628
0.104999999999999, 8, 1, 5, 201, 0.600436046511628
0.10135197197007, 15, 2, 0, 265, 0.857305936073059
0.100000000000001, 9, 1, 5, 130, 0.423401162790698
0.100000000000001, 8, 1, 6, 158, 0.456472654290015
0.0999999999999996, 7, 1, 4, 98, 0.53416149068323
0.0999999999999979, 8, 1, 6, 158, 0.456472654290015
0.0999999999999943, 9, 1, 5, 130, 0.423401162790698
0.0949999999999989, 16, 1, 7, 10, 0.409340659340659
0.0949999999999989, 16, 1, 7, 10, 0.409340659340659
0.0949999999999989, 8, 1, 3, 86, 0.430511182108626
0.0949999999999989, 8, 1, 3, 86, 0.430511182108626
0.0850000000000009, 12, 1, 5, 137, 0.438953488372093
0.0850000000000009, 12, 1, 5, 137, 0.438953488372093
0.0850000000000009, 14, 1, 6, 157, 0.45471650777722
0.0850000000000009, 14, 1, 6, 157, 0.45471650777722
0.0749999999999993, 16, 1, 6, 245, 0.607375815353738
0.0749999999999993, 16, 1, 6, 245, 0.607375815353738
0.0707106781186558, 7, 2, 4, 98, 0.53416149068323
0.0650000000000048, 16, 1, 6, 233, 0.574761665830406
0.0650000000000013, 12, 1, 5, 209, 0.643604651162791
0.0649999999999977, 16, 1, 6, 233, 0.574761665830406
0.0649999999999977, 12, 1, 5, 209, 0.643604651162791
0.0600000000000005, 9, 1, 2, 131, 0.828835582208896
0.0565685424949276, 11, 2, 5, 97, 0.349709302325581
0.0565685424949226, 11, 2, 5, 97, 0.349709302325581
0.0549999999999997, 18, 1, 5, 242, 0.75014534883721
0.0549999999999997, 18, 1, 5, 242, 0.75014534883721
0.0533333333333346, 15, 1, 2, 16, 0.430034982508746
0.0500000000000043, 10, 1, 6, 288, 0.751003512293026
0.0500000000000043, 9, 1, 5, 65, 0.234883720930233
0.0499999999999972, 10, 1, 6, 288, 0.751003512293026
0.0499999999999972, 9, 1, 5, 65, 0.234883720930233
0.0494974746830636, 8, 2, 4, 77, 0.368012422360248
0.0494974746830535, 8, 2, 4, 77, 0.368012422360248
0.0424264068711919, 9, 2, 2, 131, 0.828835582208896
0.0377123616632784, 15, 2, 2, 16, 0.430034982508746
0.0350000000000037, 16, 1, 5, 157, 0.484593023255814
0.0350000000000001, 10, 1, 6, 101, 0.364149523331661
0.0350000000000001, 10, 1, 6, 101, 0.364149523331661
0.0349999999999966, 16, 1, 5, 157, 0.484593023255814
0.0300000000000011, 19, 1, 6, 215, 0.533241344706473
0.0300000000000011, 15, 1, 5, 255, 0.797529069767442
0.0299999999999994, 19, 1, 6, 215, 0.533241344706473
0.029999999999994, 15, 1, 5, 255, 0.797529069767442
0.0250000000000004, 13, 1, 1, 154, 0.582081246521981
0.0250000000000004, 13, 1, 1, 154, 0.582081246521981
0.0249999999999986, 16, 1, 6, 82, 0.317360762669343
0.0249999999999986, 16, 1, 6, 82, 0.317360762669343
0.0249999999999986, 9, 1, 0, 243, 0.636301369863014
0.0249999999999986, 9, 1, 0, 243, 0.636301369863014
0.0150000000000006, 14, 1, 6, 289, 0.753888610135474
0.0150000000000006, 14, 1, 6, 289, 0.753888610135474
0.0150000000000006, 10, 1, 4, 75, 0.361801242236025
0.0149999999999935, 10, 1, 4, 75, 0.361801242236025
0.00999999999999801, 17, 1, 0, 125, 0.310616438356164
0.00999999999999801, 17, 1, 0, 125, 0.310616438356164
0.00500000000000256, 9, 1, 5, 49, 0.19171511627907
0.00500000000000256, 9, 1, 5, 49, 0.19171511627907
0.00500000000000256, 19, 1, 6, 91, 0.341695935775213
0.00500000000000256, 19, 1, 6, 91, 0.341695935775213
0.00500000000000256, 12, 1, 0, 224, 0.534817351598174
0.00500000000000256, 16, 1, 1, 75, 0.372426265998887
0.00500000000000256, 12, 1, 5, 94, 0.336627906976744
0.00500000000000256, 12, 1, 5, 94, 0.336627906976744
0.00500000000000256, 10, 1, 6, 45, 0.23607626693427
0.00500000000000256, 8, 1, 4, 96, 0.498447204968944
0.00500000000000256, 14, 1, 6, 166, 0.466256899147015
0.00500000000000256, 14, 1, 6, 166, 0.466256899147015
0.00500000000000256, 13, 1, 5, 138, 0.442151162790698
0.00499999999999901, 9, 1, 5, 115, 0.392732558139535
0.00499999999999901, 9, 1, 5, 115, 0.392732558139535
0.00499999999999901, 8, 1, 4, 96, 0.498447204968944
0.00499999999999901, 12, 1, 6, 105, 0.376567987957853
0.00499999999999901, 12, 1, 6, 105, 0.376567987957853
0.00499999999999545, 12, 1, 0, 224, 0.534817351598174
0.00499999999999545, 16, 1, 1, 75, 0.372426265998887
0.00499999999999545, 10, 1, 6, 45, 0.23607626693427
0.00499999999999545, 13, 1, 5, 138, 0.442151162790698
