norm, level, Npoints, dimSplit, MainGridIndexSplit
931.848170079371, 0, 659, -1, -1, -1
169.457869357225, 1, 167, 0, 231, 0.571917808219178
131.709148570865, 3, 50, 7, 3, 0.0260989010989011
98.7273376727605, 1, 492, 0, 231, 0.571917808219178
89.122707754117, 5, 44, 7, 3, 0.0260989010989011
77.1540542123361, 5, 50, 0, 130, 0.336872146118721
67.038191530225, 3, 193, 7, 3, 0.0260989010989011
66.7193338024502, 4, 51, 7, 5, 0.112637362637363
66.5954503218607, 6, 7, 7, 4, 0.0549450549450549
64.5705826634599, 3, 54, 3, 44, 0.321485623003195
62.6936394442916, 2, 59, 4, 2, 0.0559006211180124
58.7593072632451, 5, 19, 7, 4, 0.0549450549450549
58.1058288991096, 4, 18, 0, 70, 0.14337899543379
56.8787233917392, 5, 92, 0, 130, 0.336872146118721
51.4518774648052, 3, 17, 7, 3, 0.0260989010989011
51.2612144082347, 5, 133, 7, 3, 0.0260989010989011
51.0546494182677, 4, 5, 3, 120, 0.502396166134185
47.6135016967513, 2, 243, 1, 2, 0.0342237061769616
47.036347013356, 2, 249, 1, 2, 0.0342237061769616
46.3380346515211, 2, 108, 4, 2, 0.0559006211180124
45.4933533790011, 6, 15, 7, 4, 0.0549450549450549
45.2770870622881, 5, 32, 7, 4, 0.0549450549450549
42.0557365205506, 3, 35, 2, 12, 0.393303348325837
42.0202, 4, 9, 4, 45, 0.265527950310559
39.9845872291007, 4, 142, 7, 5, 0.112637362637363
39.9656610044173, 6, 7, 3, 55, 0.35982428115016
38.0356766740047, 5, 14, 0, 81, 0.162671232876712
37.5664559190966, 5, 7, 7, 4, 0.0549450549450549
37.0453592724028, 4, 3, 0, 91, 0.201255707762557
36.4786666666667, 7, 9, 7, 4, 0.0549450549450549
34.5201515087374, 6, 57, 7, 5, 0.112637362637363
33.9792884017893, 3, 195, 3, 44, 0.321485623003195
32.7341480389496, 3, 42, 7, 3, 0.0260989010989011
31.6439639639639, 6, 9, 4, 45, 0.265527950310559
30.9606201550387, 7, 9, 0, 207, 0.497488584474886
29.8953281490541, 6, 76, 7, 5, 0.112637362637363
29.7104735625299, 4, 11, 5, 204, 0.615406976744186
29.1204334652767, 3, 73, 2, 12, 0.393303348325837
28.9496959447048, 7, 2, 0, 270, 0.914497716894977
28.3348808479349, 5, 6, 7, 4, 0.0549450549450549
27.5662422765599, 5, 13, 7, 4, 0.0549450549450549
27.5008385284237, 4, 8, 0, 252, 0.676940639269406
26.8095086607453, 5, 22, 5, 127, 0.41671511627907
25.9280392156863, 4, 9, 0, 252, 0.676940639269406
25.7054761904762, 8, 4, 0, 271, 0.932648401826484
25.2537604478819, 7, 32, 0, 174, 0.429908675799087
24.332255687315, 7, 15, 3, 146, 0.568290734824281
24.13, 7, 4, 7, 4, 0.0549450549450549
23.880893035866, 7, 21, 7, 4, 0.0549450549450549
23.4830162032052, 7, 2, 6, 174, 0.471650777722027
23.3966836415786, 5, 37, 0, 81, 0.162671232876712
23.1353333333333, 5, 9, 7, 4, 0.0549450549450549
22.8833333333333, 5, 1, 0, 161, 0.399885844748858
22.7937381143106, 7, 28, 2, 69, 0.591954022988506
22.0866826450533, 6, 28, 1, 138, 0.515720645520312
21.7783225747152, 5, 17, 7, 6, 0.197802197802198
21.5364792726455, 7, 44, 0, 174, 0.429908675799087
21.2069180419859, 8, 2, 6, 26, 0.16294530858003
20.4308105794718, 6, 2, 0, 274, 0.962328767123288
20.1021875, 7, 36, 2, 69, 0.591954022988506
20.0786213182852, 5, 20, 7, 6, 0.197802197802198
20.0048365139687, 5, 2, 3, 126, 0.519568690095847
19.8824637569601, 5, 40, 5, 127, 0.41671511627907
19.702062497786, 7, 6, 7, 4, 0.0549450549450549
19.6873581279348, 4, 41, 4, 45, 0.265527950310559
19.367769663543, 6, 11, 7, 5, 0.112637362637363
19.26, 7, 1, 7, 2, 0.010989010989011
19.1668412970453, 4, 15, 0, 251, 0.668949771689498
18.7680623890918, 4, 37, 3, 120, 0.502396166134185
18.7536216041911, 5, 18, 0, 93, 0.203995433789954
18.5297397753163, 4, 177, 0, 70, 0.14337899543379
18.0635714285714, 6, 4, 7, 6, 0.197802197802198
17.9404412453439, 6, 28, 4, 45, 0.265527950310559
17.8210157538789, 6, 10, 6, 288, 0.751003512293026
17.6516666666667, 8, 1, 4, 53, 0.293478260869565
17.5757629641397, 8, 8, 3, 92, 0.446884984025559
16.7978048780488, 9, 1, 5, 88, 0.321511627906977
16.598971473546, 4, 20, 0, 251, 0.668949771689498
16.5904239258641, 5, 23, 0, 93, 0.203995433789954
16.4442857142857, 7, 1, 3, 14, 0.193690095846645
16.2349715506372, 8, 5, 0, 136, 0.342922374429224
16.1250768281133, 6, 43, 3, 55, 0.35982428115016
15.9291076551714, 7, 34, 0, 207, 0.497488584474886
15.8629610779255, 5, 3, 3, 134, 0.541932907348243
15.8349492578915, 9, 2, 1, 64, 0.343210907067334
15.6800960978823, 8, 21, 2, 33, 0.476261869065467
15.5758605349739, 7, 3, 0, 136, 0.342922374429224
15.27, 9, 1, 4, 61, 0.31832298136646
15.0875, 7, 1, 5, 241, 0.748982558139535
14.9828506117106, 8, 23, 2, 33, 0.476261869065467
14.8765, 6, 1, 5, 110, 0.379796511627907
14.8519635065536, 7, 5, 6, 174, 0.471650777722027
14.6089673913044, 6, 64, 1, 138, 0.515720645520312
14.5413040635592, 7, 42, 3, 146, 0.568290734824281
14.4755555555555, 7, 1, 2, 123, 0.794352823588206
14.4747972230619, 6, 18, 0, 179, 0.444063926940639
14.2716477589261, 9, 7, 2, 25, 0.453023488255872
14.2352631578947, 6, 4, 6, 291, 0.762418464626192
14.2273540085053, 8, 12, 4, 17, 0.16304347826087
14.1294444444444, 6, 4, 7, 2, 0.010989010989011
14.0173625654904, 6, 21, 7, 5, 0.112637362637363
13.8671496532695, 8, 2, 0, 263, 0.817351598173516
13.6908993833833, 6, 3, 0, 173, 0.428310502283105
13.5177762799787, 8, 5, 5, 247, 0.765697674418605
13.2883041854482, 5, 2, 6, 138, 0.422227797290517
13.1610249648346, 6, 2, 0, 213, 0.504794520547945
12.9291819282325, 9, 3, 1, 64, 0.343210907067334
12.7866588903525, 6, 3, 7, 2, 0.010989010989011
12.754244796668, 11, 3, 0, 223, 0.531963470319635
12.6896857723113, 7, 5, 5, 161, 0.495348837209302
12.6896857723113, 7, 5, 5, 161, 0.495348837209302
12.6377593048338, 6, 5, 7, 2, 0.010989010989011
12.5144011445444, 4, 62, 5, 204, 0.615406976744186
12.5116666666667, 6, 1, 5, 116, 0.395639534883721
12.4846222209564, 7, 3, 7, 5, 0.112637362637363
12.4689874694274, 8, 17, 0, 271, 0.932648401826484
12.2177357834772, 9, 3, 6, 99, 0.358253888610135
12.1724718414199, 7, 7, 4, 76, 0.364906832298137
12.1516300346908, 9, 2, 5, 40, 0.155523255813953
12.1516300346908, 9, 2, 5, 40, 0.155523255813953
12.122, 8, 1, 0, 161, 0.399885844748858
12.0437592899292, 6, 26, 0, 179, 0.444063926940639
12.0253813211211, 9, 3, 7, 2, 0.010989010989011
11.8699264789974, 10, 6, 0, 148, 0.368150684931507
11.8209647297865, 7, 14, 0, 63, 0.131164383561644
11.8209647297865, 7, 14, 0, 63, 0.131164383561644
11.4735714285714, 8, 1, 5, 283, 0.984447674418605
11.4244056782854, 6, 10, 7, 6, 0.197802197802198
11.3863047951866, 7, 8, 4, 76, 0.364906832298137
11.3718181818182, 8, 1, 0, 186, 0.451826484018265
11.3355745060723, 8, 7, 6, 26, 0.16294530858003
11.3137558750399, 7, 3, 6, 52, 0.249247365780231
11.2475049316504, 6, 3, 5, 282, 0.962645348837209
11.128, 10, 1, 5, 209, 0.643604651162791
11.0868951879936, 8, 11, 3, 118, 0.496006389776358
11.0735714285714, 6, 4, 7, 2, 0.010989010989011
11.051, 10, 1, 6, 9, 0.091570496738585
11.0204610271077, 8, 20, 4, 17, 0.16304347826087
10.8194122092484, 9, 5, 0, 263, 0.817351598173516
10.804175671365, 9, 8, 2, 91, 0.641179410294853
10.7206001075811, 6, 6, 3, 59, 0.368610223642173
10.6930349019566, 5, 7, 3, 126, 0.519568690095847
10.6820264411248, 6, 2, 0, 250, 0.660844748858447
10.6537421698773, 7, 2, 4, 44, 0.262422360248447
10.5523133485887, 9, 3, 6, 140, 0.423858504766683
10.4529266236782, 8, 3, 0, 110, 0.266095890410959
10.4142857142857, 9, 4, 7, 2, 0.010989010989011
10.298, 8, 1, 4, 23, 0.187888198757764
10.2889682427345, 6, 30, 6, 288, 0.751003512293026
10.2648334402247, 9, 2, 0, 101, 0.249657534246575
10.255, 11, 1, 7, 3, 0.0260989010989011
10.255, 11, 1, 7, 3, 0.0260989010989011
10.2325712709375, 10, 3, 3, 100, 0.462859424920128
10.1862745098039, 9, 9, 2, 91, 0.641179410294853
9.93601899928372, 8, 7, 3, 126, 0.519568690095847
9.9296637896454, 7, 17, 0, 270, 0.914497716894977
9.9253470612223, 6, 7, 3, 59, 0.368610223642173
9.74927916501648, 8, 26, 3, 92, 0.446884984025559
9.71404011263682, 5, 8, 3, 134, 0.541932907348243
9.63000000000001, 7, 4, 7, 2, 0.010989010989011
9.53822765386, 7, 8, 0, 136, 0.342922374429224
9.50153585866355, 7, 3, 7, 2, 0.010989010989011
9.43500000000001, 8, 4, 7, 3, 0.0260989010989011
9.435, 8, 4, 7, 3, 0.0260989010989011
9.375, 11, 1, 7, 3, 0.0260989010989011
9.375, 11, 1, 7, 3, 0.0260989010989011
9.374, 5, 1, 7, 4, 0.0549450549450549
9.37326519504632, 8, 15, 0, 136, 0.342922374429224
9.35, 9, 1, 7, 3, 0.0260989010989011
9.35, 9, 1, 7, 3, 0.0260989010989011
9.29678270962595, 9, 3, 3, 68, 0.388178913738019
9.28587361548565, 6, 6, 0, 5, 0.069634703196347
9.20535177974688, 9, 2, 5, 187, 0.581104651162791
9.13857142857141, 9, 4, 6, 140, 0.423858504766683
8.98481936582769, 4, 51, 0, 91, 0.201255707762557
8.93593879138243, 10, 3, 3, 79, 0.416134185303514
8.91829479218418, 8, 17, 3, 118, 0.496006389776358
8.71227985733355, 6, 5, 5, 282, 0.962645348837209
8.71077218639848, 7, 3, 5, 241, 0.748982558139535
8.66256163731095, 9, 19, 2, 25, 0.453023488255872
8.64, 10, 1, 0, 199, 0.482077625570776
8.62538461538462, 8, 1, 0, 83, 0.168721461187215
8.59134739141655, 8, 2, 4, 109, 0.801242236024845
8.59134739141655, 8, 2, 4, 109, 0.801242236024845
8.46239926084797, 10, 5, 2, 62, 0.563718140929535
8.34961317324684, 11, 7, 0, 223, 0.531963470319635
8.34846153846154, 11, 4, 6, 132, 0.415830406422479
8.34689047563491, 8, 2, 1, 170, 0.67056204785754
8.31306991958383, 8, 10, 3, 126, 0.519568690095847
8.22857142857144, 7, 4, 7, 2, 0.010989010989011
8.18750000000001, 11, 4, 5, 165, 0.502761627906977
8.1875, 11, 4, 5, 165, 0.502761627906977
8.09680214652674, 8, 5, 0, 110, 0.266095890410959
8.09048008807607, 5, 8, 0, 161, 0.399885844748858
8.0640270894922, 10, 13, 0, 148, 0.368150684931507
7.99508575402539, 11, 3, 5, 239, 0.744186046511628
7.98773533002185, 9, 2, 3, 191, 0.882987220447284
7.87136583861333, 11, 5, 7, 4, 0.0549450549450549
7.80645886429949, 9, 2, 0, 250, 0.660844748858447
7.74517627659665, 9, 2, 5, 274, 0.904941860465116
7.715, 10, 1, 7, 4, 0.0549450549450549
7.715, 10, 1, 7, 4, 0.0549450549450549
7.71, 9, 1, 1, 29, 0.263912075681692
7.69606348708734, 9, 6, 0, 193, 0.466095890410959
7.67200599854215, 5, 6, 6, 138, 0.422227797290517
7.66, 11, 1, 7, 4, 0.0549450549450549
7.66, 11, 1, 7, 4, 0.0549450549450549
7.64415810022427, 11, 5, 4, 26, 0.197204968944099
7.61958064355733, 7, 2, 2, 135, 0.86431784107946
7.59852130625864, 6, 6, 0, 213, 0.504794520547945
7.58159890788217, 9, 8, 0, 117, 0.294292237442922
7.55333333333333, 6, 4, 0, 250, 0.660844748858447
7.55100000000002, 7, 4, 3, 182, 0.738817891373802
7.53333333333333, 7, 4, 4, 44, 0.262422360248447
7.46027721499459, 6, 15, 0, 274, 0.962328767123288
7.42070248674785, 7, 7, 7, 2, 0.010989010989011
7.41230327623648, 8, 7, 0, 263, 0.817351598173516
7.35105828525417, 6, 15, 6, 291, 0.762418464626192
7.35, 7, 1, 6, 121, 0.404039136979428
7.34999999999999, 7, 1, 6, 121, 0.404039136979428
7.34094690001835, 10, 8, 5, 169, 0.513953488372093
7.3375, 10, 1, 5, 190, 0.586482558139535
7.33500000000001, 8, 1, 0, 274, 0.962328767123288
7.32934601895413, 10, 6, 5, 92, 0.331831395348837
7.31397507549477, 8, 5, 0, 257, 0.740296803652968
7.27444444444444, 12, 1, 3, 190, 0.821884984025559
7.27333333333333, 12, 1, 0, 229, 0.555936073059361
7.23552053465454, 10, 6, 3, 100, 0.462859424920128
7.22166666666667, 11, 1, 4, 77, 0.368012422360248
7.20125692153808, 9, 5, 3, 68, 0.388178913738019
7.19333333333334, 8, 1, 2, 37, 0.484007996001999
7.18554104697353, 11, 6, 7, 4, 0.0549450549450549
7.15203274051709, 10, 7, 2, 62, 0.563718140929535
7.15199999999999, 12, 1, 1, 181, 0.828464106844741
7.13, 9, 1, 3, 190, 0.821884984025559
7.13, 9, 1, 3, 190, 0.821884984025559
7.11692307692307, 11, 4, 6, 166, 0.466256899147015
7.10320902919213, 13, 2, 3, 156, 0.591453674121406
7.09333333333334, 8, 1, 4, 88, 0.419254658385093
7.05, 8, 1, 7, 2, 0.010989010989011
6.98390055036201, 9, 12, 0, 263, 0.817351598173516
6.9217484243506, 10, 5, 3, 79, 0.416134185303514
6.91142857142857, 8, 1, 2, 66, 0.583458270864568
6.68100000000001, 12, 4, 6, 175, 0.473406924234822
6.67671522313171, 8, 6, 0, 257, 0.740296803652968
6.66498648895549, 9, 8, 0, 193, 0.466095890410959
6.65617647058824, 7, 4, 0, 86, 0.182534246575342
6.57373604243094, 11, 2, 6, 298, 0.852609131961867
6.56594251506295, 10, 10, 5, 169, 0.513953488372093
6.56333333333334, 13, 1, 7, 11, 0.615384615384615
6.48373710860421, 7, 5, 3, 146, 0.568290734824281
6.47348111655915, 10, 19, 7, 8, 0.259615384615385
6.40234735077688, 9, 10, 0, 150, 0.373287671232877
6.388125, 12, 1, 5, 108, 0.378197674418605
6.307392488184, 12, 2, 5, 213, 0.653488372093023
6.307392488184, 12, 2, 5, 213, 0.653488372093023
6.28617928474841, 10, 2, 3, 154, 0.588258785942492
6.24231111047821, 7, 12, 7, 5, 0.112637362637363
6.23395139538319, 9, 6, 4, 61, 0.31832298136646
6.19034958625116, 9, 12, 0, 117, 0.294292237442922
6.15750876326151, 10, 21, 7, 8, 0.259615384615385
6.12275633887102, 6, 15, 0, 173, 0.428310502283105
6.10940258945177, 10, 2, 0, 199, 0.482077625570776
6.06100000000001, 8, 4, 0, 161, 0.399885844748858
6.04980358932319, 6, 2, 7, 2, 0.010989010989011
6.02, 9, 1, 7, 3, 0.0260989010989011
6.02, 9, 1, 7, 3, 0.0260989010989011
5.91967273187674, 7, 11, 7, 2, 0.010989010989011
5.87, 7, 1, 7, 1, 0.00274725274725275
5.85380686570173, 10, 3, 6, 51, 0.244355243351731
5.81312500000001, 12, 1, 5, 240, 0.747383720930232
5.79591858312573, 11, 2, 3, 159, 0.608226837060703
5.77061594055032, 8, 3, 7, 5, 0.112637362637363
5.77061594055032, 8, 3, 7, 5, 0.112637362637363
5.65687793751996, 7, 12, 6, 52, 0.249247365780231
5.64576394483806, 13, 3, 4, 39, 0.246894409937888
5.59538743569697, 6, 5, 5, 116, 0.395639534883721
5.575, 8, 1, 7, 4, 0.0549450549450549
5.56564102564101, 11, 9, 6, 132, 0.415830406422479
5.51663096685903, 6, 17, 0, 5, 0.069634703196347
5.49, 10, 1, 6, 279, 0.718013045659809
5.48999999999999, 10, 1, 6, 279, 0.718013045659809
5.42886959592932, 8, 31, 5, 247, 0.765697674418605
5.41884466939405, 9, 3, 6, 147, 0.438158554942298
5.36857225408555, 9, 2, 0, 99, 0.230022831050228
5.34213956220173, 10, 3, 1, 79, 0.380217028380634
5.32412122523404, 5, 8, 4, 69, 0.343167701863354
5.32111111111111, 14, 1, 3, 124, 0.514376996805112
5.31432298586819, 9, 12, 4, 39, 0.246894409937888
5.28309780800806, 11, 2, 6, 268, 0.683266432513798
5.2721881605269, 8, 2, 6, 298, 0.852609131961867
5.23736842105264, 11, 4, 2, 86, 0.629185407296352
5.22749472182105, 9, 15, 0, 150, 0.373287671232877
5.2125, 9, 1, 6, 159, 0.458981435022579
5.16055555555558, 11, 4, 0, 96, 0.216095890410959
5.14420183313214, 9, 2, 6, 195, 0.503135975915705
5.14420183313213, 9, 2, 6, 195, 0.503135975915705
5.14302332183015, 12, 2, 0, 229, 0.555936073059361
5.11788174738797, 7, 8, 2, 123, 0.794352823588206
5.114, 10, 1, 0, 120, 0.30365296803653
5.08645477933523, 8, 2, 2, 37, 0.484007996001999
5.06, 9, 1, 0, 94, 0.207191780821918
5.02328657354924, 10, 2, 6, 292, 0.768564977420973
5.01574410121657, 8, 2, 4, 88, 0.419254658385093
4.99688792038491, 8, 2, 4, 74, 0.358695652173913
4.99116372263247, 14, 2, 2, 35, 0.479510244877561
4.98510280736516, 8, 2, 7, 2, 0.010989010989011
4.97931010353652, 10, 13, 5, 92, 0.331831395348837
4.885, 14, 1, 7, 4, 0.0549450549450549
4.885, 14, 1, 7, 4, 0.0549450549450549
4.86000000000001, 11, 1, 6, 49, 0.239964877069744
4.81980295981369, 13, 7, 5, 198, 0.596947674418605
4.775, 7, 1, 0, 104, 0.252397260273973
4.77438498657157, 9, 2, 0, 105, 0.253538812785388
4.76333333333334, 10, 1, 6, 178, 0.47704465629704
4.76203879202911, 5, 10, 4, 69, 0.343167701863354
4.75333333333333, 7, 1, 1, 146, 0.536310517529215
4.74461538461539, 11, 9, 6, 166, 0.466256899147015
4.73190872177699, 9, 20, 6, 99, 0.358253888610135
4.72, 10, 1, 4, 107, 0.684782608695652
4.705, 7, 1, 5, 280, 0.940988372093023
4.705, 7, 1, 5, 280, 0.940988372093023
4.68700000000001, 5, 4, 7, 4, 0.0549450549450549
4.6826078916205, 10, 6, 5, 223, 0.700872093023256
4.6635467993792, 9, 3, 0, 76, 0.15
4.64833333333333, 11, 4, 6, 298, 0.852609131961867
4.6409775071877, 13, 2, 7, 11, 0.615384615384615
4.63833333333333, 12, 1, 3, 145, 0.567092651757188
4.63, 8, 1, 4, 90, 0.442546583850932
4.62642857142855, 10, 4, 1, 79, 0.380217028380634
4.6225, 11, 1, 1, 167, 0.661797440178075
4.61574120955453, 11, 5, 0, 96, 0.216095890410959
4.59269230769232, 8, 1, 2, 107, 0.699650174912544
4.55342432581338, 7, 11, 3, 182, 0.738817891373802
4.518, 12, 1, 4, 85, 0.395962732919255
4.50851283684541, 13, 8, 5, 198, 0.596947674418605
4.49822341473708, 8, 5, 7, 2, 0.010989010989011
4.46499999999999, 10, 1, 5, 136, 0.434447674418605
4.41436661969317, 13, 2, 7, 5, 0.112637362637363
4.40806930526279, 7, 3, 7, 2, 0.010989010989011
4.40806930526279, 7, 3, 7, 2, 0.010989010989011
4.39333333333333, 14, 1, 5, 184, 0.57296511627907
4.38285714285714, 12, 1, 6, 234, 0.578273958855996
4.375, 6, 1, 5, 228, 0.716860465116279
4.375, 6, 1, 5, 228, 0.716860465116279
4.3731899469952, 13, 5, 4, 39, 0.246894409937888
4.34729249073489, 9, 2, 5, 176, 0.540406976744186
4.33525250541586, 10, 7, 5, 223, 0.700872093023256
4.33, 8, 1, 4, 48, 0.274844720496894
4.33, 8, 1, 4, 48, 0.274844720496894
4.31518443020302, 10, 6, 3, 143, 0.559904153354633
4.30472360707784, 8, 3, 6, 298, 0.852609131961867
4.27321428571426, 11, 16, 4, 26, 0.197204968944099
4.27, 7, 1, 7, 2, 0.010989010989011
4.27, 7, 1, 7, 2, 0.010989010989011
4.26526810411727, 7, 2, 7, 5, 0.112637362637363
4.23630760017888, 10, 3, 5, 190, 0.586482558139535
4.23486422450589, 8, 3, 0, 274, 0.962328767123288
4.23333333333333, 13, 1, 0, 214, 0.507648401826484
4.22339565040618, 9, 19, 4, 39, 0.246894409937888
4.21671343847578, 11, 2, 3, 162, 0.620607028753994
4.186, 6, 4, 5, 148, 0.462790697674419
4.165, 7, 1, 7, 11, 0.615384615384615
4.165, 7, 1, 7, 11, 0.615384615384615
4.11675846726252, 9, 10, 5, 187, 0.581104651162791
4.1, 9, 1, 7, 2, 0.010989010989011
4.1, 9, 1, 7, 2, 0.010989010989011
4.09833333333334, 11, 4, 3, 159, 0.608226837060703
4.04, 8, 1, 3, 151, 0.58426517571885
4.04, 8, 1, 3, 151, 0.58426517571885
4.0375, 12, 1, 6, 166, 0.466256899147015
4.02879458624803, 12, 11, 6, 175, 0.473406924234822
4.0261989242681, 9, 13, 0, 101, 0.249657534246575
4.00505280864061, 13, 2, 4, 6, 0.0854037267080745
3.98666666666667, 10, 1, 3, 190, 0.821884984025559
3.98333333333333, 16, 1, 5, 158, 0.488372093023256
3.955, 11, 1, 7, 7, 0.245879120879121
3.955, 11, 1, 7, 7, 0.245879120879121
3.92, 13, 1, 1, 166, 0.660127991096272
3.91833333333333, 10, 4, 0, 56, 0.124429223744292
3.90322943214975, 9, 8, 0, 250, 0.660844748858447
3.89826901756837, 9, 3, 0, 105, 0.253538812785388
3.8925, 7, 1, 0, 267, 0.881278538812785
3.87333333333333, 7, 1, 5, 154, 0.481104651162791
3.855, 9, 4, 1, 29, 0.263912075681692
3.82898322012515, 9, 2, 6, 232, 0.572252885097843
3.82898322012515, 9, 2, 6, 232, 0.572252885097843
3.82623174778465, 6, 5, 7, 2, 0.010989010989011
3.81917203068938, 10, 3, 3, 171, 0.646565495207668
3.81917203068937, 10, 3, 3, 171, 0.646565495207668
3.805, 14, 1, 7, 4, 0.0549450549450549
3.805, 14, 1, 7, 4, 0.0549450549450549
3.80169265768447, 8, 7, 7, 2, 0.010989010989011
3.77999999999999, 12, 4, 5, 152, 0.477325581395349
3.7688791437243, 12, 2, 6, 78, 0.304064224786754
3.7688791437243, 12, 2, 6, 78, 0.304064224786754
3.76545454545453, 9, 9, 3, 191, 0.882987220447284
3.7032192283284, 9, 2, 5, 247, 0.765697674418605
3.69218239434505, 7, 13, 0, 86, 0.182534246575342
3.68666666666667, 8, 1, 6, 8, 0.0815353738083291
3.68366666666663, 10, 9, 6, 9, 0.091570496738585
3.6770540698571, 7, 20, 3, 14, 0.193690095846645
3.6525, 12, 1, 5, 157, 0.484593023255814
3.64018570954835, 7, 2, 6, 250, 0.629076768690416
3.63028621461173, 10, 2, 6, 246, 0.616783743100853
3.62932730222375, 10, 6, 3, 154, 0.588258785942492
3.61249999999999, 12, 1, 2, 69, 0.591954022988506
3.61, 10, 1, 2, 30, 0.470014992503748
3.6, 10, 1, 3, 123, 0.511980830670927
3.59608465918603, 8, 10, 0, 186, 0.451826484018265
3.58666666666667, 12, 1, 7, 6, 0.197802197802198
3.58470996844252, 10, 8, 6, 51, 0.244355243351731
3.57600000000001, 12, 4, 1, 181, 0.828464106844741
3.575, 12, 1, 7, 4, 0.0549450549450549
3.575, 12, 1, 7, 4, 0.0549450549450549
3.5539186822436, 8, 2, 1, 154, 0.582081246521981
3.54954945497781, 9, 3, 5, 176, 0.540406976744186
3.52333333333338, 10, 9, 3, 143, 0.559904153354633
3.51249999999999, 6, 1, 5, 278, 0.925872093023256
3.50466387673468, 10, 5, 0, 56, 0.124429223744292
3.48333333333333, 14, 1, 0, 131, 0.338127853881279
3.48257682375181, 7, 3, 7, 5, 0.112637362637363
3.46374813043777, 9, 10, 5, 274, 0.904941860465116
3.46197368421051, 11, 16, 5, 239, 0.744186046511628
3.452, 11, 1, 3, 134, 0.541932907348243
3.43653895656662, 11, 2, 6, 49, 0.239964877069744
3.42666666666668, 10, 1, 4, 75, 0.361801242236025
3.41785468776346, 6, 6, 5, 148, 0.462790697674419
3.41290316492541, 6, 19, 5, 110, 0.379796511627907
3.40760376736704, 8, 12, 1, 170, 0.67056204785754
3.39411254969544, 10, 2, 5, 249, 0.774709302325581
3.39, 12, 1, 7, 2, 0.010989010989011
3.39, 12, 1, 7, 2, 0.010989010989011
3.3890460801431, 7, 3, 7, 1, 0.00274725274725275
3.38093478197969, 12, 5, 5, 152, 0.477325581395349
3.36818530105192, 10, 2, 6, 178, 0.47704465629704
3.36111423324006, 7, 2, 1, 146, 0.536310517529215
3.34848484848488, 13, 9, 3, 156, 0.591453674121406
3.34500000000001, 10, 4, 3, 162, 0.620607028753994
3.34499999999998, 10, 4, 3, 162, 0.620607028753994
3.34132443494969, 11, 5, 6, 268, 0.683266432513798
3.3375440072005, 10, 2, 4, 107, 0.684782608695652
3.31, 13, 1, 7, 4, 0.0549450549450549
3.28499999999999, 8, 1, 3, 25, 0.270367412140575
3.27390439689371, 8, 2, 4, 90, 0.442546583850932
3.27011192469003, 13, 3, 4, 6, 0.0854037267080745
3.27, 12, 1, 3, 67, 0.386182108626198
3.265, 13, 1, 7, 2, 0.010989010989011
3.265, 13, 1, 7, 2, 0.010989010989011
3.25757836522095, 14, 5, 4, 13, 0.133540372670807
3.23333333333333, 14, 1, 7, 13, 0.993131868131868
3.2296275155022, 11, 5, 4, 77, 0.368012422360248
3.21872775073215, 8, 3, 7, 4, 0.0549450549450549
3.18449912763022, 11, 3, 0, 106, 0.254794520547945
3.1825, 11, 1, 0, 252, 0.676940639269406
3.18219616141638, 8, 13, 5, 283, 0.984447674418605
3.1775, 15, 1, 4, 36, 0.234472049689441
3.16373975863296, 7, 21, 3, 146, 0.568290734824281
3.15668910766471, 14, 5, 2, 35, 0.479510244877561
3.1065557920129, 14, 2, 5, 184, 0.57296511627907
3.085, 13, 1, 7, 4, 0.0549450549450549
3.085, 13, 1, 7, 4, 0.0549450549450549
3.065, 12, 1, 2, 17, 0.431284357821089
3.0547012947259, 9, 2, 0, 249, 0.655821917808219
3.04904444047639, 9, 2, 0, 155, 0.392694063926941
3.0475, 12, 1, 5, 262, 0.826162790697675
3.035, 15, 1, 7, 13, 0.993131868131868
3.035, 15, 1, 7, 13, 0.993131868131868
3.025, 9, 1, 3, 41, 0.310303514376997
3.025, 9, 1, 3, 41, 0.310303514376997
3.01833333333333, 11, 1, 0, 104, 0.252397260273973
3.00943827815092, 9, 3, 6, 159, 0.458981435022579
2.98166666666667, 11, 4, 3, 162, 0.620607028753994
2.97219918578818, 7, 3, 6, 250, 0.629076768690416
2.96560584029637, 12, 2, 2, 68, 0.590954522738631
2.96411628201958, 10, 3, 6, 246, 0.616783743100853
2.9601573087451, 11, 3, 0, 226, 0.539840182648402
2.95, 9, 1, 6, 301, 0.940291018564977
2.95, 9, 1, 6, 301, 0.940291018564977
2.945, 10, 1, 7, 2, 0.010989010989011
2.945, 10, 1, 7, 2, 0.010989010989011
2.93333333333333, 8, 1, 3, 28, 0.284744408945687
2.91500000000001, 14, 4, 5, 223, 0.700872093023256
2.91500000000001, 14, 4, 5, 223, 0.700872093023256
2.915, 12, 1, 5, 272, 0.891860465116279
2.91489279391199, 8, 6, 6, 164, 0.463873557451079
2.9075, 11, 1, 0, 170, 0.423858447488584
2.90176245294706, 8, 3, 1, 154, 0.582081246521981
2.9, 10, 1, 7, 7, 0.245879120879121
2.9, 10, 1, 7, 7, 0.245879120879121
2.895, 10, 1, 3, 162, 0.620607028753994
2.895, 10, 1, 3, 162, 0.620607028753994
2.88666666666667, 14, 1, 4, 26, 0.197204968944099
2.87666666666667, 10, 1, 3, 19, 0.244808306709265
2.876, 9, 1, 0, 136, 0.342922374429224
2.871, 9, 1, 5, 254, 0.79578488372093
2.86666666666666, 11, 1, 4, 40, 0.25
2.83903372646399, 12, 2, 7, 4, 0.0549450549450549
2.83903372646398, 12, 2, 7, 4, 0.0549450549450549
2.82157889894881, 8, 6, 2, 66, 0.583458270864568
2.82135605693433, 8, 2, 7, 5, 0.112637362637363
2.82135605693432, 8, 2, 7, 5, 0.112637362637363
2.81664201172641, 16, 2, 5, 158, 0.488372093023256
2.8, 9, 1, 7, 2, 0.010989010989011
2.8, 9, 1, 7, 2, 0.010989010989011
2.79189058904971, 13, 5, 7, 5, 0.112637362637363
2.7816735969556, 13, 3, 0, 229, 0.555936073059361
2.7647875144394, 11, 2, 1, 119, 0.470784641068447
2.75785714285713, 11, 4, 0, 106, 0.254794520547945
2.75684753538047, 7, 3, 0, 104, 0.252397260273973
2.75672718693699, 8, 41, 4, 53, 0.293478260869565
2.75500000000001, 8, 1, 6, 144, 0.42824887104867
2.755, 8, 1, 6, 144, 0.42824887104867
2.75315621547804, 14, 7, 4, 13, 0.133540372670807
2.75225626921415, 8, 14, 4, 23, 0.187888198757764
2.73886026579589, 7, 2, 5, 154, 0.481104651162791
2.71875, 11, 1, 4, 37, 0.239130434782609
2.715, 9, 1, 0, 265, 0.857305936073059
2.715, 9, 1, 0, 265, 0.857305936073059
2.70456542302523, 11, 15, 2, 86, 0.629185407296352
2.69666666666667, 10, 1, 7, 2, 0.010989010989011
2.69250000000001, 9, 9, 0, 76, 0.15
2.691248409196, 11, 2, 3, 142, 0.558306709265176
2.66880161932905, 11, 3, 1, 167, 0.661797440178075
2.65596615528603, 9, 40, 5, 88, 0.321511627906977
2.63333333333333, 10, 1, 7, 8, 0.259615384615385
2.62666666666667, 8, 1, 0, 244, 0.638584474885845
2.60686699997441, 8, 2, 6, 8, 0.0815353738083291
2.59500000000001, 13, 1, 7, 4, 0.0549450549450549
2.595, 13, 1, 7, 4, 0.0549450549450549
2.58, 13, 1, 5, 130, 0.423401162790698
2.57190449801574, 12, 8, 3, 190, 0.821884984025559
2.56357142857141, 11, 4, 0, 226, 0.539840182648402
2.56, 8, 1, 4, 90, 0.442546583850932
2.56, 8, 1, 4, 90, 0.442546583850932
2.557, 10, 4, 0, 120, 0.30365296803653
2.5544232470364, 15, 2, 2, 61, 0.561969015492254
2.55293828651165, 10, 19, 5, 209, 0.643604651162791
2.54558441227157, 10, 2, 3, 123, 0.511980830670927
2.545, 10, 1, 3, 105, 0.472044728434505
2.545, 10, 1, 3, 105, 0.472044728434505
2.53615632185576, 12, 2, 7, 6, 0.197802197802198
2.53, 9, 4, 0, 94, 0.207191780821918
2.51799999999999, 10, 4, 3, 155, 0.589456869009585
2.515, 10, 1, 6, 142, 0.42686904164576
2.515, 10, 1, 6, 142, 0.42686904164576
2.51164328677462, 10, 8, 6, 292, 0.768564977420973
2.50333333333333, 12, 1, 5, 168, 0.5125
2.5, 9, 1, 6, 108, 0.378198695434019
2.48993406477818, 8, 12, 0, 83, 0.168721461187215
2.48618744265189, 10, 2, 0, 162, 0.40296803652968
2.46308862113314, 14, 2, 0, 131, 0.338127853881279
2.46, 12, 1, 7, 4, 0.0549450549450549
2.45999999999999, 12, 1, 7, 4, 0.0549450549450549
2.452, 14, 1, 5, 85, 0.313517441860465
2.42301923686589, 10, 2, 4, 75, 0.361801242236025
2.4214070289813, 12, 3, 2, 68, 0.590954522738631
2.41, 10, 1, 4, 30, 0.211180124223602
2.41, 10, 1, 4, 30, 0.211180124223602
2.386, 15, 1, 0, 221, 0.526826484018265
2.355, 18, 1, 7, 4, 0.0549450549450549
2.355, 18, 1, 7, 4, 0.0549450549450549
2.34818181818181, 11, 1, 4, 59, 0.312111801242236
2.34212148728978, 9, 5, 5, 247, 0.765697674418605
2.34052344572747, 13, 2, 7, 4, 0.0549450549450549
2.33333333333333, 9, 1, 7, 5, 0.112637362637363
2.33105171185311, 12, 3, 6, 166, 0.466256899147015
2.3, 10, 1, 7, 8, 0.259615384615385
2.3, 10, 1, 7, 8, 0.259615384615385
2.29, 12, 1, 2, 151, 0.967016491754123
2.29, 12, 1, 2, 151, 0.967016491754123
2.2891669007558, 9, 11, 0, 99, 0.230022831050228
2.2863119258365, 14, 2, 7, 13, 0.993131868131868
2.27, 9, 1, 6, 291, 0.762418464626192
2.26321305522333, 13, 3, 1, 166, 0.660127991096272
2.259, 12, 4, 4, 85, 0.395962732919255
2.24733592282063, 7, 3, 0, 267, 0.881278538812785
2.24, 10, 1, 0, 242, 0.634132420091324
2.24, 10, 1, 0, 242, 0.634132420091324
2.23467621318569, 8, 10, 4, 74, 0.358695652173913
2.21223407256935, 9, 18, 6, 147, 0.438158554942298
2.19739512453572, 11, 3, 3, 142, 0.558306709265176
2.1920310216783, 11, 2, 7, 4, 0.0549450549450549
2.19203102167829, 11, 2, 7, 4, 0.0549450549450549
2.18650794803099, 9, 3, 4, 70, 0.346273291925466
2.17666666666666, 8, 1, 0, 253, 0.682420091324201
2.155, 8, 1, 7, 10, 0.409340659340659
2.155, 8, 1, 7, 10, 0.409340659340659
2.122, 11, 1, 3, 49, 0.340255591054313
2.115, 9, 1, 4, 88, 0.419254658385093
2.115, 12, 1, 0, 221, 0.526826484018265
2.11499999999999, 9, 1, 4, 88, 0.419254658385093
2.11329143906757, 7, 26, 2, 135, 0.86431784107946
2.10877185821511, 12, 3, 5, 157, 0.484593023255814
2.08567784744753, 12, 3, 2, 69, 0.591954022988506
2.07432572712731, 12, 5, 3, 145, 0.567092651757188
2.07, 10, 1, 2, 137, 0.871814092953523
2.07, 10, 1, 2, 137, 0.871814092953523
2.06666666666665, 11, 1, 7, 5, 0.112637362637363
2.06, 12, 1, 4, 58, 0.309006211180124
2.05666666666666, 9, 1, 3, 173, 0.651357827476038
2.05593839077601, 10, 6, 3, 155, 0.589456869009585
2.05111111111112, 11, 1, 6, 33, 0.18941294530858
2.04118157502516, 14, 2, 4, 26, 0.197204968944099
2.04, 13, 1, 7, 5, 0.112637362637363
2.03750000000001, 11, 4, 0, 71, 0.144977168949772
2.03750000000001, 11, 4, 0, 71, 0.144977168949772
2.02996354647072, 10, 3, 0, 162, 0.40296803652968
2.02794282052856, 6, 3, 5, 278, 0.925872093023256
2.02703943940144, 11, 2, 4, 40, 0.25
2.02, 9, 1, 0, 234, 0.583333333333333
2.02, 9, 1, 0, 234, 0.583333333333333
2.01242589925691, 10, 2, 5, 212, 0.648691860465116
2, 10, 4, 7, 7, 0.245879120879121
2, 10, 4, 7, 7, 0.245879120879121
1.99680870390733, 10, 5, 5, 136, 0.434447674418605
1.98500000000001, 10, 4, 2, 83, 0.62543728135932
1.98499999999999, 10, 4, 2, 83, 0.62543728135932
1.98, 14, 1, 5, 170, 0.515116279069767
1.95500000000001, 10, 1, 5, 166, 0.505232558139535
1.955, 10, 1, 5, 166, 0.505232558139535
1.9175, 7, 1, 6, 250, 0.629076768690416
1.91, 9, 1, 7, 10, 0.409340659340659
1.91, 9, 1, 7, 10, 0.409340659340659
1.90918830920369, 10, 2, 5, 104, 0.3625
1.90918830920367, 10, 2, 5, 104, 0.3625
1.90683128659972, 10, 2, 7, 2, 0.010989010989011
1.90447426399577, 16, 2, 6, 267, 0.677370797792273
1.89357142857142, 9, 4, 4, 70, 0.346273291925466
1.89320422094982, 13, 5, 0, 214, 0.507648401826484
1.88129687505688, 14, 8, 3, 124, 0.514376996805112
1.8725, 15, 1, 5, 202, 0.607267441860465
1.86204785712458, 10, 2, 7, 8, 0.259615384615385
1.85733381191667, 8, 2, 0, 244, 0.638584474885845
1.84354007279473, 8, 15, 6, 164, 0.463873557451079
1.83741723169599, 11, 3, 0, 252, 0.676940639269406
1.83453048035004, 15, 3, 4, 36, 0.234472049689441
1.82433549546129, 10, 2, 6, 106, 0.376944305067737
1.82433549546129, 10, 2, 6, 106, 0.376944305067737
1.81422947044429, 10, 7, 5, 249, 0.774709302325581
1.8125, 12, 1, 5, 202, 0.607267441860465
1.8, 11, 1, 6, 277, 0.710737581535374
1.78999999999999, 8, 1, 2, 40, 0.491754122938531
1.78929393591876, 12, 6, 6, 234, 0.578273958855996
1.78, 13, 1, 2, 46, 0.508495752123938
1.77999999999999, 13, 1, 2, 46, 0.508495752123938
1.776, 12, 1, 0, 77, 0.151712328767123
1.77012397557032, 12, 2, 5, 168, 0.5125
1.76957857506621, 12, 3, 2, 17, 0.431284357821089
1.76776695296637, 9, 2, 6, 108, 0.378198695434019
1.76249999999999, 12, 1, 3, 190, 0.821884984025559
1.76, 10, 1, 3, 149, 0.575878594249201
1.76, 10, 1, 3, 149, 0.575878594249201
1.75947494535538, 12, 3, 5, 262, 0.826162790697675
1.73782431026078, 9, 3, 5, 238, 0.741860465116279
1.73782431026077, 9, 3, 5, 238, 0.741860465116279
1.73333333333333, 10, 1, 7, 5, 0.112637362637363
1.726, 11, 4, 3, 134, 0.541932907348243
1.725, 10, 1, 5, 96, 0.344476744186047
1.725, 10, 1, 5, 96, 0.344476744186047
1.72180501218926, 8, 2, 3, 162, 0.620607028753994
1.72180501218923, 8, 2, 3, 162, 0.620607028753994
1.72, 13, 1, 7, 8, 0.259615384615385
1.72, 13, 1, 7, 8, 0.259615384615385
1.715, 13, 1, 0, 210, 0.501598173515982
1.715, 13, 1, 0, 210, 0.501598173515982
1.715, 11, 1, 7, 4, 0.0549450549450549
1.715, 11, 1, 7, 4, 0.0549450549450549
1.69333333333334, 5, 1, 6, 248, 0.625439036628199
1.68333333333332, 7, 1, 6, 201, 0.516181635725038
1.67864590766884, 11, 3, 0, 170, 0.423858447488584
1.67, 14, 1, 7, 8, 0.259615384615385
1.67, 14, 1, 7, 8, 0.259615384615385
1.67, 13, 1, 7, 13, 0.993131868131868
1.665, 10, 1, 0, 110, 0.266095890410959
1.665, 10, 1, 0, 110, 0.266095890410959
1.66333333333333, 12, 1, 3, 171, 0.646565495207668
1.64991582276862, 9, 2, 7, 5, 0.112637362637363
1.64940678256608, 12, 15, 5, 108, 0.378197674418605
1.64313886611368, 10, 3, 5, 212, 0.648691860465116
1.64225549930576, 6, 2, 4, 93, 0.479813664596273
1.63813070974884, 11, 2, 0, 107, 0.25513698630137
1.63500000000001, 12, 4, 3, 67, 0.386182108626198
1.615, 12, 1, 7, 13, 0.993131868131868
1.61499999999999, 12, 1, 7, 13, 0.993131868131868
1.60937503398058, 11, 2, 1, 96, 0.413884251530328
1.60513239329346, 9, 2, 6, 291, 0.762418464626192
1.60230396616872, 13, 2, 3, 158, 0.604233226837061
1.59999999999999, 10, 1, 7, 7, 0.245879120879121
1.59999999999999, 10, 1, 7, 7, 0.245879120879121
1.59625081571371, 11, 6, 1, 119, 0.470784641068447
1.58533340342024, 13, 2, 2, 68, 0.590954522738631
1.57327948354173, 7, 3, 1, 159, 0.590567612687813
1.57327948354173, 7, 3, 1, 159, 0.590567612687813
1.565, 17, 1, 5, 169, 0.513953488372093
1.565, 17, 1, 5, 169, 0.513953488372093
1.5475, 12, 1, 6, 64, 0.269693928750627
1.53913576038273, 8, 2, 0, 253, 0.682420091324201
1.5275, 8, 1, 0, 34, 0.10513698630137
1.52735064736292, 9, 8, 0, 249, 0.655821917808219
1.52381511345701, 11, 2, 6, 4, 0.0464124435524335
1.52381511345701, 11, 2, 6, 4, 0.0464124435524335
1.515, 14, 1, 7, 13, 0.993131868131868
1.515, 14, 1, 7, 13, 0.993131868131868
1.51000000000001, 12, 1, 2, 68, 0.590954522738631
1.51, 12, 1, 2, 68, 0.590954522738631
1.50333333333333, 14, 1, 5, 270, 0.875
1.50094242096148, 12, 15, 5, 240, 0.747383720930232
1.48956369450923, 13, 3, 5, 130, 0.423401162790698
1.48492424049176, 11, 2, 3, 115, 0.488418530351438
1.4747969493007, 15, 6, 2, 61, 0.561969015492254
1.47078210486802, 12, 2, 3, 161, 0.615415335463259
1.47078210486802, 12, 2, 3, 161, 0.615415335463259
1.46307647820101, 10, 5, 6, 263, 0.659809332664325
1.46135401445222, 11, 2, 7, 5, 0.112637362637363
1.45428294664035, 9, 2, 3, 173, 0.651357827476038
1.45333333333333, 10, 1, 6, 182, 0.480306071249373
1.44249783362056, 13, 2, 7, 5, 0.112637362637363
1.438, 9, 4, 0, 136, 0.342922374429224
1.42, 12, 1, 2, 137, 0.871814092953523
1.42, 12, 1, 7, 8, 0.259615384615385
1.41999999999999, 12, 1, 7, 8, 0.259615384615385
1.40949951716517, 10, 8, 3, 190, 0.821884984025559
1.40007142674936, 14, 2, 5, 170, 0.515116279069767
1.39250000000001, 12, 1, 3, 172, 0.649361022364217
1.39083679847785, 13, 12, 0, 229, 0.555936073059361
1.38, 9, 1, 4, 90, 0.442546583850932
1.38, 9, 1, 4, 90, 0.442546583850932
1.3775, 12, 1, 6, 78, 0.304064224786754
1.37, 12, 1, 7, 10, 0.409340659340659
1.37, 12, 1, 7, 10, 0.409340659340659
1.35623080631579, 15, 2, 2, 36, 0.482008995502249
1.34983970241738, 11, 5, 0, 104, 0.252397260273973
1.34703841816037, 10, 2, 6, 121, 0.404039136979428
1.34703841816037, 10, 2, 6, 121, 0.404039136979428
1.34666666666666, 16, 4, 6, 267, 0.677370797792273
1.3273404435416, 8, 2, 0, 129, 0.333219178082192
1.32250000000001, 11, 1, 1, 62, 0.335976627712855
1.32, 13, 1, 6, 227, 0.55920722528851
1.32, 13, 1, 6, 227, 0.55920722528851
1.31404921267559, 11, 3, 1, 96, 0.413884251530328
1.31182654679989, 8, 5, 3, 28, 0.284744408945687
1.30827570998369, 13, 3, 3, 158, 0.604233226837061
1.30666666666666, 9, 1, 3, 146, 0.568290734824281
1.30362763088237, 12, 5, 5, 272, 0.891860465116279
1.29833333333334, 11, 1, 3, 132, 0.535143769968051
1.29754094347732, 16, 2, 5, 143, 0.451598837209302
1.29754094347731, 16, 2, 5, 143, 0.451598837209302
1.29441930352314, 13, 3, 2, 68, 0.590954522738631
1.29333333333333, 12, 1, 5, 155, 0.482703488372093
1.29, 8, 1, 6, 65, 0.276342197691922
1.29, 8, 1, 6, 65, 0.276342197691922
1.28142857142857, 7, 1, 6, 73, 0.293527345709985
1.28, 8, 1, 4, 48, 0.274844720496894
1.28, 8, 1, 4, 48, 0.274844720496894
1.27666666666666, 11, 1, 3, 157, 0.596645367412141
1.27279220613578, 11, 2, 6, 277, 0.710737581535374
1.26572113832393, 8, 2, 2, 40, 0.491754122938531
1.24666666666667, 8, 1, 3, 84, 0.427316293929712
1.245, 11, 1, 3, 53, 0.353833865814696
1.24450793488832, 9, 2, 3, 7, 0.155750798722045
1.24161329383532, 8, 7, 3, 25, 0.270367412140575
1.23666666666666, 13, 1, 3, 150, 0.580271565495208
1.226, 14, 4, 5, 85, 0.313517441860465
1.22565175405669, 10, 2, 7, 5, 0.112637362637363
1.22109581933606, 12, 3, 0, 221, 0.526826484018265
1.21903385408896, 12, 3, 0, 130, 0.336872146118721
1.21622366364087, 17, 2, 2, 52, 0.53448275862069
1.21622366364085, 17, 2, 2, 52, 0.53448275862069
1.205, 9, 1, 6, 298, 0.852609131961867
1.205, 9, 1, 6, 298, 0.852609131961867
1.19736748280922, 5, 2, 6, 248, 0.625439036628199
1.1959336230616, 9, 13, 0, 155, 0.392694063926941
1.193, 15, 4, 0, 221, 0.526826484018265
1.19029641499736, 7, 2, 6, 201, 0.516181635725038
1.19, 9, 1, 1, 183, 0.915692821368948
1.19, 9, 1, 1, 183, 0.915692821368948
1.185, 9, 1, 5, 65, 0.234883720930233
1.185, 9, 1, 5, 65, 0.234883720930233
1.1825, 13, 1, 2, 74, 0.607196401799101
1.18086832458154, 13, 2, 7, 13, 0.993131868131868
1.17733279067561, 10, 2, 7, 11, 0.615384615384615
1.17733279067561, 10, 2, 7, 11, 0.615384615384615
1.17615427937362, 12, 2, 3, 171, 0.646565495207668
1.17333333333334, 11, 1, 6, 201, 0.516181635725038
1.17, 11, 1, 6, 284, 0.737706974410437
1.17, 11, 1, 6, 284, 0.737706974410437
1.17, 15, 1, 4, 29, 0.206521739130435
1.17, 15, 1, 4, 29, 0.206521739130435
1.16333333333333, 8, 1, 6, 298, 0.852609131961867
1.15833333333335, 11, 4, 0, 107, 0.25513698630137
1.15666351553323, 10, 8, 6, 263, 0.659809332664325
1.15258405333407, 15, 2, 5, 188, 0.583866279069767
1.15258405333407, 15, 2, 5, 188, 0.583866279069767
1.14551298552221, 8, 2, 2, 68, 0.590954522738631
1.145, 8, 1, 7, 8, 0.259615384615385
1.145, 8, 1, 7, 8, 0.259615384615385
1.135, 9, 1, 5, 65, 0.234883720930233
1.135, 9, 1, 5, 65, 0.234883720930233
1.12, 14, 1, 3, 123, 0.511980830670927
1.12, 14, 1, 3, 123, 0.511980830670927
1.11333333333333, 8, 1, 4, 82, 0.383540372670807
1.1073578163057, 15, 3, 2, 36, 0.482008995502249
1.1070691411711, 7, 3, 6, 250, 0.629076768690416
1.10666666666667, 12, 1, 1, 163, 0.648998330550918
1.1, 15, 1, 6, 196, 0.50413948820873
1.09333333333333, 10, 1, 7, 7, 0.245879120879121
1.0884559539257, 10, 11, 2, 30, 0.470014992503748
1.08666666666667, 9, 1, 3, 173, 0.651357827476038
1.08108837905758, 15, 3, 5, 202, 0.607267441860465
1.07666666666667, 13, 1, 7, 8, 0.259615384615385
1.075, 11, 1, 7, 10, 0.409340659340659
1.075, 12, 1, 3, 123, 0.511980830670927
1.075, 12, 1, 3, 123, 0.511980830670927
1.075, 11, 1, 7, 10, 0.409340659340659
1.06562363970429, 15, 3, 7, 12, 0.862637362637363
1.065, 13, 1, 4, 19, 0.173913043478261
1.06301719438378, 14, 2, 5, 270, 0.875
1.06100000000001, 11, 4, 3, 49, 0.340255591054313
1.05571428571429, 12, 4, 0, 130, 0.336872146118721
1.05, 6, 1, 3, 76, 0.406549520766773
1.05, 6, 1, 3, 76, 0.406549520766773
1.04644736290619, 12, 3, 5, 202, 0.607267441860465
1.04298250225015, 12, 2, 6, 192, 0.499498243853487
1.04298250225015, 12, 2, 6, 192, 0.499498243853487
1.03, 12, 4, 4, 58, 0.309006211180124
1.02766185532445, 10, 2, 6, 182, 0.480306071249373
1.02759091099383, 11, 7, 4, 37, 0.239130434782609
1.02, 7, 1, 3, 39, 0.303115015974441
1.01613647377376, 9, 3, 3, 7, 0.155750798722045
1.0040916292849, 12, 2, 2, 137, 0.871814092953523
1, 14, 1, 5, 277, 0.924127906976744
0.990000000000002, 10, 1, 3, 173, 0.651357827476038
0.989999999999995, 10, 1, 3, 173, 0.651357827476038
0.985000000000003, 12, 1, 5, 134, 0.430813953488372
0.984999999999999, 12, 1, 5, 134, 0.430813953488372
0.956999999999997, 9, 9, 5, 254, 0.79578488372093
0.948156654602325, 6, 6, 4, 93, 0.479813664596273
0.945000000000007, 11, 1, 7, 7, 0.245879120879121
0.944999999999993, 11, 1, 7, 7, 0.245879120879121
0.935307436087192, 8, 3, 2, 68, 0.590954522738631
0.935000000000002, 11, 1, 0, 139, 0.348173515981735
0.934999999999999, 11, 1, 0, 139, 0.348173515981735
0.93, 12, 1, 1, 16, 0.128964941569282
0.93, 12, 1, 1, 16, 0.128964941569282
0.929845417260318, 13, 2, 6, 295, 0.776969392875063
0.929845417260308, 13, 2, 6, 295, 0.776969392875063
0.926666666666666, 10, 1, 6, 126, 0.410561966884094
0.922857142857154, 15, 4, 7, 12, 0.862637362637363
0.918538461538461, 8, 25, 2, 107, 0.699650174912544
0.914999999999999, 10, 1, 7, 8, 0.259615384615385
0.914999999999999, 10, 1, 7, 8, 0.259615384615385
0.914999999999999, 13, 1, 2, 20, 0.441029485257371
0.914524770334601, 12, 2, 5, 155, 0.482703488372093
0.902739657314839, 11, 2, 3, 157, 0.596645367412141
0.900000000000006, 9, 1, 7, 7, 0.245879120879121
0.899999999999991, 9, 1, 7, 7, 0.245879120879121
0.896666666666668, 13, 1, 1, 125, 0.480801335559265
0.893449541570945, 12, 3, 6, 64, 0.269693928750627
0.890000000000001, 12, 1, 6, 179, 0.478299046663322
0.890000000000001, 12, 1, 6, 179, 0.478299046663322
0.887999999999998, 12, 4, 0, 77, 0.151712328767123
0.881902536187151, 8, 3, 0, 34, 0.10513698630137
0.881526453879231, 8, 2, 3, 84, 0.427316293929712
0.880000000000003, 11, 1, 3, 35, 0.297923322683706
0.879999999999999, 11, 1, 3, 35, 0.297923322683706
0.874455386067372, 13, 2, 3, 150, 0.580271565495208
0.872098363463409, 7, 2, 5, 181, 0.554069767441861
0.870000000000001, 9, 1, 0, 243, 0.636301369863014
0.870000000000001, 9, 1, 0, 243, 0.636301369863014
0.867347634568665, 10, 11, 3, 19, 0.244808306709265
0.865, 12, 1, 6, 300, 0.878198695434019
0.865, 12, 1, 6, 300, 0.878198695434019
0.857321409974107, 11, 6, 3, 115, 0.488418530351438
0.853333333333325, 16, 1, 5, 237, 0.740697674418604
0.849999999999994, 11, 1, 7, 7, 0.245879120879121
0.849999999999994, 11, 1, 7, 7, 0.245879120879121
0.848528137423859, 7, 2, 4, 68, 0.340062111801242
0.848528137423857, 7, 2, 4, 68, 0.340062111801242
0.844999999999999, 15, 1, 5, 183, 0.569767441860465
0.844999999999999, 15, 1, 5, 183, 0.569767441860465
0.839483806409921, 8, 5, 0, 129, 0.333219178082192
0.835000000000001, 11, 1, 0, 219, 0.522260273972603
0.834999999999999, 11, 1, 0, 219, 0.522260273972603
0.830000000000002, 15, 1, 6, 77, 0.300175614651279
0.829999999999998, 15, 1, 6, 77, 0.300175614651279
0.829999999999998, 15, 1, 7, 10, 0.409340659340659
0.829999999999998, 15, 1, 7, 10, 0.409340659340659
0.829671956592215, 11, 2, 6, 201, 0.516181635725038
0.82260088878035, 8, 2, 6, 298, 0.852609131961867
0.803960249846549, 12, 3, 3, 172, 0.649361022364217
0.800000000000004, 16, 1, 3, 143, 0.559904153354633
0.800000000000004, 10, 1, 7, 7, 0.245879120879121
0.799999999999997, 10, 1, 7, 7, 0.245879120879121
0.7952999958087, 12, 3, 6, 78, 0.304064224786754
0.794316617532887, 7, 2, 6, 218, 0.542523833416959
0.78724554972102, 8, 2, 4, 82, 0.383540372670807
0.783333333333339, 14, 1, 7, 12, 0.862637362637363
0.782531504513109, 12, 2, 1, 163, 0.648998330550918
0.777817459305203, 15, 2, 6, 196, 0.50413948820873
0.776666666666666, 8, 1, 3, 173, 0.651357827476038
0.775, 11, 1, 6, 235, 0.580155544405419
0.775, 11, 1, 6, 235, 0.580155544405419
0.774999999999999, 9, 1, 6, 261, 0.657802308078274
0.774999999999999, 9, 1, 6, 261, 0.657802308078274
0.773103414097292, 10, 2, 7, 7, 0.245879120879121
0.768389368889376, 9, 2, 3, 173, 0.651357827476038
0.765000000000001, 15, 1, 7, 10, 0.409340659340659
0.765000000000001, 15, 1, 7, 10, 0.409340659340659
0.76367532368148, 14, 2, 7, 7, 0.245879120879121
0.763545731003287, 11, 3, 1, 62, 0.335976627712855
0.761318301077517, 13, 2, 7, 8, 0.259615384615385
0.755000000000001, 11, 1, 5, 222, 0.695639534883721
0.754999999999999, 11, 1, 5, 222, 0.695639534883721
0.750000000000007, 14, 1, 7, 7, 0.245879120879121
0.75, 14, 1, 7, 7, 0.245879120879121
0.746666666666666, 11, 1, 0, 229, 0.555936073059361
0.742560290564978, 11, 10, 4, 59, 0.312111801242236
0.730000000000004, 13, 1, 6, 109, 0.380832915203211
0.729999999999997, 13, 1, 6, 109, 0.380832915203211
0.725177287816881, 11, 8, 6, 33, 0.18941294530858
0.721248916810286, 7, 2, 3, 39, 0.303115015974441
0.720000000000001, 9, 1, 0, 138, 0.345319634703196
0.719999999999999, 10, 1, 4, 75, 0.361801242236025
0.718801085141089, 11, 3, 3, 53, 0.353833865814696
0.715000000000003, 13, 1, 6, 190, 0.497365780230808
0.714999999999996, 13, 1, 6, 190, 0.497365780230808
0.707106781186545, 14, 2, 5, 277, 0.924127906976744
0.700000000000003, 13, 1, 6, 236, 0.582413447064726
0.700000000000003, 14, 1, 7, 8, 0.259615384615385
0.700000000000003, 12, 1, 7, 7, 0.245879120879121
0.700000000000003, 12, 1, 7, 7, 0.245879120879121
0.699999999999999, 12, 1, 6, 164, 0.463873557451079
0.699999999999999, 12, 1, 6, 164, 0.463873557451079
0.699999999999996, 13, 1, 6, 236, 0.582413447064726
0.699999999999996, 14, 1, 7, 8, 0.259615384615385
0.696666666666665, 16, 1, 5, 215, 0.660610465116279
0.682716693316715, 13, 3, 2, 74, 0.607196401799101
0.68, 10, 1, 6, 74, 0.296287004515805
0.68, 10, 1, 6, 74, 0.296287004515805
0.666162383678769, 12, 7, 3, 190, 0.821884984025559
0.660000000000004, 13, 1, 6, 65, 0.276342197691922
0.659999999999997, 13, 1, 6, 65, 0.276342197691922
0.657609306503494, 13, 2, 3, 67, 0.386182108626198
0.657609306503489, 13, 2, 3, 67, 0.386182108626198
0.655252283899533, 10, 2, 6, 126, 0.410561966884094
0.649999999999999, 11, 1, 6, 157, 0.45471650777722
0.649999999999999, 11, 1, 6, 157, 0.45471650777722
0.634039080463934, 13, 2, 1, 125, 0.480801335559265
0.6307392488184, 11, 2, 1, 154, 0.582081246521981
0.62766222121902, 13, 3, 0, 228, 0.544748858447489
0.623538290724795, 14, 3, 7, 7, 0.245879120879121
0.623333333333335, 12, 1, 3, 173, 0.651357827476038
0.616666666666664, 7, 4, 5, 181, 0.554069767441861
0.615000000000002, 14, 1, 7, 8, 0.259615384615385
0.614999999999995, 14, 1, 7, 8, 0.259615384615385
0.614878036686952, 13, 3, 4, 19, 0.173913043478261
0.61333333333333, 13, 1, 6, 102, 0.366658304064225
0.603397786612524, 16, 2, 5, 237, 0.740697674418604
0.600444279957219, 12, 3, 1, 130, 0.493878686700056
0.600444279957206, 12, 3, 1, 130, 0.493878686700056
0.595000000000006, 16, 1, 5, 143, 0.451598837209302
0.594999999999999, 16, 1, 5, 143, 0.451598837209302
0.590000000000003, 15, 1, 7, 13, 0.993131868131868
0.589999999999996, 15, 1, 7, 13, 0.993131868131868
0.584359098119948, 9, 5, 3, 146, 0.568290734824281
0.580632318157432, 11, 5, 3, 132, 0.535143769968051
0.57, 13, 1, 4, 37, 0.239130434782609
0.57, 13, 1, 4, 37, 0.239130434782609
0.561666666666671, 7, 4, 6, 218, 0.542523833416959
0.553900311929461, 14, 2, 7, 12, 0.862637362637363
0.553333333333335, 16, 1, 4, 19, 0.173913043478261
0.551543289325508, 14, 2, 6, 231, 0.571249372804817
0.550000000000004, 10, 1, 0, 104, 0.252397260273973
0.550000000000004, 17, 1, 5, 169, 0.513953488372093
0.550000000000001, 15, 1, 3, 143, 0.559904153354633
0.549999999999997, 10, 1, 0, 104, 0.252397260273973
0.549999999999997, 17, 1, 5, 169, 0.513953488372093
0.549999999999997, 15, 1, 3, 143, 0.559904153354633
0.549186266721552, 8, 2, 3, 173, 0.651357827476038
0.543571428571411, 13, 4, 0, 228, 0.544748858447489
0.540000000000003, 10, 1, 5, 130, 0.423401162790698
0.539999999999999, 10, 1, 5, 130, 0.423401162790698
0.528275496308507, 13, 3, 2, 20, 0.441029485257371
0.527973063285955, 11, 2, 0, 229, 0.555936073059361
0.526666666666666, 10, 1, 7, 2, 0.010989010989011
0.523141023637261, 7, 6, 6, 73, 0.293527345709985
0.515000000000001, 14, 1, 6, 263, 0.659809332664325
0.515000000000001, 14, 1, 6, 263, 0.659809332664325
0.514996440117151, 11, 3, 1, 154, 0.582081246521981
0.510000000000002, 14, 1, 2, 27, 0.459020489755122
0.509999999999998, 13, 1, 2, 74, 0.607196401799101
0.509116882454313, 10, 2, 4, 75, 0.361801242236025
0.509116882454313, 9, 2, 0, 138, 0.345319634703196
0.505000000000003, 13, 1, 6, 265, 0.66783743100853
0.504999999999999, 13, 1, 6, 265, 0.66783743100853
0.5, 11, 1, 6, 283, 0.732689412945309
0.5, 11, 1, 6, 283, 0.732689412945309
0.495, 9, 1, 6, 253, 0.637230306071249
0.495, 9, 1, 6, 253, 0.637230306071249
0.494999999999997, 10, 1, 5, 226, 0.714970930232558
0.492617724226632, 16, 2, 5, 215, 0.660610465116279
0.48, 14, 1, 3, 147, 0.569888178913738
0.465000000000003, 9, 1, 5, 153, 0.478779069767442
0.465000000000003, 9, 1, 5, 153, 0.478779069767442
0.461880215351687, 16, 3, 3, 143, 0.559904153354633
0.450333209967905, 14, 3, 6, 231, 0.571249372804817
0.440763226939611, 12, 2, 3, 173, 0.651357827476038
0.44, 12, 1, 6, 217, 0.538133467134972
0.44, 12, 1, 6, 217, 0.538133467134972
0.433692159127747, 13, 2, 6, 102, 0.366658304064225
0.432499999999999, 8, 1, 4, 41, 0.253105590062112
0.43, 9, 1, 5, 70, 0.251453488372093
0.43, 9, 1, 5, 70, 0.251453488372093
0.424264068711935, 12, 2, 5, 54, 0.199273255813954
0.424264068711935, 12, 2, 5, 54, 0.199273255813954
0.413333333333334, 13, 1, 0, 86, 0.182534246575342
0.405, 11, 1, 6, 262, 0.658805820371299
0.404999999999999, 11, 1, 6, 262, 0.658805820371299
0.391265752256562, 16, 2, 4, 19, 0.173913043478261
0.38183766184074, 11, 2, 3, 97, 0.455670926517572
0.38183766184073, 11, 2, 3, 97, 0.455670926517572
0.372409571424915, 10, 2, 7, 2, 0.010989010989011
0.365000000000002, 9, 1, 2, 73, 0.6031984007996
0.364999999999995, 9, 1, 2, 73, 0.6031984007996
0.360624458405138, 14, 2, 2, 27, 0.459020489755122
0.360624458405133, 13, 2, 2, 74, 0.607196401799101
0.359999999999999, 11, 1, 6, 279, 0.718013045659809
0.359999999999999, 11, 1, 6, 279, 0.718013045659809
0.353333333333339, 17, 1, 5, 212, 0.648691860465116
0.350000000000001, 9, 1, 4, 110, 0.937888198757764
0.350000000000001, 9, 1, 4, 110, 0.937888198757764
0.345000000000006, 11, 1, 7, 13, 0.993131868131868
0.344999999999999, 13, 1, 3, 157, 0.596645367412141
0.344999999999999, 13, 1, 3, 157, 0.596645367412141
0.344999999999999, 14, 1, 7, 10, 0.409340659340659
0.344999999999999, 14, 1, 7, 10, 0.409340659340659
0.344999999999999, 11, 1, 7, 13, 0.993131868131868
0.341214009091086, 12, 3, 1, 142, 0.52615470228158
0.340000000000003, 13, 1, 6, 217, 0.538133467134972
0.34, 12, 1, 6, 299, 0.874435524335173
0.34, 12, 1, 6, 299, 0.874435524335173
0.339999999999996, 13, 1, 6, 217, 0.538133467134972
0.339411254969556, 10, 2, 5, 176, 0.540406976744186
0.339411254969546, 14, 2, 3, 147, 0.569888178913738
0.339411254969536, 10, 2, 5, 176, 0.540406976744186
0.335000000000001, 12, 1, 2, 127, 0.815342328835582
0.335000000000001, 13, 1, 6, 233, 0.574761665830406
0.335000000000001, 13, 1, 6, 233, 0.574761665830406
0.334999999999997, 12, 1, 2, 127, 0.815342328835582
0.333333333333336, 8, 1, 6, 279, 0.718013045659809
0.323333333333331, 11, 1, 7, 13, 0.993131868131868
0.321733585439878, 13, 2, 0, 182, 0.447260273972603
0.321733585439878, 13, 2, 0, 182, 0.447260273972603
0.315000000000001, 10, 1, 6, 284, 0.737706974410437
0.315000000000001, 10, 1, 6, 284, 0.737706974410437
0.305000000000007, 14, 1, 4, 26, 0.197204968944099
0.305, 14, 1, 4, 26, 0.197204968944099
0.300000000000001, 13, 1, 6, 293, 0.771073758153537
0.299999999999999, 13, 1, 6, 293, 0.771073758153537
0.299999999999997, 11, 1, 6, 208, 0.524711490215755
0.299999999999997, 11, 1, 6, 208, 0.524711490215755
0.294156420973602, 12, 2, 6, 229, 0.56823883592574
0.293333333333335, 9, 1, 6, 281, 0.727922729553437
0.292270802890445, 13, 2, 0, 86, 0.182534246575342
0.290000000000001, 13, 1, 0, 75, 0.148858447488584
0.289999999999999, 13, 1, 0, 75, 0.148858447488584
0.285788383248876, 10, 3, 5, 226, 0.714970930232558
0.280000000000001, 13, 1, 1, 136, 0.510990539788536
0.270000000000003, 17, 1, 4, 20, 0.178571428571429
0.269999999999996, 17, 1, 4, 20, 0.178571428571429
0.256666666666668, 11, 1, 3, 183, 0.746805111821086
0.25, 11, 1, 6, 160, 0.460737581535374
0.25, 11, 1, 6, 160, 0.460737581535374
0.249999999999993, 11, 1, 2, 43, 0.499500249875062
0.249844396019241, 17, 2, 5, 212, 0.648691860465116
0.249703991424512, 8, 3, 4, 41, 0.253105590062112
0.244999999999997, 10, 1, 7, 11, 0.615384615384615
0.244999999999997, 10, 1, 7, 11, 0.615384615384615
0.240177711982882, 12, 3, 6, 229, 0.56823883592574
0.240000000000002, 8, 1, 3, 43, 0.320686900958467
0.239999999999995, 8, 1, 3, 43, 0.320686900958467
0.235702260395507, 8, 2, 6, 279, 0.718013045659809
0.228631192583643, 11, 2, 7, 13, 0.993131868131868
0.223377003548443, 12, 7, 1, 142, 0.52615470228158
0.223333333333336, 13, 1, 3, 170, 0.642571884984026
0.223333333333333, 12, 1, 3, 95, 0.451277955271566
0.216666666666669, 6, 1, 1, 17, 0.135642737896494
0.210000000000001, 15, 1, 6, 186, 0.489588559959859
0.209999999999999, 15, 1, 6, 186, 0.489588559959859
0.207417989148051, 9, 2, 6, 281, 0.727922729553437
0.200000000000003, 11, 1, 7, 7, 0.245879120879121
0.200000000000003, 11, 1, 7, 7, 0.245879120879121
0.200000000000001, 10, 1, 6, 289, 0.753888610135474
0.199999999999999, 10, 1, 6, 289, 0.753888610135474
0.197989898732234, 8, 2, 6, 224, 0.555820371299548
0.197989898732234, 8, 2, 6, 224, 0.555820371299548
0.197989898732234, 13, 2, 1, 136, 0.510990539788536
0.195, 15, 1, 4, 13, 0.133540372670807
0.195, 15, 1, 4, 13, 0.133540372670807
0.181490740504553, 11, 2, 3, 183, 0.746805111821086
0.18, 12, 1, 6, 164, 0.463873557451079
0.18, 12, 1, 6, 164, 0.463873557451079
0.176776695296647, 11, 2, 2, 43, 0.499500249875062
0.166666666666668, 13, 1, 5, 212, 0.648691860465116
0.164999999999999, 17, 1, 4, 26, 0.197204968944099
0.164999999999999, 17, 1, 4, 26, 0.197204968944099
0.157920514464998, 12, 2, 3, 95, 0.451277955271566
0.157920514464993, 13, 2, 3, 170, 0.642571884984026
0.153206469257087, 6, 2, 1, 17, 0.135642737896494
0.150000000000006, 11, 1, 7, 10, 0.409340659340659
0.15, 11, 1, 3, 123, 0.511980830670927
0.15, 11, 1, 3, 123, 0.511980830670927
0.149999999999999, 18, 1, 5, 202, 0.607267441860465
0.149999999999999, 18, 1, 5, 202, 0.607267441860465
0.149999999999999, 11, 1, 7, 10, 0.409340659340659
0.143333333333331, 12, 1, 6, 108, 0.378198695434019
0.139064333633358, 9, 2, 0, 264, 0.844748858447489
0.130000000000003, 9, 1, 5, 200, 0.599563953488372
0.129999999999995, 9, 1, 5, 200, 0.599563953488372
0.129999999999995, 11, 1, 6, 127, 0.411063723030607
0.123333333333342, 12, 1, 5, 129, 0.422238372093023
0.117851130197761, 13, 2, 5, 212, 0.648691860465116
0.110000000000003, 12, 1, 3, 63, 0.376996805111821
0.109999999999999, 17, 1, 5, 226, 0.714970930232558
0.109999999999999, 17, 1, 5, 226, 0.714970930232558
0.103333333333335, 10, 1, 3, 121, 0.50758785942492
0.103333333333334, 9, 1, 1, 64, 0.343210907067334
0.10135197197007, 12, 2, 6, 108, 0.378198695434019
0.0983333333333292, 9, 4, 0, 264, 0.844748858447489
0.095000000000006, 12, 1, 7, 10, 0.409340659340659
0.0950000000000024, 11, 1, 5, 249, 0.774709302325581
0.0949999999999989, 11, 1, 5, 249, 0.774709302325581
0.0949999999999989, 15, 1, 7, 10, 0.409340659340659
0.0949999999999989, 15, 1, 7, 10, 0.409340659340659
0.0949999999999989, 12, 1, 7, 10, 0.409340659340659
0.0933333333333337, 13, 1, 6, 211, 0.52922729553437
0.0933333333333319, 13, 1, 5, 272, 0.891860465116279
0.091923881554258, 11, 2, 6, 127, 0.411063723030607
0.0899999999999999, 9, 1, 5, 216, 0.6625
0.0899999999999999, 9, 1, 5, 216, 0.6625
0.0872098363463319, 12, 2, 5, 129, 0.422238372093023
0.0850000000000009, 14, 1, 5, 232, 0.727180232558139
0.0850000000000009, 14, 1, 5, 232, 0.727180232558139
0.0850000000000009, 14, 1, 7, 4, 0.0549450549450549
0.0850000000000009, 14, 1, 7, 4, 0.0549450549450549
0.0850000000000009, 13, 1, 3, 143, 0.559904153354633
0.0849999999999991, 13, 1, 3, 143, 0.559904153354633
0.0777817459305148, 12, 2, 3, 63, 0.376996805111821
0.0730677007226088, 10, 2, 3, 121, 0.50758785942492
0.0730677007226088, 9, 2, 1, 64, 0.343210907067334
0.0671751442127313, 14, 2, 1, 48, 0.314830272676683
0.0671751442127112, 14, 2, 1, 48, 0.314830272676683
0.0659966329107472, 13, 2, 5, 272, 0.891860465116279
0.0659966329107447, 13, 2, 6, 211, 0.52922729553437
0.0533333333333417, 14, 1, 5, 215, 0.660610465116279
0.0533333333333346, 13, 1, 6, 112, 0.388233818364275
0.0500000000000007, 14, 1, 6, 229, 0.56823883592574
0.0499999999999972, 14, 1, 6, 229, 0.56823883592574
0.0449999999999999, 8, 1, 4, 68, 0.340062111801242
0.0449999999999999, 8, 1, 4, 68, 0.340062111801242
0.0377123616632784, 13, 2, 6, 112, 0.388233818364275
0.0377123616632683, 14, 2, 5, 215, 0.660610465116279
0.0350000000000037, 14, 1, 3, 157, 0.596645367412141
0.0350000000000037, 17, 1, 7, 4, 0.0549450549450549
0.0350000000000037, 13, 1, 4, 51, 0.28416149068323
0.0349999999999966, 14, 1, 3, 157, 0.596645367412141
0.0349999999999966, 17, 1, 7, 4, 0.0549450549450549
0.0349999999999966, 13, 1, 4, 51, 0.28416149068323
0.0249999999999986, 17, 1, 6, 263, 0.659809332664325
0.0249999999999986, 17, 1, 6, 263, 0.659809332664325
0.0249999999999986, 13, 1, 6, 82, 0.317360762669343
0.0249999999999986, 13, 1, 6, 82, 0.317360762669343
0.0199999999999996, 16, 1, 6, 148, 0.43941294530858
0.0199999999999996, 16, 1, 6, 148, 0.43941294530858
0.0100000000000016, 11, 1, 3, 121, 0.50758785942492
0.0100000000000016, 13, 1, 1, 100, 0.429187534780189
0.00999999999999801, 11, 1, 3, 121, 0.50758785942492
0.00999999999999801, 15, 1, 2, 45, 0.50199900049975
0.00999999999999801, 15, 1, 2, 45, 0.50199900049975
0.00999999999999801, 13, 1, 1, 100, 0.429187534780189
0.00500000000000256, 18, 1, 5, 138, 0.442151162790698
0.00500000000000256, 13, 1, 6, 166, 0.466256899147015
0.00500000000000256, 13, 1, 6, 166, 0.466256899147015
0.00500000000000256, 12, 1, 4, 71, 0.349378881987578
0.00500000000000256, 12, 1, 4, 71, 0.349378881987578
0.00500000000000256, 12, 1, 4, 18, 0.167701863354037
0.00500000000000256, 12, 1, 4, 18, 0.167701863354037
0.00500000000000256, 14, 1, 2, 121, 0.755622188905547
0.00500000000000256, 14, 1, 2, 121, 0.755622188905547
0.00500000000000256, 12, 1, 6, 45, 0.23607626693427
0.00500000000000256, 12, 1, 1, 68, 0.358792431830829
0.00500000000000256, 14, 1, 3, 151, 0.58426517571885
0.00500000000000256, 13, 1, 6, 206, 0.522202709483191
0.00500000000000256, 13, 1, 3, 136, 0.547523961661342
0.00500000000000256, 7, 1, 4, 31, 0.21583850931677
0.00500000000000256, 7, 1, 4, 31, 0.21583850931677
0.00499999999999901, 14, 1, 6, 105, 0.376567987957853
0.00499999999999901, 14, 1, 6, 105, 0.376567987957853
0.00499999999999901, 14, 1, 2, 55, 0.543728135932034
0.00499999999999901, 14, 1, 2, 55, 0.543728135932034
0.00499999999999901, 15, 1, 6, 262, 0.658805820371299
0.00499999999999901, 15, 1, 6, 262, 0.658805820371299
0.00499999999999545, 18, 1, 5, 138, 0.442151162790698
0.00499999999999545, 12, 1, 6, 45, 0.23607626693427
0.00499999999999545, 12, 1, 1, 68, 0.358792431830829
0.00499999999999545, 14, 1, 3, 151, 0.58426517571885
0.00499999999999545, 13, 1, 6, 206, 0.522202709483191
0.00499999999999545, 13, 1, 3, 136, 0.547523961661342
0.00400000000000489, 7, 1, 1, 16, 0.128964941569282
0.00199999999998113, 7, 4, 1, 16, 0.128964941569282
