5.94263767931285
5.30299697416566
5.10544076987444
5.01043570118933
5.00260914286769
4.94439023143288
4.93571445130457
4.92583943530236
4.9016100647965
4.88098539643972
4.83435776928305
4.79589151265705
4.78657522717522
4.76519969291169
4.72773231367555
4.72931027633701
4.71980869686857
4.72151296225294
4.6781930607739
4.68603524530695
4.67474878262056
4.67012588608385
4.67110861009751
4.67422273267625
4.68607482658864
4.69032428006927
4.67770607264552
4.68456202461021
4.68187833756368
4.68704756189438
4.68675363460826
4.68363352459462
4.67186307206039
4.66972382522178
4.65952255742599
4.65111358971831
