3.37100398228534
3.08571211946777
2.85078965115723
2.64427034219398
2.53554320081883
2.51601459965738
2.44880589785854
2.40847523935634
2.4109910415023
2.35368967575586
2.34792348960878
2.30891650725425
2.28234947648564
2.2517616332206
2.22053751075183
2.21526338998248
2.1935540304254
2.18957740276874
2.1876499973139
2.18980528588362
2.19556656217936
2.18615303865011
2.19773086871751
2.20095747227831
2.19900339589242
2.20800793185938
2.20624462406156
2.19437916166623
2.1870851228214
2.1877634850426
2.19162253086894
2.18187288679631
2.17845747844035
2.18095994361423
2.1788994672607
2.17806750235056
2.18057636890143
2.18276581830882
2.18259569402383
2.17709913043881
2.17602889585565
2.17019362148248
2.16853712738594
2.16748585046145
2.17513803417884
2.17271493564704
2.16697128759
2.16617811289835
2.16421748648903
2.16863146427081
2.16385375541878
2.16406522941719
2.15901174478115
2.16067694354783
2.15853254142433
2.15714345993956
2.15504577786281
2.14933239689849
2.15280869085321
2.15968883071928
2.16205902714423
2.16645096466022
2.1653309300883
2.16556805560091
2.17197729716993
2.16352223296872
2.15938403348579
2.15511322309973
2.16386747614198
2.16854030568795
2.17387977887511
2.17583051146576
