3.91651545163302
3.36199119790752
3.14535555159926
3.02599405433536
2.97723886342039
2.93860913634305
2.90336647066992
2.88235337891904
2.86240543820715
2.84583642198827
2.83705877952542
2.82371060679633
2.81809236022472
2.81351158443682
2.80822772682963
2.80020139616423
2.79150513233827
2.7883332649654
2.78488999895092
2.78178452397545
2.78026863473861
2.77851823687195
2.77636086301496
2.77067270073271
2.76466512875154
2.76284813489157
2.76158567705445
2.75631004231294
2.75400929454988
2.751529587097
2.75086650035519
2.75155975099885
2.74881565162448
2.74671468187772
2.7454971273103
2.74281799136009
