228.519153675668
227.735583670731
226.24651242188
225.543301934
223.689690661358
222.254071892916
219.706740848682
217.676305758696
214.422237853476
210.933817287888
206.712412835215
203.244168983491
199.202429025094
194.737995940338
190.334631759042
186.347368693241
180.148963129287
175.514851604952
169.856813276362
164.876416470349
160.203952317883
156.01065261611
150.478952097852
145.162341844733
138.45611049889
131.437358925719
123.251475840174
114.387095764094
104.547661532833
95.0407039152072
85.8986881399551
80.9474519008564
80.640418936636
