132.110043283934
104.852609006102
96.2483128402264
88.339993614863
85.0663892878156
83.0273211521357
80.8919622292204
78.4102954119853
77.453991747264
76.9705405594527
76.4908249819313
75.5133405008317
75.1216759682069
74.5984194929093
74.7233935447952
74.2117464238131
74.4466243722265
73.7839741253044
73.766369318477
73.6776135348371
73.689990860039
73.6497485517872
73.4952002929158
73.495267569597
73.4220619850641
73.4217344800326
73.1286160459441
73.1114029363191
72.7823127225251
72.419439118993
72.2087038855021
72.1857634583185
72.2213312910793
72.2732653956752
72.0803023451783
71.9795974873567
