norm, level, Npoints, dimSplit, MainGridIndexSplit
3875.6616961583, 0, 962, -1, -1, -1
73.9180792144758, 2, 57, 4, 14, 0.0167757737040485
69.7039682088947, 1, 254, 0, 13, 0.170454545454545
43.5003396307812, 3, 47, 4, 99, 0.6623678444522
41.750120415825, 1, 708, 0, 13, 0.170454545454545
39.7607884527163, 2, 197, 4, 14, 0.0167757737040485
30.3805060417684, 3, 55, 4, 32, 0.0409687585124503
29.2103351301863, 3, 68, 1, 9, 0.227477477477477
28.8437931515155, 4, 82, 1, 22, 0.632882882882883
28.7900206253118, 3, 70, 1, 9, 0.227477477477477
26.5355201132816, 4, 30, 4, 29, 0.0366148142052202
26.4998805577291, 2, 138, 0, 11, 0.103535353535354
23.9133886489659, 5, 115, 3, 3, 0.800505050505051
23.6312610559257, 5, 15, 2, 1, 0.0454545454545454
23.5774283397844, 4, 38, 4, 29, 0.0366148142052202
21.4417263739205, 5, 10, 2, 1, 0.0454545454545454
20.5199690918239, 5, 17, 2, 2, 0.181818181818182
20.2868781738756, 8, 24, 4, 64, 0.0917218809839261
20.1585293769577, 5, 39, 0, 5, 0.0184343434343434
19.487663449127, 6, 18, 4, 88, 0.375097158937352
19.4099475798529, 5, 19, 2, 2, 0.181818181818182
19.1980412996942, 5, 43, 0, 5, 0.0184343434343434
18.9913539012264, 4, 65, 0, 15, 0.275252525252525
18.9074158460402, 3, 142, 4, 32, 0.0409687585124503
18.7819995750111, 8, 28, 4, 64, 0.0917218809839261
18.0420705188047, 6, 21, 4, 88, 0.375097158937352
17.6246054829128, 5, 14, 2, 2, 0.181818181818182
17.5365734188279, 9, 23, 1, 9, 0.227477477477477
17.5125829217869, 4, 34, 3, 2, 0.400252525252525
17.4549680851062, 4, 16, 0, 4, 0.0126262626262626
17.4488674120252, 4, 77, 0, 15, 0.275252525252525
17.0191714285714, 4, 36, 3, 2, 0.400252525252525
16.9965029758972, 9, 14, 4, 75, 0.204510284651682
15.1661861105089, 6, 50, 1, 9, 0.227477477477477
14.7458028909866, 5, 20, 2, 2, 0.181818181818182
14.490541595421, 6, 19, 1, 17, 0.436936936936937
14.2777527384985, 7, 35, 0, 9, 0.0618686868686869
14.2030377829248, 5, 326, 3, 3, 0.800505050505051
13.87304895706, 7, 52, 0, 6, 0.026010101010101
13.738368595702, 9, 24, 4, 13, 0.0149040473935306
13.467170307256, 9, 39, 1, 9, 0.227477477477477
13.301625150525, 6, 65, 1, 9, 0.227477477477477
13.1708021617607, 6, 141, 2, 3, 0.363636363636364
13.1248979023434, 8, 10, 4, 61, 0.084023548930301
13.0403945701898, 3, 523, 4, 99, 0.6623678444522
13.0390524357853, 2, 570, 0, 11, 0.103535353535354
12.5400192591732, 4, 31, 0, 4, 0.0126262626262626
12.4376978967495, 4, 441, 1, 22, 0.632882882882883
12.3617548667945, 5, 12, 0, 16, 0.351010101010101
12.1476534936497, 3, 24, 2, 1, 0.0454545454545454
12.0042048916634, 8, 18, 4, 66, 0.0931101613156405
11.7764941860465, 6, 16, 0, 9, 0.0618686868686869
11.6234936494738, 5, 62, 2, 1, 0.0454545454545454
11.4983604404393, 6, 185, 2, 3, 0.363636363636364
11.027869717378, 7, 10, 4, 63, 0.0888584396739231
10.7514729922017, 9, 10, 2, 2, 0.181818181818182
10.6042165362687, 7, 89, 0, 6, 0.026010101010101
10.3595537075434, 3, 33, 2, 1, 0.0454545454545454
10.3177341577397, 8, 62, 0, 5, 0.0184343434343434
9.96753710015497, 5, 11, 3, 3, 0.800505050505051
9.8172953333384, 9, 47, 4, 13, 0.0149040473935306
9.63223768206617, 6, 43, 1, 17, 0.436936936936937
9.57537414579877, 5, 20, 0, 16, 0.351010101010101
9.51745207767561, 5, 10, 0, 15, 0.275252525252525
9.23860910920726, 6, 11, 1, 17, 0.436936936936937
9.14278284564189, 5, 55, 2, 1, 0.0454545454545454
9.06554945123199, 6, 27, 0, 9, 0.0618686868686869
8.85311253740748, 6, 10, 4, 103, 0.865041948010276
8.85311253740734, 6, 10, 4, 103, 0.865041948010276
8.66041777105195, 8, 88, 0, 5, 0.0184343434343434
8.34735766809569, 5, 13, 0, 15, 0.275252525252525
8.30091428571421, 8, 25, 4, 61, 0.084023548930301
8.01367482293849, 9, 18, 2, 2, 0.181818181818182
7.60150301193155, 10, 11, 4, 55, 0.0776266165618163
7.42164391074846, 5, 18, 2, 2, 0.181818181818182
7.39277915388036, 9, 74, 4, 75, 0.204510284651682
7.39212335622386, 5, 20, 3, 3, 0.800505050505051
7.30030771515836, 9, 10, 4, 35, 0.0452335812040479
7.2699213161795, 7, 13, 2, 1, 0.0454545454545454
7.04078962220517, 5, 20, 2, 2, 0.181818181818182
7.0054714701376, 7, 14, 2, 1, 0.0454545454545454
6.89680980075065, 7, 150, 0, 9, 0.0618686868686869
6.88287583164749, 7, 31, 1, 16, 0.414414414414414
6.57220835642782, 7, 34, 1, 16, 0.414414414414414
6.46037514584101, 6, 10, 1, 15, 0.38963963963964
6.46037514584092, 6, 10, 1, 15, 0.38963963963964
6.44076550378296, 7, 21, 2, 5, 0.863636363636364
6.42374343257119, 10, 12, 2, 1, 0.0454545454545454
6.42374343257104, 10, 12, 2, 1, 0.0454545454545454
6.40303673491228, 4, 14, 3, 2, 0.400252525252525
6.15436453742579, 7, 23, 2, 5, 0.863636363636364
6.07064248268363, 7, 33, 4, 63, 0.0888584396739231
6.04422297975468, 8, 71, 4, 66, 0.0931101613156405
6.04100900553542, 8, 15, 0, 14, 0.217171717171717
5.96067628914695, 9, 15, 4, 35, 0.0452335812040479
5.82717779911933, 10, 18, 0, 8, 0.0467171717171717
5.6814534535138, 5, 10, 4, 35, 0.0452335812040479
5.51466150403923, 8, 18, 0, 14, 0.217171717171717
5.49633520007912, 4, 19, 3, 2, 0.400252525252525
5.2717122894065, 4, 11, 4, 7, 0.00691788872168195
4.98678902370628, 4, 23, 2, 3, 0.363636363636364
4.84927000917943, 4, 13, 4, 7, 0.00691788872168195
4.7644941585966, 10, 28, 4, 55, 0.0776266165618163
4.61930455460363, 6, 44, 1, 17, 0.436936936936937
4.32682467147156, 10, 19, 0, 8, 0.0467171717171717
4.30221118062745, 7, 23, 1, 3, 0.105855855855856
4.22775608937519, 4, 32, 2, 3, 0.363636363636364
4.01739426397553, 5, 20, 4, 35, 0.0452335812040479
3.97453080223281, 11, 27, 4, 46, 0.0667300768973018
3.97076111736765, 7, 27, 1, 3, 0.105855855855856
3.83502986385498, 11, 29, 4, 46, 0.0667300768973018
3.61083921703071, 9, 10, 0, 5, 0.0184343434343434
3.56424116856444, 10, 28, 0, 8, 0.0467171717171717
3.45679111958542, 7, 10, 0, 3, 0.00795454545454546
3.44735699123254, 6, 10, 4, 25, 0.0319165363830463
3.4473569912325, 6, 10, 4, 25, 0.0319165363830463
3.44280010921961, 9, 11, 0, 5, 0.0184343434343434
3.32306417784448, 8, 10, 1, 18, 0.475225225225225
3.30369927896325, 10, 56, 0, 8, 0.0467171717171717
3.29592101136104, 7, 11, 0, 3, 0.00795454545454546
3.07895917305558, 9, 10, 0, 7, 0.0353535353535354
2.93567238532283, 9, 11, 0, 7, 0.0353535353535354
2.86463858717994, 8, 10, 4, 57, 0.0798737051896258
2.51245424530271, 8, 13, 4, 57, 0.0798737051896258
2.29313214061466, 8, 21, 1, 18, 0.475225225225225
2.1934627270162, 11, 11, 4, 49, 0.0692091058226616
2.14655976583058, 8, 11, 2, 4, 0.590909090909091
1.96223453523455, 8, 10, 4, 30, 0.0378992342401869
1.81695439274242, 11, 10, 4, 39, 0.051987603372886
1.7798333333335, 8, 16, 2, 4, 0.590909090909091
1.76442068617956, 11, 17, 4, 49, 0.0692091058226616
1.72099353488844, 8, 13, 4, 30, 0.0378992342401869
1.55252021725975, 6, 10, 2, 5, 0.863636363636364
1.55252021725966, 6, 10, 2, 5, 0.863636363636364
1.54938369368279, 8, 13, 4, 71, 0.160308462840372
1.35427784472974, 11, 18, 4, 39, 0.051987603372886
1.2190485711104, 8, 21, 4, 71, 0.160308462840372
1.0151565553483, 12, 10, 0, 6, 0.026010101010101
0.974723967130282, 10, 10, 1, 17, 0.436936936936937
0.968263067229712, 9, 10, 4, 51, 0.0718603446010522
0.854889471982438, 10, 13, 1, 17, 0.436936936936937
0.818331650965705, 9, 14, 4, 51, 0.0718603446010522
0.736471971048788, 12, 19, 0, 6, 0.026010101010101
0.55455809233809, 12, 10, 0, 7, 0.0353535353535354
0.426546080961573, 8, 10, 3, 2, 0.400252525252525
0.425326641105488, 12, 17, 0, 7, 0.0353535353535354
0.406695730786143, 8, 11, 3, 2, 0.400252525252525
