4.19089978298971
3.84918404636282
3.73663086781644
3.6905103194433
3.6571169546406
3.6442126825059
3.6227918454298
3.60429123441285
3.59074008448209
3.58036088296426
3.57232289138364
3.56720595082226
3.56312955934768
3.55707698123958
3.55337505719364
3.54711654903012
3.54790257469676
3.54629347856066
3.54161486541427
3.53963610134515
3.53786167408329
3.536562894845
3.53506232201675
3.53458530864742
3.53204428730677
3.52973258152116
3.529472272188
3.52874757822432
3.52803522651103
3.52736394965452
3.52581795478092
3.52563930029123
3.52452310205052
3.52424316818789
3.5242413628188
3.52335524407233
