norm, level, Npoints, dimSplit, MainGridIndexSplit
3869.0891471677, 0, 962, -1, -1, -1
68.6023062545858, 1, 339, 0, 12, 0.132575757575758
61.2816600511093, 2, 122, 2, 2, 0.181818181818182
50.6051296346849, 1, 623, 0, 12, 0.132575757575758
45.94947669989, 2, 217, 2, 2, 0.181818181818182
43.3777656750876, 3, 60, 4, 29, 0.0366148142052202
41.516942816383, 3, 42, 1, 18, 0.475225225225225
40.2272051344744, 2, 178, 4, 81, 0.26159379994883
30.0818829851106, 3, 80, 1, 18, 0.475225225225225
29.7947775862114, 3, 10, 4, 103, 0.865041948010276
26.8159370450393, 3, 157, 4, 29, 0.0366148142052202
25.4419184255532, 2, 445, 4, 81, 0.26159379994883
23.5168692316956, 4, 29, 1, 17, 0.436936936936937
23.3618716790177, 5, 13, 4, 83, 0.284343083536879
22.9789780639585, 4, 46, 0, 9, 0.0618686868686869
21.3800238095239, 4, 9, 4, 92, 0.455244555401909
21.2541497278821, 3, 125, 3, 3, 0.800505050505051
20.6558574123998, 6, 22, 0, 16, 0.351010101010101
20.2302857142858, 5, 16, 1, 14, 0.353603603603604
20.0394686415871, 5, 42, 0, 9, 0.0618686868686869
19.5312617564342, 7, 10, 1, 9, 0.227477477477477
19.3875713011319, 4, 29, 0, 15, 0.275252525252525
18.7517394528527, 4, 31, 0, 15, 0.275252525252525
18.4613755306515, 4, 24, 0, 17, 0.444444444444444
18.0451489954749, 5, 32, 0, 5, 0.0184343434343434
17.5073048187511, 5, 15, 4, 96, 0.578309095069458
17.4044408544068, 6, 11, 0, 16, 0.351010101010101
16.307182676204, 4, 140, 2, 4, 0.590909090909091
16.1536971392516, 8, 15, 0, 5, 0.0184343434343434
15.1377916666666, 9, 9, 2, 1, 0.0454545454545454
14.8861885185902, 4, 52, 1, 11, 0.272522522522523
14.4907752911128, 9, 13, 2, 2, 0.181818181818182
14.3815833151101, 4, 180, 2, 4, 0.590909090909091
14.2360778319812, 6, 53, 3, 2, 0.400252525252525
14.110087634279, 4, 122, 0, 9, 0.0618686868686869
13.9895120876321, 8, 20, 0, 5, 0.0184343434343434
13.8495057531885, 6, 56, 3, 2, 0.400252525252525
13.6492068965517, 5, 4, 4, 104, 0.952055328905477
13.4987228456805, 9, 8, 4, 89, 0.391602757964068
13.4073432164165, 6, 10, 1, 19, 0.529279279279279
13.2838435799271, 3, 320, 3, 3, 0.800505050505051
13.1189117052522, 5, 98, 0, 9, 0.0618686868686869
12.9629823522405, 6, 6, 0, 4, 0.0126262626262626
12.8785326229745, 7, 23, 1, 9, 0.227477477477477
12.7947561146216, 5, 40, 1, 14, 0.353603603603604
12.6718153929192, 9, 17, 2, 2, 0.181818181818182
12.5638793240026, 4, 73, 1, 11, 0.272522522522523
12.4568616221168, 7, 8, 4, 11, 0.00893715698736393
12.1784351110036, 5, 35, 4, 37, 0.0486682110506046
12.1782273065764, 5, 31, 4, 96, 0.578309095069458
12.1754859689711, 9, 5, 4, 76, 0.20691329301129
12.08580725746, 4, 56, 0, 17, 0.444444444444444
12.001389614701, 6, 7, 0, 4, 0.0126262626262626
11.8726666666666, 8, 4, 4, 96, 0.578309095069458
11.7828621593681, 6, 24, 0, 16, 0.351010101010101
11.7256830046715, 9, 15, 2, 1, 0.0454545454545454
11.4980817749294, 6, 71, 0, 16, 0.351010101010101
11.2148333333334, 5, 9, 4, 7, 0.00691788872168195
11.1936962643036, 4, 128, 1, 17, 0.436936936936937
11.1653532871169, 4, 33, 4, 92, 0.455244555401909
11.1366746739494, 5, 8, 0, 13, 0.170454545454545
11.0709526873138, 7, 15, 0, 7, 0.0353535353535354
10.77175, 6, 4, 4, 62, 0.0856939327900282
10.5130931917639, 6, 33, 0, 4, 0.0126262626262626
10.3796710982572, 8, 30, 0, 9, 0.0618686868686869
9.8724114127284, 7, 18, 2, 2, 0.181818181818182
9.65045416106378, 7, 3, 1, 10, 0.240990990990991
9.2592899321618, 7, 6, 4, 100, 0.705914182813912
9.25194579593145, 6, 21, 1, 19, 0.529279279279279
9.20932021825456, 6, 17, 4, 52, 0.0736969911266934
9.13360666586324, 5, 5, 1, 12, 0.313063063063063
9.09693541916269, 6, 6, 4, 14, 0.0167757737040485
9.07507142857145, 9, 9, 4, 76, 0.20691329301129
8.99914856378711, 9, 18, 4, 89, 0.391602757964068
8.90687142590669, 10, 3, 4, 60, 0.0833233322906506
8.6969388472699, 6, 6, 0, 2, 0.00416666666666667
8.68697254609828, 5, 15, 4, 7, 0.00691788872168195
8.4749659628817, 8, 45, 0, 9, 0.0618686868686869
8.39082384601765, 5, 148, 0, 5, 0.0184343434343434
8.34006149158164, 7, 29, 3, 2, 0.400252525252525
8.16000000000001, 10, 1, 0, 7, 0.0353535353535354
8.16, 10, 1, 0, 7, 0.0353535353535354
8.0750518049938, 6, 3, 3, 1, 0.0997474747474748
8.06800319105706, 5, 109, 4, 83, 0.284343083536879
8.03011745832885, 7, 3, 0, 7, 0.0353535353535354
8.027863042992, 6, 3, 2, 1, 0.0454545454545454
7.8775, 12, 1, 0, 4, 0.0126262626262626
7.71650000000002, 6, 1, 4, 77, 0.212750155497395
7.59419999999992, 6, 25, 4, 52, 0.0736969911266934
7.57488139346087, 5, 2, 0, 9, 0.0618686868686869
7.5545366354442, 8, 6, 4, 5, 0.00604237658698964
7.49084491397236, 6, 65, 0, 4, 0.0126262626262626
7.48102898550708, 8, 9, 1, 14, 0.353603603603604
7.4710911392008, 5, 93, 4, 37, 0.0486682110506046
7.4593441108911, 5, 10, 0, 13, 0.170454545454545
7.33583333333331, 11, 1, 0, 6, 0.026010101010101
7.30579030632555, 7, 3, 0, 15, 0.275252525252525
7.26918140496742, 3, 168, 4, 103, 0.865041948010276
7.22278707607113, 6, 6, 4, 16, 0.0186420699741554
7.19780299484872, 5, 10, 0, 16, 0.351010101010101
7.16638503097285, 6, 65, 1, 7, 0.184684684684685
7.09496666666661, 10, 4, 0, 8, 0.0467171717171717
7.09279148899792, 6, 6, 2, 1, 0.0454545454545454
7.07987313816753, 7, 35, 2, 2, 0.181818181818182
6.9542857142857, 7, 4, 0, 7, 0.0353535353535354
6.93016550482191, 7, 42, 3, 2, 0.400252525252525
6.9250994530731, 8, 11, 0, 3, 0.00795454545454546
6.8466043922301, 5, 3, 3, 2, 0.400252525252525
6.80520000000001, 7, 4, 4, 4, 0.00326307504602002
6.80295532675863, 6, 13, 0, 10, 0.0808080808080808
6.79624218325777, 7, 7, 0, 15, 0.275252525252525
6.7787866666666, 6, 9, 3, 2, 0.400252525252525
6.77586148879175, 9, 12, 2, 3, 0.363636363636364
6.6531333333333, 9, 4, 4, 47, 0.0673431543170252
6.63027794028086, 8, 12, 0, 3, 0.00795454545454546
6.60182392992, 8, 24, 0, 5, 0.0184343434343434
6.36817346916159, 8, 3, 0, 7, 0.0353535353535354
6.34868752420531, 8, 2, 0, 15, 0.275252525252525
6.34620727629116, 8, 14, 4, 96, 0.578309095069458
6.34282726586641, 8, 26, 0, 5, 0.0184343434343434
6.34187634883825, 6, 83, 1, 7, 0.184684684684685
6.34140916025401, 8, 12, 0, 13, 0.170454545454545
6.29985454545462, 5, 25, 0, 13, 0.170454545454545
6.28007272218349, 6, 7, 2, 4, 0.590909090909091
6.2581546868893, 7, 6, 4, 93, 0.471038215796977
6.21907276214337, 6, 12, 4, 62, 0.0856939327900282
6.18638277234324, 8, 5, 4, 72, 0.171932627919944
6.16832815455063, 7, 2, 0, 15, 0.275252525252525
6.16691394098829, 12, 2, 1, 11, 0.272522522522523
6.15261557568988, 9, 5, 1, 20, 0.560810810810811
6.06381051991389, 7, 50, 0, 7, 0.0353535353535354
6.05225789913866, 7, 3, 4, 15, 0.0180125300509641
5.99816729234862, 8, 14, 1, 14, 0.353603603603604
5.96695454545457, 11, 4, 4, 97, 0.601622068566827
5.95524530887595, 6, 5, 0, 19, 0.70959595959596
5.9286666666667, 10, 9, 1, 22, 0.632882882882883
5.92866666666662, 10, 9, 1, 22, 0.632882882882883
5.85837968213054, 7, 2, 0, 13, 0.170454545454545
5.85837968213054, 7, 2, 0, 13, 0.170454545454545
5.75372787851494, 11, 2, 3, 1, 0.0997474747474748
5.7537278785149, 11, 2, 3, 1, 0.0997474747474748
5.71865441632326, 9, 3, 0, 8, 0.0467171717171717
5.71865441632324, 9, 3, 0, 8, 0.0467171717171717
5.71547631777552, 7, 10, 4, 68, 0.0971476980300399
5.6765563961365, 6, 6, 2, 1, 0.0454545454545454
5.65400000000001, 11, 1, 4, 59, 0.0828015312645006
5.62743307379132, 9, 12, 0, 14, 0.217171717171717
5.62743307379122, 9, 12, 0, 14, 0.217171717171717
5.5982679823019, 9, 6, 1, 20, 0.560810810810811
5.55642253252926, 7, 6, 4, 4, 0.00326307504602002
5.54718138637396, 8, 3, 4, 49, 0.0692091058226616
5.51499999999999, 8, 4, 0, 7, 0.0353535353535354
5.48999999999999, 9, 1, 0, 17, 0.444444444444444
5.48999999999999, 9, 1, 0, 17, 0.444444444444444
5.46800000000002, 11, 4, 2, 1, 0.0454545454545454
5.45968275862066, 5, 25, 4, 104, 0.952055328905477
5.41157699384927, 5, 19, 0, 13, 0.170454545454545
5.40500000000002, 12, 1, 0, 6, 0.026010101010101
5.405, 12, 1, 0, 6, 0.026010101010101
5.39504959044249, 7, 3, 4, 70, 0.136274845408473
5.39504959044244, 7, 3, 4, 70, 0.136274845408473
5.38090450884732, 10, 3, 1, 18, 0.475225225225225
5.37224425480946, 10, 3, 0, 11, 0.103535353535354
5.34241176470584, 7, 16, 1, 6, 0.164414414414414
5.33442857142859, 12, 1, 2, 3, 0.363636363636364
5.32383333333337, 11, 4, 4, 15, 0.0180125300509641
5.3015, 12, 1, 4, 71, 0.160308462840372
5.30149999999999, 12, 1, 4, 71, 0.160308462840372
5.24655555555563, 10, 4, 0, 7, 0.0353535353535354
5.21248318746366, 11, 3, 0, 2, 0.00416666666666667
5.18368165689214, 8, 3, 0, 15, 0.275252525252525
5.18074999999999, 8, 1, 0, 17, 0.444444444444444
5.17531453150435, 8, 2, 4, 4, 0.00326307504602002
5.17170000000002, 11, 4, 0, 10, 0.0808080808080808
5.12223076923077, 6, 1, 0, 5, 0.0184343434343434
5.08409000000012, 6, 16, 3, 2, 0.400252525252525
5.03871428571432, 11, 1, 4, 66, 0.0931101613156405
5.03687411561917, 7, 18, 1, 6, 0.164414414414414
5.03318606848584, 15, 2, 0, 5, 0.0184343434343434
4.96749999999999, 12, 1, 0, 4, 0.0126262626262626
4.96695594967646, 5, 21, 0, 16, 0.351010101010101
4.965, 15, 1, 0, 8, 0.0467171717171717
4.965, 15, 1, 0, 8, 0.0467171717171717
4.94319724364906, 7, 7, 0, 16, 0.351010101010101
4.92199352714431, 7, 8, 2, 3, 0.363636363636364
4.92199352714419, 7, 8, 2, 3, 0.363636363636364
4.90948758015785, 8, 15, 1, 6, 0.164414414414414
4.8939119938919, 11, 7, 0, 6, 0.026010101010101
4.87849439676728, 10, 10, 4, 60, 0.0833233322906506
4.87459999999999, 10, 1, 4, 77, 0.212750155497395
4.84128039384738, 5, 6, 3, 2, 0.400252525252525
4.8362727272727, 7, 4, 0, 17, 0.444444444444444
4.7358, 7, 1, 4, 1, 0.000100050649348366
4.69266194798049, 10, 5, 0, 7, 0.0353535353535354
4.69165349317276, 8, 2, 0, 7, 0.0353535353535354
4.69165349317274, 8, 2, 0, 7, 0.0353535353535354
4.66892307692308, 8, 4, 1, 4, 0.128378378378378
4.66219071062336, 8, 2, 4, 99, 0.6623678444522
4.65661647061074, 10, 14, 1, 12, 0.313063063063063
4.65000280817129, 7, 10, 4, 35, 0.0452335812040479
4.57398533887115, 8, 3, 4, 86, 0.339097714835584
4.56916688518722, 9, 2, 1, 12, 0.313063063063063
4.5680916429623, 6, 15, 4, 16, 0.0186420699741554
4.5608387386532, 8, 2, 0, 4, 0.0126262626262626
4.54807674554128, 12, 3, 0, 4, 0.0126262626262626
4.51414285714287, 11, 4, 0, 2, 0.00416666666666667
4.51059366048541, 11, 7, 4, 97, 0.601622068566827
4.44749999999999, 12, 1, 0, 7, 0.0353535353535354
4.37654545454549, 9, 4, 4, 82, 0.274718983341981
4.37335981159412, 5, 6, 0, 9, 0.0618686868686869
4.36166666666668, 7, 4, 0, 15, 0.275252525252525
4.3610734963824, 7, 17, 0, 15, 0.275252525252525
4.3606666666667, 12, 4, 1, 11, 0.272522522522523
4.35055619560426, 9, 10, 1, 20, 0.560810810810811
4.30991975950058, 11, 3, 0, 5, 0.0184343434343434
4.30991975950053, 11, 3, 0, 5, 0.0184343434343434
4.27859850739698, 9, 3, 1, 13, 0.326576576576577
4.27842587880225, 10, 11, 0, 8, 0.0467171717171717
4.25634340569501, 5, 26, 2, 4, 0.590909090909091
4.24720000000001, 8, 1, 4, 81, 0.26159379994883
4.24300000000001, 9, 1, 4, 14, 0.0167757737040485
4.23739999999999, 8, 1, 4, 13, 0.0149040473935306
4.22267536758385, 11, 6, 0, 10, 0.0808080808080808
4.21799999999993, 7, 9, 0, 15, 0.275252525252525
4.21099434153558, 6, 10, 0, 19, 0.70959595959596
4.20658662559066, 6, 34, 0, 10, 0.0808080808080808
4.20527272727276, 7, 9, 0, 17, 0.444444444444444
4.17787428410711, 6, 26, 0, 2, 0.00416666666666667
4.17678825973583, 8, 6, 3, 3, 0.800505050505051
4.17666666666668, 9, 1, 0, 11, 0.103535353535354
4.17568582191401, 7, 3, 0, 2, 0.00416666666666667
4.17568582191394, 7, 3, 0, 2, 0.00416666666666667
4.14935080382852, 9, 32, 2, 3, 0.363636363636364
4.1234584217081, 9, 5, 1, 5, 0.141891891891892
4.10957921609172, 15, 3, 0, 5, 0.0184343434343434
4.10699999999999, 13, 1, 3, 1, 0.0997474747474748
4.06839396941876, 7, 75, 4, 11, 0.00893715698736393
4.05666666666667, 6, 1, 0, 15, 0.275252525252525
4.03752590249692, 6, 12, 3, 1, 0.0997474747474748
4.035, 5, 1, 0, 10, 0.0808080808080808
4.035, 5, 1, 0, 10, 0.0808080808080808
4.01065930429188, 8, 30, 0, 13, 0.170454545454545
3.99798174082872, 11, 2, 4, 59, 0.0828015312645006
3.99490000000002, 8, 1, 0, 5, 0.0184343434343434
3.98580472386161, 6, 19, 2, 1, 0.0454545454545454
3.97656650688422, 8, 2, 4, 81, 0.26159379994883
3.95800455204549, 7, 15, 4, 93, 0.471038215796977
3.92244957477675, 8, 6, 4, 49, 0.0692091058226616
3.92179999999993, 10, 4, 4, 98, 0.624936765886549
3.88809734703236, 12, 2, 4, 80, 0.244079764845808
3.86221723884093, 7, 2, 4, 19, 0.0217556379075293
3.84700000000004, 6, 4, 2, 3, 0.363636363636364
3.84676937355664, 8, 3, 1, 13, 0.326576576576577
3.84174999999999, 12, 1, 2, 3, 0.363636363636364
3.83575999999999, 7, 4, 0, 11, 0.103535353535354
3.82666666666665, 10, 1, 0, 11, 0.103535353535354
3.82147724794282, 6, 34, 4, 14, 0.0167757737040485
3.81989794646778, 10, 7, 1, 19, 0.529279279279279
3.81989794646763, 10, 7, 1, 19, 0.529279279279279
3.80695896267504, 8, 7, 3, 2, 0.400252525252525
3.80333333333334, 14, 4, 4, 79, 0.228732574440079
3.79671139417604, 7, 15, 4, 35, 0.0452335812040479
3.78333333333335, 10, 1, 0, 14, 0.217171717171717
3.77587076050016, 11, 3, 0, 5, 0.0184343434343434
3.77587076050012, 11, 3, 0, 5, 0.0184343434343434
3.76451865190693, 11, 8, 4, 15, 0.0180125300509641
3.75975000000001, 11, 1, 4, 80, 0.244079764845808
3.72181818181818, 9, 1, 3, 1, 0.0997474747474748
3.72066666666665, 10, 1, 2, 4, 0.590909090909091
3.71832017198473, 9, 5, 4, 41, 0.0589841673467433
3.70623591115459, 7, 8, 4, 15, 0.0180125300509641
3.67837073379074, 8, 3, 4, 27, 0.0352394625411507
3.675, 12, 1, 0, 3, 0.00795454545454546
3.675, 12, 1, 0, 3, 0.00795454545454546
3.66807386114037, 9, 5, 0, 14, 0.217171717171717
3.66492668422073, 9, 14, 1, 20, 0.560810810810811
3.65866666666665, 14, 1, 4, 79, 0.228732574440079
3.65587854538505, 7, 7, 0, 17, 0.444444444444444
3.64948878657454, 6, 3, 4, 20, 0.0246350245742943
3.63015595809939, 10, 8, 0, 15, 0.275252525252525
3.62539250795939, 9, 11, 4, 61, 0.084023548930301
3.61311362135435, 7, 2, 4, 80, 0.244079764845808
3.59999999999999, 10, 1, 3, 2, 0.400252525252525
3.56108403095958, 8, 8, 3, 2, 0.400252525252525
3.54543340086936, 9, 2, 0, 13, 0.170454545454545
3.54299380864897, 8, 5, 4, 86, 0.339097714835584
3.535, 15, 1, 0, 8, 0.0467171717171717
3.51967157854725, 8, 3, 0, 10, 0.0808080808080808
3.51667772510113, 10, 2, 0, 10, 0.0808080808080808
3.50053212026401, 10, 2, 4, 84, 0.293759463138283
3.49963636363633, 10, 9, 0, 8, 0.0467171717171717
3.49899841049813, 7, 13, 0, 17, 0.444444444444444
3.48533447053441, 7, 23, 1, 10, 0.240990990990991
3.48, 7, 1, 4, 27, 0.0352394625411507
3.45657142857144, 8, 1, 0, 19, 0.70959595959596
3.45581421872978, 7, 7, 1, 21, 0.56981981981982
3.43795317012899, 8, 2, 4, 75, 0.204510284651682
3.41033333333334, 8, 9, 3, 3, 0.800505050505051
3.40180474976968, 14, 5, 4, 79, 0.228732574440079
3.35592878351138, 10, 2, 0, 9, 0.0618686868686869
3.35314709755151, 10, 27, 1, 12, 0.313063063063063
3.345, 7, 4, 3, 2, 0.400252525252525
3.33866666666665, 8, 1, 3, 2, 0.400252525252525
3.33750000000001, 12, 1, 0, 4, 0.0126262626262626
3.32934156853873, 14, 2, 2, 3, 0.363636363636364
3.30835739265635, 9, 7, 4, 82, 0.274718983341981
3.29995371672881, 10, 12, 0, 9, 0.0618686868686869
3.28068440098845, 11, 5, 0, 6, 0.026010101010101
3.27315630546417, 8, 5, 4, 4, 0.00326307504602002
3.26874999999998, 10, 1, 4, 75, 0.204510284651682
3.25198408667694, 10, 2, 4, 92, 0.455244555401909
3.25198408667694, 10, 2, 4, 92, 0.455244555401909
3.24510733971285, 11, 6, 0, 7, 0.0353535353535354
3.22499999999999, 8, 4, 0, 4, 0.0126262626262626
3.2116552099346, 12, 3, 4, 27, 0.0352394625411507
3.20751212090303, 7, 50, 4, 100, 0.705914182813912
3.20213629108245, 10, 6, 4, 98, 0.624936765886549
3.20099999999999, 10, 1, 4, 79, 0.228732574440079
3.20099999999999, 10, 1, 4, 79, 0.228732574440079
3.17695220045105, 7, 2, 0, 15, 0.275252525252525
3.17369442973533, 8, 3, 3, 2, 0.400252525252525
3.16577707025941, 7, 6, 4, 42, 0.0614175149797577
3.16573388643628, 5, 47, 2, 4, 0.590909090909091
3.158, 8, 1, 3, 2, 0.400252525252525
3.15799999999999, 8, 1, 3, 2, 0.400252525252525
3.14255411379586, 9, 7, 4, 41, 0.0589841673467433
3.1423010088482, 12, 3, 4, 13, 0.0149040473935306
3.14106234682895, 6, 6, 2, 3, 0.363636363636364
3.13466666666667, 8, 1, 2, 1, 0.0454545454545454
3.12447811285113, 9, 5, 2, 5, 0.863636363636364
3.12397086053934, 9, 7, 0, 5, 0.0184343434343434
3.11261538461547, 8, 9, 1, 4, 0.128378378378378
3.1016666666666, 10, 9, 0, 11, 0.103535353535354
3.09712770159712, 9, 2, 0, 6, 0.026010101010101
3.0958074029976, 10, 11, 0, 15, 0.275252525252525
3.08616666666674, 11, 4, 2, 5, 0.863636363636364
3.07333333333334, 8, 1, 0, 7, 0.0353535353535354
3.05752972185064, 11, 2, 1, 16, 0.414414414414414
3.0575297218506, 11, 2, 1, 16, 0.414414414414414
3.04338758622692, 10, 2, 0, 5, 0.0184343434343434
3.03499999999997, 10, 4, 0, 11, 0.103535353535354
3.02666666666667, 8, 1, 0, 5, 0.0184343434343434
3.01828529549479, 10, 2, 3, 1, 0.0997474747474748
3.01828529549477, 10, 2, 3, 1, 0.0997474747474748
3.00643486747992, 8, 40, 1, 6, 0.164414414414414
3.00509503438417, 9, 2, 0, 2, 0.00416666666666667
3.00337610032442, 7, 3, 4, 101, 0.73090184972689
2.98770516444647, 7, 3, 1, 5, 0.141891891891892
2.9790540181852, 5, 47, 1, 12, 0.313063063063063
2.97162183551902, 11, 3, 0, 4, 0.0126262626262626
2.96933333333335, 10, 1, 0, 11, 0.103535353535354
2.95, 8, 1, 0, 10, 0.0808080808080808
2.9444863728671, 11, 3, 3, 1, 0.0997474747474748
2.93438274315629, 10, 3, 0, 7, 0.0353535353535354
2.9309400430451, 7, 7, 4, 42, 0.0614175149797577
2.91656285597567, 6, 7, 4, 77, 0.212750155497395
2.91572541193058, 9, 10, 1, 5, 0.141891891891892
2.89998633100223, 9, 2, 0, 14, 0.217171717171717
2.89870266023027, 12, 2, 3, 2, 0.400252525252525
2.89527738073322, 11, 20, 0, 6, 0.026010101010101
2.89483424971677, 9, 3, 0, 13, 0.170454545454545
2.86849650901341, 6, 2, 0, 15, 0.275252525252525
2.86798746219952, 12, 3, 0, 4, 0.0126262626262626
2.85224523806626, 9, 6, 2, 5, 0.863636363636364
2.8492537186297, 8, 5, 4, 27, 0.0352394625411507
2.8295, 12, 1, 0, 4, 0.0126262626262626
2.82368449481141, 8, 24, 4, 72, 0.171932627919944
2.81034539419879, 11, 8, 0, 7, 0.0353535353535354
2.80707700879998, 8, 3, 4, 75, 0.204510284651682
2.80499999999999, 10, 1, 0, 20, 0.898989898989899
2.78969753434429, 8, 44, 4, 5, 0.00604237658698964
2.77892965006314, 10, 2, 0, 15, 0.275252525252525
2.77892965006314, 10, 2, 0, 15, 0.275252525252525
2.77776560899449, 10, 5, 4, 8, 0.00740754908006669
2.76467444738068, 9, 5, 0, 5, 0.0184343434343434
2.76363680229514, 10, 6, 4, 50, 0.0708643200456854
2.76363680229514, 10, 6, 4, 50, 0.0708643200456854
2.7603513826242, 11, 5, 2, 5, 0.863636363636364
2.75851007844178, 9, 19, 4, 61, 0.084023548930301
2.75767232147929, 10, 3, 0, 2, 0.00416666666666667
2.75064537881566, 9, 2, 0, 4, 0.0126262626262626
2.74775000000002, 10, 1, 3, 2, 0.400252525252525
2.7401043775739, 10, 3, 0, 9, 0.0618686868686869
2.73400000000004, 11, 16, 2, 1, 0.0454545454545454
2.73118106320327, 7, 6, 3, 2, 0.400252525252525
2.73, 7, 1, 0, 10, 0.0808080808080808
2.72800293254977, 7, 5, 2, 4, 0.590909090909091
2.72466666666666, 11, 1, 4, 80, 0.244079764845808
2.71387582619397, 8, 2, 0, 19, 0.70959595959596
2.71366666666668, 10, 1, 4, 65, 0.0928774452980315
2.70750000000001, 12, 1, 4, 79, 0.228732574440079
2.70749999999998, 12, 1, 4, 79, 0.228732574440079
2.70586194934053, 10, 2, 0, 11, 0.103535353535354
2.69666956118506, 7, 2, 0, 17, 0.444444444444444
2.68266666666666, 10, 1, 0, 13, 0.170454545454545
2.68100000000001, 10, 1, 0, 5, 0.0184343434343434
2.67522065548908, 10, 2, 0, 14, 0.217171717171717
2.66755069374581, 13, 3, 3, 2, 0.400252525252525
2.63594521567805, 6, 8, 2, 3, 0.363636363636364
2.63583333333334, 8, 1, 3, 1, 0.0997474747474748
2.63502662858147, 9, 3, 3, 1, 0.0997474747474748
2.63502662858145, 9, 3, 3, 1, 0.0997474747474748
2.63090863053476, 10, 2, 2, 4, 0.590909090909091
2.62714290518889, 6, 40, 2, 4, 0.590909090909091
2.62424999999999, 8, 1, 0, 20, 0.898989898989899
2.61666666666666, 9, 1, 0, 15, 0.275252525252525
2.60413838917981, 13, 3, 0, 9, 0.0618686868686869
2.60154031296847, 10, 3, 2, 3, 0.363636363636364
2.60154031296842, 10, 3, 2, 3, 0.363636363636364
2.59451620152969, 11, 2, 4, 88, 0.375097158937352
2.58742857142852, 7, 4, 1, 5, 0.141891891891892
2.58706801010121, 14, 2, 4, 79, 0.228732574440079
2.5772091230526, 10, 3, 0, 14, 0.217171717171717
2.57350000000002, 11, 4, 0, 4, 0.0126262626262626
2.56776532222084, 12, 3, 0, 7, 0.0353535353535354
2.56207054911114, 12, 3, 4, 32, 0.0409687585124503
2.55613315762909, 10, 20, 0, 9, 0.0618686868686869
2.54558441227159, 10, 2, 3, 2, 0.400252525252525
2.54344229608106, 7, 7, 3, 3, 0.800505050505051
2.53574147251388, 10, 6, 4, 8, 0.00740754908006669
2.5355, 10, 1, 0, 18, 0.558080808080808
2.53362473764851, 9, 5, 3, 2, 0.400252525252525
2.52879417905057, 9, 3, 0, 6, 0.026010101010101
2.52437120883601, 8, 2, 1, 3, 0.105855855855856
2.52437120883593, 8, 2, 1, 3, 0.105855855855856
2.52379093164763, 9, 6, 0, 5, 0.0184343434343434
2.51830169076586, 8, 7, 1, 13, 0.326576576576577
2.51695283823544, 7, 27, 0, 16, 0.351010101010101
2.51500148577874, 8, 5, 4, 81, 0.26159379994883
2.49764257250712, 10, 2, 3, 1, 0.0997474747474748
2.49204575870744, 8, 7, 4, 99, 0.6623678444522
2.49087477462385, 10, 14, 1, 18, 0.475225225225225
2.48666666666665, 10, 4, 0, 10, 0.0808080808080808
2.47848405294288, 7, 5, 1, 13, 0.326576576576577
2.4730148926859, 9, 11, 0, 14, 0.217171717171717
2.47025000000002, 9, 9, 1, 13, 0.326576576576577
2.47, 9, 1, 0, 13, 0.170454545454545
2.4423224324804, 9, 7, 1, 12, 0.313063063063063
2.43729999999999, 10, 4, 4, 77, 0.212750155497395
2.43708729052669, 7, 55, 4, 68, 0.0971476980300399
2.43401589520797, 12, 5, 4, 13, 0.0149040473935306
2.42849999999999, 7, 1, 3, 3, 0.800505050505051
2.40600000000002, 8, 1, 0, 14, 0.217171717171717
2.40488888888889, 9, 1, 4, 68, 0.0971476980300399
2.38915123033861, 6, 7, 4, 20, 0.0246350245742943
2.3882142857143, 10, 4, 0, 2, 0.00416666666666667
2.38648538650462, 9, 2, 0, 10, 0.0808080808080808
2.38333333333334, 8, 1, 4, 82, 0.274718983341981
2.38296666666668, 9, 4, 0, 8, 0.0467171717171717
2.38181729623682, 11, 3, 4, 86, 0.339097714835584
2.378, 8, 1, 3, 1, 0.0997474747474748
2.37117755556184, 13, 3, 3, 1, 0.0997474747474748
2.36790000000002, 7, 4, 4, 1, 0.000100050649348366
2.36782892400053, 9, 3, 0, 14, 0.217171717171717
2.3607938401215, 8, 2, 3, 2, 0.400252525252525
2.33361111111108, 10, 4, 0, 6, 0.026010101010101
2.33309882452503, 11, 2, 0, 4, 0.0126262626262626
2.33309882452499, 11, 2, 0, 4, 0.0126262626262626
2.32000000000001, 11, 1, 0, 8, 0.0467171717171717
2.30666666666666, 9, 1, 0, 20, 0.898989898989899
2.29666666666668, 9, 1, 0, 2, 0.00416666666666667
2.28776060780317, 8, 5, 3, 3, 0.800505050505051
2.28513369769176, 7, 5, 4, 80, 0.244079764845808
2.28, 12, 1, 0, 4, 0.0126262626262626
2.27041885913551, 9, 2, 4, 91, 0.438747575486957
2.26480000000001, 14, 1, 0, 11, 0.103535353535354
2.24794163302658, 6, 11, 2, 3, 0.363636363636364
2.2441408526799, 8, 6, 3, 2, 0.400252525252525
2.244, 13, 1, 4, 64, 0.0917218809839261
2.244, 13, 1, 4, 64, 0.0917218809839261
2.239, 8, 1, 4, 21, 0.0272340315353993
2.2353333333333, 9, 1, 4, 3, 0.000573791508306289
2.23192857142857, 10, 4, 0, 14, 0.217171717171717
2.22985216251357, 7, 6, 4, 19, 0.0217556379075293
2.2268, 10, 1, 0, 2, 0.00416666666666667
2.22663583621283, 9, 5, 2, 5, 0.863636363636364
2.22385082683168, 13, 2, 0, 9, 0.0618686868686869
2.22385082683168, 13, 2, 0, 9, 0.0618686868686869
2.21803539665926, 12, 3, 2, 3, 0.363636363636364
2.21778099292935, 8, 7, 1, 14, 0.353603603603604
2.21654405675942, 8, 2, 2, 1, 0.0454545454545454
2.21587033314977, 8, 3, 0, 19, 0.70959595959596
2.19666666666667, 12, 1, 0, 2, 0.00416666666666667
2.18296136303422, 8, 5, 4, 58, 0.081739484313027
2.18000000000001, 11, 1, 0, 6, 0.026010101010101
2.1777713448873, 12, 6, 2, 3, 0.363636363636364
2.17317484084667, 8, 2, 0, 7, 0.0353535353535354
2.17069267458566, 11, 3, 4, 80, 0.244079764845808
2.16500000000001, 10, 1, 1, 23, 0.698198198198198
2.16499999999999, 10, 1, 1, 23, 0.698198198198198
2.16166666666668, 9, 1, 0, 18, 0.558080808080808
2.16000000000001, 9, 1, 0, 13, 0.170454545454545
2.16, 9, 1, 0, 13, 0.170454545454545
2.15314014871305, 8, 2, 4, 27, 0.0352394625411507
2.15314014871301, 8, 2, 4, 27, 0.0352394625411507
2.15000000000001, 10, 1, 0, 7, 0.0353535353535354
2.14970563006154, 8, 2, 3, 3, 0.800505050505051
2.1439477605576, 10, 2, 0, 15, 0.275252525252525
2.14308084404963, 10, 24, 0, 8, 0.0467171717171717
2.14228277157237, 8, 11, 2, 1, 0.0454545454545454
2.14017652439131, 8, 2, 0, 5, 0.0184343434343434
2.13999999999999, 10, 1, 0, 14, 0.217171717171717
2.1360242231591, 8, 7, 1, 4, 0.128378378378378
2.12359999999995, 8, 4, 4, 81, 0.26159379994883
2.12133333333334, 10, 1, 0, 17, 0.444444444444444
2.12132034355964, 9, 2, 0, 2, 0.00416666666666667
2.12132034355964, 9, 2, 0, 2, 0.00416666666666667
2.11841360771055, 11, 3, 4, 88, 0.375097158937352
2.10660000000001, 9, 1, 3, 1, 0.0997474747474748
2.10588184550375, 10, 2, 1, 4, 0.128378378378378
2.09999999999997, 13, 1, 0, 8, 0.0467171717171717
2.09963573560322, 10, 2, 0, 11, 0.103535353535354
2.0955, 13, 1, 4, 97, 0.601622068566827
2.0955, 13, 1, 4, 97, 0.601622068566827
2.08724523099731, 10, 5, 0, 6, 0.026010101010101
2.08500000000001, 7, 1, 0, 15, 0.275252525252525
2.08499999999999, 7, 1, 0, 15, 0.275252525252525
2.08452314690918, 9, 3, 4, 87, 0.357350407816721
2.08452314690915, 9, 3, 4, 87, 0.357350407816721
2.08206628136572, 11, 6, 3, 1, 0.0997474747474748
2.08075000000001, 13, 1, 4, 97, 0.601622068566827
2.07808972202636, 9, 41, 4, 47, 0.0673431543170252
2.06271428571432, 11, 4, 4, 86, 0.339097714835584
2.06199999999998, 11, 1, 0, 4, 0.0126262626262626
2.05428662070314, 9, 2, 0, 15, 0.275252525252525
2.04774999999999, 11, 1, 4, 56, 0.078725036164931
2.04093320158534, 15, 3, 0, 8, 0.0467171717171717
2.03931662083161, 10, 3, 3, 1, 0.0997474747474748
2.03263112473873, 9, 6, 2, 5, 0.863636363636364
2.03208333333329, 8, 9, 0, 10, 0.0808080808080808
2.02103316194133, 10, 6, 4, 84, 0.293759463138283
2.01902556254797, 11, 2, 4, 31, 0.0395255744388036
2.01666666666667, 11, 1, 0, 8, 0.0467171717171717
2.00966666666665, 9, 1, 4, 2, 0.000339506812356317
2.00917893677989, 7, 3, 4, 27, 0.0352394625411507
2.00587979238456, 12, 3, 3, 1, 0.0997474747474748
2.00576420905513, 13, 8, 4, 39, 0.051987603372886
2.005, 12, 4, 4, 71, 0.160308462840372
2.00333333333333, 12, 1, 0, 2, 0.00416666666666667
1.98700727260593, 9, 5, 0, 13, 0.170454545454545
1.98000000000002, 10, 1, 0, 9, 0.0618686868686869
1.97077777777776, 9, 4, 4, 88, 0.375097158937352
1.95130044639434, 11, 2, 3, 2, 0.400252525252525
1.95, 6, 1, 0, 11, 0.103535353535354
1.95, 6, 1, 0, 11, 0.103535353535354
1.94855715851496, 9, 3, 0, 10, 0.0808080808080808
1.94605555555555, 9, 4, 0, 7, 0.0353535353535354
1.94258614125739, 7, 12, 3, 3, 0.800505050505051
1.93666666666667, 9, 1, 0, 5, 0.0184343434343434
1.93040151263927, 7, 2, 0, 10, 0.0808080808080808
1.92898937270266, 7, 10, 2, 4, 0.590909090909091
1.9286, 10, 1, 0, 2, 0.00416666666666667
1.9269065234204, 12, 3, 0, 4, 0.0126262626262626
1.92663027647295, 11, 2, 4, 80, 0.244079764845808
1.92375000000001, 12, 1, 4, 3, 0.000573791508306289
1.9210044340694, 10, 7, 0, 7, 0.0353535353535354
1.91631025671729, 11, 5, 0, 14, 0.217171717171717
1.90733333333334, 12, 1, 2, 4, 0.590909090909091
1.90683333333337, 7, 4, 0, 17, 0.444444444444444
1.905, 7, 1, 0, 14, 0.217171717171717
1.905, 7, 1, 0, 14, 0.217171717171717
1.89752728570633, 9, 5, 4, 14, 0.0167757737040485
1.8969317916631, 10, 2, 0, 13, 0.170454545454545
1.8925, 13, 1, 4, 77, 0.212750155497395
1.88845238095237, 9, 9, 3, 2, 0.400252525252525
1.88825, 11, 1, 4, 88, 0.375097158937352
1.8872136924136, 10, 3, 4, 75, 0.204510284651682
1.86786211720484, 9, 5, 0, 11, 0.103535353535354
1.86619621690753, 9, 2, 4, 102, 0.786411515216059
1.8565, 8, 1, 3, 2, 0.400252525252525
1.85425000000004, 12, 9, 4, 27, 0.0352394625411507
1.8502627441048, 9, 2, 0, 15, 0.275252525252525
1.8475, 7, 1, 0, 10, 0.0808080808080808
1.84001530790733, 8, 3, 1, 3, 0.105855855855856
1.83725, 8, 1, 3, 1, 0.0997474747474748
1.82081841145678, 8, 3, 3, 3, 0.800505050505051
1.81700000000001, 8, 1, 4, 25, 0.0319165363830463
1.81699999999999, 8, 1, 4, 25, 0.0319165363830463
1.81221366492665, 9, 2, 4, 97, 0.601622068566827
1.79666666666667, 11, 1, 0, 11, 0.103535353535354
1.79138431945802, 10, 2, 0, 11, 0.103535353535354
1.79000000000001, 9, 1, 0, 10, 0.0808080808080808
1.78999999999999, 9, 1, 0, 10, 0.0808080808080808
1.788, 7, 1, 0, 15, 0.275252525252525
1.779, 12, 1, 2, 4, 0.590909090909091
1.77628703703704, 8, 16, 2, 1, 0.0454545454545454
1.77116666666667, 12, 1, 4, 57, 0.0798737051896258
1.77, 10, 1, 0, 14, 0.217171717171717
1.77, 10, 1, 0, 14, 0.217171717171717
1.76784652425864, 12, 3, 1, 12, 0.313063063063063
1.76784652425859, 12, 3, 1, 12, 0.313063063063063
1.76476174914634, 11, 2, 2, 4, 0.590909090909091
1.76271723186287, 9, 5, 4, 88, 0.375097158937352
1.75786745802979, 8, 2, 4, 17, 0.0191899869089483
1.75786745802979, 8, 2, 4, 17, 0.0191899869089483
1.75033333333333, 9, 1, 0, 14, 0.217171717171717
1.7493439246377, 11, 6, 0, 14, 0.217171717171717
1.74655374953077, 9, 2, 0, 13, 0.170454545454545
1.74584664274958, 9, 2, 0, 14, 0.217171717171717
1.7443195007892, 12, 3, 1, 11, 0.272522522522523
1.74060500408533, 9, 5, 0, 7, 0.0353535353535354
1.73966088649488, 9, 5, 0, 4, 0.0126262626262626
1.73948268171891, 10, 2, 4, 37, 0.0486682110506046
1.73714285714283, 12, 4, 3, 1, 0.0997474747474748
1.7363809345878, 11, 3, 0, 15, 0.275252525252525
1.7363809345878, 11, 3, 0, 15, 0.275252525252525
1.73399999999997, 7, 9, 4, 101, 0.73090184972689
1.73350000000001, 11, 1, 3, 2, 0.400252525252525
1.73349999999999, 11, 1, 3, 2, 0.400252525252525
1.71725932573875, 9, 2, 0, 8, 0.0467171717171717
1.71052146484428, 13, 11, 4, 39, 0.051987603372886
1.70533333333333, 9, 1, 0, 14, 0.217171717171717
1.70395786262079, 8, 11, 1, 4, 0.128378378378378
1.70318329410937, 8, 3, 0, 10, 0.0808080808080808
1.70129891553482, 8, 2, 0, 14, 0.217171717171717
1.69815238117789, 7, 7, 0, 15, 0.275252525252525
1.69630000000004, 11, 4, 0, 13, 0.170454545454545
1.69500000000001, 15, 1, 0, 8, 0.0467171717171717
1.69499999999999, 15, 1, 0, 8, 0.0467171717171717
1.69250000000001, 6, 1, 0, 13, 0.170454545454545
1.68527116182793, 8, 2, 4, 82, 0.274718983341981
1.68299999999999, 9, 1, 0, 19, 0.70959595959596
1.6814999256616, 8, 2, 3, 1, 0.0997474747474748
1.67999999999998, 11, 1, 0, 5, 0.0184343434343434
1.67932765061944, 9, 7, 0, 13, 0.170454545454545
1.67895434124932, 9, 2, 2, 1, 0.0454545454545454
1.67731800204971, 9, 3, 0, 15, 0.275252525252525
1.67406290930321, 7, 21, 0, 11, 0.103535353535354
1.67342857142856, 9, 1, 4, 50, 0.0708643200456854
1.66999999999999, 8, 1, 4, 13, 0.0149040473935306
1.66666666666666, 16, 1, 0, 6, 0.026010101010101
1.64999999999999, 9, 1, 0, 8, 0.0467171717171717
1.64999999999999, 9, 1, 0, 8, 0.0467171717171717
1.64133333333334, 11, 1, 4, 75, 0.204510284651682
1.64048773235279, 11, 2, 0, 8, 0.0467171717171717
1.63361258667208, 12, 3, 0, 4, 0.0126262626262626
1.63105964193697, 9, 2, 0, 20, 0.898989898989899
1.62475000000001, 12, 1, 4, 71, 0.160308462840372
1.62433333333334, 13, 1, 3, 1, 0.0997474747474748
1.62398857412511, 9, 2, 0, 2, 0.00416666666666667
1.6194675050769, 10, 3, 0, 20, 0.898989898989899
1.61500000000001, 17, 1, 0, 8, 0.0467171717171717
1.61499999999999, 17, 1, 0, 8, 0.0467171717171717
1.61228571428572, 8, 1, 1, 23, 0.698198198198198
1.61220346110535, 12, 2, 0, 4, 0.0126262626262626
1.61199999999997, 9, 4, 4, 45, 0.0660434784542375
1.60972858737117, 13, 2, 2, 5, 0.863636363636364
1.60972858737117, 13, 2, 2, 5, 0.863636363636364
1.60933333333332, 10, 1, 3, 3, 0.800505050505051
1.60907520023149, 10, 3, 2, 3, 0.363636363636364
1.59987960006181, 8, 2, 4, 30, 0.0378992342401869
1.59985457681465, 7, 12, 1, 13, 0.326576576576577
1.595, 8, 1, 0, 19, 0.70959595959596
1.595, 8, 1, 0, 19, 0.70959595959596
1.59167221354591, 9, 3, 3, 2, 0.400252525252525
1.59163117587558, 7, 33, 1, 21, 0.56981981981982
1.58866666666668, 13, 1, 4, 6, 0.00648491626136443
1.58679514839667, 10, 5, 0, 14, 0.217171717171717
1.58641420216578, 10, 3, 3, 2, 0.400252525252525
1.58321208307668, 8, 2, 4, 21, 0.0272340315353993
1.58061935821235, 9, 2, 4, 3, 0.000573791508306289
1.58000000000001, 12, 1, 0, 3, 0.00795454545454546
1.57999999999998, 12, 1, 0, 3, 0.00795454545454546
1.575, 15, 1, 4, 66, 0.0931101613156405
1.575, 15, 1, 4, 66, 0.0931101613156405
1.57451666268998, 7, 3, 4, 82, 0.274718983341981
1.565, 12, 1, 0, 6, 0.026010101010101
1.565, 12, 1, 0, 6, 0.026010101010101
1.56205489842123, 8, 11, 0, 17, 0.444444444444444
1.56200000000001, 8, 1, 3, 3, 0.800505050505051
1.562, 8, 1, 3, 3, 0.800505050505051
1.55700000000002, 9, 1, 4, 82, 0.274718983341981
1.55666666666666, 14, 1, 0, 2, 0.00416666666666667
1.55327789600644, 12, 2, 0, 2, 0.00416666666666667
1.5504, 10, 1, 0, 7, 0.0353535353535354
1.54999999999998, 12, 1, 0, 3, 0.00795454545454546
1.54999999999998, 6, 1, 0, 7, 0.0353535353535354
1.529, 13, 1, 4, 84, 0.293759463138283
1.529, 13, 1, 4, 84, 0.293759463138283
1.52852915866492, 9, 2, 0, 18, 0.558080808080808
1.52374283044529, 9, 3, 4, 102, 0.786411515216059
1.52027957955108, 10, 2, 0, 7, 0.0353535353535354
1.51511144392089, 8, 3, 0, 20, 0.898989898989899
1.5145, 14, 1, 4, 67, 0.0942557274601005
1.5145, 14, 1, 4, 67, 0.0942557274601005
1.51320851173922, 10, 2, 0, 14, 0.217171717171717
1.512, 9, 1, 4, 47, 0.0673431543170252
1.512, 9, 1, 4, 47, 0.0673431543170252
1.51000000000002, 9, 1, 0, 6, 0.026010101010101
1.50999999999999, 9, 1, 0, 6, 0.026010101010101
1.50350000000003, 13, 9, 0, 9, 0.0618686868686869
1.50236620776103, 7, 2, 3, 3, 0.800505050505051
1.50000918515704, 10, 2, 0, 17, 0.444444444444444
1.5, 9, 1, 0, 10, 0.0808080808080808
1.5, 9, 1, 0, 10, 0.0808080808080808
1.4962379489907, 12, 2, 4, 95, 0.534067194388448
1.48999999999999, 11, 1, 0, 6, 0.026010101010101
1.48999999999999, 11, 1, 0, 6, 0.026010101010101
1.48492424049181, 13, 2, 0, 8, 0.0467171717171717
1.48174999999999, 8, 1, 3, 2, 0.400252525252525
1.477, 10, 1, 3, 3, 0.800505050505051
1.47674312235516, 8, 12, 3, 3, 0.800505050505051
1.47333333333334, 12, 1, 0, 3, 0.00795454545454546
1.47270139470268, 10, 2, 2, 5, 0.863636363636364
1.47175225072028, 8, 11, 4, 58, 0.081739484313027
1.46640000000002, 17, 1, 0, 7, 0.0353535353535354
1.46605729069221, 9, 3, 0, 1, 0.00126262626262626
1.46441814383736, 8, 2, 0, 18, 0.558080808080808
1.46441814383732, 8, 2, 0, 18, 0.558080808080808
1.4638716075303, 10, 3, 0, 18, 0.558080808080808
1.46265917196499, 10, 3, 0, 11, 0.103535353535354
1.4592, 12, 1, 3, 1, 0.0997474747474748
1.4585, 11, 1, 4, 35, 0.0452335812040479
1.4585, 11, 1, 4, 35, 0.0452335812040479
1.45805418280667, 11, 2, 0, 4, 0.0126262626262626
1.44853916152773, 10, 6, 0, 14, 0.217171717171717
1.4418166318919, 9, 5, 4, 45, 0.0660434784542375
1.43879534588801, 9, 33, 0, 5, 0.0184343434343434
1.43698296750142, 9, 11, 0, 8, 0.0467171717171717
1.43533333333333, 11, 1, 0, 17, 0.444444444444444
1.4346666666666, 10, 9, 0, 5, 0.0184343434343434
1.42599867539288, 11, 2, 0, 8, 0.0467171717171717
1.42547781462915, 9, 3, 0, 14, 0.217171717171717
1.42174999999999, 11, 1, 4, 99, 0.6623678444522
1.42104892792459, 9, 2, 4, 2, 0.000339506812356317
1.41854961139894, 9, 3, 3, 3, 0.800505050505051
1.41854961139892, 9, 3, 3, 3, 0.800505050505051
1.41774909627902, 9, 2, 0, 9, 0.0618686868686869
1.41774909627902, 9, 2, 0, 9, 0.0618686868686869
1.41657058497705, 12, 2, 0, 2, 0.00416666666666667
1.41113937658051, 8, 6, 0, 19, 0.70959595959596
1.41039987680801, 8, 5, 3, 3, 0.800505050505051
1.40007142674934, 10, 2, 0, 9, 0.0618686868686869
1.40000000000001, 9, 1, 0, 5, 0.0184343434343434
1.39999999999999, 9, 1, 0, 5, 0.0184343434343434
1.39748790150425, 11, 13, 4, 66, 0.0931101613156405
1.39529845597636, 9, 2, 3, 1, 0.0997474747474748
1.39500000000001, 9, 1, 0, 5, 0.0184343434343434
1.395, 9, 1, 0, 5, 0.0184343434343434
1.39350000000002, 10, 4, 2, 3, 0.363636363636364
1.39, 11, 1, 0, 8, 0.0467171717171717
1.38999999999999, 11, 1, 0, 8, 0.0467171717171717
1.38849999999999, 10, 4, 0, 11, 0.103535353535354
1.38849999999999, 10, 4, 0, 11, 0.103535353535354
1.38656568722865, 11, 8, 0, 10, 0.0808080808080808
1.38502315022766, 11, 6, 0, 13, 0.170454545454545
1.37842857142857, 9, 4, 3, 2, 0.400252525252525
1.37450603372077, 11, 3, 0, 8, 0.0467171717171717
1.37207291472916, 8, 3, 0, 18, 0.558080808080808
1.37207291472916, 8, 3, 0, 18, 0.558080808080808
1.3717871555019, 14, 2, 0, 11, 0.103535353535354
1.3717871555019, 14, 2, 0, 11, 0.103535353535354
1.37100000000001, 9, 1, 4, 6, 0.00648491626136443
1.371, 9, 1, 4, 6, 0.00648491626136443
1.37086047916387, 9, 3, 2, 1, 0.0454545454545454
1.36943013289793, 9, 2, 0, 5, 0.0184343434343434
1.36357142857145, 7, 4, 4, 82, 0.274718983341981
1.36033333333334, 13, 1, 1, 15, 0.38963963963964
1.36000000000001, 12, 1, 0, 13, 0.170454545454545
1.36000000000001, 12, 1, 0, 13, 0.170454545454545
1.35959321797645, 8, 5, 3, 3, 0.800505050505051
1.35729326234243, 10, 20, 0, 11, 0.103535353535354
1.3511440754042, 12, 5, 1, 11, 0.272522522522523
1.3501496879976, 10, 2, 2, 5, 0.863636363636364
1.34868833398314, 12, 2, 2, 4, 0.590909090909091
1.34617417653886, 11, 2, 0, 10, 0.0808080808080808
1.33166666666668, 10, 1, 0, 18, 0.558080808080808
1.33163333333331, 8, 9, 0, 5, 0.0184343434343434
1.33024999999999, 14, 1, 4, 40, 0.0550596271875607
1.325, 12, 1, 0, 11, 0.103535353535354
1.325, 12, 1, 0, 11, 0.103535353535354
1.32158257403766, 10, 2, 4, 3, 0.000573791508306289
1.31333333333333, 12, 1, 0, 3, 0.00795454545454546
1.3133329949238, 16, 2, 0, 7, 0.0353535353535354
1.30999999999997, 14, 1, 3, 2, 0.400252525252525
1.30828896655137, 9, 2, 1, 2, 0.0788288288288288
1.30733333333333, 12, 1, 0, 8, 0.0467171717171717
1.30587520195356, 14, 13, 2, 3, 0.363636363636364
1.30322222222225, 11, 4, 4, 99, 0.6623678444522
1.30213713755504, 11, 2, 3, 1, 0.0997474747474748
1.302137137555, 11, 2, 3, 1, 0.0997474747474748
1.2960324490108, 12, 18, 4, 80, 0.244079764845808
1.29414708077042, 10, 6, 3, 3, 0.800505050505051
1.29414708077042, 10, 6, 3, 3, 0.800505050505051
1.28866666666667, 12, 1, 4, 11, 0.00893715698736393
1.28806845056206, 8, 3, 4, 86, 0.339097714835584
1.28806845056204, 8, 3, 4, 86, 0.339097714835584
1.28792429125317, 8, 2, 4, 29, 0.0366148142052202
1.28666666666666, 11, 1, 0, 10, 0.0808080808080808
1.28566666666667, 12, 1, 4, 90, 0.412079181780135
1.28500000000001, 11, 1, 0, 16, 0.351010101010101
1.285, 11, 1, 0, 16, 0.351010101010101
1.28166666666665, 7, 1, 4, 14, 0.0167757737040485
1.27816707625797, 8, 6, 2, 2, 0.181818181818182
1.27325, 12, 1, 4, 99, 0.6623678444522
1.27043518353184, 11, 2, 0, 11, 0.103535353535354
1.27019948127142, 7, 2, 2, 4, 0.590909090909091
1.27000000000001, 9, 1, 0, 16, 0.351010101010101
1.27, 9, 1, 0, 16, 0.351010101010101
1.26964285714286, 9, 4, 0, 1, 0.00126262626262626
1.26950000000001, 12, 1, 4, 28, 0.0358931359772792
1.26949999999999, 12, 1, 4, 28, 0.0358931359772792
1.26600000000002, 11, 1, 4, 91, 0.438747575486957
1.26599999999999, 11, 1, 4, 91, 0.438747575486957
1.26333333333335, 14, 1, 0, 8, 0.0467171717171717
1.25862358683337, 11, 3, 0, 6, 0.026010101010101
1.25829651712149, 11, 2, 2, 3, 0.363636363636364
1.25829651712145, 11, 2, 2, 3, 0.363636363636364
1.25733333333332, 11, 1, 2, 5, 0.863636363636364
1.25500000000001, 10, 1, 4, 91, 0.438747575486957
1.25111803333395, 11, 3, 1, 13, 0.326576576576577
1.2511180333339, 11, 3, 1, 13, 0.326576576576577
1.25, 15, 1, 0, 11, 0.103535353535354
1.25, 15, 1, 0, 11, 0.103535353535354
1.24700000000001, 9, 1, 2, 3, 0.363636363636364
1.24699999999999, 9, 1, 2, 3, 0.363636363636364
1.24333333333333, 13, 1, 0, 2, 0.00416666666666667
1.239, 9, 1, 2, 3, 0.363636363636364
1.23899999999999, 9, 1, 2, 3, 0.363636363636364
1.23767256933688, 9, 2, 0, 14, 0.217171717171717
1.23666666666668, 9, 1, 4, 78, 0.219710950157435
1.2363956014696, 9, 3, 1, 6, 0.164414414414414
1.2363956014696, 9, 3, 1, 6, 0.164414414414414
1.23601096732607, 12, 11, 3, 2, 0.400252525252525
1.232, 12, 1, 0, 1, 0.00126262626262626
1.23, 11, 1, 0, 14, 0.217171717171717
1.22999999999999, 11, 1, 0, 14, 0.217171717171717
1.22666666666666, 11, 1, 0, 4, 0.0126262626262626
1.22533333333332, 8, 1, 0, 10, 0.0808080808080808
1.22167316960526, 12, 3, 4, 95, 0.534067194388448
1.22051846906682, 12, 3, 0, 7, 0.0353535353535354
1.21724999999999, 12, 1, 0, 3, 0.00795454545454546
1.21429519060132, 14, 2, 1, 2, 0.0788288288288288
1.21358862698841, 10, 5, 4, 65, 0.0928774452980315
1.21266666666666, 12, 1, 2, 4, 0.590909090909091
1.20699999999999, 12, 1, 4, 6, 0.00648491626136443
1.20660701141673, 9, 2, 0, 14, 0.217171717171717
1.20633333333333, 12, 1, 4, 45, 0.0660434784542375
1.20585276418346, 9, 2, 0, 14, 0.217171717171717
1.20457277548043, 8, 7, 1, 3, 0.105855855855856
1.20208152801712, 11, 2, 2, 4, 0.590909090909091
1.20132157261632, 13, 3, 4, 97, 0.601622068566827
1.2, 8, 1, 0, 14, 0.217171717171717
1.2, 8, 1, 0, 14, 0.217171717171717
1.19925310089238, 10, 2, 4, 19, 0.0217556379075293
1.19897964953537, 10, 5, 0, 5, 0.0184343434343434
1.19500000000001, 10, 1, 0, 14, 0.217171717171717
1.19499999999999, 10, 1, 0, 14, 0.217171717171717
1.19499999999999, 10, 1, 0, 15, 0.275252525252525
1.19499999999999, 10, 1, 0, 15, 0.275252525252525
1.19296493692851, 13, 15, 3, 2, 0.400252525252525
1.19241773534093, 12, 2, 0, 1, 0.00126262626262626
1.19200000000001, 9, 1, 1, 23, 0.698198198198198
1.19199999999999, 9, 1, 1, 23, 0.698198198198198
1.19035714285707, 11, 4, 0, 8, 0.0467171717171717
1.18999999999997, 11, 1, 0, 6, 0.026010101010101
1.1879393923934, 11, 2, 0, 5, 0.0184343434343434
1.18733333333333, 8, 1, 4, 20, 0.0246350245742943
1.18600000000001, 10, 1, 4, 6, 0.00648491626136443
1.18599999999998, 10, 1, 4, 6, 0.00648491626136443
1.18226901373309, 11, 3, 4, 56, 0.078725036164931
1.18086832458155, 8, 2, 4, 13, 0.0149040473935306
1.18086832458153, 14, 2, 3, 1, 0.0997474747474748
1.17878050213862, 8, 5, 3, 1, 0.0997474747474748
1.17851130197759, 16, 2, 0, 6, 0.026010101010101
1.1769422491572, 9, 10, 3, 1, 0.0997474747474748
1.1768, 10, 1, 3, 3, 0.800505050505051
1.17474006581126, 10, 2, 3, 1, 0.0997474747474748
1.17000000000002, 12, 1, 0, 6, 0.026010101010101
1.16999999999999, 12, 1, 0, 6, 0.026010101010101
1.16563739147086, 11, 5, 4, 99, 0.6623678444522
1.16059793018754, 11, 2, 4, 75, 0.204510284651682
1.15758728972513, 12, 12, 4, 71, 0.160308462840372
1.15666666666668, 10, 1, 1, 23, 0.698198198198198
1.15666666666664, 12, 1, 0, 9, 0.0618686868686869
1.155, 11, 1, 4, 78, 0.219710950157435
1.155, 11, 1, 4, 78, 0.219710950157435
1.1525, 11, 1, 4, 33, 0.042748691282689
1.1525, 11, 1, 4, 33, 0.042748691282689
1.15075005185892, 8, 26, 1, 14, 0.353603603603604
1.14857711490735, 13, 2, 3, 1, 0.0997474747474748
1.14700000000001, 8, 1, 3, 2, 0.400252525252525
1.14699999999999, 8, 1, 3, 2, 0.400252525252525
1.1461445576099, 9, 5, 4, 97, 0.601622068566827
1.13797051318954, 10, 2, 3, 3, 0.800505050505051
1.13249278647971, 8, 14, 4, 13, 0.0149040473935306
1.13239999999996, 14, 4, 0, 11, 0.103535353535354
1.13212614285396, 11, 12, 0, 10, 0.0808080808080808
1.125, 11, 1, 0, 10, 0.0808080808080808
1.125, 11, 1, 0, 10, 0.0808080808080808
1.125, 9, 1, 0, 11, 0.103535353535354
1.125, 9, 1, 0, 11, 0.103535353535354
1.12335697304502, 13, 2, 4, 6, 0.00648491626136443
1.11800000000001, 11, 1, 4, 22, 0.0286232599694077
1.118, 11, 1, 4, 22, 0.0286232599694077
1.11345747810842, 6, 2, 3, 1, 0.0997474747474748
1.11340000000001, 10, 4, 0, 2, 0.00416666666666667
1.11067758035357, 12, 3, 4, 3, 0.000573791508306289
1.10239260399067, 10, 3, 2, 5, 0.863636363636364
1.10072955604706, 14, 2, 0, 2, 0.00416666666666667
1.10014544492994, 10, 5, 4, 37, 0.0486682110506046
1.09800000000001, 11, 1, 4, 27, 0.0352394625411507
1.09666666666666, 9, 1, 0, 11, 0.103535353535354
1.09601551083916, 12, 2, 0, 3, 0.00795454545454546
1.095, 12, 1, 4, 54, 0.0761223229857679
1.095, 12, 1, 4, 54, 0.0761223229857679
1.09133333333335, 13, 1, 2, 3, 0.363636363636364
1.09018164579729, 11, 3, 4, 88, 0.375097158937352
1.09, 10, 1, 0, 4, 0.0126262626262626
1.08999999999999, 10, 1, 0, 4, 0.0126262626262626
1.08609016049992, 9, 5, 0, 8, 0.0467171717171717
1.0860582166717, 7, 5, 3, 3, 0.800505050505051
1.08500000000001, 12, 1, 4, 37, 0.0486682110506046
1.08500000000001, 10, 1, 0, 10, 0.0808080808080808
1.08499999999999, 12, 1, 4, 37, 0.0486682110506046
1.08499999999999, 10, 1, 0, 10, 0.0808080808080808
1.0818733752154, 10, 2, 0, 5, 0.0184343434343434
1.07906765311542, 10, 3, 4, 3, 0.000573791508306289
1.075, 10, 1, 0, 11, 0.103535353535354
1.075, 10, 1, 0, 11, 0.103535353535354
1.075, 11, 1, 0, 13, 0.170454545454545
1.075, 11, 1, 0, 13, 0.170454545454545
1.075, 11, 1, 0, 15, 0.275252525252525
1.075, 11, 1, 0, 15, 0.275252525252525
1.07197388027886, 10, 8, 0, 15, 0.275252525252525
1.07185077475055, 8, 3, 3, 2, 0.400252525252525
1.07000000000002, 14, 1, 0, 8, 0.0467171717171717
1.06999999999999, 14, 1, 0, 8, 0.0467171717171717
1.06999999999999, 11, 1, 0, 13, 0.170454545454545
1.06999999999999, 11, 1, 0, 13, 0.170454545454545
1.06821346805464, 9, 3, 1, 2, 0.0788288288288288
1.0666546223278, 7, 3, 0, 10, 0.0808080808080808
1.065, 12, 1, 0, 7, 0.0353535353535354
1.065, 12, 1, 0, 7, 0.0353535353535354
1.06499417496152, 15, 6, 2, 1, 0.0454545454545454
1.0623333333333, 7, 4, 3, 3, 0.800505050505051
1.06073678206865, 8, 3, 3, 1, 0.0997474747474748
1.06048339508449, 12, 2, 4, 16, 0.0186420699741554
1.06, 12, 1, 0, 10, 0.0808080808080808
1.06, 12, 1, 0, 10, 0.0808080808080808
1.05700000000002, 12, 4, 0, 7, 0.0353535353535354
1.05500000000001, 10, 4, 4, 55, 0.0776266165618163
1.05329999999998, 9, 4, 3, 1, 0.0997474747474748
1.05000000000001, 14, 1, 0, 9, 0.0618686868686869
1.05000000000001, 13, 1, 0, 2, 0.00416666666666667
1.04999999999998, 14, 1, 0, 9, 0.0618686868686869
1.04940000000001, 13, 1, 4, 39, 0.051987603372886
1.04439671581253, 10, 2, 3, 3, 0.800505050505051
1.044, 9, 1, 1, 22, 0.632882882882883
1.04301396129525, 11, 7, 3, 2, 0.400252525252525
1.04180399094818, 12, 2, 0, 3, 0.00795454545454546
1.03999999999996, 13, 4, 3, 2, 0.400252525252525
1.03700000000001, 10, 1, 0, 13, 0.170454545454545
1.03699999999999, 10, 1, 0, 13, 0.170454545454545
1.03550000000001, 12, 1, 3, 1, 0.0997474747474748
1.03549999999998, 12, 1, 3, 1, 0.0997474747474748
1.03500000000001, 11, 1, 0, 6, 0.026010101010101
1.035, 11, 1, 0, 6, 0.026010101010101
1.035, 11, 1, 0, 4, 0.0126262626262626
1.035, 11, 1, 0, 4, 0.0126262626262626
1.03230228131103, 7, 3, 0, 15, 0.275252525252525
1.03, 11, 1, 0, 8, 0.0467171717171717
1.03, 11, 1, 0, 8, 0.0467171717171717
1.02483342819972, 10, 2, 4, 56, 0.078725036164931
1.02444615384613, 6, 25, 0, 5, 0.0184343434343434
1.02333333333331, 12, 1, 0, 6, 0.026010101010101
1.01888567092516, 11, 6, 2, 4, 0.590909090909091
1.01806360301439, 12, 19, 4, 32, 0.0409687585124503
1.01740000000001, 13, 1, 4, 15, 0.0180125300509641
1.01600000000002, 11, 1, 3, 3, 0.800505050505051
1.01599999999999, 11, 1, 3, 3, 0.800505050505051
1.01500000000001, 9, 1, 0, 14, 0.217171717171717
1.015, 12, 1, 0, 3, 0.00795454545454546
1.01499999999999, 12, 1, 0, 3, 0.00795454545454546
1.01499999999999, 9, 1, 0, 14, 0.217171717171717
1.0149339332631, 11, 2, 0, 17, 0.444444444444444
1.01185270364688, 8, 5, 4, 30, 0.0378992342401869
1.01033333333332, 12, 1, 2, 5, 0.863636363636364
1.00366666666667, 8, 1, 2, 4, 0.590909090909091
0.993909291635806, 11, 2, 0, 15, 0.275252525252525
0.98994949366115, 13, 2, 4, 67, 0.0942557274601005
0.986666666666665, 11, 1, 0, 11, 0.103535353535354
0.985993013320256, 15, 7, 2, 1, 0.0454545454545454
0.985190499345146, 9, 3, 0, 14, 0.217171717171717
0.984999999999999, 12, 1, 0, 8, 0.0467171717171717
0.984999999999999, 12, 1, 0, 8, 0.0467171717171717
0.984999999999985, 13, 1, 3, 3, 0.800505050505051
0.981495457622406, 11, 3, 2, 4, 0.590909090909091
0.980000000000018, 13, 1, 0, 9, 0.0618686868686869
0.97999999999999, 13, 1, 0, 9, 0.0618686868686869
0.979333333333329, 13, 1, 0, 6, 0.026010101010101
0.979186056545621, 10, 3, 4, 19, 0.0217556379075293
0.977999999999994, 10, 1, 4, 40, 0.0550596271875607
0.977200000000011, 11, 1, 0, 6, 0.026010101010101
0.977165330603439, 6, 3, 0, 13, 0.170454545454545
0.975721954930466, 9, 3, 3, 1, 0.0997474747474748
0.975721954930466, 9, 3, 3, 1, 0.0997474747474748
0.972835203584545, 11, 3, 0, 15, 0.275252525252525
0.972835203584496, 11, 3, 0, 15, 0.275252525252525
0.971680503046177, 9, 3, 0, 19, 0.70959595959596
0.971333333333334, 9, 1, 3, 2, 0.400252525252525
0.967333333333343, 11, 1, 4, 24, 0.0306244453386102
0.965000000000003, 16, 1, 0, 4, 0.0126262626262626
0.965000000000003, 16, 1, 0, 4, 0.0126262626262626
0.96429999999998, 10, 4, 0, 2, 0.00416666666666667
0.964174949546684, 14, 3, 3, 1, 0.0997474747474748
0.961900924674097, 13, 2, 1, 15, 0.38963963963964
0.950000000000003, 11, 1, 3, 1, 0.0997474747474748
0.950000000000003, 14, 1, 0, 7, 0.0353535353535354
0.950000000000003, 11, 1, 0, 6, 0.026010101010101
0.950000000000003, 11, 1, 0, 6, 0.026010101010101
0.949999999999989, 11, 1, 3, 1, 0.0997474747474748
0.949999999999989, 14, 1, 0, 7, 0.0353535353535354
0.945000000000007, 11, 1, 0, 11, 0.103535353535354
0.944999999999993, 11, 1, 0, 11, 0.103535353535354
0.943620686504873, 10, 5, 4, 55, 0.0776266165618163
0.942000000000007, 11, 1, 3, 2, 0.400252525252525
0.941778991825844, 10, 10, 1, 4, 0.128378378378378
0.941630530280073, 10, 2, 0, 18, 0.558080808080808
0.940000000000012, 10, 1, 0, 11, 0.103535353535354
0.939999999999998, 10, 1, 0, 11, 0.103535353535354
0.939999999999998, 15, 1, 0, 10, 0.0808080808080808
0.939999999999998, 15, 1, 0, 10, 0.0808080808080808
0.938500000000005, 11, 1, 3, 2, 0.400252525252525
0.938499999999991, 11, 1, 3, 2, 0.400252525252525
0.938049849865872, 12, 3, 4, 71, 0.160308462840372
0.934333333333342, 11, 1, 4, 84, 0.293759463138283
0.931418144113382, 10, 5, 2, 5, 0.863636363636364
0.930204278639969, 13, 5, 3, 2, 0.400252525252525
0.928666905958292, 12, 2, 0, 3, 0.00795454545454546
0.928666666666686, 16, 4, 0, 7, 0.0353535353535354
0.926894617879004, 9, 12, 4, 91, 0.438747575486957
0.926309883354379, 14, 2, 3, 2, 0.400252525252525
0.926309883354379, 11, 2, 0, 11, 0.103535353535354
0.926309883354379, 11, 2, 0, 11, 0.103535353535354
0.924999999999997, 10, 1, 0, 4, 0.0126262626262626
0.924999999999997, 10, 1, 0, 4, 0.0126262626262626
0.924424265271192, 12, 2, 0, 8, 0.0467171717171717
0.923333333333346, 16, 1, 0, 3, 0.00795454545454546
0.91923881554252, 15, 2, 0, 7, 0.0353535353535354
0.91923881554252, 15, 2, 0, 7, 0.0353535353535354
0.915999999999997, 13, 1, 3, 1, 0.0997474747474748
0.914000000000016, 10, 1, 4, 87, 0.357350407816721
0.913333333333327, 9, 1, 0, 9, 0.0618686868686869
0.911224938689047, 12, 2, 4, 11, 0.00893715698736393
0.909810725126688, 11, 2, 0, 10, 0.0808080808080808
0.909103618345518, 12, 2, 4, 90, 0.412079181780135
0.906275191220758, 7, 2, 4, 14, 0.0167757737040485
0.905662365343709, 10, 2, 4, 102, 0.786411515216059
0.90495525856252, 11, 2, 0, 14, 0.217171717171717
0.903446764096019, 11, 2, 0, 15, 0.275252525252525
0.901999999999987, 13, 1, 4, 63, 0.0888584396739231
0.900000000000006, 11, 1, 0, 13, 0.170454545454545
0.899999999999991, 11, 1, 0, 13, 0.170454545454545
0.898934369128232, 9, 3, 4, 82, 0.274718983341981
0.898166666666668, 7, 4, 2, 4, 0.590909090909091
0.894843631591558, 8, 2, 4, 10, 0.00844094610403909
0.893311566898996, 14, 2, 0, 8, 0.0467171717171717
0.891999999999996, 13, 1, 0, 7, 0.0353535353535354
0.889500000000027, 12, 4, 2, 4, 0.590909090909091
0.889068926211877, 11, 2, 2, 5, 0.863636363636364
0.887419010389114, 10, 2, 4, 91, 0.438747575486957
0.885000000000005, 10, 1, 0, 13, 0.170454545454545
0.885000000000005, 10, 1, 0, 13, 0.170454545454545
0.884500000000031, 14, 4, 3, 2, 0.400252525252525
0.884500000000003, 14, 4, 3, 2, 0.400252525252525
0.883345911860112, 10, 3, 0, 5, 0.0184343434343434
0.88333333333334, 9, 1, 0, 11, 0.103535353535354
0.879169431275278, 13, 2, 0, 2, 0.00416666666666667
0.87700000000001, 10, 1, 4, 1, 0.000100050649348366
0.876999999999981, 10, 1, 4, 1, 0.000100050649348366
0.875, 11, 1, 0, 6, 0.026010101010101
0.875, 11, 1, 0, 6, 0.026010101010101
0.874455386067352, 9, 2, 4, 78, 0.219710950157435
0.873666666666665, 9, 1, 3, 2, 0.400252525252525
0.871155554421846, 12, 2, 0, 1, 0.00126262626262626
0.867496213521066, 9, 24, 0, 2, 0.00416666666666667
0.867384318255513, 11, 2, 0, 4, 0.0126262626262626
0.86644150921394, 8, 2, 0, 10, 0.0808080808080808
0.862000000000009, 11, 1, 4, 36, 0.0468471651172549
0.861999999999995, 11, 1, 4, 36, 0.0468471651172549
0.859385875688759, 12, 3, 2, 5, 0.863636363636364
0.859385875688734, 12, 3, 2, 5, 0.863636363636364
0.858666666666664, 10, 1, 4, 34, 0.0437591097547004
0.858000000000004, 13, 1, 4, 98, 0.624936765886549
0.858000000000004, 13, 1, 4, 98, 0.624936765886549
0.857484823318874, 12, 2, 2, 4, 0.590909090909091
0.855488761371747, 8, 3, 3, 2, 0.400252525252525
0.850256620666753, 9, 8, 4, 68, 0.0971476980300399
0.846351729483644, 13, 5, 4, 77, 0.212750155497395
0.843166666666633, 12, 4, 0, 1, 0.00126262626262626
0.842333333333343, 11, 1, 0, 14, 0.217171717171717
0.840325698762094, 4, 2, 1, 23, 0.698198198198198
0.835000000000008, 10, 1, 0, 11, 0.103535353535354
0.834999999999994, 10, 1, 0, 11, 0.103535353535354
0.834399999999974, 10, 1, 2, 5, 0.863636363636364
0.830850467894161, 11, 2, 4, 50, 0.0708643200456854
0.824957911384339, 6, 2, 0, 5, 0.0184343434343434
0.820847745220377, 11, 3, 4, 99, 0.6623678444522
0.820000000000022, 14, 1, 0, 8, 0.0467171717171717
0.819999999999993, 14, 1, 0, 8, 0.0467171717171717
0.81788684357246, 12, 2, 0, 9, 0.0618686868686869
0.81788684357242, 10, 2, 1, 23, 0.698198198198198
0.81576552322887, 13, 2, 3, 2, 0.400252525252525
0.815000000000012, 11, 1, 0, 11, 0.103535353535354
0.814999999999998, 11, 1, 0, 11, 0.103535353535354
0.814999999999998, 11, 1, 0, 13, 0.170454545454545
0.814999999999998, 11, 1, 0, 13, 0.170454545454545
0.81152353837295, 11, 3, 0, 15, 0.275252525252525
0.810666666666677, 12, 1, 3, 3, 0.800505050505051
0.80838383824277, 8, 15, 2, 2, 0.181818181818182
0.808290376865529, 13, 3, 4, 67, 0.0942557274601005
0.805575939157844, 9, 6, 3, 1, 0.0997474747474748
0.805403625519485, 11, 3, 0, 13, 0.170454545454545
0.802666666666667, 10, 1, 4, 50, 0.0708643200456854
0.799500000000009, 10, 1, 1, 4, 0.128378378378378
0.799499999999995, 10, 1, 1, 4, 0.128378378378378
0.797333333333341, 13, 1, 4, 65, 0.0928774452980315
0.796666666666653, 13, 1, 0, 6, 0.026010101010101
0.796555789006641, 11, 2, 2, 5, 0.863636363636364
0.796555789006641, 11, 2, 2, 5, 0.863636363636364
0.792089813229691, 12, 5, 4, 57, 0.0798737051896258
0.789131167804197, 8, 2, 2, 5, 0.863636363636364
0.787333333333294, 6, 4, 3, 1, 0.0997474747474748
0.782400000000024, 11, 1, 3, 2, 0.400252525252525
0.780000000000001, 7, 1, 0, 4, 0.0126262626262626
0.775460436701245, 9, 2, 0, 11, 0.103535353535354
0.775200000000041, 10, 4, 0, 7, 0.0353535353535354
0.775000000000034, 6, 4, 0, 7, 0.0353535353535354
0.775000000000006, 9, 1, 0, 3, 0.00795454545454546
0.774999999999991, 9, 1, 0, 3, 0.00795454545454546
0.773333333333341, 8, 1, 3, 3, 0.800505050505051
0.771689200534912, 13, 2, 2, 3, 0.363636363636364
0.76802019558952, 14, 3, 4, 40, 0.0550596271875607
0.76666666666668, 12, 1, 0, 10, 0.0808080808080808
0.765000000000015, 10, 1, 0, 3, 0.00795454545454546
0.764999999999986, 10, 1, 0, 3, 0.00795454545454546
0.763499999999993, 14, 1, 4, 55, 0.0776266165618163
0.763499999999993, 14, 1, 4, 55, 0.0776266165618163
0.757500000000007, 10, 1, 4, 33, 0.042748691282689
0.757499999999993, 10, 1, 4, 33, 0.042748691282689
0.756666666666661, 11, 1, 4, 22, 0.0286232599694077
0.756000000000014, 11, 1, 4, 46, 0.0667300768973018
0.756, 11, 1, 4, 46, 0.0667300768973018
0.75500000000001, 9, 1, 0, 3, 0.00795454545454546
0.75500000000001, 11, 1, 0, 14, 0.217171717171717
0.754999999999995, 14, 1, 0, 8, 0.0467171717171717
0.754999999999995, 14, 1, 0, 8, 0.0467171717171717
0.754999999999995, 9, 1, 0, 3, 0.00795454545454546
0.754999999999995, 11, 1, 0, 11, 0.103535353535354
0.754999999999995, 11, 1, 0, 11, 0.103535353535354
0.754999999999995, 11, 1, 0, 14, 0.217171717171717
0.745000000000005, 13, 1, 0, 8, 0.0467171717171717
0.744999999999976, 13, 1, 0, 8, 0.0467171717171717
0.742500000000007, 9, 1, 4, 24, 0.0306244453386102
0.742500000000007, 9, 1, 4, 24, 0.0306244453386102
0.742462120245843, 13, 2, 0, 2, 0.00416666666666667
0.739470224778105, 10, 3, 4, 102, 0.786411515216059
0.739000000000004, 12, 1, 4, 46, 0.0667300768973018
0.73899999999999, 12, 1, 4, 46, 0.0667300768973018
0.738892874508872, 11, 3, 0, 14, 0.217171717171717
0.738219479558764, 9, 2, 1, 22, 0.632882882882883
0.735111230245677, 12, 3, 4, 99, 0.6623678444522
0.734999999999999, 15, 1, 0, 4, 0.0126262626262626
0.734999999999999, 15, 1, 0, 4, 0.0126262626262626
0.734999999999999, 10, 1, 0, 16, 0.351010101010101
0.734999999999999, 10, 1, 0, 16, 0.351010101010101
0.733500000000006, 13, 1, 4, 26, 0.0338774705003143
0.733499999999992, 13, 1, 4, 26, 0.0338774705003143
0.733199999999897, 17, 4, 0, 7, 0.0353535353535354
0.730500000000006, 12, 1, 4, 55, 0.0776266165618163
0.730499999999992, 12, 1, 4, 55, 0.0776266165618163
0.729600000000005, 12, 4, 3, 1, 0.0997474747474748
0.728666666666655, 11, 1, 0, 6, 0.026010101010101
0.725500000000011, 9, 1, 3, 3, 0.800505050505051
0.725499999999997, 9, 1, 3, 3, 0.800505050505051
0.724666666666678, 10, 4, 4, 56, 0.078725036164931
0.723605939414259, 12, 2, 0, 6, 0.026010101010101
0.719999999999999, 13, 1, 4, 78, 0.219710950157435
0.719999999999999, 13, 1, 4, 78, 0.219710950157435
0.71956036450453, 11, 7, 0, 10, 0.0808080808080808
0.715000000000003, 16, 1, 0, 10, 0.0808080808080808
0.715000000000003, 16, 1, 0, 10, 0.0808080808080808
0.715000000000003, 11, 1, 0, 14, 0.217171717171717
0.715000000000003, 11, 1, 0, 14, 0.217171717171717
0.71441355125883, 12, 2, 2, 5, 0.863636363636364
0.712135096075018, 15, 2, 3, 2, 0.400252525252525
0.710999999999999, 8, 1, 4, 100, 0.705914182813912
0.710999999999999, 8, 1, 4, 100, 0.705914182813912
0.709699506050904, 8, 2, 2, 4, 0.590909090909091
0.706666666666663, 13, 1, 0, 6, 0.026010101010101
0.705000000000013, 10, 1, 0, 3, 0.00795454545454546
0.705000000000013, 11, 1, 0, 11, 0.103535353535354
0.704999999999998, 11, 1, 0, 11, 0.103535353535354
0.704999999999984, 10, 1, 0, 3, 0.00795454545454546
0.703333333333333, 12, 1, 0, 6, 0.026010101010101
0.702779615171068, 12, 3, 0, 3, 0.00795454545454546
0.700000000000003, 12, 1, 0, 1, 0.00126262626262626
0.700000000000003, 12, 1, 0, 1, 0.00126262626262626
0.697678690770736, 11, 2, 0, 11, 0.103535353535354
0.696861774911924, 12, 3, 4, 6, 0.00648491626136443
0.696500179468759, 13, 2, 3, 3, 0.800505050505051
0.692493241042023, 13, 2, 0, 6, 0.026010101010101
0.691666666666663, 9, 1, 2, 3, 0.363636363636364
0.69155043200047, 10, 2, 4, 40, 0.0550596271875607
0.6875, 10, 1, 3, 3, 0.800505050505051
0.6875, 10, 1, 3, 3, 0.800505050505051
0.68704682033562, 11, 3, 0, 6, 0.026010101010101
0.686836386792523, 9, 2, 3, 2, 0.400252525252525
0.685212539868789, 13, 5, 1, 16, 0.414414414414414
0.684007959667784, 11, 2, 4, 24, 0.0306244453386102
0.684000000000012, 14, 1, 4, 57, 0.0798737051896258
0.683999999999998, 14, 1, 4, 57, 0.0798737051896258
0.683174353499082, 9, 6, 4, 50, 0.0708643200456854
0.682666666666705, 13, 1, 4, 98, 0.624936765886549
0.681750000000022, 12, 1, 3, 2, 0.400252525252525
0.681500000000014, 8, 1, 2, 4, 0.590909090909091
0.680000000000007, 13, 1, 0, 7, 0.0353535353535354
0.679999999999978, 13, 1, 0, 7, 0.0353535353535354
0.679500000000004, 10, 1, 1, 3, 0.105855855855856
0.67949999999999, 10, 1, 1, 3, 0.105855855855856
0.679128873786767, 16, 3, 2, 5, 0.863636363636364
0.678386566297833, 11, 3, 4, 50, 0.0708643200456854
0.675000000000011, 10, 1, 0, 8, 0.0467171717171717
0.674999999999983, 10, 1, 0, 8, 0.0467171717171717
0.666094587877733, 11, 2, 3, 2, 0.400252525252525
0.662500000000009, 14, 1, 3, 3, 0.800505050505051
0.662499999999994, 14, 1, 3, 3, 0.800505050505051
0.660673435888637, 11, 2, 4, 84, 0.293759463138283
0.660600000000017, 10, 1, 0, 9, 0.0618686868686869
0.660000000000025, 13, 1, 0, 3, 0.00795454545454546
0.659999999999997, 12, 1, 0, 9, 0.0618686868686869
0.659999999999997, 12, 1, 0, 9, 0.0618686868686869
0.659999999999997, 12, 1, 4, 6, 0.00648491626136443
0.659730626847044, 12, 2, 3, 1, 0.0997474747474748
0.659730626847004, 12, 2, 3, 1, 0.0997474747474748
0.658212886596441, 8, 6, 1, 23, 0.698198198198198
0.652895261295548, 16, 2, 0, 3, 0.00795454545454546
0.649999999999991, 10, 1, 3, 3, 0.800505050505051
0.647709811566895, 13, 2, 3, 1, 0.0997474747474748
0.647500000000008, 14, 1, 2, 3, 0.363636363636364
0.647499999999994, 14, 1, 2, 3, 0.363636363636364
0.646295598004495, 10, 2, 4, 87, 0.357350407816721
0.645824193483729, 9, 2, 0, 9, 0.0618686868686869
0.64500000000001, 13, 1, 0, 4, 0.0126262626262626
0.64500000000001, 13, 1, 0, 4, 0.0126262626262626
0.644666666666694, 14, 1, 3, 2, 0.400252525252525
0.644250000000028, 12, 1, 4, 18, 0.0200336255683399
0.644000000000005, 8, 1, 4, 34, 0.0437591097547004
0.643962145626643, 8, 8, 4, 29, 0.0366148142052202
0.641000000000005, 12, 1, 2, 4, 0.590909090909091
0.640999999999991, 12, 1, 2, 4, 0.590909090909091
0.640000000000015, 14, 1, 0, 1, 0.00126262626262626
0.639999999999986, 14, 1, 0, 1, 0.00126262626262626
0.638833333333366, 11, 4, 0, 15, 0.275252525252525
0.638000000000005, 13, 1, 1, 3, 0.105855855855856
0.637810316630277, 13, 2, 4, 63, 0.0888584396739231
0.635000000000019, 15, 1, 0, 6, 0.026010101010101
0.634999999999991, 15, 1, 0, 6, 0.026010101010101
0.630537218309521, 12, 2, 4, 20, 0.0246350245742943
0.629999999999995, 12, 1, 0, 2, 0.00416666666666667
0.629999999999995, 12, 1, 0, 2, 0.00416666666666667
0.627924977825974, 10, 7, 3, 1, 0.0997474747474748
0.625510607952515, 13, 6, 1, 16, 0.414414414414414
0.625, 14, 1, 0, 11, 0.103535353535354
0.625, 14, 1, 0, 11, 0.103535353535354
0.625, 15, 1, 0, 7, 0.0353535353535354
0.625, 10, 1, 0, 11, 0.103535353535354
0.625, 10, 1, 0, 11, 0.103535353535354
0.624999999999986, 15, 1, 0, 7, 0.0353535353535354
0.624610990048112, 9, 2, 0, 11, 0.103535353535354
0.62433333333334, 9, 1, 3, 1, 0.0997474747474748
0.623999999999995, 11, 1, 4, 8, 0.00740754908006669
0.623862965722433, 11, 5, 0, 13, 0.170454545454545
0.623333333333335, 7, 1, 0, 15, 0.275252525252525
0.622500000000002, 9, 1, 4, 33, 0.042748691282689
0.622500000000002, 9, 1, 4, 33, 0.042748691282689
0.617775624496656, 9, 2, 3, 2, 0.400252525252525
0.616666666666674, 16, 1, 0, 7, 0.0353535353535354
0.612270373623227, 12, 6, 4, 16, 0.0186420699741554
0.6109402589452, 18, 2, 3, 1, 0.0997474747474748
0.61094025894512, 18, 2, 3, 1, 0.0997474747474748
0.609999999999999, 11, 1, 0, 19, 0.70959595959596
0.608759112100726, 11, 22, 4, 31, 0.0395255744388036
0.607169022778867, 10, 2, 4, 34, 0.0437591097547004
0.604333333333329, 7, 1, 3, 2, 0.400252525252525
0.603666666666655, 10, 1, 3, 1, 0.0997474747474748
0.601500000000016, 17, 1, 4, 77, 0.212750155497395
0.601499999999987, 17, 1, 4, 77, 0.212750155497395
0.601333333333329, 15, 1, 4, 55, 0.0776266165618163
0.595619612019465, 11, 2, 0, 14, 0.217171717171717
0.589999999999975, 12, 1, 0, 6, 0.026010101010101
0.588399999999979, 10, 4, 3, 3, 0.800505050505051
0.588142857142827, 16, 4, 2, 5, 0.863636363636364
0.587333333333333, 15, 1, 4, 49, 0.0692091058226616
0.584666666666664, 13, 1, 3, 1, 0.0997474747474748
0.583333333333286, 6, 4, 0, 5, 0.0184343434343434
0.58225192667989, 16, 2, 4, 76, 0.20691329301129
0.580000000000013, 18, 1, 4, 40, 0.0550596271875607
0.579999999999984, 18, 1, 4, 40, 0.0550596271875607
0.576833333333354, 13, 4, 3, 2, 0.400252525252525
0.576000000000022, 13, 1, 4, 31, 0.0395255744388036
0.575000000000003, 12, 1, 0, 18, 0.558080808080808
0.574999999999989, 12, 1, 0, 18, 0.558080808080808
0.574000000000012, 15, 1, 4, 51, 0.0718603446010522
0.573999999999984, 15, 1, 4, 51, 0.0718603446010522
0.573227897281892, 12, 2, 3, 3, 0.800505050505051
0.57242424242412, 14, 9, 1, 2, 0.0788288288288288
0.570000000000022, 13, 1, 0, 4, 0.0126262626262626
0.569999999999993, 13, 1, 0, 4, 0.0126262626262626
0.567571043032392, 10, 2, 4, 50, 0.0708643200456854
0.566000000000003, 18, 1, 4, 61, 0.084023548930301
0.565000000000026, 14, 1, 0, 1, 0.00126262626262626
0.564999999999998, 14, 1, 0, 1, 0.00126262626262626
0.563799806866019, 13, 2, 4, 65, 0.0928774452980315
0.563333333333361, 13, 1, 0, 3, 0.00795454545454546
0.563333333333333, 10, 1, 4, 99, 0.6623678444522
0.563328402345293, 13, 2, 0, 6, 0.026010101010101
0.5625, 12, 1, 3, 2, 0.400252525252525
0.5625, 12, 1, 3, 2, 0.400252525252525
0.561000000000007, 10, 1, 1, 1, 0.0337837837837838
0.560000000000002, 10, 1, 0, 9, 0.0618686868686869
0.560000000000002, 10, 1, 0, 9, 0.0618686868686869
0.557999999999993, 8, 4, 2, 5, 0.863636363636364
0.5565, 12, 1, 0, 9, 0.0618686868686869
0.556000000000012, 9, 1, 4, 12, 0.0115508595340253
0.555999999999983, 9, 1, 4, 12, 0.0115508595340253
0.555499999999995, 15, 1, 2, 5, 0.863636363636364
0.555000000000007, 13, 1, 0, 3, 0.00795454545454546
0.555000000000007, 10, 1, 0, 1, 0.00126262626262626
0.554999999999993, 13, 1, 0, 3, 0.00795454545454546
0.554999999999993, 10, 1, 0, 1, 0.00126262626262626
0.552957502887868, 11, 2, 3, 1, 0.0997474747474748
0.552957502887868, 11, 2, 3, 1, 0.0997474747474748
0.550000000000011, 11, 1, 0, 8, 0.0467171717171717
0.549333333333337, 12, 1, 4, 71, 0.160308462840372
0.548999999999978, 11, 4, 4, 27, 0.0352394625411507
0.546829244117602, 8, 2, 3, 3, 0.800505050505051
0.546593541857219, 13, 2, 4, 50, 0.0708643200456854
0.546593541857198, 13, 2, 4, 50, 0.0708643200456854
0.543000000000006, 12, 1, 4, 60, 0.0833233322906506
0.543000000000006, 12, 1, 4, 60, 0.0833233322906506
0.542999999999992, 12, 1, 2, 4, 0.590909090909091
0.542115198909716, 12, 2, 0, 10, 0.0808080808080808
0.542000000000002, 13, 1, 4, 46, 0.0667300768973018
0.541999999999987, 13, 1, 4, 46, 0.0667300768973018
0.541643794388889, 10, 2, 1, 25, 0.835585585585586
0.540000000000006, 11, 1, 4, 78, 0.219710950157435
0.539999999999992, 11, 1, 4, 78, 0.219710950157435
0.539533826557746, 9, 3, 3, 1, 0.0997474747474748
0.539488667371437, 12, 5, 4, 45, 0.0660434784542375
0.535044131097817, 11, 2, 4, 22, 0.0286232599694077
0.533441355727134, 10, 2, 3, 2, 0.400252525252525
0.533000000000001, 12, 1, 4, 60, 0.0833233322906506
0.533000000000001, 12, 1, 4, 60, 0.0833233322906506
0.532499999999999, 9, 1, 3, 3, 0.800505050505051
0.532499999999999, 9, 1, 3, 3, 0.800505050505051
0.530991609056941, 8, 5, 4, 20, 0.0246350245742943
0.530000000000001, 9, 1, 4, 20, 0.0246350245742943
0.529999999999987, 9, 1, 4, 20, 0.0246350245742943
0.528000000000006, 10, 1, 4, 22, 0.0286232599694077
0.527999999999992, 10, 1, 4, 22, 0.0286232599694077
0.527148105374566, 11, 2, 4, 36, 0.0468471651172549
0.527148105374566, 11, 2, 4, 36, 0.0468471651172549
0.524699999999996, 13, 4, 4, 39, 0.051987603372886
0.523500000000013, 11, 1, 4, 73, 0.179360578437554
0.523500000000013, 11, 1, 4, 73, 0.179360578437554
0.522999999999996, 12, 1, 2, 3, 0.363636363636364
0.5214, 10, 1, 4, 52, 0.0736969911266934
0.520499999999998, 15, 1, 3, 1, 0.0997474747474748
0.520499999999998, 15, 1, 3, 1, 0.0997474747474748
0.516638211582008, 8, 6, 4, 10, 0.00844094610403909
0.516500000000008, 12, 1, 4, 21, 0.0272340315353993
0.516499999999994, 12, 1, 4, 21, 0.0272340315353993
0.515245141224599, 11, 2, 0, 6, 0.026010101010101
0.515000000000015, 13, 1, 0, 8, 0.0467171717171717
0.514999999999986, 13, 1, 0, 8, 0.0467171717171717
0.51499644011716, 13, 3, 0, 7, 0.0353535353535354
0.513500000000008, 12, 1, 3, 2, 0.400252525252525
0.513499999999993, 12, 1, 3, 2, 0.400252525252525
0.510000000000019, 14, 1, 0, 10, 0.0808080808080808
0.510000000000005, 10, 1, 0, 8, 0.0467171717171717
0.509999999999991, 14, 1, 0, 10, 0.0808080808080808
0.508699999999976, 13, 4, 4, 15, 0.0180125300509641
0.506666666666661, 11, 1, 0, 1, 0.00126262626262626
0.505499999999984, 17, 1, 0, 7, 0.0353535353535354
0.505000000000024, 19, 1, 0, 8, 0.0467171717171717
0.50500000000001, 10, 1, 0, 10, 0.0808080808080808
0.504999999999995, 19, 1, 0, 8, 0.0467171717171717
0.504999999999995, 10, 1, 0, 10, 0.0808080808080808
0.503333333333359, 14, 1, 4, 22, 0.0286232599694077
0.499688792038501, 13, 2, 0, 6, 0.026010101010101
0.497331769434548, 12, 2, 0, 6, 0.026010101010101
0.497, 12, 1, 4, 19, 0.0217556379075293
0.497, 12, 1, 4, 19, 0.0217556379075293
0.495000000000005, 9, 1, 0, 1, 0.00126262626262626
0.49499999999999, 9, 1, 0, 1, 0.00126262626262626
0.494000000000014, 12, 1, 4, 18, 0.0200336255683399
0.494, 12, 1, 4, 18, 0.0200336255683399
0.49199999999999, 10, 1, 3, 3, 0.800505050505051
0.49199999999999, 10, 1, 3, 3, 0.800505050505051
0.490333333333353, 13, 1, 1, 10, 0.240990990990991
0.489333333333335, 13, 1, 4, 86, 0.339097714835584
0.489082190320693, 9, 2, 2, 3, 0.363636363636364
0.489000000000004, 14, 1, 1, 22, 0.632882882882883
0.48899999999999, 14, 1, 1, 22, 0.632882882882883
0.488599999999963, 11, 4, 0, 6, 0.026010101010101
0.482718229290003, 13, 2, 4, 98, 0.624936765886549
0.480000000000004, 11, 1, 0, 10, 0.0808080808080808
0.47999999999999, 11, 1, 0, 10, 0.0808080808080808
0.474500000000006, 14, 1, 4, 55, 0.0776266165618163
0.474499999999992, 14, 1, 4, 55, 0.0776266165618163
0.474000000000004, 11, 1, 4, 56, 0.078725036164931
0.469999999999999, 11, 1, 0, 9, 0.0618686868686869
0.469999999999999, 11, 1, 0, 9, 0.0618686868686869
0.469999999999999, 12, 1, 4, 56, 0.078725036164931
0.468666666666664, 14, 1, 4, 71, 0.160308462840372
0.466690475583139, 13, 2, 0, 3, 0.00795454545454546
0.466690475583139, 12, 2, 4, 6, 0.00648491626136443
0.465983368801949, 10, 2, 1, 8, 0.202702702702703
0.465983368801929, 10, 2, 1, 8, 0.202702702702703
0.463154941677189, 11, 2, 2, 5, 0.863636363636364
0.463154941677169, 11, 2, 2, 5, 0.863636363636364
0.45961940777126, 10, 2, 3, 3, 0.800505050505051
0.4582051942089, 15, 2, 3, 1, 0.0997474747474748
0.4582051942089, 15, 2, 3, 1, 0.0997474747474748
0.45750000000001, 9, 1, 0, 5, 0.0184343434343434
0.456500000000005, 12, 1, 3, 2, 0.400252525252525
0.456499999999991, 12, 1, 3, 2, 0.400252525252525
0.456437427255935, 14, 2, 0, 8, 0.0467171717171717
0.456437427255895, 14, 2, 0, 8, 0.0467171717171717
0.455848171604907, 14, 2, 3, 2, 0.400252525252525
0.45537676708412, 8, 2, 4, 34, 0.0437591097547004
0.451134126397041, 13, 2, 1, 3, 0.105855855855856
0.450333209967892, 7, 3, 0, 4, 0.0126262626262626
0.450000000000017, 12, 1, 0, 9, 0.0618686868686869
0.450000000000017, 9, 1, 0, 14, 0.217171717171717
0.450000000000003, 11, 1, 0, 11, 0.103535353535354
0.450000000000003, 11, 1, 0, 11, 0.103535353535354
0.449999999999989, 9, 1, 0, 8, 0.0467171717171717
0.449999999999989, 9, 1, 0, 8, 0.0467171717171717
0.449999999999989, 9, 1, 0, 14, 0.217171717171717
0.449666666666673, 11, 1, 2, 4, 0.590909090909091
0.446666666666658, 17, 1, 0, 7, 0.0353535353535354
0.445000000000022, 11, 1, 0, 4, 0.0126262626262626
0.444999999999993, 13, 1, 0, 8, 0.0467171717171717
0.444999999999993, 13, 1, 0, 8, 0.0467171717171717
0.444999999999993, 11, 1, 0, 4, 0.0126262626262626
0.443497373160194, 13, 2, 1, 10, 0.240990990990991
0.442250306199265, 10, 3, 1, 25, 0.835585585585586
0.441470333720806, 9, 2, 3, 1, 0.0997474747474748
0.440763226939616, 7, 2, 0, 15, 0.275252525252525
0.43604918173171, 16, 2, 0, 7, 0.0353535353535354
0.435553043076664, 10, 3, 3, 2, 0.400252525252525
0.431335136523784, 11, 2, 0, 19, 0.70959595959596
0.430666666666653, 12, 1, 4, 40, 0.0550596271875607
0.429999999999993, 10, 1, 4, 95, 0.534067194388448
0.427328198097067, 7, 2, 3, 2, 0.400252525252525
0.426856793576301, 10, 2, 3, 1, 0.0997474747474748
0.426385389055514, 11, 2, 3, 1, 0.0997474747474748
0.4255, 10, 1, 4, 3, 0.000573791508306289
0.4255, 10, 1, 4, 3, 0.000573791508306289
0.425206877753518, 15, 2, 4, 55, 0.0776266165618163
0.424999999999997, 13, 1, 0, 4, 0.0126262626262626
0.424999999999997, 13, 1, 0, 4, 0.0126262626262626
0.420162849381087, 4, 8, 1, 23, 0.698198198198198
0.418500000000009, 13, 1, 3, 2, 0.400252525252525
0.418499999999995, 13, 1, 3, 2, 0.400252525252525
0.417921104994634, 9, 5, 3, 1, 0.0997474747474748
0.417200000000037, 10, 4, 2, 5, 0.863636363636364
0.417193000900086, 12, 2, 0, 6, 0.026010101010101
0.415307382816899, 15, 2, 4, 49, 0.0692091058226616
0.413421764733753, 13, 2, 3, 1, 0.0997474747474748
0.412950360212946, 14, 2, 2, 2, 0.181818181818182
0.407293505963427, 13, 2, 4, 31, 0.0395255744388036
0.405000000000001, 14, 1, 0, 1, 0.00126262626262626
0.405000000000001, 14, 1, 0, 1, 0.00126262626262626
0.401636651713968, 11, 2, 4, 41, 0.0589841673467433
0.401636651713947, 11, 2, 4, 41, 0.0589841673467433
0.400222438151568, 18, 2, 4, 61, 0.084023548930301
0.398786751872982, 12, 5, 4, 20, 0.0246350245742943
0.398336820068421, 13, 2, 0, 3, 0.00795454545454546
0.398336820068421, 10, 2, 4, 99, 0.6623678444522
0.396686904245638, 10, 2, 1, 1, 0.0337837837837838
0.394749999999988, 11, 1, 0, 7, 0.0353535353535354
0.393608546019975, 12, 3, 3, 2, 0.400252525252525
0.393464208452722, 8, 3, 2, 4, 0.590909090909091
0.392666666666656, 12, 1, 4, 83, 0.284343083536879
0.391199999999998, 11, 4, 3, 2, 0.400252525252525
0.388500000000008, 11, 1, 3, 2, 0.400252525252525
0.388499999999993, 11, 1, 3, 2, 0.400252525252525
0.388437325131803, 12, 2, 4, 71, 0.160308462840372
0.385000000000005, 9, 1, 0, 11, 0.103535353535354
0.384999999999991, 14, 1, 0, 6, 0.026010101010101
0.384999999999991, 14, 1, 0, 6, 0.026010101010101
0.384999999999991, 9, 1, 0, 11, 0.103535353535354
0.3839589821843, 12, 2, 2, 4, 0.590909090909091
0.38300000000001, 12, 1, 4, 22, 0.0286232599694077
0.382999999999981, 12, 1, 4, 22, 0.0286232599694077
0.380652220372877, 15, 7, 3, 2, 0.400252525252525
0.380333333333326, 12, 1, 1, 16, 0.414414414414414
0.380000000000024, 13, 1, 0, 3, 0.00795454545454546
0.379999999999995, 16, 1, 0, 11, 0.103535353535354
0.379999999999995, 16, 1, 0, 11, 0.103535353535354
0.379999999999995, 13, 1, 0, 3, 0.00795454545454546
0.375, 13, 1, 0, 8, 0.0467171717171717
0.375, 13, 1, 0, 8, 0.0467171717171717
0.375, 11, 1, 0, 15, 0.275252525252525
0.375, 11, 1, 0, 15, 0.275252525252525
0.374500000000012, 12, 1, 4, 67, 0.0942557274601005
0.374500000000012, 12, 1, 4, 67, 0.0942557274601005
0.371957910925383, 12, 3, 4, 18, 0.0200336255683399
0.370000000000005, 14, 1, 0, 3, 0.00795454545454546
0.369999999999976, 14, 1, 0, 3, 0.00795454545454546
0.369816846560542, 12, 2, 2, 3, 0.363636363636364
0.369, 11, 1, 4, 45, 0.0660434784542375
0.369, 11, 1, 4, 45, 0.0660434784542375
0.368248452066051, 16, 5, 4, 76, 0.20691329301129
0.364000000000004, 13, 1, 3, 1, 0.0997474747474748
0.364000000000004, 13, 1, 3, 1, 0.0997474747474748
0.362114088835743, 13, 3, 1, 10, 0.240990990990991
0.361500000000007, 14, 1, 4, 2, 0.000339506812356317
0.361499999999978, 14, 1, 4, 2, 0.000339506812356317
0.360624458405153, 10, 2, 0, 8, 0.0467171717171717
0.360266567974324, 11, 3, 4, 8, 0.00740754908006669
0.359210244842793, 12, 2, 4, 55, 0.0776266165618163
0.359210244842753, 12, 2, 4, 55, 0.0776266165618163
0.35826743580118, 11, 2, 0, 1, 0.00126262626262626
0.355910413197227, 14, 2, 4, 22, 0.0286232599694077
0.353333333333325, 8, 1, 0, 9, 0.0618686868686869
0.352999999999994, 8, 1, 4, 79, 0.228732574440079
0.352999999999994, 8, 1, 4, 79, 0.228732574440079
0.349999999999994, 10, 1, 0, 19, 0.70959595959596
0.349999999999994, 10, 1, 0, 19, 0.70959595959596
0.348142212321308, 11, 3, 3, 1, 0.0997474747474748
0.346718025041798, 13, 2, 1, 10, 0.240990990990991
0.346010918260608, 13, 2, 4, 86, 0.339097714835584
0.33717255720676, 14, 3, 2, 2, 0.181818181818182
0.336666666666673, 10, 1, 4, 10, 0.00844094610403909
0.336000000000013, 14, 1, 1, 2, 0.0788288288288288
0.335999999999984, 14, 1, 1, 2, 0.0788288288288288
0.335000000000008, 13, 1, 0, 8, 0.0467171717171717
0.33499999999998, 13, 1, 0, 8, 0.0467171717171717
0.333471558007552, 9, 2, 1, 2, 0.0788288288288288
0.332999999999998, 13, 1, 4, 9, 0.0079337803296631
0.332999999999998, 13, 1, 4, 9, 0.0079337803296631
0.332999999999998, 11, 1, 4, 9, 0.0079337803296631
0.332999999999998, 11, 1, 4, 9, 0.0079337803296631
0.332340187157677, 12, 2, 4, 56, 0.078725036164931
0.331397378116103, 14, 2, 4, 71, 0.160308462840372
0.330643130882793, 13, 2, 0, 8, 0.0467171717171717
0.330299999999966, 10, 4, 0, 9, 0.0618686868686869
0.329499999999996, 10, 1, 4, 28, 0.0358931359772792
0.329499999999996, 10, 1, 4, 28, 0.0358931359772792
0.327390439689367, 9, 2, 1, 9, 0.227477477477477
0.327390439689367, 9, 2, 1, 9, 0.227477477477477
0.327390439689347, 15, 2, 4, 51, 0.0718603446010522
0.327390439689347, 15, 2, 4, 51, 0.0718603446010522
0.325000000000003, 10, 1, 0, 7, 0.0353535353535354
0.325000000000003, 10, 1, 0, 7, 0.0353535353535354
0.321295424803961, 12, 3, 0, 9, 0.0618686868686869
0.320718074534851, 15, 3, 2, 5, 0.863636363636364
0.320499999999996, 10, 1, 4, 3, 0.000573791508306289
0.320499999999996, 10, 1, 4, 3, 0.000573791508306289
0.320000000000022, 19, 1, 0, 8, 0.0467171717171717
0.319999999999993, 19, 1, 0, 8, 0.0467171717171717
0.318198051533938, 12, 2, 0, 9, 0.0618686868686869
0.318198051533898, 14, 2, 0, 11, 0.103535353535354
0.317962349273555, 11, 2, 2, 4, 0.590909090909091
0.317542648054276, 11, 3, 0, 8, 0.0467171717171717
0.315841028929985, 17, 2, 0, 7, 0.0353535353535354
0.3155, 12, 1, 4, 61, 0.084023548930301
0.3155, 12, 1, 4, 61, 0.084023548930301
0.314999999999998, 14, 1, 0, 10, 0.0808080808080808
0.314999999999998, 14, 1, 0, 10, 0.0808080808080808
0.310749999999999, 11, 1, 4, 65, 0.0928774452980315
0.305999999999997, 14, 1, 1, 10, 0.240990990990991
0.305999999999997, 14, 1, 1, 10, 0.240990990990991
0.305000000000007, 13, 1, 0, 7, 0.0353535353535354
0.304999999999993, 13, 1, 0, 7, 0.0353535353535354
0.30476302269141, 8, 2, 4, 90, 0.412079181780135
0.30476302269139, 8, 2, 4, 90, 0.412079181780135
0.304527320431007, 12, 2, 4, 40, 0.0550596271875607
0.30405591591022, 10, 2, 4, 95, 0.534067194388448
0.303333333333327, 9, 1, 0, 18, 0.558080808080808
0.303000000000026, 16, 1, 3, 1, 0.0997474747474748
0.302999999999997, 16, 1, 3, 1, 0.0997474747474748
0.300000000000011, 11, 1, 0, 7, 0.0353535353535354
0.300000000000011, 11, 1, 0, 7, 0.0353535353535354
0.298500000000004, 12, 1, 4, 39, 0.051987603372886
0.29849999999999, 12, 1, 4, 39, 0.051987603372886
0.293500000000009, 14, 1, 3, 2, 0.400252525252525
0.293499999999995, 14, 1, 3, 2, 0.400252525252525
0.291850561075346, 17, 3, 0, 7, 0.0353535353535354
0.29000000000002, 12, 1, 0, 7, 0.0353535353535354
0.289999999999992, 12, 1, 0, 7, 0.0353535353535354
0.280000000000001, 13, 1, 4, 57, 0.0798737051896258
0.280000000000001, 13, 1, 4, 57, 0.0798737051896258
0.280000000000001, 11, 1, 0, 7, 0.0353535353535354
0.27765726274593, 12, 2, 4, 83, 0.284343083536879
0.274000000000001, 14, 1, 4, 39, 0.051987603372886
0.274000000000001, 14, 1, 4, 39, 0.051987603372886
0.27366402759586, 11, 3, 4, 56, 0.078725036164931
0.272278386949858, 9, 3, 1, 2, 0.0788288288288288
0.27000000000001, 10, 1, 0, 4, 0.0126262626262626
0.27000000000001, 16, 1, 0, 10, 0.0808080808080808
0.27000000000001, 9, 1, 0, 1, 0.00126262626262626
0.269999999999996, 9, 1, 0, 1, 0.00126262626262626
0.269999999999982, 10, 1, 0, 4, 0.0126262626262626
0.269999999999982, 16, 1, 0, 10, 0.0808080808080808
0.269968985873072, 13, 3, 0, 8, 0.0467171717171717
0.268936279111308, 12, 2, 1, 16, 0.414414414414414
0.268500000000003, 11, 1, 4, 83, 0.284343083536879
0.268500000000003, 11, 1, 4, 83, 0.284343083536879
0.26700000000001, 16, 1, 4, 37, 0.0486682110506046
0.266999999999996, 16, 1, 4, 37, 0.0486682110506046
0.265000000000001, 11, 1, 0, 8, 0.0467171717171717
0.265000000000001, 11, 1, 0, 8, 0.0467171717171717
0.26466666666667, 10, 1, 1, 19, 0.529279279279279
0.264137748154235, 9, 3, 0, 5, 0.0184343434343434
0.260999999999996, 12, 1, 2, 5, 0.863636363636364
0.260700000000014, 10, 4, 4, 52, 0.0736969911266934
0.260000000000019, 14, 1, 0, 6, 0.026010101010101
0.260000000000005, 10, 1, 0, 8, 0.0467171717171717
0.260000000000005, 10, 1, 0, 8, 0.0467171717171717
0.260000000000005, 11, 1, 0, 15, 0.275252525252525
0.259999999999991, 14, 1, 0, 6, 0.026010101010101
0.259999999999991, 11, 1, 0, 15, 0.275252525252525
0.255499999999998, 11, 1, 4, 32, 0.0409687585124503
0.255499999999998, 11, 1, 4, 32, 0.0409687585124503
0.25500000000001, 15, 1, 0, 6, 0.026010101010101
0.254999999999995, 15, 1, 0, 6, 0.026010101010101
0.254999999999995, 9, 1, 0, 20, 0.898989898989899
0.254999999999995, 9, 1, 0, 20, 0.898989898989899
0.253333333333316, 10, 1, 0, 10, 0.0808080808080808
0.251000000000005, 9, 1, 3, 2, 0.400252525252525
0.249844396019261, 8, 2, 0, 9, 0.0618686868686869
0.249000000000009, 13, 1, 4, 20, 0.0246350245742943
0.248999999999995, 13, 1, 4, 20, 0.0246350245742943
0.248500000000007, 10, 1, 1, 3, 0.105855855855856
0.248499999999993, 10, 1, 1, 3, 0.105855855855856
0.248000000000005, 13, 1, 2, 5, 0.863636363636364
0.24799999999999, 13, 1, 2, 5, 0.863636363636364
0.247666666666674, 13, 1, 4, 41, 0.0589841673467433
0.245500000000007, 12, 1, 1, 6, 0.164414414414414
0.245499999999993, 12, 1, 1, 6, 0.164414414414414
0.245000000000005, 11, 1, 0, 7, 0.0353535353535354
0.24499999999999, 11, 1, 0, 7, 0.0353535353535354
0.243333333333325, 9, 1, 1, 6, 0.164414414414414
0.240000000000009, 10, 1, 2, 5, 0.863636363636364
0.239999999999995, 13, 1, 0, 4, 0.0126262626262626
0.239999999999995, 13, 1, 0, 4, 0.0126262626262626
0.239999999999995, 10, 1, 2, 5, 0.863636363636364
0.238059282999455, 10, 2, 4, 10, 0.00844094610403909
0.238, 13, 1, 4, 56, 0.078725036164931
0.238, 13, 1, 4, 56, 0.078725036164931
0.227909018762614, 11, 3, 0, 7, 0.0353535353535354
0.2269812767609, 13, 2, 4, 5, 0.00604237658698964
0.22698127676086, 13, 2, 4, 5, 0.00604237658698964
0.226000000000028, 12, 1, 4, 6, 0.00648491626136443
0.225000000000023, 14, 4, 0, 11, 0.103535353535354
0.225000000000009, 11, 1, 2, 5, 0.863636363636364
0.224999999999994, 11, 1, 2, 5, 0.863636363636364
0.224500000000006, 8, 1, 3, 3, 0.800505050505051
0.224500000000006, 14, 1, 1, 4, 0.128378378378378
0.224499999999992, 8, 1, 3, 3, 0.800505050505051
0.224499999999992, 14, 1, 1, 4, 0.128378378378378
0.222499999999997, 13, 1, 4, 58, 0.081739484313027
0.222499999999997, 13, 1, 4, 58, 0.081739484313027
0.220666666666673, 12, 1, 2, 5, 0.863636363636364
0.220263762339626, 14, 2, 3, 1, 0.0997474747474748
0.220263762339586, 14, 2, 3, 1, 0.0997474747474748
0.218999999999994, 13, 1, 4, 69, 0.110861739138859
0.218999999999994, 13, 1, 4, 69, 0.110861739138859
0.217333333333329, 13, 1, 4, 60, 0.0833233322906506
0.215500000000006, 12, 1, 1, 6, 0.164414414414414
0.215499999999992, 12, 1, 1, 6, 0.164414414414414
0.215000000000003, 12, 1, 4, 57, 0.0798737051896258
0.215000000000003, 13, 1, 0, 8, 0.0467171717171717
0.215000000000003, 13, 1, 0, 8, 0.0467171717171717
0.214999999999989, 12, 1, 4, 57, 0.0798737051896258
0.214489056959945, 9, 2, 0, 18, 0.558080808080808
0.213999999999999, 14, 1, 4, 62, 0.0856939327900282
0.213999999999999, 14, 1, 4, 62, 0.0856939327900282
0.207182286887663, 17, 2, 4, 77, 0.212750155497395
0.207182286887663, 17, 2, 4, 77, 0.212750155497395
0.204353859762943, 13, 2, 4, 65, 0.0928774452980315
0.204353859762943, 13, 2, 4, 65, 0.0928774452980315
0.202749999999995, 10, 1, 4, 24, 0.0306244453386102
0.199000000000012, 15, 1, 4, 34, 0.0437591097547004
0.198999999999984, 15, 1, 4, 34, 0.0437591097547004
0.19850000000001, 11, 1, 4, 25, 0.0319165363830463
0.198499999999996, 11, 1, 4, 25, 0.0319165363830463
0.197989898732254, 11, 2, 0, 7, 0.0353535353535354
0.197333333333333, 12, 1, 1, 1, 0.0337837837837838
0.197000000000003, 15, 1, 3, 3, 0.800505050505051
0.196999999999989, 15, 1, 3, 3, 0.800505050505051
0.195999999999998, 12, 1, 4, 76, 0.20691329301129
0.195999999999998, 12, 1, 4, 76, 0.20691329301129
0.195000000000007, 17, 1, 0, 6, 0.026010101010101
0.195000000000007, 17, 1, 0, 6, 0.026010101010101
0.194999999999993, 14, 1, 0, 14, 0.217171717171717
0.194999999999993, 14, 1, 0, 14, 0.217171717171717
0.192999999999998, 16, 1, 3, 1, 0.0997474747474748
0.192999999999998, 16, 1, 3, 1, 0.0997474747474748
0.192333333333337, 11, 1, 4, 84, 0.293759463138283
0.191000000000003, 18, 1, 4, 51, 0.0718603446010522
0.191000000000003, 18, 1, 4, 51, 0.0718603446010522
0.190000000000026, 16, 1, 0, 6, 0.026010101010101
0.189999999999998, 16, 1, 0, 6, 0.026010101010101
0.187147594754042, 10, 2, 1, 19, 0.529279279279279
0.185500000000005, 9, 1, 4, 56, 0.078725036164931
0.18549999999999, 9, 1, 4, 56, 0.078725036164931
0.185000000000002, 12, 1, 0, 10, 0.0808080808080808
0.185000000000002, 12, 1, 0, 10, 0.0808080808080808
0.185000000000002, 13, 1, 0, 7, 0.0353535353535354
0.185000000000002, 10, 1, 0, 10, 0.0808080808080808
0.185000000000002, 10, 1, 0, 10, 0.0808080808080808
0.185000000000002, 8, 1, 0, 14, 0.217171717171717
0.185000000000002, 8, 1, 0, 14, 0.217171717171717
0.184999999999988, 13, 1, 0, 7, 0.0353535353535354
0.184554869889686, 12, 2, 2, 5, 0.863636363636364
0.180999999999997, 16, 1, 4, 62, 0.0856939327900282
0.180999999999997, 16, 1, 4, 62, 0.0856939327900282
0.180500000000009, 8, 1, 4, 17, 0.0191899869089483
0.180499999999995, 8, 1, 4, 17, 0.0191899869089483
0.180000000000021, 12, 1, 3, 2, 0.400252525252525
0.179411596150675, 11, 3, 4, 65, 0.0928774452980315
0.17913371790061, 10, 2, 0, 10, 0.0808080808080808
0.179000000000002, 12, 1, 4, 46, 0.0667300768973018
0.178999999999988, 12, 1, 4, 46, 0.0667300768973018
0.177483802077827, 9, 2, 3, 2, 0.400252525252525
0.176000000000016, 13, 1, 0, 8, 0.0467171717171717
0.175126779473874, 13, 2, 4, 41, 0.0589841673467433
0.175000000000011, 14, 1, 0, 6, 0.026010101010101
0.174999999999983, 14, 1, 0, 6, 0.026010101010101
0.172062650088731, 9, 2, 1, 6, 0.164414414414414
0.166000000000011, 11, 1, 2, 5, 0.863636363636364
0.165999999999997, 11, 1, 2, 5, 0.863636363636364
0.159333333333336, 14, 1, 4, 94, 0.486490559366218
0.156034896381826, 12, 2, 2, 5, 0.863636363636364
0.156000000000006, 11, 1, 4, 37, 0.0486682110506046
0.155000000000001, 17, 1, 0, 6, 0.026010101010101
0.155000000000001, 17, 1, 0, 6, 0.026010101010101
0.153677873777873, 13, 2, 4, 60, 0.0833233322906506
0.152666666666676, 15, 1, 4, 24, 0.0306244453386102
0.150666666666666, 13, 1, 4, 28, 0.0358931359772792
0.150000000000006, 10, 1, 0, 10, 0.0808080808080808
0.149999999999977, 10, 1, 0, 10, 0.0808080808080808
0.149333333333331, 12, 1, 1, 6, 0.164414414414414
0.148500000000013, 9, 1, 3, 2, 0.400252525252525
0.148500000000013, 12, 1, 4, 36, 0.0468471651172549
0.148499999999999, 12, 1, 4, 36, 0.0468471651172549
0.148499999999984, 9, 1, 3, 2, 0.400252525252525
0.144500000000008, 10, 1, 3, 1, 0.0997474747474748
0.144499999999994, 10, 1, 3, 1, 0.0997474747474748
0.140000000000001, 12, 1, 0, 11, 0.103535353535354
0.140000000000001, 12, 1, 0, 11, 0.103535353535354
0.139535738154155, 12, 2, 1, 1, 0.0337837837837838
0.13900000000001, 12, 1, 4, 34, 0.0437591097547004
0.138999999999996, 12, 1, 4, 34, 0.0437591097547004
0.136666666666656, 11, 1, 0, 2, 0.00416666666666667
0.136000204248206, 11, 2, 4, 84, 0.293759463138283
0.134999999999991, 12, 1, 0, 7, 0.0353535353535354
0.134999999999991, 12, 1, 0, 7, 0.0353535353535354
0.13000000000001, 9, 1, 0, 10, 0.0808080808080808
0.129999999999995, 9, 1, 0, 10, 0.0808080808080808
0.127279220613563, 12, 2, 3, 2, 0.400252525252525
0.125, 9, 1, 0, 11, 0.103535353535354
0.125, 9, 1, 0, 11, 0.103535353535354
0.125, 12, 1, 0, 6, 0.026010101010101
0.125, 12, 1, 0, 6, 0.026010101010101
0.124450793488824, 13, 2, 0, 8, 0.0467171717171717
0.122000000000014, 13, 1, 4, 5, 0.00604237658698964
0.122000000000014, 11, 1, 3, 3, 0.800505050505051
0.121999999999986, 13, 1, 4, 5, 0.00604237658698964
0.121999999999986, 11, 1, 3, 3, 0.800505050505051
0.118000000000009, 13, 1, 3, 1, 0.0997474747474748
0.117999999999995, 13, 1, 3, 1, 0.0997474747474748
0.117057767078218, 10, 3, 4, 24, 0.0306244453386102
0.116000000000014, 16, 1, 4, 63, 0.0888584396739231
0.115999999999985, 16, 1, 4, 63, 0.0888584396739231
0.115499999999997, 11, 1, 4, 41, 0.0589841673467433
0.115499999999997, 11, 1, 4, 41, 0.0589841673467433
0.115000000000009, 13, 1, 0, 9, 0.0618686868686869
0.114999999999981, 13, 1, 0, 9, 0.0618686868686869
0.113, 12, 4, 4, 6, 0.00648491626136443
0.112665680469059, 14, 2, 4, 94, 0.486490559366218
0.110308657865106, 11, 2, 4, 37, 0.0486682110506046
0.110000000000014, 12, 1, 3, 1, 0.0997474747474748
0.110000000000014, 12, 1, 4, 11, 0.00893715698736393
0.109999999999985, 12, 1, 3, 1, 0.0997474747474748
0.109999999999985, 12, 1, 4, 11, 0.00893715698736393
0.107951635261153, 15, 2, 4, 24, 0.0306244453386102
0.106537421698773, 13, 2, 4, 28, 0.0358931359772792
0.105594612657179, 12, 2, 1, 6, 0.164414414414414
0.0999999999999943, 11, 1, 4, 66, 0.0931101613156405
0.0999999999999943, 11, 1, 4, 66, 0.0931101613156405
0.0970000000000084, 14, 1, 1, 3, 0.105855855855856
0.09699999999998, 14, 1, 1, 3, 0.105855855855856
0.096637926762154, 11, 2, 0, 2, 0.00416666666666667
0.0949999999999989, 15, 1, 1, 5, 0.141891891891892
0.0949999999999989, 15, 1, 1, 5, 0.141891891891892
0.0940000000000083, 12, 1, 1, 3, 0.105855855855856
0.0939999999999941, 12, 1, 1, 3, 0.105855855855856
0.0914999999999964, 12, 1, 4, 61, 0.084023548930301
0.0914999999999964, 12, 1, 4, 61, 0.084023548930301
0.089500000000001, 13, 1, 1, 6, 0.164414414414414
0.089500000000001, 13, 1, 1, 6, 0.164414414414414
0.0875000000000057, 8, 1, 3, 3, 0.800505050505051
0.0875000000000057, 8, 1, 3, 3, 0.800505050505051
0.0865000000000009, 12, 1, 4, 83, 0.284343083536879
0.0865000000000009, 12, 1, 4, 83, 0.284343083536879
0.085000000000008, 18, 1, 0, 8, 0.0467171717171717
0.085000000000008, 18, 1, 0, 8, 0.0467171717171717
0.0840000000000032, 10, 1, 4, 38, 0.0506681897441603
0.0816950630903365, 10, 3, 4, 32, 0.0409687585124503
0.0816950630903119, 10, 3, 4, 32, 0.0409687585124503
0.0800000000000125, 17, 1, 0, 8, 0.0467171717171717
0.0799999999999841, 17, 1, 0, 8, 0.0467171717171717
0.078000000000003, 9, 1, 4, 5, 0.00604237658698964
0.078000000000003, 9, 1, 4, 5, 0.00604237658698964
0.0755000000000052, 15, 1, 1, 5, 0.141891891891892
0.0755000000000052, 15, 1, 1, 5, 0.141891891891892
0.0750000000000028, 14, 1, 0, 11, 0.103535353535354
0.0749999999999886, 14, 1, 0, 11, 0.103535353535354
0.0745000000000005, 9, 1, 4, 28, 0.0358931359772792
0.0745000000000005, 9, 1, 4, 28, 0.0358931359772792
0.0740000000000123, 15, 1, 4, 27, 0.0352394625411507
0.0740000000000123, 15, 1, 4, 27, 0.0352394625411507
0.0730000000000075, 13, 1, 3, 1, 0.0997474747474748
0.0729999999999933, 13, 1, 3, 1, 0.0997474747474748
0.0700000000000216, 9, 1, 0, 14, 0.217171717171717
0.0700000000000074, 12, 1, 0, 8, 0.0467171717171717
0.0699999999999932, 12, 1, 0, 8, 0.0467171717171717
0.0699999999999932, 12, 1, 0, 6, 0.026010101010101
0.0699999999999932, 12, 1, 0, 6, 0.026010101010101
0.0699999999999932, 9, 1, 0, 14, 0.217171717171717
0.0660000000000025, 10, 1, 2, 5, 0.863636363636364
0.0659999999999883, 10, 1, 2, 5, 0.863636363636364
0.0650000000000119, 8, 1, 0, 11, 0.103535353535354
0.0649999999999977, 14, 1, 0, 7, 0.0353535353535354
0.0649999999999977, 14, 1, 0, 7, 0.0353535353535354
0.0649999999999977, 14, 1, 0, 3, 0.00795454545454546
0.0649999999999977, 14, 1, 0, 3, 0.00795454545454546
0.0649999999999977, 8, 1, 0, 11, 0.103535353535354
0.0625, 13, 1, 1, 6, 0.164414414414414
0.0625, 13, 1, 1, 6, 0.164414414414414
0.0615999999999985, 10, 1, 4, 43, 0.0622011646212767
0.0600000000000023, 14, 1, 0, 7, 0.0353535353535354
0.0600000000000023, 14, 1, 0, 7, 0.0353535353535354
0.0600000000000023, 12, 1, 0, 10, 0.0808080808080808
0.0600000000000023, 12, 1, 0, 10, 0.0808080808080808
0.0593969696196722, 10, 2, 4, 38, 0.0506681897441603
0.0550000000000068, 12, 1, 0, 3, 0.00795454545454546
0.0550000000000068, 12, 1, 0, 3, 0.00795454545454546
0.0550000000000068, 12, 1, 0, 10, 0.0808080808080808
0.0550000000000068, 9, 1, 0, 11, 0.103535353535354
0.0550000000000068, 9, 1, 0, 11, 0.103535353535354
0.0550000000000068, 10, 1, 0, 11, 0.103535353535354
0.0550000000000068, 9, 1, 0, 3, 0.00795454545454546
0.0550000000000068, 10, 1, 0, 17, 0.444444444444444
0.0549999999999926, 12, 1, 0, 10, 0.0808080808080808
0.0549999999999926, 10, 1, 0, 11, 0.103535353535354
0.0549999999999926, 9, 1, 0, 3, 0.00795454545454546
0.0549999999999926, 10, 1, 0, 17, 0.444444444444444
0.0542115198909595, 11, 2, 4, 88, 0.375097158937352
0.0510000000000161, 14, 1, 3, 1, 0.0997474747474748
0.0509999999999877, 14, 1, 3, 1, 0.0997474747474748
0.0504999999999995, 11, 1, 4, 11, 0.00893715698736393
0.0504999999999995, 11, 1, 4, 11, 0.00893715698736393
0.0500000000000114, 14, 1, 3, 1, 0.0997474747474748
0.0500000000000114, 11, 1, 0, 8, 0.0467171717171717
0.0499999999999972, 8, 1, 0, 2, 0.00416666666666667
0.0499999999999829, 14, 1, 3, 1, 0.0997474747474748
0.0499999999999829, 11, 1, 0, 8, 0.0467171717171717
0.0474999999999994, 10, 1, 2, 2, 0.181818181818182
0.0474999999999994, 10, 1, 2, 2, 0.181818181818182
0.0459999999999923, 15, 1, 4, 7, 0.00691788872168195
0.0459999999999923, 15, 1, 4, 7, 0.00691788872168195
0.0450000000000159, 16, 1, 0, 10, 0.0808080808080808
0.0449999999999875, 16, 1, 0, 10, 0.0808080808080808
0.0400000000000063, 11, 1, 0, 11, 0.103535353535354
0.039999999999992, 11, 1, 0, 11, 0.103535353535354
0.0383333333333553, 11, 4, 4, 88, 0.375097158937352
0.0370000000000061, 13, 1, 3, 1, 0.0997474747474748
0.0369999999999919, 13, 1, 3, 1, 0.0997474747474748
0.0353553390593354, 8, 2, 0, 2, 0.00416666666666667
0.0350000000000108, 12, 1, 4, 31, 0.0395255744388036
0.0349999999999966, 12, 1, 4, 31, 0.0395255744388036
0.0339999999999918, 15, 1, 4, 7, 0.00691788872168195
0.0339999999999918, 15, 1, 4, 7, 0.00691788872168195
0.0330000000000013, 14, 1, 4, 58, 0.081739484313027
0.0330000000000013, 14, 1, 4, 58, 0.081739484313027
0.0320000000000107, 13, 1, 4, 22, 0.0286232599694077
0.0319999999999823, 13, 1, 4, 22, 0.0286232599694077
0.0310000000000059, 13, 1, 1, 9, 0.227477477477477
0.0309999999999917, 13, 1, 1, 9, 0.227477477477477
0.0307999999999993, 10, 4, 4, 43, 0.0622011646212767
0.0299999999999869, 10, 1, 2, 5, 0.863636363636364
0.0250000000000057, 15, 1, 4, 62, 0.0856939327900282
0.0250000000000057, 15, 1, 4, 62, 0.0856939327900282
0.0212132034356173, 10, 2, 2, 5, 0.863636363636364
0.0120000000000005, 12, 1, 3, 1, 0.0997474747474748
0.0120000000000005, 12, 1, 3, 1, 0.0997474747474748
0.0100000000000193, 14, 1, 0, 6, 0.026010101010101
0.0100000000000193, 13, 1, 4, 62, 0.0856939327900282
0.00999999999999091, 14, 1, 0, 6, 0.026010101010101
0.00999999999999091, 13, 1, 4, 62, 0.0856939327900282
0.00800000000000978, 13, 1, 3, 1, 0.0997474747474748
0.00799999999999557, 13, 1, 3, 1, 0.0997474747474748
0.00763675323678687, 12, 2, 4, 90, 0.412079181780135
0.00750000000000739, 13, 1, 4, 97, 0.601622068566827
0.00749999999999318, 13, 1, 4, 97, 0.601622068566827
0.00623538290730727, 12, 3, 4, 90, 0.412079181780135
0.00500000000000966, 7, 1, 0, 6, 0.026010101010101
0.00499999999999545, 19, 1, 0, 6, 0.026010101010101
0.00499999999999545, 19, 1, 0, 6, 0.026010101010101
0.00499999999999545, 13, 1, 0, 3, 0.00795454545454546
0.00499999999999545, 13, 1, 0, 3, 0.00795454545454546
0.00499999999999545, 7, 1, 0, 6, 0.026010101010101
