2.39530289467229
1.75258352189961
1.50201678934012
1.3716613246378
1.27895411933017
1.21195703527862
1.15730275098433
1.1151828754663
1.07901205788174
1.04463476024298
1.01997837888469
1.00194782825066
0.98606298978581
0.968296552345802
0.954407867227237
0.941541372483545
0.93027120492629
0.92116548441936
0.911192662431223
0.903371792376764
0.895693994149462
0.889702394820957
0.885753344024718
0.881696949215802
0.878140100365703
0.874109055148779
0.869972790901417
0.866382784444171
0.862229516174694
0.858939270779721
0.85581866708239
0.852534058472367
0.849336141432513
0.84694695925725
0.845171489594499
