7.99373296563395
6.67565995437874
6.54769825655332
6.26926718824937
6.01058370364615
5.97823854907747
5.94684103051352
5.87254736248166
5.91087205688721
5.7511383701125
5.75856209148217
5.68889347668766
5.6771884241521
5.64821605796888
5.60360747087292
5.55815558879205
5.53315594305638
5.51614467307957
5.48214319389787
5.46956232198852
5.43719672026189
5.43764212379521
5.46260049101895
5.48435726121382
5.47363120479528
5.50223421592685
5.48815099594739
5.47960507095113
5.44776875004259
5.45673748823997
5.43919552120771
5.45323213951312
5.44999968412989
5.42936187497706
5.41493570991323
5.40799931393959
5.42903705452549
5.43179991841232
5.4313095305599
5.44018344794025
5.44575714799847
5.43996312201018
5.45208231701945
5.44414968751581
5.4246420938
5.41463883659108
5.41247476383981
5.39147425889555
5.38262360213541
5.37506265376998
5.36611308163932
5.36144039489367
5.37283766661834
5.35636252199398
5.35994115927029
5.35245086997199
5.35597397031331
5.36112696956572
5.35508405234605
5.35670957279367
5.347837010572
5.36087242720125
5.37468301323378
5.37549845262005
5.37973695788086
5.38020915899531
5.37069937308821
5.36371812343989
5.36530214431121
5.35995479135475
5.35158567754712
5.34757148653261
