6.09642533514394
6.09642533514394
6.09642533514394
6.09642533514394
6.09642533514394
6.09642533514394
6.09642533514394
6.09642533514394
6.09642533514394
6.0173965528673
5.93170987036851
5.85983436121614
5.79142444858169
5.73275499683436
5.66522563777816
5.60039107896255
5.54501757063152
5.47992186382696
5.40886412971577
5.33642622282862
5.26043746462178
5.16891688624569
5.07264171128054
4.96891828334464
4.83978135895565
4.69423385591336
4.52837386187042
4.3408187938343
4.11056346090364
3.8531151704858
3.57362105411969
3.29109991827468
3.05102377335328
2.88619383057477
2.7784145924737
2.74711509768613
2.75496121482253
2.75496121482253
