3.88550640038215
3.33832925840745
3.14903428999351
3.05483542567949
2.98391189788507
2.93678016260548
2.91026334855752
2.88540044989999
2.85929861471965
2.84712249924183
2.8282993561267
2.81174014062819
2.80190685570563
2.78852317142113
2.78609197138426
2.78056311792824
2.77750669232105
2.77498040944759
2.77328178098041
2.76787785242421
2.76516728102695
2.7638473611283
2.76186666821312
2.76318811535224
2.76602019221565
2.75893012644579
2.75545388236372
2.75405918121111
2.75493547740855
2.75257429837382
2.75034745939873
2.747159416267
2.74279387405732
2.74037271414409
2.73970976158115
2.73562812689868
