3.87976076843055
3.33718302174249
3.15028850715166
3.05774601032972
2.98787173764647
2.94131162865803
2.91496422168869
2.89062673961178
2.86512582519927
2.8533916490614
2.83476992227694
2.81855163716552
2.80899701818986
2.79575571881783
2.79328508994418
2.78788457745592
2.7847706024224
2.78238608135296
2.78083875862589
2.77559403215198
2.77293809167251
2.77165863361152
2.76977823354006
2.77120009462283
2.7738946103198
2.76699621412235
2.76369161444851
2.76219868252127
2.76304343306922
2.76069562037834
2.75842110796462
2.75529655746752
2.75108426915037
2.7487271644735
2.74798591690686
2.74398095577872
