2.45914345052335
1.80263536696883
1.55609369645313
1.40394499109712
1.30342832647487
1.22492692418537
1.16528119633939
1.12375005635379
1.08855846926619
1.05688587848438
1.03451136323746
1.01238341274678
0.991966972732663
0.975600563255258
0.962211457116698
0.949131526844201
0.937389160697105
0.926711846191162
0.919117924673038
0.908330012307754
0.899529452032857
0.89234735286969
0.888011515842206
0.883307212322026
0.87816989007417
0.872711055401471
0.868426302291253
0.864862666727495
0.860288079460978
0.856597107242454
0.852428215779849
0.846845933066051
0.842609595768641
0.839679068852194
0.836232113422747
