7.89108264624233
6.53380171667921
6.27817517229665
6.0526945730504
5.91683892169797
5.89038061131926
5.81403996074399
5.80531343407066
5.82183448626178
5.76600085580372
5.70286982175721
5.63529333794736
5.63127989187845
5.5528907660594
5.45942428756676
5.41987833917025
5.39874652957756
5.38492828995427
5.36092403049103
5.35133692506749
5.35842664366212
5.34940569012965
5.39956583872909
5.40370451567496
5.40887323657799
5.41483787574959
5.39458713332197
5.38779918656982
5.36542341639261
5.36789633690906
5.34886490718157
5.35214232052521
5.33916417112479
5.33140252390624
5.32241570300632
5.31452872676498
5.30930560742677
5.30629097721367
5.29632817503328
5.30866940607771
5.29859247456587
5.2944852318829
5.30971175563875
5.31195345432542
5.29754978431273
5.30534683755197
5.30921478693051
5.29894950365653
5.29022193009156
5.27486805301702
5.2711174307226
5.2598655890719
5.26110128362156
5.24384906152722
5.24366046381328
5.24241459167219
5.23793351036435
5.24568328844563
5.24369943156261
5.25266436259881
5.24784667541168
5.25478302793432
5.26471360892916
5.26570501119833
5.26144342796599
5.27290957437737
5.273075863769
5.27328373786566
5.27171628135415
5.27608208855854
5.27125845589463
5.26834628991904
