norm, level, Npoints, dimSplit, MainGridIndexSplit
1307.6223503495, 0, 3760, -1, -1, -1
142.298907243393, 1, 1874, 0, 12, 0.602040816326531
141.845484187573, 1, 1886, 0, 12, 0.602040816326531
131.624315785854, 2, 237, 0, 11, 0.571428571428571
82.6992494956857, 3, 102, 0, 10, 0.540816326530612
79.9097689675592, 2, 99, 0, 22, 0.928571428571429
76.3513874606191, 5, 168, 14, 2755, 0.0248163706225083
64.1985682493207, 3, 169, 17, 4941, 0.724385595630902
61.6866577407206, 4, 77, 0, 15, 0.683673469387755
61.5710748473164, 5, 428, 0, 5, 0.438775510204082
57.8794211538461, 9, 16, 0, 3, 0.397959183673469
57.1094659691494, 6, 184, 0, 6, 0.459183673469388
56.4342410925822, 4, 92, 0, 15, 0.683673469387755
55.5183552179286, 6, 177, 0, 13, 0.622448979591837
54.7082739323635, 8, 20, 16, 2120, 0.443568571638898
53.5888448694765, 5, 565, 0, 5, 0.438775510204082
53.4830558304815, 4, 542, 1, 1, 0.5
51.1723984989638, 5, 374, 14, 2755, 0.0248163706225083
50.0824954144873, 2, 1637, 0, 11, 0.571428571428571
49.8742297635638, 5, 207, 0, 19, 0.785714285714286
48.4093518615843, 7, 102, 11, 1426, 0.108916888781197
46.0277121524143, 7, 58, 1, 1, 0.5
44.3687870187838, 7, 45, 17, 336, 0.111417681192399
43.8736340017825, 6, 144, 17, 2406, 0.347522471270907
43.3204611392576, 8, 23, 0, 13, 0.622448979591837
43.0013874490376, 6, 135, 17, 3530, 0.503854249630219
42.801014366196, 7, 72, 0, 4, 0.418367346938776
42.8010143661959, 7, 72, 0, 4, 0.418367346938776
42.527810713395, 9, 70, 17, 3763, 0.539552281260667
41.8795574744635, 4, 689, 18, 2658, 0.293684932799998
39.6875712909035, 6, 381, 0, 6, 0.459183673469388
39.5131117152992, 4, 993, 1, 1, 0.5
39.1917033167985, 8, 44, 0, 4, 0.418367346938776
39.1884765843121, 13, 24, 0, 17, 0.744897959183674
38.8679654761905, 6, 36, 17, 2803, 0.394427693708044
38.5862807692308, 9, 36, 0, 3, 0.397959183673469
38.0522596094249, 8, 68, 0, 9, 0.520408163265306
37.383931748485, 5, 291, 4, 576, 0.113908061532909
37.2739976698281, 8, 79, 0, 14, 0.642857142857143
36.8430830935596, 13, 20, 4, 381, 0.0696982000270673
36.0664866147317, 4, 929, 18, 2658, 0.293684932799998
34.8392298109966, 6, 64, 0, 19, 0.785714285714286
34.7353253647694, 6, 128, 13, 749, 0.0402438014818494
34.7153010692265, 6, 230, 17, 2406, 0.347522471270907
33.9286311851721, 8, 52, 16, 2120, 0.443568571638898
33.2378683364646, 10, 20, 0, 8, 0.5
32.741565014083, 8, 12, 13, 3714, 0.18564510120452
32.2572905609919, 7, 35, 0, 4, 0.418367346938776
31.9661205985366, 5, 398, 4, 576, 0.113908061532909
31.7094771653982, 13, 27, 4, 381, 0.0696982000270673
31.6391620819603, 6, 545, 0, 13, 0.622448979591837
31.418702548765, 3, 40, 12, 362, 0.0330256072095835
30.8646078578682, 8, 12, 17, 2302, 0.337424621686198
30.8085655799177, 6, 263, 17, 3530, 0.503854249630219
30.7331116550804, 10, 11, 15, 3181, 0.604829357190192
30.5817460118518, 7, 10, 16, 5402, 0.779592913405148
30.2021837145595, 6, 95, 0, 21, 0.836734693877551
29.9356542112523, 8, 41, 0, 13, 0.622448979591837
29.270305298413, 7, 279, 11, 1426, 0.108916888781197
28.7385986528121, 11, 17, 0, 15, 0.683673469387755
28.6322513112817, 7, 115, 0, 14, 0.642857142857143
28.3463046199587, 9, 23, 17, 3413, 0.48018830356127
27.8157731793304, 6, 112, 0, 21, 0.836734693877551
26.964354794985, 7, 169, 1, 1, 0.5
26.7050118876849, 5, 722, 0, 19, 0.785714285714286
26.6843858855588, 5, 37, 0, 14, 0.642857142857143
26.345481098025, 9, 30, 0, 16, 0.724489795918367
25.5388399664558, 10, 13, 0, 18, 0.76530612244898
25.2390822988348, 7, 148, 0, 14, 0.642857142857143
24.8731904761904, 11, 16, 5, 271, 0.0493794791120434
24.6098848339575, 9, 67, 8, 2451, 0.147362277365666
23.8875697766337, 12, 47, 4, 380, 0.0694726395091803
23.5527716793866, 10, 168, 2, 1793, 0.455560232534328
23.4328364230956, 15, 10, 1, 1, 0.5
23.0637096640503, 11, 12, 0, 17, 0.744897959183674
22.6890195181972, 6, 300, 13, 749, 0.0402438014818494
22.6638369485549, 9, 79, 8, 2451, 0.147362277365666
22.5839494190338, 11, 29, 16, 4853, 0.636799744804063
22.5668591376866, 10, 183, 2, 1793, 0.455560232534328
22.2825465316746, 8, 74, 0, 13, 0.622448979591837
22.2302325727626, 7, 54, 16, 4747, 0.626463082472456
21.8865208221067, 5, 55, 0, 14, 0.642857142857143
21.8694779946823, 12, 10, 0, 18, 0.76530612244898
21.6019859730824, 8, 211, 0, 9, 0.520408163265306
21.5118973182317, 7, 37, 13, 1782, 0.0715985761000041
21.3315047619048, 13, 81, 0, 17, 0.744897959183674
21.3180494009204, 3, 1535, 0, 10, 0.540816326530612
21.1697964535721, 7, 48, 2, 2112, 0.641687807874768
20.9478994019757, 13, 17, 6, 256, 0.0389845219152322
20.8749397791284, 8, 15, 0, 8, 0.5
20.748152730698, 3, 1618, 17, 4941, 0.724385595630902
20.4721155963303, 8, 25, 2, 779, 0.206307095482418
20.2981329655867, 6, 132, 17, 2803, 0.394427693708044
19.8262490610983, 12, 47, 0, 17, 0.744897959183674
19.4800104701718, 11, 37, 0, 15, 0.683673469387755
19.3765316126964, 7, 97, 0, 4, 0.418367346938776
18.9919031994513, 9, 351, 17, 3763, 0.539552281260667
18.9659937492731, 7, 26, 16, 5402, 0.779592913405148
18.8085448093318, 2, 1787, 0, 22, 0.928571428571429
18.5654739977334, 8, 10, 15, 2413, 0.559227965540093
18.522936936937, 8, 36, 8, 2508, 0.15165493090334
18.5141938389522, 10, 12, 1, 1, 0.5
18.4988871869976, 6, 227, 0, 19, 0.785714285714286
18.2913092481571, 8, 202, 0, 4, 0.418367346938776
18.2548055664106, 7, 68, 1, 1, 0.5
18.166294667486, 9, 56, 17, 3413, 0.48018830356127
17.9560660044129, 8, 17, 4, 478, 0.0915775702621013
17.4492107466747, 7, 75, 0, 6, 0.459183673469388
17.3501688123828, 7, 11, 2, 2228, 0.717204582427959
17.3183059843329, 4, 14, 2, 2314, 0.776521313750697
17.1941440585521, 8, 146, 0, 13, 0.622448979591837
17.059788320985, 9, 22, 4, 523, 0.101953354084901
16.9635788205412, 8, 14, 15, 2151, 0.543986083499006
16.7907789082057, 9, 102, 0, 7, 0.479591836734694
16.7615854429365, 13, 17, 5, 183, 0.0339975528753714
16.6200757067134, 8, 10, 17, 2667, 0.377929798611901
16.5546748805769, 8, 20, 4, 478, 0.0915775702621013
16.4444862643864, 11, 12, 2, 2163, 0.676181158348597
16.2426796912179, 9, 109, 0, 7, 0.479591836734694
16.1465027710703, 8, 421, 0, 14, 0.642857142857143
15.9818204822069, 12, 105, 4, 380, 0.0694726395091803
15.9352849885326, 9, 82, 0, 16, 0.724489795918367
15.9252787050659, 11, 22, 17, 3892, 0.556035954033451
15.8632944444444, 14, 16, 0, 18, 0.76530612244898
15.8206643153117, 14, 10, 16, 2652, 0.476486393639732
15.7642194049908, 8, 46, 17, 2302, 0.337424621686198
15.7562606893451, 10, 89, 0, 8, 0.5
15.0829244867251, 8, 31, 2, 1836, 0.467070909318438
14.9387351623222, 8, 33, 2, 1450, 0.362453214411668
14.5056360201819, 8, 35, 2, 1450, 0.362453214411668
14.418444795885, 7, 109, 1, 1, 0.5
14.29252568596, 9, 37, 2, 953, 0.246199701937407
14.157453023451, 3, 197, 12, 362, 0.0330256072095835
14.0448028298364, 10, 13, 2, 2270, 0.747898203660937
13.8507041072699, 8, 21, 15, 2151, 0.543986083499006
13.7451769422822, 13, 11, 2, 2042, 0.589515477639617
13.5020456707875, 16, 10, 11, 1267, 0.0976799127695663
13.4484492172257, 5, 17, 15, 1642, 0.511597084161696
13.3651731445572, 7, 22, 2, 910, 0.23961502144458
13.3271482225521, 15, 19, 2, 2032, 0.582871639685555
13.3106361056351, 7, 500, 17, 336, 0.111417681192399
13.2701817340576, 10, 59, 15, 3181, 0.604829357190192
13.2453240740741, 14, 16, 16, 3690, 0.543959953868427
13.218024131618, 7, 98, 13, 1782, 0.0715985761000041
13.1400675456439, 12, 107, 0, 17, 0.744897959183674
13.1151866386577, 8, 41, 2, 1836, 0.467070909318438
12.8917132061762, 9, 11, 0, 5, 0.438775510204082
12.6931149505754, 10, 10, 15, 1485, 0.502181356306605
12.6241554450405, 9, 54, 2, 2189, 0.690925017917885
12.6176631374892, 13, 30, 5, 183, 0.0339975528753714
12.5767331662924, 7, 136, 2, 2112, 0.641687807874768
12.5356356621651, 10, 11, 4, 554, 0.108945730139396
12.5356356621651, 10, 11, 4, 554, 0.108945730139396
12.5307181881752, 10, 54, 0, 18, 0.76530612244898
12.528994231375, 7, 54, 2, 1732, 0.435157734269235
12.3359183206918, 9, 26, 2, 1226, 0.307684781743097
12.3021380039775, 8, 85, 13, 3714, 0.18564510120452
12.2552812024041, 6, 15, 3, 721, 0.0784086325131101
12.1903690210078, 10, 47, 7, 933, 0.0600349548499854
12.137816585324, 7, 155, 0, 6, 0.459183673469388
12.0892425879309, 7, 58, 2, 1732, 0.435157734269235
11.8949751818161, 9, 10, 11, 302, 0.0349830385267749
11.871734950758, 9, 10, 14, 4440, 0.0485819025795014
11.7587812859176, 12, 11, 0, 21, 0.836734693877551
11.6538884403003, 11, 47, 0, 17, 0.744897959183674
11.6430441242832, 8, 13, 2, 2213, 0.706852026711869
11.4372419647574, 12, 18, 11, 2265, 0.187272837412164
11.36940022854, 12, 37, 0, 18, 0.76530612244898
11.1986371235075, 11, 10, 2, 1892, 0.491496114947498
11.1868990202329, 14, 20, 16, 2652, 0.476486393639732
11.1684546852465, 8, 84, 2, 779, 0.206307095482418
11.1321938720362, 12, 19, 11, 2265, 0.187272837412164
11.0773074042035, 9, 10, 17, 4510, 0.644797474115371
10.9237087037325, 9, 10, 2, 1924, 0.512815553861731
10.9237087037324, 9, 10, 2, 1924, 0.512815553861731
10.721324637182, 10, 23, 2, 972, 0.251494294717921
10.6379035568435, 8, 17, 6, 76, 0.0129466223058007
10.5247197734681, 10, 28, 3, 730, 0.0793162565550625
10.5015181469289, 8, 112, 8, 2508, 0.15165493090334
10.4500183276212, 11, 21, 4, 169, 0.0218793702350341
10.4450671020072, 10, 18, 4, 402, 0.0744349709026932
10.4153371456412, 7, 246, 16, 4747, 0.626463082472456
10.4113248544554, 12, 10, 17, 3310, 0.464799749687109
10.0902151340698, 7, 10, 15, 3460, 0.624323503423901
10.0347884615384, 10, 16, 15, 1485, 0.502181356306605
9.9268758895252, 7, 60, 0, 4, 0.418367346938776
9.86871458344058, 7, 34, 2, 2228, 0.717204582427959
9.8494733794388, 9, 66, 4, 523, 0.101953354084901
9.80028106192583, 11, 154, 16, 4853, 0.636799744804063
9.70584863096699, 9, 42, 2, 1226, 0.307684781743097
9.67300215628142, 7, 42, 2, 910, 0.23961502144458
9.63515886123206, 8, 10, 17, 4022, 0.574340084196154
9.62064264777528, 7, 11, 15, 3460, 0.624323503423901
9.56354264997325, 11, 14, 4, 979, 0.22356430730365
9.56354264997322, 11, 14, 4, 979, 0.22356430730365
9.4343037028052, 10, 30, 2, 1874, 0.474363204059112
9.42153889016137, 13, 17, 0, 19, 0.785714285714286
9.32467622491268, 7, 68, 0, 4, 0.418367346938776
9.30525380320566, 12, 17, 15, 2350, 0.555500331345262
9.26264189189192, 15, 64, 1, 1, 0.5
9.2355490874626, 6, 21, 11, 698, 0.0598800581536225
9.14364892239415, 11, 15, 2, 1892, 0.491496114947498
9.10423974435354, 13, 90, 6, 256, 0.0389845219152322
9.09695410684117, 9, 13, 8, 591, 0.0519448732914109
9.03766081854719, 7, 27, 2, 1132, 0.284915985028612
9.02186786891582, 8, 19, 0, 3, 0.397959183673469
8.995255636206, 10, 33, 2, 1874, 0.474363204059112
8.98977190791057, 10, 14, 0, 5, 0.438775510204082
8.97818061886707, 11, 10, 2, 1787, 0.453098372032173
8.97818061886704, 11, 10, 2, 1787, 0.453098372032173
8.94046286213823, 13, 26, 2, 2042, 0.589515477639617
8.86398920050163, 9, 13, 0, 20, 0.806122448979592
8.83412335535358, 5, 75, 16, 1517, 0.401749564449243
8.73760174889185, 9, 99, 2, 953, 0.246199701937407
8.66784695437823, 8, 87, 0, 8, 0.5
8.56515275019451, 15, 46, 2, 2032, 0.582871639685555
8.42765253128261, 11, 13, 0, 2, 0.326530612244898
8.42741176470589, 10, 36, 18, 2017, 0.254170852430514
8.40397663582859, 11, 79, 17, 3892, 0.556035954033451
8.31582027580762, 10, 101, 7, 933, 0.0600349548499854
8.28898767177622, 8, 28, 6, 76, 0.0129466223058007
8.28183825238413, 12, 21, 2, 2112, 0.641687807874768
8.13498025797867, 11, 20, 18, 1030, 0.195692267808106
8.06992861420759, 11, 152, 5, 271, 0.0493794791120434
7.93985347740109, 11, 10, 16, 4309, 0.587429146320516
7.93749438202241, 11, 16, 2, 715, 0.191276549754838
7.91691556626275, 14, 12, 14, 1321, 0.0139463403808154
7.91691556626274, 14, 12, 14, 1321, 0.0139463403808154
7.80632001072057, 9, 30, 0, 5, 0.438775510204082
7.79838135125637, 10, 51, 3, 730, 0.0793162565550625
7.67587251370773, 9, 20, 2, 1349, 0.337302192238996
7.66560451634952, 10, 70, 1, 1, 0.5
7.64735786225274, 10, 11, 15, 4121, 0.673997680583168
7.62550053201187, 9, 148, 2, 2189, 0.690925017917885
7.58112135425369, 10, 46, 2, 972, 0.251494294717921
7.55725554303514, 9, 11, 8, 1807, 0.109180253793727
7.47991971881491, 11, 58, 2, 2163, 0.676181158348597
7.41062886222329, 4, 26, 2, 2121, 0.647831082695305
7.38577777777778, 10, 36, 4, 402, 0.0744349709026932
7.37628208745846, 14, 74, 0, 18, 0.76530612244898
7.36253746865351, 9, 26, 14, 4440, 0.0485819025795014
7.36176946279473, 5, 108, 16, 1517, 0.401749564449243
7.3376542143249, 7, 10, 18, 323, 0.13237393042873
7.22373926882162, 6, 21, 7, 445, 0.0308476551121468
7.1732272215952, 12, 14, 3, 314, 0.0368596208148447
7.15848374066401, 5, 60, 15, 1642, 0.511597084161696
7.14808183889571, 12, 10, 2, 1336, 0.333516114719969
7.11620289855072, 16, 36, 11, 1267, 0.0976799127695663
7.09227682294855, 13, 30, 0, 19, 0.785714285714286
7.07558990120255, 6, 45, 3, 721, 0.0784086325131101
7.03439630425427, 9, 10, 16, 1743, 0.418913944985645
7.00708087381939, 9, 24, 2, 1349, 0.337302192238996
6.97073725892355, 11, 11, 2, 2097, 0.627467264308711
6.92999587694388, 12, 15, 3, 314, 0.0368596208148447
6.90111081134752, 8, 58, 17, 2667, 0.377929798611901
6.80231943982414, 9, 35, 2, 1721, 0.430434238518333
6.57911867198031, 7, 10, 17, 2868, 0.401467743770622
6.57152102430329, 14, 65, 16, 3690, 0.543959953868427
6.55910597193097, 9, 10, 14, 3238, 0.0295237534994532
6.55611089773622, 8, 41, 2, 2213, 0.706852026711869
6.53541259713684, 10, 12, 18, 4347, 0.479307415177521
6.52371941171186, 9, 24, 0, 20, 0.806122448979592
6.48369243725592, 10, 61, 2, 2270, 0.747898203660937
6.47103647732796, 10, 11, 7, 820, 0.0529274686862802
6.39693705619075, 8, 21, 4, 444, 0.0839085126539451
6.39212090807383, 10, 11, 8, 1309, 0.0848928719358361
6.33598849034296, 11, 23, 0, 2, 0.326530612244898
6.27294352394037, 7, 11, 17, 2868, 0.401467743770622
6.25842000791834, 8, 88, 15, 2413, 0.559227965540093
6.25386216313351, 9, 11, 14, 3238, 0.0295237534994532
6.22546381972104, 13, 10, 6, 190, 0.0294372920584406
6.22405607528655, 10, 66, 18, 2017, 0.254170852430514
6.17889817537079, 11, 14, 2, 2097, 0.627467264308711
6.12001345168131, 12, 10, 18, 3145, 0.324907326131706
6.09076657226007, 9, 15, 2, 1955, 0.530744815189816
6.02160912049261, 11, 10, 2, 1739, 0.435881275525876
5.98599999999999, 11, 64, 4, 169, 0.0218793702350341
5.83825362318841, 9, 36, 17, 4510, 0.644797474115371
5.83288633445191, 8, 28, 17, 736, 0.170056320400501
5.8127716548501, 9, 14, 2, 615, 0.171033321577684
5.72127896831802, 9, 17, 2, 1955, 0.530744815189816
5.69801909067461, 7, 13, 2, 2184, 0.6897873744326
5.69801909067461, 7, 13, 2, 2184, 0.6897873744326
5.69486540268543, 7, 68, 2, 1132, 0.284915985028612
5.68865670609486, 12, 47, 0, 21, 0.836734693877551
5.68171666765971, 11, 41, 18, 1030, 0.195692267808106
5.65881516692621, 11, 11, 12, 510, 0.0392350807781075
5.58678236620151, 12, 12, 18, 3145, 0.324907326131706
5.56339705882345, 9, 16, 12, 3090, 0.255925559585302
5.53779766613581, 8, 10, 3, 407, 0.0462384025816862
5.51286189052475, 9, 10, 2, 279, 0.0942150828773279
5.51060943550943, 9, 14, 15, 4286, 0.693809366026066
5.45616555987854, 8, 32, 17, 736, 0.170056320400501
5.3862175469311, 8, 32, 17, 4022, 0.574340084196154
5.35108458655523, 10, 20, 6, 102, 0.0167076522493852
5.26301635802535, 12, 52, 2, 2112, 0.641687807874768
5.24312943899529, 9, 18, 16, 1743, 0.418913944985645
5.18189411764705, 11, 25, 18, 3510, 0.352867993806244
5.1736963218391, 7, 25, 17, 2974, 0.417126521788599
5.14588808182006, 8, 20, 2, 2142, 0.6582063912811
5.10188768420489, 8, 13, 2, 2042, 0.589515477639617
5.0891885684964, 11, 14, 2, 1739, 0.435881275525876
5.08525870531678, 15, 10, 7, 471, 0.0323623652781823
5.08525870531677, 15, 10, 7, 471, 0.0323623652781823
5.08126523524114, 11, 26, 18, 3510, 0.352867993806244
5.07268333333329, 10, 25, 15, 4121, 0.673997680583168
5.07054422337339, 13, 15, 2, 1843, 0.467364421337641
4.91059635290214, 15, 15, 2, 820, 0.212614190964835
4.88946591558647, 9, 45, 8, 591, 0.0519448732914109
4.87255599914071, 12, 62, 15, 2350, 0.555500331345262
4.86367473558492, 10, 19, 8, 1309, 0.0848928719358361
4.8599007129213, 9, 18, 15, 4286, 0.693809366026066
4.819265609967, 8, 37, 4, 444, 0.0839085126539451
4.79009229655289, 4, 183, 2, 2314, 0.776521313750697
4.78615555555557, 10, 25, 6, 102, 0.0167076522493852
4.74610818189865, 9, 21, 2, 615, 0.171033321577684
4.68674847458233, 10, 10, 14, 3676, 0.0352137908536928
4.64469018170212, 12, 10, 2, 1819, 0.460258700128554
4.6212345652874, 10, 24, 18, 4347, 0.479307415177521
4.57989660254535, 4, 23, 2, 968, 0.249915245560346
4.54197597170748, 10, 15, 2, 482, 0.140551302032969
4.53745929450165, 6, 87, 11, 698, 0.0598800581536225
4.50479289921923, 6, 54, 7, 445, 0.0308476551121468
4.5012328847402, 9, 15, 2, 279, 0.0942150828773279
4.4832662159668, 14, 14, 4, 356, 0.0640591870798935
4.48032086369567, 12, 54, 17, 3310, 0.464799749687109
4.45129501009133, 12, 10, 4, 692, 0.140298642125682
4.42486013795869, 8, 10, 17, 1628, 0.266000113778587
4.39988825194838, 4, 12, 2, 2044, 0.590038793642848
4.37801346153845, 8, 16, 3, 407, 0.0462384025816862
4.37267984155705, 9, 74, 11, 302, 0.0349830385267749
4.37111963950319, 9, 37, 2, 1977, 0.545716203456161
4.33445942036175, 4, 76, 2, 2121, 0.647831082695305
4.30351306503608, 13, 10, 4, 171, 0.022330491270808
4.27513512210772, 11, 14, 4, 527, 0.102855596156449
4.2657563072056, 9, 89, 2, 1721, 0.430434238518333
4.20573688777971, 9, 13, 2, 2004, 0.562667091386901
4.14693186660331, 13, 10, 2, 1292, 0.322740355627353
4.12773327111371, 11, 37, 16, 4309, 0.587429146320516
4.09252939699965, 10, 10, 2, 1729, 0.435007565329177
4.08361039457747, 11, 13, 2, 2153, 0.665805849762801
4.05983767256725, 12, 31, 2, 1336, 0.333516114719969
4.03932618560902, 8, 12, 17, 1628, 0.266000113778587
4.02403295703387, 12, 10, 2, 1992, 0.555681960387254
4.01414376358403, 8, 21, 2, 2042, 0.589515477639617
4.01328514288141, 14, 10, 2, 1283, 0.318592507480006
4.00854291898358, 14, 12, 13, 2450, 0.0953785338797136
3.98151933064614, 3, 19, 2, 2200, 0.695657614816669
3.965664307073, 15, 23, 2, 820, 0.212614190964835
3.95917163053081, 14, 10, 17, 943, 0.192442257367163
3.95917163053081, 14, 10, 17, 943, 0.192442257367163
3.95515107413495, 14, 13, 2, 1977, 0.545716203456161
3.94671599528284, 8, 34, 2, 2142, 0.6582063912811
3.87741223909387, 8, 12, 7, 295, 0.0221089426157879
3.87393608498286, 10, 10, 2, 809, 0.212127279553134
3.85323642781097, 11, 23, 2, 2084, 0.621915564100522
3.83676488242312, 12, 11, 2, 1992, 0.555681960387254
3.79237365282834, 12, 15, 2, 1819, 0.460258700128554
3.76017929201643, 9, 50, 2, 1977, 0.545716203456161
3.75473037980093, 12, 10, 2, 2012, 0.569811492474488
3.75473037980092, 12, 10, 2, 2012, 0.569811492474488
3.75363333333334, 11, 25, 12, 510, 0.0392350807781075
3.75041322519338, 10, 22, 2, 482, 0.140551302032969
3.716053793339, 11, 73, 2, 715, 0.191276549754838
3.64840655853001, 10, 85, 0, 5, 0.438775510204082
3.6476323834013, 12, 12, 11, 832, 0.0687848315968015
3.59874977037235, 6, 11, 16, 3627, 0.539518563050573
3.58591615478723, 9, 15, 17, 605, 0.15318864489703
3.57400621152231, 9, 10, 8, 1146, 0.077098316827955
3.57400621152229, 9, 10, 8, 1146, 0.077098316827955
3.56978264285429, 9, 18, 2, 1136, 0.285129862003845
3.5190576923077, 12, 16, 4, 692, 0.140298642125682
3.49808939308952, 7, 44, 18, 323, 0.13237393042873
3.47204838709678, 9, 16, 17, 605, 0.15318864489703
3.45877134113934, 8, 11, 18, 2286, 0.269450945195964
3.45867928083061, 14, 17, 2, 1977, 0.545716203456161
3.39442564214261, 17, 14, 7, 392, 0.0277599766967667
3.39077348108066, 9, 20, 2, 2004, 0.562667091386901
3.37212611523555, 8, 136, 0, 3, 0.397959183673469
3.29294023514807, 12, 13, 14, 4835, 0.063333752242725
3.29231195447142, 11, 20, 2, 2153, 0.665805849762801
3.2853004496699, 7, 62, 17, 2974, 0.417126521788599
3.27296158785215, 14, 18, 13, 2450, 0.0953785338797136
3.26674011955159, 11, 32, 2, 2084, 0.621915564100522
3.24802587296168, 10, 14, 18, 2256, 0.267915186679197
3.20833544588674, 10, 12, 4, 171, 0.022330491270808
3.18701640155598, 14, 10, 2, 1340, 0.334842607023811
3.15784039316934, 9, 63, 8, 1807, 0.109180253793727
3.15761559306699, 6, 19, 2, 879, 0.232575283557639
3.14461803484482, 13, 39, 2, 1843, 0.467364421337641
3.14200000000001, 8, 16, 2, 2203, 0.699389085448402
3.10806718599405, 9, 10, 17, 1303, 0.234056775514848
3.06261538461541, 10, 16, 2, 809, 0.212127279553134
2.97007114029422, 16, 31, 2, 832, 0.217317209133002
2.96970615036127, 13, 21, 4, 171, 0.022330491270808
2.96342578670717, 9, 11, 17, 1303, 0.234056775514848
2.90925750601741, 4, 57, 2, 968, 0.249915245560346
2.89393548963724, 10, 55, 7, 820, 0.0529274686862802
2.8804029948429, 4, 28, 2, 2044, 0.590038793642848
2.87866235734515, 16, 33, 2, 832, 0.217317209133002
2.87137118954742, 11, 11, 2, 549, 0.151486331213524
2.8271852722478, 10, 10, 12, 2544, 0.139740630838554
2.8173493551741, 9, 13, 16, 2805, 0.485405982381665
2.76484961011144, 12, 12, 4, 414, 0.0771416971173366
2.74912861330325, 11, 12, 2, 549, 0.151486331213524
2.73004648349602, 13, 52, 6, 190, 0.0294372920584406
2.72123938232681, 14, 38, 4, 356, 0.0640591870798935
2.70781492049564, 17, 22, 7, 392, 0.0277599766967667
2.67999202601716, 8, 12, 16, 4394, 0.594569724928226
2.67901720392542, 9, 69, 12, 3090, 0.255925559585302
2.67210534586937, 6, 12, 2, 1982, 0.552360041410223
2.65638158169513, 12, 13, 4, 414, 0.0771416971173366
2.65514561604103, 5, 22, 2, 757, 0.201827055437367
2.63130488541332, 11, 15, 2, 1303, 0.327745986962606
2.61959492203576, 10, 18, 4, 171, 0.022330491270808
2.59085408697595, 10, 10, 2, 803, 0.211947531882459
2.59085408697595, 10, 10, 2, 803, 0.211947531882459
2.52189805083523, 8, 12, 2, 552, 0.152899284422248
2.51955769230774, 14, 16, 2, 1340, 0.334842607023811
2.51432696759989, 13, 10, 2, 1305, 0.327821071432634
2.48490611492669, 11, 15, 2, 975, 0.253335001877112
2.48490611492667, 11, 15, 2, 975, 0.253335001877112
2.47003929464332, 5, 15, 2, 2062, 0.600345843619526
2.464582173748, 10, 15, 2, 1941, 0.523077098098998
2.4595121467478, 9, 12, 2, 2256, 0.737136096290145
2.44391986725844, 9, 11, 6, 585, 0.0935194560972082
2.42353839199476, 12, 24, 14, 4835, 0.063333752242725
2.39423222949449, 13, 30, 2, 1292, 0.322740355627353
2.36680882352946, 8, 25, 2, 2346, 0.794928385342601
2.36529927003539, 9, 41, 2, 1136, 0.285129862003845
2.3439103186469, 13, 10, 2, 2251, 0.732835803915769
2.34337423729122, 10, 40, 14, 3676, 0.0352137908536928
2.34115534156393, 10, 12, 17, 3838, 0.549166571851177
2.34115534156391, 10, 12, 17, 3838, 0.549166571851177
2.34078388421242, 6, 26, 16, 3627, 0.539518563050573
2.33987513009745, 9, 12, 6, 585, 0.0935194560972082
2.33156983273458, 13, 11, 17, 1813, 0.284062464444191
2.29395454545456, 6, 36, 2, 879, 0.232575283557639
2.28779348290183, 10, 32, 2, 1729, 0.435007565329177
2.27939279110743, 14, 31, 2, 1283, 0.318592507480006
2.26777050299187, 8, 10, 2, 768, 0.203365149429472
2.25565418959675, 8, 15, 2, 552, 0.152899284422248
2.23862499999998, 8, 36, 7, 295, 0.0221089426157879
2.23483080137654, 13, 11, 2, 2251, 0.732835803915769
2.22498710839085, 10, 10, 5, 212, 0.0390665967488201
2.21825869152726, 11, 52, 4, 527, 0.102855596156449
2.14875688478497, 9, 12, 9, 323, 0.165064872657376
2.13439077218003, 10, 20, 2, 1941, 0.523077098098998
2.12843874226903, 9, 10, 2, 783, 0.207472042411349
2.12499413444567, 13, 14, 2, 1305, 0.327821071432634
2.05105576967655, 10, 19, 12, 2544, 0.139740630838554
2.03819999999999, 11, 25, 2, 1303, 0.327745986962606
2.02938671425451, 9, 11, 2, 783, 0.207472042411349
1.99930692867336, 18, 10, 16, 1576, 0.405810615169435
1.99789053787523, 12, 40, 11, 832, 0.0687848315968015
1.97816279031834, 11, 10, 2, 1990, 0.555431678820491
1.97816279031831, 11, 10, 2, 1990, 0.555431678820491
1.96707223081016, 10, 10, 2, 1255, 0.3102126255674
1.96363890077913, 18, 10, 17, 1106, 0.211557059961315
1.94035250478455, 3, 80, 2, 2200, 0.695657614816669
1.91969999570525, 9, 28, 16, 2805, 0.485405982381665
1.89790672138466, 5, 13, 2, 2264, 0.74339313545921
1.89790672138461, 5, 13, 2, 2264, 0.74339313545921
1.87628474503324, 14, 10, 15, 3474, 0.62495858184228
1.87524861208932, 10, 42, 18, 2256, 0.267915186679197
1.87225623068023, 18, 11, 17, 1106, 0.211557059961315
1.86970953664478, 8, 11, 2, 2030, 0.580914892890866
1.85162686202162, 8, 15, 2, 768, 0.203365149429472
1.84236568429621, 17, 15, 11, 769, 0.0647261933607948
1.82510917368465, 18, 12, 16, 1576, 0.405810615169435
1.80467480919406, 8, 43, 2, 2346, 0.794928385342601
1.78896731116144, 14, 11, 15, 3474, 0.62495858184228
1.7838629032258, 17, 16, 11, 769, 0.0647261933607948
1.73913771737609, 9, 24, 2, 2256, 0.737136096290145
1.7383687816147, 14, 13, 2, 1352, 0.33927714132945
1.69473892522548, 5, 54, 2, 757, 0.201827055437367
1.67513407291999, 14, 14, 2, 1352, 0.33927714132945
1.6544761737335, 16, 10, 17, 2018, 0.304827056547958
1.636214233207, 8, 59, 2, 2203, 0.699389085448402
1.63512552846394, 9, 10, 2, 1553, 0.385035437594567
1.63316645237313, 17, 12, 16, 3053, 0.500840428925478
1.61511269138105, 10, 10, 2, 1955, 0.530744815189816
1.60632384528906, 8, 51, 18, 2286, 0.269450945195964
1.58454067870862, 10, 43, 2, 847, 0.224268210828091
1.53199978705545, 10, 46, 2, 847, 0.224268210828091
1.51947441571089, 11, 10, 2, 2246, 0.727716408231988
1.50645445614462, 11, 10, 4, 213, 0.0318040330220598
1.50514463213221, 6, 11, 2, 1390, 0.345440893732722
1.49769987525092, 10, 10, 13, 584, 0.0350697462643321
1.47613081556899, 5, 42, 2, 2062, 0.600345843619526
1.46616907491456, 10, 18, 2, 1255, 0.3102126255674
1.45107159592536, 16, 13, 17, 2018, 0.304827056547958
1.42830038651571, 6, 42, 2, 1982, 0.552360041410223
1.42800080096951, 10, 11, 13, 584, 0.0350697462643321
1.41654753806032, 10, 13, 2, 1955, 0.530744815189816
1.40745495648899, 12, 11, 17, 1095, 0.21058994197292
1.39840063041962, 9, 15, 8, 2634, 0.161746432202433
1.38222551429816, 9, 29, 9, 323, 0.165064872657376
1.37627594233295, 7, 10, 2, 2119, 0.64669343921002
1.37519847914098, 11, 12, 4, 213, 0.0318040330220598
1.35900858869272, 12, 10, 2, 1651, 0.409647216755213
1.35678794141103, 5, 11, 2, 541, 0.150027872265389
1.35408403269317, 10, 27, 5, 212, 0.0390665967488201
1.35212074270683, 11, 21, 17, 1609, 0.26449254750256
1.34093893203737, 12, 11, 2, 2273, 0.74930888158269
1.32624008535546, 9, 10, 16, 975, 0.356593379628494
1.29902555458386, 5, 12, 2, 541, 0.150027872265389
1.2926020741762, 11, 17, 11, 1081, 0.0854434213714562
1.28385128337843, 12, 12, 2, 2273, 0.74930888158269
1.27786013618947, 10, 13, 15, 3468, 0.624682460790811
1.25567897012058, 10, 10, 16, 3521, 0.532451598655314
1.24757547724718, 12, 14, 17, 1095, 0.21058994197292
1.23923913043475, 11, 25, 17, 1609, 0.26449254750256
1.23455779501511, 17, 21, 16, 3053, 0.500840428925478
1.20768269065992, 13, 41, 17, 1813, 0.284062464444191
1.20305928399897, 7, 15, 2, 1318, 0.330353465830878
1.14739255380997, 9, 11, 8, 1385, 0.0885830477840118
1.10925757575758, 10, 16, 2, 2103, 0.633565033389836
1.07947730428828, 8, 33, 2, 2030, 0.580914892890866
1.07613791785058, 10, 17, 2, 2103, 0.633565033389836
1.04520778347949, 11, 26, 11, 1081, 0.0854434213714562
0.994048113302349, 8, 11, 2, 1437, 0.35982525796066
0.985145370335596, 15, 15, 15, 3081, 0.598906560636183
0.953862903225868, 15, 16, 15, 3081, 0.598906560636183
0.917060521448872, 10, 10, 15, 3540, 0.629928760768721
0.917060521448805, 10, 10, 15, 3540, 0.629928760768721
0.916243403583038, 12, 22, 2, 1651, 0.409647216755213
0.9026637254902, 9, 36, 8, 2634, 0.161746432202433
0.900106979135939, 9, 33, 2, 1553, 0.385035437594567
0.896707446661456, 7, 27, 2, 1318, 0.330353465830878
0.89658966771768, 6, 31, 2, 1390, 0.345440893732722
0.874496815318165, 9, 23, 16, 975, 0.356593379628494
0.870714912742217, 10, 28, 15, 3468, 0.624682460790811
0.853530106143882, 7, 26, 2, 2119, 0.64669343921002
0.851251947316809, 8, 15, 2, 1437, 0.35982525796066
0.849412020900331, 11, 32, 2, 2246, 0.727716408231988
0.833706681972782, 8, 124, 16, 4394, 0.594569724928226
0.809768393554608, 12, 12, 2, 751, 0.20052104071626
0.809605452478613, 11, 12, 2, 2231, 0.71904756487412
0.802839910544906, 12, 11, 2, 1069, 0.271628309120488
0.793495469917307, 9, 23, 8, 1385, 0.0885830477840118
0.785242529176988, 7, 11, 2, 1916, 0.504761037985916
0.780690999383769, 9, 13, 16, 318, 0.27965425858219
0.778739038940783, 10, 26, 16, 3521, 0.532451598655314
0.778000307217643, 12, 13, 2, 751, 0.20052104071626
0.773630606010229, 10, 10, 2, 2120, 0.646761697819138
0.772734920852225, 14, 11, 2, 1927, 0.513475387083196
0.760962476048659, 11, 14, 17, 4501, 0.643489020366367
0.759910380203492, 12, 10, 14, 5479, 0.510491006371879
0.755125552934377, 10, 10, 11, 624, 0.0552762297068088
0.72678376769364, 9, 15, 16, 318, 0.27965425858219
0.724546118703443, 12, 11, 14, 5479, 0.510491006371879
0.724133130678702, 11, 15, 2, 2231, 0.71904756487412
0.678518926982654, 10, 13, 2, 2120, 0.646761697819138
0.663548664379635, 9, 12, 2, 2424, 0.886372168689776
0.638197573916733, 10, 14, 11, 624, 0.0552762297068088
0.637989517938984, 8, 10, 2, 1742, 0.436409142103048
0.63798951793895, 8, 10, 2, 1742, 0.436409142103048
0.637516935521655, 9, 13, 2, 2424, 0.886372168689776
0.597670477771824, 6, 10, 2, 471, 0.138228234036018
0.591446807176222, 11, 11, 2, 1920, 0.508651778705589
0.582351445688525, 7, 20, 2, 1916, 0.504761037985916
0.581052867916807, 12, 21, 2, 1069, 0.271628309120488
0.57457368824621, 11, 10, 16, 4539, 0.608127009054548
0.557035209838671, 12, 10, 6, 247, 0.0376826269347606
0.557035209838659, 12, 10, 6, 247, 0.0376826269347606
0.549498448081911, 8, 10, 2, 1799, 0.45780594077428
0.54559600438418, 6, 12, 2, 471, 0.138228234036018
0.503329367169168, 11, 32, 17, 4501, 0.643489020366367
0.48433724366946, 14, 28, 2, 1927, 0.513475387083196
0.475759614468557, 11, 17, 2, 1920, 0.508651778705589
0.454240384615382, 11, 16, 16, 4539, 0.608127009054548
0.441838934292054, 12, 10, 18, 4141, 0.43508038780016
0.421446071104825, 8, 17, 2, 1799, 0.45780594077428
0.405231247112516, 13, 11, 16, 2460, 0.464413662797831
0.405231247112504, 13, 11, 16, 2460, 0.464413662797831
0.396707732468137, 11, 10, 3, 470, 0.052591770875353
0.396707732468114, 11, 10, 3, 470, 0.052591770875353
0.387518380562904, 12, 13, 18, 4141, 0.43508038780016
0.372540633580619, 12, 10, 14, 3784, 0.0368361734498793
0.294519230769211, 12, 16, 14, 3784, 0.0368361734498793
0.276548710614239, 13, 10, 2, 1690, 0.422006575579345
0.270374739944407, 9, 10, 11, 1214, 0.094227041434456
0.270374739944384, 9, 10, 11, 1214, 0.094227041434456
0.267921096345901, 12, 11, 12, 1337, 0.0734512950141041
0.263678849674798, 13, 11, 2, 1690, 0.422006575579345
0.193907053401879, 12, 21, 12, 1337, 0.0734512950141041
0.167510365198633, 15, 10, 12, 1021, 0.0602447155365058
0.124854854506653, 15, 18, 12, 1021, 0.0602447155365058
0.107600222447573, 10, 11, 2, 1300, 0.326246572849001
0.103019369771928, 10, 12, 2, 1300, 0.326246572849001
0.0344537680307847, 13, 10, 18, 1722, 0.237390224967488
0.0328503788759017, 13, 11, 18, 1722, 0.237390224967488
