norm, level, Npoints, dimSplit, MainGridIndexSplit
1304.2780371859, 0, 3760, -1, -1, -1
104.523807216339, 2, 849, 0, 12, 0.602040816326531
100.592177895578, 3, 92, 0, 11, 0.571428571428571
89.8090588413999, 2, 1150, 0, 12, 0.602040816326531
81.6289474546618, 4, 41, 0, 12, 0.602040816326531
81.3088001151113, 2, 694, 17, 2393, 0.346640687222665
68.876893319264, 6, 33, 1, 1, 0.5
65.5745135693303, 2, 1067, 17, 2393, 0.346640687222665
60.1602951009967, 6, 135, 0, 16, 0.724489795918367
59.8456674751951, 4, 57, 0, 15, 0.683673469387755
58.0348869004598, 1, 1761, 15, 2557, 0.567718687872763
55.597355930523, 5, 317, 0, 12, 0.602040816326531
55.2262876331506, 5, 17, 0, 2, 0.326530612244898
54.8245365591422, 5, 326, 0, 12, 0.602040816326531
54.7498633999057, 6, 163, 0, 16, 0.724489795918367
54.4706331414393, 1, 1999, 15, 2557, 0.567718687872763
54.1042093636188, 5, 62, 10, 632, 0.0526201415621507
52.4809669716876, 5, 119, 0, 14, 0.642857142857143
51.8042386026034, 4, 336, 17, 3515, 0.501393787689157
49.3116464194444, 5, 13, 0, 1, 0.13265306122449
49.0585629908056, 5, 164, 0, 11, 0.571428571428571
48.4571291544285, 3, 260, 1, 1, 0.5
48.2749103561387, 3, 64, 6, 35, 0.00701576739476349
47.5625293103448, 7, 25, 0, 2, 0.326530612244898
47.4400573248385, 7, 20, 0, 11, 0.571428571428571
46.2800570650277, 4, 421, 17, 3515, 0.501393787689157
45.581937639553, 8, 15, 0, 13, 0.622448979591837
44.8557936151953, 7, 42, 0, 5, 0.438775510204082
43.047401913311, 5, 213, 0, 11, 0.571428571428571
42.866946431886, 3, 305, 18, 2280, 0.269176199406267
42.1614721048527, 4, 417, 4, 576, 0.113908061532909
41.6161508634239, 4, 428, 4, 576, 0.113908061532909
37.9441892316004, 6, 44, 0, 13, 0.622448979591837
37.7483251164379, 6, 30, 14, 5218, 0.106904785460457
37.5058912463399, 3, 434, 1, 1, 0.5
37.4500928871406, 6, 116, 15, 3982, 0.660412524850895
37.0893192933193, 7, 27, 17, 3480, 0.49377062236887
36.5307459809146, 6, 69, 16, 4678, 0.620463524157731
36.1099879866625, 6, 45, 0, 12, 0.602040816326531
35.9566601654336, 7, 13, 8, 3272, 0.262209586926234
35.4698513151739, 6, 98, 0, 13, 0.622448979591837
35.3194610205177, 4, 219, 0, 12, 0.602040816326531
35.0679343599522, 3, 757, 0, 11, 0.571428571428571
34.5817941035364, 6, 65, 0, 10, 0.540816326530612
34.0011589382025, 4, 14, 0, 12, 0.602040816326531
33.7930452775494, 7, 74, 0, 5, 0.438775510204082
33.3916078721813, 6, 22, 0, 19, 0.785714285714286
33.1640206625966, 5, 298, 0, 14, 0.642857142857143
32.9987226961754, 6, 70, 11, 498, 0.0473406833050642
32.4435518164524, 4, 90, 14, 2096, 0.0194231350287577
31.2113390947485, 8, 18, 0, 6, 0.459183673469388
31.1321584192757, 6, 73, 16, 2706, 0.479608863151179
30.7269453133363, 8, 20, 0, 22, 0.928571428571429
29.7402001425015, 6, 177, 1, 1, 0.5
29.6993369168324, 5, 210, 0, 17, 0.744897959183674
29.2182730877513, 10, 38, 0, 5, 0.438775510204082
29.1632209406772, 7, 11, 0, 10, 0.540816326530612
29.1493015946122, 5, 218, 0, 17, 0.744897959183674
29.0944296671448, 4, 360, 17, 828, 0.180467061099101
29.0630362817362, 6, 75, 0, 13, 0.622448979591837
28.9109491614521, 9, 20, 16, 3222, 0.512471474492675
28.6850271227172, 10, 52, 0, 12, 0.602040816326531
28.4501044460859, 6, 201, 15, 3982, 0.660412524850895
28.0883300590027, 12, 23, 0, 3, 0.397959183673469
27.8320666006318, 7, 15, 0, 7, 0.479591836734694
27.4717669873935, 8, 10, 2, 2418, 0.874586182182228
27.3734524950188, 7, 24, 15, 4608, 0.75160150209852
27.0943603578531, 8, 10, 14, 1853, 0.0176643840561303
27.0849220179343, 9, 11, 7, 514, 0.0348674628604719
26.7114176609971, 8, 11, 0, 2, 0.326530612244898
26.5609159841642, 11, 24, 0, 5, 0.438775510204082
26.4276507256814, 7, 83, 0, 5, 0.438775510204082
26.4029311520582, 8, 67, 17, 261, 0.0981909204687676
26.2722587795145, 10, 47, 0, 5, 0.438775510204082
26.0194762649003, 9, 24, 0, 17, 0.744897959183674
25.9041882517043, 8, 32, 0, 14, 0.642857142857143
25.753965728981, 3, 845, 18, 2280, 0.269176199406267
25.5783269599159, 5, 10, 0, 18, 0.76530612244898
24.370637900075, 8, 39, 0, 18, 0.76530612244898
24.2239566994608, 5, 26, 0, 22, 0.928571428571429
23.9328755314511, 5, 20, 0, 17, 0.744897959183674
23.3560949770112, 5, 21, 0, 17, 0.744897959183674
23.2701652767333, 4, 377, 0, 15, 0.683673469387755
23.2543916364928, 6, 228, 0, 13, 0.622448979591837
23.0875649893318, 6, 143, 11, 498, 0.0473406833050642
22.5115017394863, 8, 10, 0, 20, 0.806122448979592
22.4843157462684, 5, 359, 10, 632, 0.0526201415621507
22.291534194691, 9, 14, 0, 4, 0.418367346938776
22.2595147021671, 8, 42, 0, 19, 0.785714285714286
22.2054776832584, 6, 119, 0, 12, 0.602040816326531
22.0531173956987, 8, 42, 1, 1, 0.5
21.7698587967758, 4, 643, 17, 828, 0.180467061099101
21.7080429563774, 9, 12, 17, 2810, 0.395309477756286
21.4638747363372, 8, 11, 0, 20, 0.806122448979592
21.4005955075891, 8, 76, 2, 1373, 0.340346526205618
21.3315391466336, 7, 61, 7, 645, 0.0424992717739586
21.1180837765069, 8, 12, 12, 1927, 0.100560501153973
20.9908689896253, 4, 215, 14, 2096, 0.0194231350287577
20.9806034644848, 5, 20, 6, 119, 0.0191667872124982
20.9357417221016, 7, 11, 17, 3273, 0.460390829445898
20.4846302088909, 8, 45, 0, 22, 0.928571428571429
20.4748182772373, 11, 12, 0, 8, 0.5
20.3816023583839, 10, 103, 0, 12, 0.602040816326531
20.3759429955148, 7, 65, 1, 1, 0.5
20.342225, 6, 16, 0, 3, 0.397959183673469
20.3000341113216, 7, 27, 2, 890, 0.234964334876736
20.0926320457352, 7, 92, 17, 3480, 0.49377062236887
19.5141546371071, 10, 11, 17, 1580, 0.261221413130049
19.2773052079899, 8, 56, 0, 19, 0.785714285714286
19.2277611300217, 7, 13, 14, 2404, 0.022050900164979
19.1374675840232, 7, 19, 13, 3969, 0.247982118465168
18.9456292855719, 10, 14, 4, 813, 0.169395948933099
18.9177443190917, 8, 60, 0, 14, 0.642857142857143
18.7936090421878, 11, 13, 4, 232, 0.0360896828619118
18.5935278719631, 8, 67, 0, 18, 0.76530612244898
18.339925027661, 8, 11, 13, 184, 0.0198787201457014
18.2082493736744, 8, 14, 0, 12, 0.602040816326531
18.2069837710272, 8, 105, 2, 1373, 0.340346526205618
18.2003014102087, 7, 175, 0, 5, 0.438775510204082
18.0701643360872, 7, 21, 4, 385, 0.070600442098615
18.0009665249337, 12, 56, 0, 3, 0.397959183673469
17.9917221676929, 4, 50, 0, 12, 0.602040816326531
17.9889941253431, 7, 101, 15, 3154, 0.603006958250497
17.8448139245515, 10, 20, 3, 147, 0.020018152480839
17.8190311603023, 6, 290, 16, 4678, 0.620463524157731
17.3577866518345, 6, 258, 0, 10, 0.540816326530612
16.8702773453617, 8, 13, 13, 184, 0.0198787201457014
16.7406109560235, 9, 15, 0, 6, 0.459183673469388
16.7333634694284, 9, 13, 2, 2177, 0.684121909875883
16.6660598980553, 10, 22, 14, 3454, 0.0320305251252049
16.63668226832, 9, 56, 18, 3851, 0.391684642555728
16.5943924762191, 7, 98, 1, 1, 0.5
16.5069674669403, 8, 40, 0, 3, 0.397959183673469
16.4483037558754, 9, 21, 13, 3214, 0.136926197276377
16.3425573248964, 8, 114, 2, 1443, 0.362214309279758
16.2705383244525, 9, 45, 16, 3902, 0.558866831889677
16.269813152311, 11, 10, 1, 1, 0.5
16.1878353976444, 6, 270, 16, 2706, 0.479608863151179
16.1820737949137, 7, 106, 7, 645, 0.0424992717739586
16.1533658424494, 8, 179, 17, 261, 0.0981909204687676
16.1340383600329, 9, 31, 7, 514, 0.0348674628604719
16.0422657484819, 7, 127, 15, 3154, 0.603006958250497
15.9765238456532, 9, 33, 8, 987, 0.0698685845539782
15.9207331534648, 8, 43, 0, 3, 0.397959183673469
15.7866087862684, 8, 21, 0, 11, 0.571428571428571
15.7696086442818, 7, 181, 0, 11, 0.571428571428571
15.6133402529798, 10, 43, 0, 5, 0.438775510204082
15.5019085915917, 8, 85, 1, 1, 0.5
15.3864983699032, 10, 19, 0, 19, 0.785714285714286
15.1462078917587, 8, 32, 14, 1853, 0.0176643840561303
15.0792377821243, 6, 188, 14, 5218, 0.106904785460457
14.8422857142857, 10, 16, 0, 14, 0.642857142857143
14.6687870745827, 7, 54, 0, 7, 0.479591836734694
14.6397993129826, 11, 79, 0, 5, 0.438775510204082
14.6249827561118, 9, 10, 6, 80, 0.0135252422971214
14.6087147498083, 7, 265, 0, 2, 0.326530612244898
14.587455201476, 10, 17, 0, 8, 0.5
14.4720844096664, 10, 20, 17, 1580, 0.261221413130049
14.4625634719023, 8, 149, 0, 13, 0.622448979591837
14.4044156775077, 9, 10, 17, 1820, 0.28475935828877
14.3281570561047, 12, 12, 14, 1862, 0.0177472746378885
14.2504612206062, 9, 20, 2, 1247, 0.309275207335525
14.2504612206062, 9, 20, 2, 1247, 0.309275207335525
14.1998569414018, 8, 151, 2, 1443, 0.362214309279758
14.0271384201532, 8, 22, 0, 2, 0.326530612244898
14.023870250533, 9, 85, 16, 3222, 0.512471474492675
14.0104328826612, 8, 63, 0, 5, 0.438775510204082
13.9960354588353, 9, 43, 8, 987, 0.0698685845539782
13.8921687990223, 10, 33, 3, 147, 0.020018152480839
13.7660480209403, 12, 13, 14, 1862, 0.0177472746378885
13.6179695554826, 10, 13, 0, 4, 0.418367346938776
13.5791131204461, 9, 41, 0, 4, 0.418367346938776
13.5522642105262, 11, 25, 4, 232, 0.0360896828619118
13.409544718628, 9, 26, 16, 947, 0.354881849189017
13.2965227333874, 8, 11, 0, 2, 0.326530612244898
13.1742602811942, 5, 53, 2, 953, 0.246199701937407
13.1588769201391, 9, 27, 16, 947, 0.354881849189017
13.1447898878123, 8, 10, 13, 1812, 0.0726126909226375
13.0904424398584, 9, 33, 17, 2810, 0.395309477756286
12.9272446753087, 8, 74, 0, 5, 0.438775510204082
12.9097924932036, 9, 93, 18, 3851, 0.391684642555728
12.8991109179151, 10, 63, 0, 5, 0.438775510204082
12.869657115479, 9, 12, 13, 513, 0.0329690798460201
12.7378815871454, 10, 14, 14, 4868, 0.0648003807618981
12.6746968259793, 10, 28, 0, 19, 0.785714285714286
12.6505863702483, 10, 10, 2, 1938, 0.521916701744007
12.5184187639724, 7, 71, 2, 890, 0.234964334876736
12.4397554584815, 9, 10, 0, 13, 0.622448979591837
12.2948504683693, 5, 343, 0, 2, 0.326530612244898
12.1944157198661, 3, 1003, 6, 35, 0.00701576739476349
12.137409331647, 7, 18, 8, 1269, 0.0828218548781866
12.1196600015474, 6, 167, 0, 19, 0.785714285714286
12.1115809344024, 9, 10, 0, 6, 0.459183673469388
12.0872561189398, 7, 33, 17, 3273, 0.460390829445898
12.072496304395, 10, 10, 4, 527, 0.102855596156449
12.0704627450981, 9, 36, 0, 21, 0.836734693877551
11.9888259902183, 11, 35, 0, 8, 0.5
11.9105079885135, 7, 10, 2, 2010, 0.566284797670106
11.9036720715877, 11, 11, 14, 4974, 0.0706508515001858
11.8337609035997, 9, 17, 2, 1411, 0.350134810753006
11.8322747812921, 9, 26, 2, 2177, 0.684121909875883
11.8151389647456, 11, 10, 9, 239, 0.124699663623258
11.7984024348446, 5, 47, 0, 18, 0.76530612244898
11.7955262662394, 10, 26, 0, 8, 0.5
11.7015053918253, 10, 10, 15, 4219, 0.685387673956262
11.696499997787, 6, 10, 2, 860, 0.226645885712335
11.6306887555067, 8, 32, 0, 2, 0.326530612244898
11.4833890248523, 7, 52, 4, 385, 0.070600442098615
11.4568715102641, 9, 53, 0, 4, 0.418367346938776
11.4189863339116, 8, 13, 15, 3066, 0.597981555113762
11.386461799858, 8, 15, 0, 2, 0.326530612244898
11.298851961328, 12, 10, 17, 5083, 0.767962794402093
11.2146042759806, 5, 70, 6, 119, 0.0191667872124982
11.2097491380843, 9, 71, 2, 1475, 0.366682972889956
11.1243213604655, 12, 11, 16, 1361, 0.389265820921159
11.1135254702238, 9, 46, 13, 3214, 0.136926197276377
11.109818909447, 10, 13, 4, 487, 0.0936076149230839
11.0631596150176, 10, 12, 2, 2042, 0.589515477639617
11.0563101413694, 9, 12, 0, 6, 0.459183673469388
11.0519881916461, 8, 38, 0, 12, 0.602040816326531
11.0414451885544, 10, 15, 4, 371, 0.0674425948481978
11.0241036861434, 10, 12, 18, 1238, 0.208147410274365
11.0036105620667, 8, 14, 15, 3066, 0.597981555113762
10.9292877858338, 14, 20, 2, 1516, 0.37313796202546
10.8581823901152, 6, 30, 11, 1209, 0.0939241579840077
10.7868610832637, 10, 15, 8, 1006, 0.0707346462326317
10.6819640997851, 10, 12, 15, 4219, 0.685387673956262
10.5989197896502, 10, 10, 16, 3810, 0.552959291340515
10.5681465830627, 8, 157, 0, 6, 0.459183673469388
10.5507270854454, 10, 13, 2, 2007, 0.563668217653952
10.5356764617908, 9, 21, 16, 4246, 0.583484651436704
10.487561793056, 9, 42, 8, 1391, 0.0888089769175735
10.432864825056, 6, 11, 0, 6, 0.459183673469388
10.4024565523127, 9, 22, 2, 1411, 0.350134810753006
10.3461109243696, 9, 49, 0, 21, 0.836734693877551
10.313336018726, 9, 112, 16, 3902, 0.558866831889677
10.2934446232413, 9, 22, 16, 4246, 0.583484651436704
10.2612892824267, 7, 26, 2, 1457, 0.362635237369313
10.2385468608536, 9, 155, 0, 17, 0.744897959183674
10.2328873398846, 12, 13, 16, 1361, 0.389265820921159
10.2063367746082, 10, 14, 18, 1238, 0.208147410274365
10.1661378349136, 11, 21, 0, 16, 0.724489795918367
10.1234629466506, 7, 164, 8, 3272, 0.262209586926234
10.0689395134546, 9, 88, 2, 1475, 0.366682972889956
9.93841581303673, 11, 10, 13, 2048, 0.0803841218593485
9.93712056960163, 8, 53, 0, 11, 0.571428571428571
9.91403046112482, 9, 47, 8, 1391, 0.0888089769175735
9.90891105637669, 9, 10, 11, 1004, 0.0801126726435668
9.89281569133063, 5, 323, 0, 1, 0.13265306122449
9.86527855948579, 7, 10, 11, 1917, 0.148867215895323
9.8601613626978, 9, 22, 6, 80, 0.0135252422971214
9.70255683437015, 10, 17, 2, 1938, 0.521916701744007
9.67544575663218, 10, 12, 16, 3810, 0.552959291340515
9.63240316212821, 7, 10, 3, 301, 0.0355486083098023
9.6221541684727, 10, 66, 14, 3454, 0.0320305251252049
9.58561949787994, 14, 26, 2, 1516, 0.37313796202546
9.54854929430194, 12, 14, 2, 2050, 0.594589367583987
9.40346178876455, 6, 40, 11, 1209, 0.0939241579840077
9.38708570802442, 10, 40, 0, 14, 0.642857142857143
9.34690343617736, 8, 32, 4, 245, 0.0390219695944422
9.32703641032352, 9, 22, 0, 20, 0.806122448979592
9.29062118092419, 11, 10, 7, 263, 0.020244683949898
9.12117778851443, 7, 18, 2, 1462, 0.363047064310986
9.11656153968578, 10, 21, 8, 1006, 0.0707346462326317
9.08255259290345, 7, 14, 17, 1917, 0.295881215155308
9.02553104199416, 11, 11, 16, 1574, 0.405651117709126
9.01038269910145, 5, 24, 0, 8, 0.5
8.98464358104246, 5, 189, 0, 22, 0.928571428571429
8.97201417742975, 12, 10, 2, 1325, 0.331309086358517
8.97201417742971, 12, 10, 2, 1325, 0.331309086358517
8.85825972686397, 11, 11, 7, 263, 0.020244683949898
8.74321031350348, 9, 26, 13, 513, 0.0329690798460201
8.72724694762012, 10, 19, 2, 2007, 0.563668217653952
8.65689568010646, 5, 26, 0, 8, 0.5
8.59138888563339, 10, 40, 2, 972, 0.251494294717921
8.55414148281036, 10, 14, 16, 4305, 0.587177631094643
8.55003010405218, 7, 246, 15, 4608, 0.75160150209852
8.53837144977241, 10, 14, 17, 1817, 0.284389577881443
8.53260132255996, 11, 10, 2, 2179, 0.68535056483999
8.49594999999999, 7, 16, 17, 1917, 0.295881215155308
8.46662728092081, 8, 39, 4, 245, 0.0390219695944422
8.42200096605444, 7, 20, 2, 2010, 0.566284797670106
8.41869673026814, 7, 132, 0, 10, 0.540816326530612
8.36728947526195, 11, 31, 0, 16, 0.724489795918367
8.36296258741415, 10, 21, 2, 2042, 0.589515477639617
8.31151174748204, 11, 20, 0, 20, 0.806122448979592
8.29295703590684, 8, 13, 2, 2210, 0.704394716783654
8.29023787280866, 9, 110, 0, 4, 0.418367346938776
8.22944813726899, 8, 10, 12, 926, 0.0563615049272814
8.22944813726898, 8, 10, 12, 926, 0.0563615049272814
8.11857989772691, 14, 14, 2, 2216, 0.71001467560096
8.11693429812019, 11, 10, 3, 651, 0.0711476401774909
8.08809432585946, 10, 10, 4, 356, 0.0640591870798935
8.08809432585946, 10, 10, 4, 356, 0.0640591870798935
8.0537954545455, 8, 121, 0, 2, 0.326530612244898
8.05231315776781, 9, 32, 17, 1820, 0.28475935828877
8.0074043109624, 9, 29, 2, 1843, 0.467364421337641
7.99021280725578, 7, 12, 2, 1109, 0.276727227221533
7.97552916094409, 10, 79, 4, 813, 0.169395948933099
7.93822083117781, 10, 11, 16, 1618, 0.409337962849361
7.9304255886066, 12, 14, 7, 288, 0.0217011360326245
7.90870518871475, 13, 10, 16, 4745, 0.626395602777709
7.89929571659283, 10, 11, 2, 1966, 0.536137245310065
7.88791581698755, 7, 44, 2, 1457, 0.362635237369313
7.86708048142053, 13, 10, 8, 744, 0.0590992958542004
7.82291472493793, 11, 14, 2, 2239, 0.722028190805565
7.80748076692644, 10, 30, 4, 371, 0.0674425948481978
7.79635785161741, 12, 21, 2, 2050, 0.594589367583987
7.78916369760752, 11, 12, 2, 2179, 0.68535056483999
7.75443443174076, 8, 89, 12, 1927, 0.100560501153973
7.72900302535844, 11, 15, 16, 1574, 0.405651117709126
7.6952496725846, 12, 10, 2, 2026, 0.578230054265594
7.59844122957297, 10, 10, 18, 1633, 0.232599785557389
7.55097473576938, 11, 11, 17, 1673, 0.270579701900102
7.54454460524677, 11, 13, 8, 456, 0.0458447866852431
7.50266497826931, 9, 34, 0, 20, 0.806122448979592
7.49253805658044, 9, 10, 2, 2000, 0.562371304080727
7.44741047835594, 7, 27, 2, 1462, 0.363047064310986
7.44406454742031, 5, 166, 2, 953, 0.246199701937407
7.42234001006423, 6, 10, 8, 2040, 0.121248635011485
7.4223400100642, 6, 10, 8, 2040, 0.121248635011485
7.37648698399177, 11, 10, 18, 568, 0.15853818332448
7.37648698399177, 11, 10, 18, 568, 0.15853818332448
7.35806202344192, 8, 19, 2, 2004, 0.562667091386901
7.32929600338703, 10, 19, 17, 1817, 0.284389577881443
7.26629522045238, 10, 13, 2, 1966, 0.536137245310065
7.2448294489791, 10, 11, 18, 1633, 0.232599785557389
7.19674395424341, 12, 17, 7, 288, 0.0217011360326245
7.14385473544833, 9, 11, 2, 2000, 0.562371304080727
7.12193351202634, 12, 19, 3, 460, 0.0515832997176281
6.97303244891425, 10, 33, 4, 487, 0.0936076149230839
6.92699341874491, 9, 11, 15, 4163, 0.678871217141595
6.88950519628682, 8, 159, 2, 2418, 0.874586182182228
6.88538749011801, 8, 13, 2, 1918, 0.506672279041194
6.87525090465679, 11, 56, 1, 1, 0.5
6.85671714498508, 10, 31, 4, 527, 0.102855596156449
6.83799697570845, 8, 22, 2, 2004, 0.562667091386901
6.82147366180868, 11, 30, 9, 239, 0.124699663623258
6.81113759506361, 7, 20, 3, 301, 0.0355486083098023
6.79748877555371, 11, 39, 2, 1948, 0.526194241248678
6.79596056867758, 6, 10, 6, 126, 0.0201793721973094
6.73544230769228, 12, 16, 6, 576, 0.0914219586286706
6.72911068960824, 11, 43, 0, 6, 0.459183673469388
6.71326986424646, 10, 12, 2, 1268, 0.315445785599709
6.71198236830473, 11, 40, 2, 1948, 0.526194241248678
6.64374286438503, 6, 150, 0, 3, 0.397959183673469
6.58211437438839, 11, 15, 6, 271, 0.0411543468826848
6.55319732360438, 11, 23, 13, 2048, 0.0803841218593485
6.47969416022227, 6, 11, 6, 126, 0.0201793721973094
6.47638631625018, 14, 22, 2, 2216, 0.71001467560096
6.44398400663581, 8, 10, 3, 278, 0.0332291246470351
6.42812775607221, 9, 45, 2, 1843, 0.467364421337641
6.41679132569557, 7, 169, 13, 3969, 0.247982118465168
6.41406754235489, 9, 10, 2, 2087, 0.626147597865781
6.40364318980428, 10, 72, 2, 972, 0.251494294717921
6.37891358154109, 6, 13, 17, 449, 0.130219592672659
6.37891358154107, 6, 13, 17, 449, 0.130219592672659
6.37310483870965, 11, 16, 6, 271, 0.0411543468826848
6.36900047583841, 11, 48, 0, 6, 0.459183673469388
6.35886932147675, 7, 21, 2, 2170, 0.679798864631802
6.33819057890699, 11, 11, 3, 443, 0.0498688987494958
6.31282568392975, 10, 57, 14, 4868, 0.0648003807618981
6.29743945248218, 9, 106, 0, 6, 0.459183673469388
6.28882904645295, 11, 12, 17, 1733, 0.275898850836272
6.27717803887917, 6, 17, 14, 1473, 0.0151081454702971
6.21134578010276, 10, 10, 5, 224, 0.0411641321447299
6.21134578010271, 10, 10, 5, 224, 0.0411641321447299
6.17151856875028, 11, 12, 17, 4141, 0.592445101831835
6.14355732071278, 9, 41, 0, 13, 0.622448979591837
6.11074496845324, 11, 37, 0, 20, 0.806122448979592
6.08260632010345, 11, 20, 8, 456, 0.0458447866852431
6.07400155950366, 11, 17, 17, 1673, 0.270579701900102
6.04869144972432, 10, 28, 16, 4305, 0.587177631094643
6.04003314585202, 7, 21, 2, 1109, 0.276727227221533
6.00290483373974, 8, 10, 2, 395, 0.117532223751721
5.92297788029359, 7, 137, 14, 2404, 0.022050900164979
5.82061079597174, 8, 51, 13, 1812, 0.0726126909226375
5.6957212319498, 7, 30, 11, 1917, 0.148867215895323
5.67938743210921, 13, 10, 15, 722, 0.439405235255136
5.61984174376825, 8, 10, 17, 2644, 0.375540448287632
5.61984174376821, 8, 10, 17, 2644, 0.375540448287632
5.61774722481478, 12, 23, 6, 576, 0.0914219586286706
5.58506348196689, 8, 11, 2, 1929, 0.514248984653189
5.58107837790034, 12, 18, 17, 3033, 0.426029696211173
5.54853238253149, 6, 10, 3, 327, 0.0381706333198871
5.5485323825314, 6, 10, 3, 327, 0.0381706333198871
5.54177301403284, 8, 10, 7, 386, 0.0274104281969123
5.50633095676572, 9, 31, 2, 2229, 0.717682392691778
5.44628571428574, 11, 16, 17, 1733, 0.275898850836272
5.43897674914562, 4, 20, 17, 2999, 0.420554101718057
5.42770325898292, 13, 10, 16, 2102, 0.442580914288519
5.41739390674662, 8, 21, 2, 1918, 0.506672279041194
5.40402992736918, 12, 33, 3, 460, 0.0515832997176281
5.37032098876102, 8, 31, 2, 2210, 0.704394716783654
5.35069869025121, 7, 34, 16, 2986, 0.496914337594778
5.34101885742863, 10, 10, 18, 427, 0.145153132031555
5.33918879391492, 6, 42, 0, 6, 0.459183673469388
5.31022676959113, 12, 21, 2, 2026, 0.578230054265594
5.2901401109102, 12, 10, 9, 291, 0.149687650168188
5.28896748429095, 12, 10, 9, 440, 0.221287842383469
5.26811689076689, 12, 46, 17, 5083, 0.767962794402093
5.26282059593521, 12, 10, 15, 720, 0.439267174729401
5.26177055758395, 8, 10, 14, 4776, 0.0607133403032726
5.17511200296659, 13, 11, 16, 2102, 0.442580914288519
5.14710868649372, 10, 91, 0, 4, 0.418367346938776
5.1292545604419, 6, 52, 2, 860, 0.226645885712335
5.11893105495639, 12, 22, 0, 6, 0.459183673469388
5.07180686265468, 10, 10, 2, 1599, 0.398475557729719
5.05489779804075, 11, 61, 14, 4974, 0.0706508515001858
4.95062965023929, 8, 14, 2, 1929, 0.514248984653189
4.8778593936111, 11, 47, 2, 2024, 0.576978646431781
4.87256931300388, 7, 41, 16, 2986, 0.496914337594778
4.85519547630697, 12, 10, 2, 2035, 0.585738501268472
4.82263990798663, 11, 19, 3, 443, 0.0498688987494958
4.80840617776974, 7, 20, 12, 737, 0.0486683518335348
4.8019829787234, 12, 25, 0, 6, 0.459183673469388
4.76068361742516, 7, 117, 8, 1269, 0.0828218548781866
4.72528796385426, 6, 30, 14, 1473, 0.0151081454702971
4.68631420201418, 11, 30, 3, 651, 0.0711476401774909
4.68254264529433, 11, 10, 9, 383, 0.193897164824604
4.68254264529432, 11, 10, 9, 383, 0.193897164824604
4.63742110942734, 11, 52, 2, 2024, 0.576978646431781
4.63720042008108, 13, 15, 15, 722, 0.439405235255136
4.62924725013319, 12, 11, 2, 2035, 0.585738501268472
4.62779275441294, 13, 11, 10, 1593, 0.119365453868124
4.62287749313064, 10, 10, 6, 85, 0.0142485172862722
4.604017838861, 8, 17, 2, 395, 0.117532223751721
4.55658478894978, 8, 20, 3, 278, 0.0332291246470351
4.55220645586056, 10, 13, 18, 1161, 0.203786701458407
4.43077423215329, 13, 12, 10, 1593, 0.119365453868124
4.39302029049793, 7, 44, 2, 2170, 0.679798864631802
4.32436345488562, 9, 22, 2, 2087, 0.626147597865781
4.2630341112145, 15, 11, 2, 696, 0.182878465546467
4.26265847784584, 9, 10, 14, 752, 0.0097917842064029
4.25278597674818, 12, 31, 17, 3033, 0.426029696211173
4.22244615384615, 10, 16, 18, 427, 0.145153132031555
4.1815238095238, 11, 49, 2, 2239, 0.722028190805565
4.16825362318843, 13, 36, 16, 4745, 0.626395602777709
4.10617539311536, 8, 13, 15, 3289, 0.612836867682792
4.10330344827586, 10, 16, 18, 1161, 0.203786701458407
4.05515428674945, 8, 10, 2, 2147, 0.658797965893448
4.00961538461537, 10, 16, 2, 1599, 0.398475557729719
4.00422141166501, 7, 11, 16, 3271, 0.515348563295954
4.004221411665, 7, 11, 16, 3271, 0.515348563295954
3.95680961550861, 8, 14, 15, 3289, 0.612836867682792
3.91630018053796, 10, 10, 2, 2005, 0.56278085573543
3.91307766901761, 11, 10, 16, 4296, 0.586508968664883
3.8664379060345, 8, 11, 2, 2147, 0.658797965893448
3.83973998335554, 11, 31, 17, 4141, 0.592445101831835
3.82317226157629, 10, 37, 2, 1268, 0.315445785599709
3.80137885924419, 7, 32, 12, 737, 0.0486683518335348
3.80116521224292, 10, 14, 2, 912, 0.239683280053697
3.79410099743035, 12, 17, 16, 2812, 0.485682035678355
3.78081917049731, 10, 10, 2, 510, 0.146530756191625
3.78081917049731, 10, 10, 2, 510, 0.146530756191625
3.73626260386343, 8, 22, 7, 386, 0.0274104281969123
3.73404571039871, 10, 11, 2, 2005, 0.56278085573543
3.73097316622062, 11, 11, 16, 4296, 0.586508968664883
3.6680451878691, 13, 46, 8, 744, 0.0590992958542004
3.65064430995551, 15, 15, 2, 696, 0.182878465546467
3.51779268901707, 9, 14, 6, 430, 0.0642991465355128
3.51670842432121, 9, 76, 2, 2229, 0.717682392691778
3.31919690494964, 13, 10, 18, 3731, 0.376552489830883
3.30255904698012, 12, 10, 15, 1978, 0.532706538546499
3.2369103813153, 12, 15, 2, 372, 0.116405956701289
3.23691038131526, 12, 15, 2, 372, 0.116405956701289
3.21947674567594, 12, 27, 9, 291, 0.149687650168188
3.18595359488843, 9, 52, 15, 4163, 0.678871217141595
3.18184921932915, 10, 11, 2, 2019, 0.573269928669754
3.18184921932913, 10, 11, 2, 2019, 0.573269928669754
3.13937952654705, 11, 10, 18, 418, 0.143885074540646
3.13148309914435, 10, 10, 17, 3955, 0.565948913414495
3.10240153967344, 9, 18, 6, 430, 0.0642991465355128
3.07893277667267, 10, 13, 15, 3802, 0.647103490170091
3.07262288236441, 9, 104, 11, 1004, 0.0801126726435668
3.05729946901991, 13, 13, 2, 1397, 0.34739308995347
3.051523994231, 12, 13, 2, 2137, 0.657865098235515
3.04906811993435, 10, 10, 7, 551, 0.0370230119429071
3.03849088775992, 12, 30, 15, 720, 0.439267174729401
2.991525, 7, 16, 16, 680, 0.330926557554045
2.98575198388899, 10, 11, 17, 3955, 0.565948913414495
2.9464124242038, 9, 15, 13, 1409, 0.0601535659588559
2.94151380680017, 9, 21, 14, 752, 0.0097917842064029
2.91244069736613, 8, 10, 6, 90, 0.0149717922754231
2.91148077756792, 12, 33, 9, 440, 0.221287842383469
2.89653589638888, 12, 13, 15, 1978, 0.532706538546499
2.86659244466645, 4, 72, 17, 2999, 0.420554101718057
2.81191310681003, 5, 10, 16, 2464, 0.464701985129929
2.81191310681002, 5, 10, 16, 2464, 0.464701985129929
2.8096518004787, 12, 31, 16, 2812, 0.485682035678355
2.76767254738727, 9, 17, 13, 1409, 0.0601535659588559
2.76146056619421, 6, 11, 18, 3164, 0.326386726537766
2.74880985610137, 8, 10, 4, 402, 0.0744349709026932
2.74880985610136, 8, 10, 4, 402, 0.0744349709026932
2.72019124327685, 13, 10, 9, 383, 0.193897164824604
2.67259896449132, 15, 10, 6, 93, 0.0154057572689136
2.67259896449128, 15, 10, 6, 93, 0.0154057572689136
2.64607361039258, 10, 99, 16, 1618, 0.409337962849361
2.56216259568281, 5, 35, 8, 2082, 0.123432616635915
2.54570781718689, 13, 17, 18, 3731, 0.376552489830883
2.49195299961686, 5, 37, 8, 2082, 0.123432616635915
2.47103196004619, 10, 35, 6, 85, 0.0142485172862722
2.40810715143539, 12, 10, 3, 255, 0.0309096409842679
2.37489729104025, 12, 17, 2, 1605, 0.398871457662598
2.35349705199248, 13, 11, 18, 2072, 0.25741144379617
2.34674528467703, 7, 26, 16, 680, 0.330926557554045
2.32993868194545, 13, 10, 15, 3528, 0.628769052352551
2.30248653846154, 8, 16, 6, 90, 0.0149717922754231
2.25559995037043, 6, 10, 7, 37, 0.00626274395572386
2.21454304541593, 12, 10, 6, 250, 0.0381165919282511
2.20806037621256, 11, 10, 17, 3023, 0.425091022869496
2.08252223867063, 11, 20, 2, 1997, 0.55834404614282
2.05462909666246, 6, 10, 2, 2152, 0.664053878795463
2.0434914054939, 13, 13, 15, 3528, 0.628769052352551
1.9889145343629, 8, 10, 13, 283, 0.0243698000745064
1.9889145343629, 8, 10, 13, 283, 0.0243698000745064
1.98063990781877, 9, 10, 2, 1936, 0.521484397219599
1.97420994324311, 9, 10, 15, 741, 0.4415037552463
1.9681650083263, 10, 24, 7, 551, 0.0370230119429071
1.95839047619042, 12, 25, 2, 1605, 0.398871457662598
1.95505986051115, 14, 11, 2, 2048, 0.594179815929284
1.9234656742453, 13, 20, 9, 383, 0.193897164824604
1.90632989502101, 6, 14, 7, 37, 0.00626274395572386
1.87371683906572, 13, 14, 16, 2082, 0.440801904154295
1.86951764105412, 6, 24, 18, 3164, 0.326386726537766
1.86938043880856, 9, 10, 4, 355, 0.0638336265620066
1.86938043880853, 9, 10, 4, 355, 0.0638336265620066
1.86615162165351, 11, 14, 17, 3023, 0.425091022869496
1.86326932768716, 13, 35, 2, 1397, 0.34739308995347
1.84350713471895, 11, 29, 18, 418, 0.143885074540646
1.81563368396059, 6, 10, 18, 2777, 0.301124203413329
1.80627935891181, 10, 62, 2, 912, 0.239683280053697
1.80219886527543, 9, 12, 15, 741, 0.4415037552463
1.7776226674287, 10, 39, 15, 3802, 0.647103490170091
1.7534542145846, 15, 10, 7, 784, 0.0508301776871541
1.74702454608646, 12, 19, 3, 255, 0.0309096409842679
1.74639334006717, 10, 10, 2, 2375, 0.817931536615056
1.70037032475067, 13, 17, 16, 2082, 0.440801904154295
1.68031935669857, 13, 10, 17, 4984, 0.737128797360337
1.67041731479161, 9, 20, 8, 1535, 0.0955115412132395
1.66417372496647, 13, 22, 18, 2072, 0.25741144379617
1.62572694509259, 12, 10, 6, 283, 0.0428902068566469
1.62572694509256, 12, 10, 6, 283, 0.0428902068566469
1.62432692307694, 6, 16, 2, 2152, 0.664053878795463
1.60857019580366, 8, 107, 14, 4776, 0.0607133403032726
1.60244981355371, 8, 14, 2, 618, 0.171072001456184
1.60067737813419, 15, 12, 7, 784, 0.0508301776871541
1.59200556604369, 9, 10, 2, 2069, 0.608445865234753
1.58806343633629, 12, 48, 2, 2137, 0.657865098235515
1.56591840464307, 12, 20, 6, 250, 0.0381165919282511
1.53391469246062, 13, 12, 17, 4984, 0.737128797360337
1.45329560032649, 9, 12, 2, 2069, 0.608445865234753
1.43707687347117, 11, 42, 2, 1997, 0.55834404614282
1.40052390990742, 9, 20, 2, 1936, 0.521484397219599
1.32358178251285, 14, 24, 2, 2048, 0.594179815929284
1.29798848839276, 13, 10, 17, 3740, 0.535200250312891
1.27862088796096, 13, 14, 2, 721, 0.19392498378858
1.20512589704517, 10, 21, 2, 2375, 0.817931536615056
1.1878, 10, 16, 3, 312, 0.0366579265832997
1.18116341070052, 9, 40, 8, 1535, 0.0955115412132395
1.160329548823, 13, 17, 2, 721, 0.19392498378858
1.14976326065652, 8, 11, 13, 2190, 0.085630613849911
1.1269188391721, 11, 17, 16, 1655, 0.411883787696611
1.10495947207938, 6, 27, 18, 2777, 0.301124203413329
1.09468162296054, 8, 30, 2, 618, 0.171072001456184
1.09000836148132, 14, 10, 15, 553, 0.418406229290921
1.05980316285617, 13, 15, 17, 3740, 0.535200250312891
1.03896783375096, 11, 20, 16, 1655, 0.411883787696611
1.02287723648008, 10, 11, 5, 234, 0.0429120783079881
1.02287723648006, 10, 11, 5, 234, 0.0429120783079881
0.995036945754269, 14, 12, 15, 553, 0.418406229290921
0.97484899188337, 11, 11, 12, 737, 0.0486683518335348
0.969834638825967, 10, 24, 3, 312, 0.0366579265832997
0.904299106143968, 7, 11, 9, 373, 0.189091782796732
0.896730648468516, 11, 13, 12, 737, 0.0486683518335348
0.884308359968526, 9, 10, 9, 334, 0.170350792888035
0.878155125647423, 7, 13, 12, 1550, 0.0825914935707221
0.858242156969698, 9, 10, 18, 3234, 0.331339195516149
0.858242156969687, 9, 10, 18, 3234, 0.331339195516149
0.846211452851198, 7, 14, 12, 1550, 0.0825914935707221
0.843154938587096, 9, 11, 9, 334, 0.170350792888035
0.836143091740227, 10, 14, 2, 1989, 0.555113138644612
0.831834192386393, 7, 13, 9, 373, 0.189091782796732
0.831167036812637, 13, 10, 2, 1168, 0.291527968965086
0.829781658028204, 10, 10, 2, 1318, 0.330353465830878
0.829781658028181, 10, 10, 2, 1318, 0.330353465830878
0.813005398369405, 8, 22, 13, 2190, 0.085630613849911
0.792486675014966, 13, 11, 2, 1168, 0.291527968965086
0.705159170238835, 9, 10, 17, 2059, 0.309136420525657
0.677834216457091, 13, 10, 3, 513, 0.05692819685357
0.67783421645708, 13, 10, 3, 513, 0.05692819685357
0.674559275761426, 13, 14, 15, 1744, 0.517492268610559
0.670026402329495, 8, 10, 12, 2342, 0.124207788401656
0.645622106291464, 10, 10, 17, 4202, 0.600779383320059
0.643719306952386, 9, 12, 17, 2059, 0.309136420525657
0.638845108427955, 8, 11, 12, 2342, 0.124207788401656
0.602091840481462, 10, 27, 2, 1989, 0.555113138644612
0.596326509766219, 15, 10, 14, 5443, 0.37211052790605
0.58936965206639, 10, 12, 17, 4202, 0.600779383320059
0.585495708780176, 10, 10, 14, 1677, 0.0164557858963012
0.585495708780176, 10, 10, 14, 1677, 0.0164557858963012
0.5790383602974, 13, 19, 15, 1744, 0.517492268610559
0.503987886936389, 15, 14, 14, 5443, 0.37211052790605
0.496163476946433, 11, 13, 2, 2096, 0.627034959784303
0.494263998284323, 14, 10, 2, 806, 0.212084049100693
0.494263998284312, 14, 10, 2, 806, 0.212084049100693
0.483986595888794, 12, 10, 2, 2132, 0.653678570209668
0.483986595888749, 12, 10, 2, 2132, 0.653678570209668
0.455488450784588, 11, 10, 16, 1984, 0.434538561578289
0.434291197656616, 11, 11, 16, 1984, 0.434538561578289
0.386904671721604, 12, 10, 3, 266, 0.0320189592577652
0.386904671721604, 12, 10, 3, 266, 0.0320189592577652
0.381403898662118, 11, 22, 2, 2096, 0.627034959784303
0.266404324659972, 11, 10, 15, 1815, 0.522462447537
0.204322789891711, 11, 17, 15, 1815, 0.522462447537
0.153600450347997, 12, 10, 11, 610, 0.054367579355464
0.140217385830917, 12, 12, 11, 610, 0.054367579355464
