norm, level, Npoints, dimSplit, MainGridIndexSplit
3874.50778024565, 0, 962, -1, -1, -1
85.1752023498853, 2, 83, 4, 16, 0.0186420699741554
63.2264271541523, 1, 339, 0, 12, 0.132575757575758
48.6867591265986, 2, 19, 4, 103, 0.865041948010276
48.4989389749287, 2, 256, 4, 16, 0.0186420699741554
46.6395623873109, 1, 623, 0, 12, 0.132575757575758
37.1749623115326, 3, 35, 4, 89, 0.391602757964068
30.8430021932755, 4, 72, 2, 3, 0.363636363636364
27.1495043775863, 3, 170, 4, 81, 0.26159379994883
24.4745963855419, 3, 36, 0, 16, 0.351010101010101
23.1719403425619, 5, 56, 0, 9, 0.0618686868686869
21.869698797491, 4, 42, 0, 9, 0.0618686868686869
21.4449945760319, 6, 17, 0, 4, 0.0126262626262626
21.4402457396637, 4, 149, 2, 3, 0.363636363636364
21.4289202002483, 5, 39, 4, 32, 0.0409687585124503
21.4199207621491, 3, 47, 0, 16, 0.351010101010101
19.9259100043561, 4, 183, 2, 4, 0.590909090909091
19.4956940307894, 5, 51, 0, 5, 0.0184343434343434
19.3575954467935, 6, 46, 0, 15, 0.275252525252525
19.0293972154627, 8, 7, 4, 100, 0.705914182813912
17.0140164596942, 4, 251, 2, 4, 0.590909090909091
16.9918827158349, 3, 434, 4, 81, 0.26159379994883
16.7098051521328, 6, 28, 0, 4, 0.0126262626262626
16.4112000000001, 6, 64, 0, 15, 0.275252525252525
15.8270000000002, 8, 16, 0, 4, 0.0126262626262626
15.6788416461143, 5, 45, 1, 24, 0.743243243243243
15.3870212917091, 5, 127, 0, 9, 0.0618686868686869
14.7940956487524, 3, 221, 4, 89, 0.391602757964068
14.4700604729249, 6, 24, 2, 2, 0.181818181818182
14.3780586903563, 7, 10, 3, 1, 0.0997474747474748
14.1660139572676, 6, 28, 3, 2, 0.400252525252525
14.1660139572675, 6, 28, 3, 2, 0.400252525252525
14.1161919152278, 7, 5, 2, 1, 0.0454545454545454
14.105539641586, 4, 7, 4, 12, 0.0115508595340253
13.6425038461133, 6, 27, 2, 2, 0.181818181818182
13.5633911002623, 7, 14, 0, 15, 0.275252525252525
13.4296641921731, 4, 13, 4, 99, 0.6623678444522
13.3203091852348, 5, 18, 2, 2, 0.181818181818182
13.1247962577044, 7, 10, 1, 12, 0.313063063063063
12.9105013259275, 6, 15, 0, 7, 0.0353535353535354
12.8981905773629, 6, 58, 1, 6, 0.164414414414414
12.7595761603148, 5, 110, 4, 32, 0.0409687585124503
12.6966666666667, 12, 1, 0, 8, 0.0467171717171717
12.5274437706737, 4, 128, 0, 9, 0.0618686868686869
11.9640874286338, 8, 28, 0, 4, 0.0126262626262626
11.9617865953334, 7, 18, 0, 15, 0.275252525252525
11.8254653797309, 6, 69, 1, 6, 0.164414414414414
11.61562675562, 7, 14, 0, 17, 0.444444444444444
11.5614763889266, 9, 12, 3, 2, 0.400252525252525
11.5446609948702, 5, 83, 1, 24, 0.743243243243243
11.5357261406764, 5, 24, 2, 2, 0.181818181818182
11.4741113551882, 7, 7, 0, 16, 0.351010101010101
11.4442978723403, 4, 9, 4, 12, 0.0115508595340253
11.4328694444445, 5, 25, 4, 76, 0.20691329301129
11.3913571428571, 7, 4, 4, 97, 0.601622068566827
11.2953936170214, 6, 16, 1, 16, 0.414414414414414
11.0924773996437, 7, 14, 1, 12, 0.313063063063063
10.9176578018422, 7, 5, 0, 15, 0.275252525252525
10.88011049372, 9, 5, 0, 5, 0.0184343434343434
10.8118983866027, 8, 8, 1, 14, 0.353603603603604
10.7688507662748, 9, 5, 0, 10, 0.0808080808080808
10.7613914422611, 5, 7, 0, 19, 0.70959595959596
10.71488, 6, 4, 2, 2, 0.181818181818182
10.6327845652221, 7, 7, 4, 79, 0.228732574440079
10.3234649840435, 4, 22, 4, 99, 0.6623678444522
10.255650477852, 10, 3, 2, 1, 0.0454545454545454
10.0796973573944, 7, 15, 1, 12, 0.313063063063063
9.87405251260127, 3, 5, 0, 9, 0.0618686868686869
9.85605837719593, 7, 2, 0, 17, 0.444444444444444
9.85153660296105, 7, 30, 1, 20, 0.560810810810811
9.84484290703817, 5, 200, 0, 5, 0.0184343434343434
9.33165151515145, 5, 9, 3, 2, 0.400252525252525
9.18812974354625, 9, 19, 3, 2, 0.400252525252525
9.1119626999242, 7, 12, 2, 1, 0.0454545454545454
9.04382081311102, 8, 3, 4, 43, 0.0622011646212767
9.04259759405226, 8, 31, 4, 100, 0.705914182813912
8.97789909846519, 12, 2, 0, 8, 0.0467171717171717
8.97320000000002, 10, 4, 3, 3, 0.800505050505051
8.75331997644976, 7, 38, 1, 20, 0.560810810810811
8.64909268335316, 8, 20, 3, 2, 0.400252525252525
8.63513630990734, 2, 604, 4, 103, 0.865041948010276
8.40615282437941, 8, 17, 4, 67, 0.0942557274601005
8.35777885674676, 10, 8, 4, 95, 0.534067194388448
8.33827702155181, 5, 47, 4, 76, 0.20691329301129
8.27005882352941, 8, 4, 4, 24, 0.0306244453386102
8.26930542699314, 9, 3, 0, 6, 0.026010101010101
8.25305555555556, 6, 4, 4, 95, 0.534067194388448
8.20145959083618, 7, 2, 1, 25, 0.835585585585586
8.14247717896747, 6, 11, 3, 2, 0.400252525252525
8.11485032838556, 6, 31, 1, 16, 0.414414414414414
8.02480075765123, 8, 5, 0, 2, 0.00416666666666667
7.95000000000002, 15, 1, 0, 9, 0.0618686868686869
7.9447784432305, 6, 58, 3, 3, 0.800505050505051
7.88679999999999, 11, 4, 0, 8, 0.0467171717171717
7.80090000000001, 7, 4, 2, 2, 0.181818181818182
7.76440338984007, 5, 13, 3, 2, 0.400252525252525
7.68301492937938, 7, 32, 0, 17, 0.444444444444444
7.67697301940942, 8, 6, 4, 68, 0.0971476980300399
7.64516666666674, 8, 16, 1, 14, 0.353603603603604
7.61294898002394, 9, 5, 1, 13, 0.326576576576577
7.49589756600237, 8, 2, 4, 97, 0.601622068566827
7.4899896308344, 6, 13, 3, 2, 0.400252525252525
7.45862317044099, 7, 3, 0, 15, 0.275252525252525
7.38175729772177, 6, 5, 4, 95, 0.534067194388448
7.36068338842267, 7, 11, 0, 15, 0.275252525252525
7.31031879883508, 8, 14, 0, 7, 0.0353535353535354
7.28979770386896, 11, 3, 3, 3, 0.800505050505051
7.28804198501284, 9, 34, 2, 3, 0.363636363636364
7.27266483463075, 11, 3, 4, 15, 0.0180125300509641
7.18268052188508, 8, 29, 3, 2, 0.400252525252525
7.16142857142856, 9, 4, 0, 6, 0.026010101010101
7.15499999999999, 8, 1, 0, 6, 0.026010101010101
7.12753775760075, 10, 11, 4, 95, 0.534067194388448
7.1098408337005, 7, 2, 4, 2, 0.000339506812356317
7.10515324723321, 8, 6, 4, 79, 0.228732574440079
6.98388821762111, 7, 15, 2, 3, 0.363636363636364
6.95126327926252, 9, 12, 0, 10, 0.0808080808080808
6.94785873603627, 9, 15, 4, 72, 0.171932627919944
6.93010359693312, 4, 29, 4, 12, 0.0115508595340253
6.92963199785175, 8, 6, 4, 37, 0.0486682110506046
6.92455143044766, 6, 7, 4, 19, 0.0217556379075293
6.88025919942259, 11, 5, 0, 4, 0.0126262626262626
6.74755808694911, 9, 13, 0, 5, 0.0184343434343434
6.74130195835717, 8, 6, 4, 83, 0.284343083536879
6.70940796910269, 7, 5, 3, 2, 0.400252525252525
6.68951299273717, 13, 2, 0, 10, 0.0808080808080808
6.67100000000002, 8, 9, 0, 17, 0.444444444444444
6.67099999999994, 8, 9, 0, 17, 0.444444444444444
6.63716905474193, 7, 10, 0, 10, 0.0808080808080808
6.62970461553574, 7, 2, 4, 97, 0.601622068566827
6.62781697052893, 10, 8, 0, 7, 0.0353535353535354
6.61816012422638, 7, 17, 0, 6, 0.026010101010101
6.57332526481362, 14, 3, 0, 11, 0.103535353535354
6.56265589820095, 7, 48, 3, 1, 0.0997474747474748
6.55740068379929, 4, 6, 1, 23, 0.698198198198198
6.51533333333327, 11, 4, 0, 11, 0.103535353535354
6.48335484786488, 9, 3, 0, 2, 0.00416666666666667
6.45166666666665, 13, 4, 0, 10, 0.0808080808080808
6.4395452344608, 11, 6, 0, 8, 0.0467171717171717
6.40766022975622, 10, 2, 4, 67, 0.0942557274601005
6.35158666200817, 9, 2, 2, 1, 0.0454545454545454
6.35158666200813, 9, 2, 2, 1, 0.0454545454545454
6.29044018043638, 7, 20, 4, 79, 0.228732574440079
6.2807886083437, 11, 6, 0, 4, 0.0126262626262626
6.23351864470442, 7, 5, 0, 17, 0.444444444444444
6.22239825308538, 10, 2, 4, 88, 0.375097158937352
6.19672836980276, 7, 24, 0, 16, 0.351010101010101
6.17333448768001, 9, 19, 4, 72, 0.171932627919944
6.12446596437317, 9, 5, 3, 1, 0.0997474747474748
6.1203747336254, 8, 3, 4, 97, 0.601622068566827
6.11666666666667, 14, 1, 0, 7, 0.0353535353535354
6.07024344432789, 5, 22, 0, 19, 0.70959595959596
6.06365215528744, 6, 68, 0, 7, 0.0353535353535354
5.97831024176114, 9, 10, 3, 2, 0.400252525252525
5.96166666666669, 13, 1, 0, 11, 0.103535353535354
5.90087502656546, 3, 14, 0, 9, 0.0618686868686869
5.82938830410188, 15, 2, 0, 9, 0.0618686868686869
5.77999999999992, 9, 4, 0, 5, 0.0184343434343434
5.75666666666666, 14, 1, 0, 7, 0.0353535353535354
5.74354554086583, 10, 2, 1, 18, 0.475225225225225
5.68544997714855, 10, 5, 0, 4, 0.0126262626262626
5.67887557496359, 4, 8, 1, 23, 0.698198198198198
5.67435714285725, 9, 9, 1, 13, 0.326576576576577
5.64015384615385, 10, 1, 0, 6, 0.026010101010101
5.63644370148411, 10, 10, 4, 54, 0.0761223229857679
5.63338195741468, 11, 5, 4, 15, 0.0180125300509641
5.62149891043302, 15, 2, 0, 9, 0.0618686868686869
5.61867048330833, 10, 8, 1, 14, 0.353603603603604
5.61725110860812, 10, 10, 2, 1, 0.0454545454545454
5.5947706552803, 8, 6, 3, 3, 0.800505050505051
5.57692857142868, 7, 49, 1, 12, 0.313063063063063
5.56953079408466, 4, 38, 4, 12, 0.0115508595340253
5.47539752464524, 12, 10, 4, 47, 0.0673431543170252
5.42843968101074, 8, 12, 4, 68, 0.0971476980300399
5.41104319433044, 10, 11, 3, 3, 0.800505050505051
5.37200806780437, 9, 2, 1, 21, 0.56981981981982
5.3066737599515, 9, 3, 0, 4, 0.0126262626262626
5.30425273341216, 7, 8, 3, 2, 0.400252525252525
5.28249999999998, 12, 1, 0, 6, 0.026010101010101
5.28207692307697, 5, 4, 4, 103, 0.865041948010276
5.2738310717885, 12, 10, 4, 63, 0.0888584396739231
5.265, 8, 1, 0, 15, 0.275252525252525
5.26499999999999, 8, 1, 0, 15, 0.275252525252525
5.23523999414514, 10, 6, 4, 60, 0.0833233322906506
5.1883252962782, 10, 2, 4, 82, 0.274718983341981
5.17573165715418, 11, 22, 2, 1, 0.0454545454545454
5.15014204740815, 6, 3, 0, 15, 0.275252525252525
5.1446520293706, 6, 10, 0, 17, 0.444444444444444
5.0805668988149, 10, 3, 4, 88, 0.375097158937352
5.07911660749187, 8, 5, 4, 84, 0.293759463138283
5.07751967679955, 6, 142, 3, 3, 0.800505050505051
5.04457577126478, 9, 3, 2, 3, 0.363636363636364
4.99833122592712, 12, 12, 4, 47, 0.0673431543170252
4.94705372818722, 7, 18, 0, 10, 0.0808080808080808
4.94008548886562, 9, 74, 2, 3, 0.363636363636364
4.90941928447188, 8, 3, 3, 1, 0.0997474747474748
4.89254545454546, 8, 1, 4, 47, 0.0673431543170252
4.8545, 12, 1, 4, 87, 0.357350407816721
4.8545, 12, 1, 4, 87, 0.357350407816721
4.7745712561444, 8, 3, 3, 2, 0.400252525252525
4.77229282555639, 11, 7, 3, 3, 0.800505050505051
4.76731391875968, 12, 2, 0, 4, 0.0126262626262626
4.75967561919923, 15, 3, 0, 9, 0.0618686868686869
4.75364318765674, 8, 2, 4, 88, 0.375097158937352
4.74325000000002, 8, 1, 4, 94, 0.486490559366218
4.72626923076928, 9, 16, 3, 2, 0.400252525252525
4.72298138408921, 8, 11, 4, 43, 0.0622011646212767
4.70411969583332, 7, 11, 2, 2, 0.181818181818182
4.69640327833474, 6, 12, 0, 17, 0.444444444444444
4.69095077898254, 8, 34, 0, 7, 0.0353535353535354
4.68958529651965, 10, 3, 1, 18, 0.475225225225225
4.6763570154636, 6, 21, 2, 2, 0.181818181818182
4.6608618995712, 6, 7, 0, 13, 0.170454545454545
4.65050207963475, 7, 24, 4, 97, 0.601622068566827
4.6480428696945, 14, 6, 0, 11, 0.103535353535354
4.63312087762303, 8, 15, 0, 2, 0.00416666666666667
4.62966379868871, 10, 2, 4, 65, 0.0928774452980315
4.62833429952648, 9, 11, 0, 13, 0.170454545454545
4.59571428571431, 9, 4, 0, 4, 0.0126262626262626
4.59154198499809, 9, 5, 3, 2, 0.400252525252525
4.59154198499803, 9, 5, 3, 2, 0.400252525252525
4.58740325220594, 8, 13, 4, 24, 0.0306244453386102
4.56201724995524, 13, 8, 0, 10, 0.0808080808080808
4.53964285714284, 8, 4, 1, 2, 0.0788288288288288
4.48146376811593, 7, 25, 3, 2, 0.400252525252525
4.39666666666666, 14, 1, 0, 10, 0.0808080808080808
4.34496913988245, 5, 2, 0, 18, 0.558080808080808
4.3266153823361, 9, 6, 4, 27, 0.0352394625411507
4.32513647825772, 14, 2, 0, 7, 0.0353535353535354
4.31759400592505, 12, 2, 0, 5, 0.0184343434343434
4.29263701108405, 8, 7, 4, 84, 0.293759463138283
4.28910526315778, 11, 4, 0, 8, 0.0467171717171717
4.16046873471758, 9, 5, 0, 4, 0.0126262626262626
4.15611111111104, 11, 4, 4, 102, 0.786411515216059
4.14533333333334, 8, 1, 4, 87, 0.357350407816721
4.13500000000001, 13, 1, 0, 11, 0.103535353535354
4.13094117605178, 8, 3, 0, 6, 0.026010101010101
4.12485495035552, 7, 43, 2, 3, 0.363636363636364
4.11939417066802, 5, 3, 0, 4, 0.0126262626262626
4.11939417066797, 5, 3, 0, 4, 0.0126262626262626
4.08707719525831, 9, 8, 0, 5, 0.0184343434343434
4.07956508098411, 9, 13, 4, 21, 0.0272340315353993
4.0771666666667, 6, 4, 0, 14, 0.217171717171717
4.07057803703055, 14, 2, 0, 7, 0.0353535353535354
4.05840000000003, 7, 4, 4, 93, 0.471038215796977
4.05333333333331, 16, 1, 0, 9, 0.0618686868686869
3.97299999999996, 10, 16, 1, 14, 0.353603603603604
3.97114285714287, 12, 1, 4, 84, 0.293759463138283
3.95979797464468, 13, 2, 0, 10, 0.0808080808080808
3.95979797464464, 13, 2, 0, 10, 0.0808080808080808
3.9561002695322, 8, 12, 3, 3, 0.800505050505051
3.93937635673463, 8, 3, 0, 11, 0.103535353535354
3.91501454516949, 12, 2, 0, 5, 0.0184343434343434
3.90040100502497, 8, 2, 4, 75, 0.204510284651682
3.90000000000002, 12, 1, 0, 15, 0.275252525252525
3.89249551487648, 12, 3, 0, 4, 0.0126262626262626
3.89209250034608, 8, 18, 4, 83, 0.284343083536879
3.83381573297154, 6, 3, 0, 15, 0.275252525252525
3.79823255195846, 9, 13, 3, 1, 0.0997474747474748
3.79797095966618, 9, 6, 0, 4, 0.0126262626262626
3.79519999999999, 7, 1, 3, 2, 0.400252525252525
3.7738288911926, 15, 2, 3, 2, 0.400252525252525
3.75666666666669, 9, 1, 0, 11, 0.103535353535354
3.75370051016321, 12, 3, 0, 7, 0.0353535353535354
3.72707810489667, 8, 5, 0, 10, 0.0808080808080808
3.71733878659472, 11, 5, 4, 102, 0.786411515216059
3.701873700999, 10, 12, 4, 60, 0.0833233322906506
3.68220767414818, 9, 5, 4, 74, 0.194361280550399
3.68119116504418, 14, 6, 0, 11, 0.103535353535354
3.6599846994216, 8, 2, 0, 14, 0.217171717171717
3.65998469942156, 7, 2, 3, 3, 0.800505050505051
3.65979495237561, 11, 44, 2, 1, 0.0454545454545454
3.64672872890512, 6, 5, 0, 14, 0.217171717171717
3.63830876461387, 10, 24, 4, 54, 0.0761223229857679
3.6345, 16, 1, 2, 2, 0.181818181818182
3.6345, 16, 1, 2, 2, 0.181818181818182
3.62922379212598, 8, 3, 0, 2, 0.00416666666666667
3.61813535670517, 9, 18, 0, 13, 0.170454545454545
3.60500000000002, 12, 1, 0, 15, 0.275252525252525
3.60499999999999, 12, 1, 0, 15, 0.275252525252525
3.5975, 11, 1, 0, 3, 0.00795454545454546
3.57850000000005, 14, 4, 3, 2, 0.400252525252525
3.57850000000002, 14, 4, 3, 2, 0.400252525252525
3.56333333333333, 11, 1, 0, 6, 0.026010101010101
3.55280751444455, 6, 2, 0, 20, 0.898989898989899
3.53833333333333, 11, 1, 4, 84, 0.293759463138283
3.52530074367187, 12, 3, 0, 5, 0.0184343434343434
3.52167461302148, 11, 2, 1, 13, 0.326576576576577
3.5213846153846, 5, 9, 4, 103, 0.865041948010276
3.49711411985566, 7, 11, 1, 25, 0.835585585585586
3.49042126866527, 7, 13, 4, 38, 0.0506681897441603
3.49000000000001, 13, 1, 4, 64, 0.0917218809839261
3.48049999999999, 9, 1, 3, 1, 0.0997474747474748
3.47827543475215, 9, 6, 1, 10, 0.240990990990991
3.47827543475215, 9, 6, 1, 10, 0.240990990990991
3.47500000000001, 8, 1, 0, 19, 0.70959595959596
3.47499999999999, 8, 1, 0, 19, 0.70959595959596
3.46400000000006, 11, 4, 4, 98, 0.624936765886549
3.464, 11, 4, 4, 98, 0.624936765886549
3.40226666666673, 9, 9, 4, 46, 0.0667300768973018
3.39770623481403, 10, 14, 0, 4, 0.0126262626262626
3.39249999999998, 12, 1, 0, 6, 0.026010101010101
3.37803041600278, 7, 44, 3, 2, 0.400252525252525
3.37333333333332, 8, 1, 0, 14, 0.217171717171717
3.36722223996792, 8, 12, 4, 93, 0.471038215796977
3.35138186424639, 9, 10, 4, 27, 0.0352394625411507
3.34475649636867, 13, 8, 0, 10, 0.0808080808080808
3.33750000000001, 11, 1, 0, 19, 0.70959595959596
3.33510770859422, 8, 108, 4, 67, 0.0942557274601005
3.33460000000002, 8, 4, 2, 3, 0.363636363636364
3.32888753509399, 8, 26, 4, 37, 0.0486682110506046
3.32227050072689, 9, 2, 1, 13, 0.326576576576577
3.31633080376491, 7, 2, 0, 14, 0.217171717171717
3.31633080376491, 7, 2, 0, 14, 0.217171717171717
3.31366972403709, 7, 6, 4, 93, 0.471038215796977
3.31016559961504, 9, 3, 0, 14, 0.217171717171717
3.29370338676691, 11, 2, 4, 58, 0.081739484313027
3.29274999999998, 11, 1, 4, 37, 0.0486682110506046
3.26630141291339, 10, 3, 4, 17, 0.0191899869089483
3.24940536330126, 7, 15, 4, 38, 0.0506681897441603
3.23866237622884, 6, 32, 4, 19, 0.0217556379075293
3.23854905783438, 11, 2, 0, 4, 0.0126262626262626
3.23854905783438, 11, 2, 0, 4, 0.0126262626262626
3.20447729329057, 9, 7, 4, 35, 0.0452335812040479
3.20404224691249, 10, 2, 3, 2, 0.400252525252525
3.20383011487819, 10, 8, 4, 67, 0.0942557274601005
3.20296861617044, 6, 5, 0, 11, 0.103535353535354
3.19962693680406, 9, 5, 4, 73, 0.179360578437554
3.19800000000001, 12, 1, 1, 21, 0.56981981981982
3.17961748267167, 7, 10, 4, 2, 0.000339506812356317
3.17133333333332, 8, 1, 3, 1, 0.0997474747474748
3.17, 10, 1, 0, 8, 0.0467171717171717
3.15278131267544, 10, 5, 4, 76, 0.20691329301129
3.14299999999997, 8, 4, 0, 2, 0.00416666666666667
3.12908892810672, 10, 2, 0, 14, 0.217171717171717
3.12666666666668, 9, 1, 0, 2, 0.00416666666666667
3.1252727272728, 7, 9, 4, 97, 0.601622068566827
3.11450292675559, 9, 13, 0, 2, 0.00416666666666667
3.10891281461688, 14, 2, 0, 10, 0.0808080808080808
3.10797000557531, 6, 2, 0, 13, 0.170454545454545
3.104, 12, 1, 1, 8, 0.202702702702703
3.0986833365157, 11, 2, 2, 5, 0.863636363636364
3.08471031949652, 9, 3, 4, 95, 0.534067194388448
3.07746599183621, 9, 11, 4, 46, 0.0667300768973018
3.06333333333332, 13, 1, 0, 13, 0.170454545454545
3.06111112724341, 5, 3, 2, 2, 0.181818181818182
3.05900000000005, 10, 4, 0, 4, 0.0126262626262626
3.04985279699418, 12, 3, 0, 6, 0.026010101010101
3.04497015854671, 7, 18, 0, 15, 0.275252525252525
3.02749999999999, 5, 1, 0, 8, 0.0467171717171717
3.00639304508386, 8, 8, 3, 1, 0.0997474747474748
3.006, 10, 1, 0, 2, 0.00416666666666667
3.00247860282301, 9, 24, 4, 21, 0.0272340315353993
2.98836499332551, 7, 3, 3, 3, 0.800505050505051
2.98836499332549, 8, 3, 0, 14, 0.217171717171717
2.98257640304487, 14, 2, 3, 1, 0.0997474747474748
2.98257640304483, 14, 2, 3, 1, 0.0997474747474748
2.97133333333332, 10, 1, 4, 48, 0.067745494454136
2.94488888888888, 11, 1, 2, 5, 0.863636363636364
2.94225945040022, 11, 3, 0, 9, 0.0618686868686869
2.93119331027863, 8, 2, 4, 87, 0.357350407816721
2.92940197309964, 8, 2, 4, 4, 0.00326307504602002
2.92794492915837, 5, 11, 2, 1, 0.0454545454545454
2.92440423657348, 9, 5, 4, 52, 0.0736969911266934
2.92148237715035, 7, 2, 4, 101, 0.73090184972689
2.91374564588072, 11, 20, 0, 11, 0.103535353535354
2.90695860536976, 8, 3, 1, 13, 0.326576576576577
2.89933333333332, 10, 4, 0, 4, 0.0126262626262626
2.88449999999999, 11, 1, 0, 20, 0.898989898989899
2.8780227659493, 11, 5, 3, 2, 0.400252525252525
2.87112223845725, 8, 10, 1, 2, 0.0788288288288288
2.86613948640948, 16, 2, 0, 9, 0.0618686868686869
2.86517287963718, 8, 3, 3, 3, 0.800505050505051
2.86119997506239, 8, 37, 4, 79, 0.228732574440079
2.86013647215321, 12, 34, 4, 63, 0.0888584396739231
2.8550614801709, 9, 2, 0, 13, 0.170454545454545
2.84936044005591, 8, 5, 1, 24, 0.743243243243243
2.8483333333333, 9, 1, 3, 3, 0.800505050505051
2.84610479427588, 10, 2, 0, 2, 0.00416666666666667
2.84466666666668, 11, 4, 2, 2, 0.181818181818182
2.83665686274512, 13, 9, 4, 15, 0.0180125300509641
2.82825, 9, 1, 1, 1, 0.0337837837837838
2.825, 8, 1, 4, 102, 0.786411515216059
2.82084897372124, 6, 10, 0, 15, 0.275252525252525
2.81511111111111, 10, 1, 1, 6, 0.164414414414414
2.80477777777777, 9, 1, 4, 30, 0.0378992342401869
2.78576923076929, 10, 4, 3, 3, 0.800505050505051
2.77199999999999, 10, 1, 2, 2, 0.181818181818182
2.76833333333337, 12, 4, 0, 5, 0.0184343434343434
2.76302794296565, 9, 10, 2, 3, 0.363636363636364
2.75771644662752, 12, 2, 0, 15, 0.275252525252525
2.7574030855872, 6, 20, 0, 13, 0.170454545454545
2.7493254461574, 8, 18, 4, 93, 0.471038215796977
2.7479997690342, 5, 5, 0, 18, 0.558080808080808
2.74650000000001, 12, 1, 3, 3, 0.800505050505051
2.7465, 12, 1, 3, 3, 0.800505050505051
2.7385166643337, 8, 3, 4, 94, 0.486490559366218
2.7344155945998, 10, 2, 4, 61, 0.084023548930301
2.72268949876154, 8, 6, 2, 3, 0.363636363636364
2.72261538461544, 12, 4, 1, 15, 0.38963963963964
2.71262250476053, 9, 3, 1, 13, 0.326576576576577
2.70999999999999, 11, 1, 0, 14, 0.217171717171717
2.70417831918396, 9, 7, 4, 73, 0.179360578437554
2.69110698783975, 10, 2, 0, 4, 0.0126262626262626
2.68351807529161, 10, 6, 0, 16, 0.351010101010101
2.6792605415132, 8, 3, 4, 25, 0.0319165363830463
2.67616283526122, 11, 3, 4, 74, 0.194361280550399
2.66850000000005, 15, 4, 3, 2, 0.400252525252525
2.66458654063617, 10, 7, 4, 76, 0.20691329301129
2.65000000000001, 5, 1, 0, 10, 0.0808080808080808
2.64481506389808, 12, 2, 0, 13, 0.170454545454545
2.63750000000002, 12, 1, 0, 5, 0.0184343434343434
2.63544220198427, 8, 10, 0, 10, 0.0808080808080808
2.62900000000002, 11, 4, 1, 11, 0.272522522522523
2.62899999999996, 11, 4, 1, 11, 0.272522522522523
2.62726331653969, 11, 6, 3, 2, 0.400252525252525
2.62654813871746, 12, 2, 4, 61, 0.084023548930301
2.62654813871742, 12, 2, 4, 61, 0.084023548930301
2.61608953975201, 10, 3, 3, 2, 0.400252525252525
2.61500000000001, 14, 1, 0, 11, 0.103535353535354
2.61499999999999, 14, 1, 0, 11, 0.103535353535354
2.60371401612737, 9, 10, 4, 74, 0.194361280550399
2.60333333333332, 6, 1, 0, 15, 0.275252525252525
2.60109831246908, 8, 6, 1, 24, 0.743243243243243
2.60020841111824, 11, 2, 0, 14, 0.217171717171717
2.59833457814809, 17, 2, 0, 10, 0.0808080808080808
2.59416264813901, 10, 8, 4, 82, 0.274718983341981
2.58, 11, 1, 0, 14, 0.217171717171717
2.58, 11, 1, 0, 14, 0.217171717171717
2.56999999999999, 11, 1, 0, 14, 0.217171717171717
2.565, 11, 1, 0, 5, 0.0184343434343434
2.56404324809958, 9, 5, 0, 14, 0.217171717171717
2.56255497502004, 8, 2, 1, 19, 0.529279279279279
2.55489041121793, 10, 3, 0, 14, 0.217171717171717
2.55329411764694, 13, 4, 0, 10, 0.0808080808080808
2.54807142857146, 11, 4, 0, 9, 0.0618686868686869
2.5423317210781, 10, 2, 0, 16, 0.351010101010101
2.54092916388338, 8, 7, 4, 88, 0.375097158937352
2.5349778105538, 9, 2, 3, 1, 0.0997474747474748
2.53006434964276, 11, 3, 2, 5, 0.863636363636364
2.51965716362806, 11, 2, 0, 6, 0.026010101010101
2.50197949409842, 11, 2, 4, 84, 0.293759463138283
2.49766304105788, 10, 6, 0, 4, 0.0126262626262626
2.48699999999998, 10, 1, 4, 88, 0.375097158937352
2.47465939294912, 10, 7, 4, 65, 0.0928774452980315
2.47157268308618, 9, 7, 4, 52, 0.0736969911266934
2.46566666666665, 10, 1, 4, 74, 0.194361280550399
2.46000000000001, 9, 1, 0, 3, 0.00795454545454546
2.45366053071734, 8, 2, 0, 14, 0.217171717171717
2.4536605307173, 8, 2, 0, 14, 0.217171717171717
2.44972093579358, 7, 2, 3, 3, 0.800505050505051
2.44262966493086, 11, 2, 0, 7, 0.0353535353535354
2.44065685963207, 7, 125, 0, 6, 0.026010101010101
2.43197592276092, 15, 2, 2, 2, 0.181818181818182
2.43000000000001, 10, 1, 0, 16, 0.351010101010101
2.42999999999999, 10, 1, 0, 16, 0.351010101010101
2.4265, 12, 1, 2, 5, 0.863636363636364
2.418305191658, 10, 2, 0, 18, 0.558080808080808
2.41830519165798, 10, 2, 0, 18, 0.558080808080808
2.40243504305762, 9, 10, 1, 21, 0.56981981981982
2.38940633905686, 9, 5, 4, 95, 0.534067194388448
2.3873433630991, 13, 3, 0, 11, 0.103535353535354
2.38728562807213, 8, 12, 3, 2, 0.400252525252525
2.38538037218384, 7, 3, 4, 101, 0.73090184972689
2.38530687520262, 8, 2, 0, 14, 0.217171717171717
2.37949999999987, 7, 9, 1, 8, 0.202702702702703
2.36374745901504, 8, 5, 0, 14, 0.217171717171717
2.35749400847597, 9, 2, 2, 4, 0.590909090909091
2.34772307840873, 6, 8, 0, 15, 0.275252525252525
2.33733333333335, 9, 1, 1, 12, 0.313063063063063
2.33243145938465, 8, 11, 4, 33, 0.042748691282689
2.32188888888891, 9, 4, 4, 26, 0.0338774705003143
2.31365338804242, 9, 2, 3, 3, 0.800505050505051
2.30750968466652, 10, 66, 0, 7, 0.0353535353535354
2.3035, 11, 1, 4, 80, 0.244079764845808
2.30349999999999, 11, 1, 4, 80, 0.244079764845808
2.27666666666667, 9, 1, 0, 16, 0.351010101010101
2.27, 10, 1, 0, 7, 0.0353535353535354
2.265, 16, 1, 0, 10, 0.0808080808080808
2.265, 16, 1, 0, 10, 0.0808080808080808
2.26132748623456, 12, 2, 1, 21, 0.56981981981982
2.2599132726722, 12, 2, 1, 26, 0.943693693693694
2.25029662044805, 17, 2, 4, 17, 0.0191899869089483
2.24699276676127, 6, 5, 0, 20, 0.898989898989899
2.24454539651957, 9, 3, 4, 22, 0.0286232599694077
2.24250000000002, 11, 1, 0, 5, 0.0184343434343434
2.24247130540294, 8, 2, 3, 1, 0.0997474747474748
2.24152849636135, 10, 2, 0, 8, 0.0467171717171717
2.23749999999998, 12, 1, 0, 2, 0.00416666666666667
2.2273676402783, 10, 5, 0, 13, 0.170454545454545
2.22644355169602, 11, 2, 1, 16, 0.414414414414414
2.22414568700815, 10, 3, 1, 4, 0.128378378378378
2.21935336936798, 8, 5, 3, 3, 0.800505050505051
2.21488443391235, 11, 15, 0, 8, 0.0467171717171717
2.21088720250992, 9, 2, 0, 2, 0.00416666666666667
2.19766666666669, 6, 4, 0, 13, 0.170454545454545
2.19727965448186, 10, 3, 0, 4, 0.0126262626262626
2.19570797694046, 11, 2, 3, 3, 0.800505050505051
2.19485944880303, 12, 2, 1, 8, 0.202702702702703
2.18999999999998, 6, 1, 0, 6, 0.026010101010101
2.18719999999999, 12, 1, 1, 5, 0.141891891891892
2.16610377303481, 13, 2, 0, 13, 0.170454545454545
2.16453243603934, 5, 6, 2, 2, 0.181818181818182
2.15233873326841, 7, 11, 1, 8, 0.202702702702703
2.142, 12, 1, 3, 3, 0.800505050505051
2.142, 12, 1, 3, 3, 0.800505050505051
2.14049999999999, 7, 1, 3, 2, 0.400252525252525
2.13829620960244, 10, 7, 4, 17, 0.0191899869089483
2.13666666666666, 12, 1, 0, 10, 0.0808080808080808
2.11079258415724, 12, 3, 3, 3, 0.800505050505051
2.11079258415724, 12, 3, 3, 3, 0.800505050505051
2.10776746358687, 13, 8, 0, 11, 0.103535353535354
2.0923173755432, 8, 3, 1, 19, 0.529279279279279
2.09040000000002, 12, 1, 3, 2, 0.400252525252525
2.09, 11, 1, 0, 9, 0.0618686868686869
2.08312092783881, 11, 5, 4, 58, 0.081739484313027
2.08000000000001, 18, 1, 0, 10, 0.0808080808080808
2.07999999999998, 18, 1, 0, 10, 0.0808080808080808
2.07864416297014, 10, 10, 0, 16, 0.351010101010101
2.07701759340966, 11, 3, 0, 3, 0.00795454545454546
2.0767605567028, 9, 5, 4, 26, 0.0338774705003143
2.0758051578444, 10, 3, 0, 16, 0.351010101010101
2.075, 10, 1, 0, 13, 0.170454545454545
2.075, 10, 1, 0, 13, 0.170454545454545
2.06865084894033, 14, 19, 0, 11, 0.103535353535354
2.06747951518601, 8, 14, 4, 33, 0.042748691282689
2.063, 8, 1, 3, 2, 0.400252525252525
2.05999999999999, 16, 1, 0, 7, 0.0353535353535354
2.05013826092012, 10, 8, 0, 4, 0.0126262626262626
2.045, 16, 1, 0, 11, 0.103535353535354
2.045, 16, 1, 0, 11, 0.103535353535354
2.03329916739572, 10, 6, 0, 13, 0.170454545454545
2.03, 13, 1, 0, 15, 0.275252525252525
2.02999999999999, 13, 1, 0, 15, 0.275252525252525
2.02267894758414, 9, 2, 3, 2, 0.400252525252525
2.01884210526316, 15, 4, 0, 8, 0.0467171717171717
2.01883333333333, 9, 4, 0, 13, 0.170454545454545
2.01533333333335, 13, 1, 4, 51, 0.0718603446010522
2.01495243947178, 13, 3, 4, 64, 0.0917218809839261
2.0140758150797, 9, 2, 3, 3, 0.800505050505051
2.0114830902153, 11, 8, 2, 2, 0.181818181818182
2.0094676119145, 9, 3, 3, 1, 0.0997474747474748
2.00925000000001, 10, 1, 0, 17, 0.444444444444444
2.006292185434, 12, 3, 0, 3, 0.00795454545454546
2.00366666666667, 10, 1, 4, 58, 0.081739484313027
1.99439876988859, 11, 3, 0, 7, 0.0353535353535354
1.98639681102146, 6, 13, 0, 11, 0.103535353535354
1.98233333333334, 10, 1, 0, 6, 0.026010101010101
1.9804, 8, 1, 4, 49, 0.0692091058226616
1.97848477375992, 9, 2, 3, 1, 0.0997474747474748
1.96968817836734, 8, 12, 0, 11, 0.103535353535354
1.96222131779267, 11, 2, 0, 3, 0.00795454545454546
1.96222131779265, 11, 2, 0, 3, 0.00795454545454546
1.96009999744912, 10, 2, 2, 2, 0.181818181818182
1.95911004795543, 10, 2, 0, 16, 0.351010101010101
1.9586607882258, 12, 3, 0, 6, 0.026010101010101
1.95359461506219, 9, 2, 4, 29, 0.0366148142052202
1.95020050251253, 8, 8, 4, 75, 0.204510284651682
1.935, 12, 1, 0, 10, 0.0808080808080808
1.935, 12, 1, 0, 10, 0.0808080808080808
1.92690652342037, 11, 3, 0, 19, 0.70959595959596
1.91625937701555, 11, 2, 0, 14, 0.217171717171717
1.91484516345319, 12, 2, 3, 1, 0.0997474747474748
1.91484516345315, 12, 2, 3, 1, 0.0997474747474748
1.90305112160151, 8, 7, 1, 13, 0.326576576576577
1.902, 12, 1, 4, 51, 0.0718603446010522
1.902, 12, 1, 4, 51, 0.0718603446010522
1.89760000000001, 7, 4, 3, 2, 0.400252525252525
1.89349053866137, 8, 2, 3, 2, 0.400252525252525
1.87383297014433, 5, 2, 0, 10, 0.0808080808080808
1.87250000000003, 11, 1, 0, 7, 0.0353535353535354
1.87016666666668, 12, 4, 0, 13, 0.170454545454545
1.86886256346269, 5, 27, 2, 1, 0.0454545454545454
1.8685, 12, 1, 1, 9, 0.227477477477477
1.8685, 12, 1, 1, 9, 0.227477477477477
1.86499413537955, 16, 2, 4, 27, 0.0352394625411507
1.86499413537947, 16, 2, 4, 27, 0.0352394625411507
1.86333333333334, 14, 1, 0, 8, 0.0467171717171717
1.85717948717947, 10, 9, 3, 3, 0.800505050505051
1.85010582789344, 9, 21, 4, 35, 0.0452335812040479
1.84540727754066, 9, 2, 2, 3, 0.363636363636364
1.84333333333335, 12, 1, 0, 6, 0.026010101010101
1.84083465368903, 6, 2, 0, 15, 0.275252525252525
1.84, 12, 1, 4, 20, 0.0246350245742943
1.83735949666907, 17, 3, 4, 17, 0.0191899869089483
1.83699999999999, 12, 4, 1, 7, 0.184684684684685
1.83699999999999, 12, 4, 1, 7, 0.184684684684685
1.83600000000001, 20, 1, 4, 59, 0.0828015312645006
1.83599999999998, 20, 1, 4, 59, 0.0828015312645006
1.82631539444863, 12, 2, 4, 86, 0.339097714835584
1.82249999999999, 12, 1, 0, 10, 0.0808080808080808
1.81726442764944, 11, 2, 0, 14, 0.217171717171717
1.81666666666666, 13, 1, 0, 3, 0.00795454545454546
1.81507692307682, 12, 9, 1, 15, 0.38963963963964
1.81450000000001, 8, 1, 1, 8, 0.202702702702703
1.81450000000001, 8, 1, 1, 8, 0.202702702702703
1.81259117012085, 9, 3, 2, 5, 0.863636363636364
1.81214503582193, 12, 3, 2, 5, 0.863636363636364
1.80989031407423, 11, 2, 0, 5, 0.0184343434343434
1.79278805588765, 11, 3, 3, 3, 0.800505050505051
1.76666666666668, 6, 1, 0, 3, 0.00795454545454546
1.765, 10, 1, 0, 8, 0.0467171717171717
1.765, 10, 1, 0, 8, 0.0467171717171717
1.76183333333327, 8, 9, 0, 14, 0.217171717171717
1.76083730651071, 11, 8, 1, 13, 0.326576576576577
1.75450000000001, 7, 1, 1, 8, 0.202702702702703
1.75449999999999, 7, 1, 1, 8, 0.202702702702703
1.75362481734265, 12, 2, 1, 3, 0.105855855855856
1.75362481734263, 12, 2, 1, 3, 0.105855855855856
1.745, 15, 1, 0, 8, 0.0467171717171717
1.74499999999998, 15, 1, 0, 8, 0.0467171717171717
1.74348962014565, 10, 2, 4, 74, 0.194361280550399
1.74140388192972, 9, 3, 0, 11, 0.103535353535354
1.74133333333334, 11, 1, 0, 11, 0.103535353535354
1.74000000000001, 11, 1, 0, 14, 0.217171717171717
1.73948268171889, 9, 2, 0, 3, 0.00795454545454546
1.73800000000003, 10, 1, 0, 10, 0.0808080808080808
1.72746186643872, 9, 2, 3, 3, 0.800505050505051
1.72746186643872, 9, 2, 3, 3, 0.800505050505051
1.72505770338271, 10, 2, 4, 51, 0.0718603446010522
1.72306063909149, 8, 3, 3, 2, 0.400252525252525
1.72019999999999, 9, 1, 0, 3, 0.00795454545454546
1.71966666666668, 15, 4, 2, 2, 0.181818181818182
1.7182694782833, 8, 2, 0, 14, 0.217171717171717
1.715, 10, 1, 0, 17, 0.444444444444444
1.715, 10, 1, 0, 17, 0.444444444444444
1.70199411764685, 13, 25, 4, 15, 0.0180125300509641
1.7, 13, 1, 0, 8, 0.0467171717171717
1.7, 13, 1, 0, 13, 0.170454545454545
1.7, 13, 1, 0, 13, 0.170454545454545
1.69450000000001, 18, 1, 2, 2, 0.181818181818182
1.69450000000001, 18, 1, 2, 2, 0.181818181818182
1.69322400196592, 13, 3, 4, 54, 0.0761223229857679
1.68633333333335, 9, 1, 3, 2, 0.400252525252525
1.685, 15, 1, 0, 9, 0.0618686868686869
1.68499999999999, 15, 1, 0, 9, 0.0618686868686869
1.68362124600519, 15, 2, 0, 11, 0.103535353535354
1.68362124600515, 15, 2, 0, 11, 0.103535353535354
1.68003240709488, 9, 5, 0, 11, 0.103535353535354
1.66820000000001, 11, 1, 4, 45, 0.0660434784542375
1.66536685147748, 11, 3, 0, 20, 0.898989898989899
1.65274424989336, 9, 2, 1, 12, 0.313063063063063
1.6453760984068, 10, 3, 4, 22, 0.0286232599694077
1.64400489151747, 9, 3, 4, 82, 0.274718983341981
1.64400489151744, 9, 3, 4, 82, 0.274718983341981
1.64319936911702, 10, 6, 0, 2, 0.00416666666666667
1.64, 11, 1, 0, 8, 0.0467171717171717
1.63999999999999, 11, 1, 0, 8, 0.0467171717171717
1.63289089883557, 9, 3, 1, 1, 0.0337837837837838
1.63101451046071, 8, 3, 4, 102, 0.786411515216059
1.629, 9, 1, 4, 84, 0.293759463138283
1.629, 9, 1, 4, 84, 0.293759463138283
1.62817217067387, 10, 12, 0, 6, 0.026010101010101
1.62666666666667, 10, 1, 0, 6, 0.026010101010101
1.625, 13, 1, 0, 7, 0.0353535353535354
1.625, 13, 1, 0, 7, 0.0353535353535354
1.62121228261636, 12, 6, 4, 84, 0.293759463138283
1.621, 11, 1, 4, 27, 0.0352394625411507
1.61980764290085, 16, 5, 4, 24, 0.0306244453386102
1.60984643850138, 9, 2, 0, 16, 0.351010101010101
1.60513239329347, 10, 2, 0, 7, 0.0353535353535354
1.60333333333332, 13, 1, 0, 4, 0.0126262626262626
1.59799999999998, 12, 4, 1, 26, 0.943693693693694
1.59510332371708, 9, 3, 4, 29, 0.0366148142052202
1.59225000000001, 13, 1, 0, 14, 0.217171717171717
1.58713327055995, 9, 6, 4, 22, 0.0286232599694077
1.58016666666667, 9, 1, 4, 35, 0.0452335812040479
1.57995939188322, 10, 2, 4, 60, 0.0833233322906506
1.57686961973617, 12, 17, 0, 7, 0.0353535353535354
1.57433333333339, 11, 4, 1, 16, 0.414414414414414
1.57319700493186, 9, 3, 4, 94, 0.486490559366218
1.57270849763029, 10, 6, 1, 4, 0.128378378378378
1.57100000000001, 11, 1, 2, 5, 0.863636363636364
1.571, 11, 1, 2, 5, 0.863636363636364
1.5655, 11, 1, 4, 66, 0.0931101613156405
1.5655, 11, 1, 4, 66, 0.0931101613156405
1.565, 8, 1, 0, 13, 0.170454545454545
1.565, 8, 1, 0, 13, 0.170454545454545
1.55500000000001, 8, 1, 0, 18, 0.558080808080808
1.55499999999998, 8, 1, 0, 18, 0.558080808080808
1.55406724436227, 12, 5, 0, 3, 0.00795454545454546
1.54933955778131, 7, 5, 3, 3, 0.800505050505051
1.54856385079856, 6, 2, 0, 6, 0.026010101010101
1.54715871922665, 8, 10, 4, 47, 0.0673431543170252
1.54602855083596, 8, 3, 3, 2, 0.400252525252525
1.54219988976785, 13, 2, 0, 5, 0.0184343434343434
1.536, 10, 1, 4, 51, 0.0718603446010522
1.536, 10, 1, 4, 51, 0.0718603446010522
1.53500000000001, 12, 1, 0, 8, 0.0467171717171717
1.535, 12, 1, 0, 8, 0.0467171717171717
1.5347752685654, 10, 2, 4, 83, 0.284343083536879
1.53477526856538, 10, 2, 4, 83, 0.284343083536879
1.524, 11, 1, 0, 18, 0.558080808080808
1.52276133498763, 12, 3, 0, 5, 0.0184343434343434
1.52000000000001, 9, 1, 0, 13, 0.170454545454545
1.52, 9, 1, 0, 13, 0.170454545454545
1.51500000000001, 12, 1, 0, 5, 0.0184343434343434
1.515, 12, 1, 0, 8, 0.0467171717171717
1.515, 12, 1, 0, 8, 0.0467171717171717
1.51499999999999, 12, 1, 0, 5, 0.0184343434343434
1.51333333333332, 13, 1, 0, 4, 0.0126262626262626
1.51155859591646, 19, 2, 0, 9, 0.0618686868686869
1.51085148913525, 12, 2, 0, 10, 0.0808080808080808
1.510097241902, 9, 2, 0, 1, 0.00126262626262626
1.51000000000001, 12, 1, 0, 13, 0.170454545454545
1.51000000000001, 12, 1, 0, 13, 0.170454545454545
1.50884719350019, 13, 3, 4, 49, 0.0692091058226616
1.50676873253111, 9, 3, 2, 3, 0.363636363636364
1.50490471594769, 13, 3, 4, 65, 0.0928774452980315
1.504, 11, 1, 1, 2, 0.0788288288288288
1.50300000000001, 10, 4, 0, 2, 0.00416666666666667
1.50123102610821, 11, 6, 0, 14, 0.217171717171717
1.49812827712517, 12, 5, 4, 56, 0.078725036164931
1.49333333333331, 13, 1, 0, 7, 0.0353535353535354
1.49221428571428, 8, 4, 3, 2, 0.400252525252525
1.49118027526297, 12, 3, 4, 86, 0.339097714835584
1.48831835304141, 4, 2, 1, 23, 0.698198198198198
1.48500000000001, 10, 1, 0, 3, 0.00795454545454546
1.4809034404714, 11, 3, 0, 5, 0.0184343434343434
1.47148921164922, 7, 2, 0, 14, 0.217171717171717
1.46749143602033, 8, 10, 4, 25, 0.0319165363830463
1.46618591079028, 14, 2, 3, 1, 0.0997474747474748
1.46470098654976, 8, 8, 4, 4, 0.00326307504602002
1.46357012131294, 9, 6, 3, 1, 0.0997474747474748
1.46233333333333, 11, 1, 3, 3, 0.800505050505051
1.462, 10, 1, 4, 68, 0.0971476980300399
1.45663996924431, 16, 2, 0, 7, 0.0353535353535354
1.45500000000001, 11, 1, 0, 7, 0.0353535353535354
1.455, 11, 1, 0, 7, 0.0353535353535354
1.45133333333334, 10, 1, 4, 19, 0.0217556379075293
1.44593250988048, 11, 3, 4, 60, 0.0833233322906506
1.44500000000001, 10, 1, 4, 33, 0.042748691282689
1.44500000000001, 15, 1, 0, 14, 0.217171717171717
1.44499999999999, 15, 1, 0, 14, 0.217171717171717
1.44475000000003, 11, 4, 3, 1, 0.0997474747474748
1.44474999999994, 11, 4, 3, 1, 0.0997474747474748
1.44122504141443, 13, 2, 0, 6, 0.026010101010101
1.43587011947459, 10, 3, 4, 88, 0.375097158937352
1.43083057173099, 10, 2, 4, 87, 0.357350407816721
1.43083057173097, 10, 2, 4, 87, 0.357350407816721
1.42599999999999, 7, 1, 4, 7, 0.00691788872168195
1.42505586635127, 13, 2, 4, 51, 0.0718603446010522
1.41721876619315, 18, 2, 2, 2, 0.181818181818182
1.41680628723745, 10, 2, 4, 58, 0.081739484313027
1.41631274807969, 13, 13, 0, 10, 0.0808080808080808
1.41550000000001, 10, 4, 0, 11, 0.103535353535354
1.41549999999998, 10, 4, 0, 11, 0.103535353535354
1.41500000000001, 11, 1, 0, 10, 0.0808080808080808
1.41500000000001, 12, 1, 0, 14, 0.217171717171717
1.41499999999999, 11, 1, 0, 10, 0.0808080808080808
1.41499999999999, 12, 1, 0, 14, 0.217171717171717
1.4148, 6, 1, 1, 7, 0.184684684684685
1.4142135623731, 11, 2, 4, 33, 0.042748691282689
1.41170388677852, 9, 3, 0, 2, 0.00416666666666667
1.40966666666665, 14, 1, 2, 2, 0.181818181818182
1.40850371671498, 10, 3, 4, 51, 0.0718603446010522
1.40533333333335, 12, 1, 4, 70, 0.136274845408473
1.40402708307214, 9, 5, 2, 5, 0.863636363636364
1.40094042818864, 12, 3, 2, 5, 0.863636363636364
1.39900000000003, 9, 4, 3, 1, 0.0997474747474748
1.3905, 11, 1, 3, 3, 0.800505050505051
1.3905, 11, 1, 3, 3, 0.800505050505051
1.38275389470918, 13, 3, 0, 6, 0.026010101010101
1.37533333333334, 11, 1, 0, 13, 0.170454545454545
1.37360000000001, 12, 1, 4, 45, 0.0660434784542375
1.37333333333333, 11, 1, 0, 13, 0.170454545454545
1.36666666666667, 10, 1, 0, 11, 0.103535353535354
1.36333333333333, 14, 1, 0, 10, 0.0808080808080808
1.36242857142855, 9, 4, 4, 94, 0.486490559366218
1.36050000000003, 10, 4, 4, 45, 0.0660434784542375
1.36049999999995, 10, 4, 4, 45, 0.0660434784542375
1.36000000000001, 13, 1, 2, 2, 0.181818181818182
1.36, 13, 1, 2, 2, 0.181818181818182
1.35769689302635, 7, 3, 1, 8, 0.202702702702703
1.35249999999999, 12, 1, 0, 9, 0.0618686868686869
1.35133333333333, 12, 1, 3, 1, 0.0997474747474748
1.34890017437935, 8, 3, 0, 14, 0.217171717171717
1.34100000000001, 15, 1, 3, 2, 0.400252525252525
1.34099999999999, 15, 1, 3, 2, 0.400252525252525
1.33325000000001, 12, 1, 4, 43, 0.0622011646212767
1.32882066342895, 10, 5, 4, 48, 0.067745494454136
1.32000000000001, 11, 1, 0, 19, 0.70959595959596
1.31999999999999, 11, 1, 0, 19, 0.70959595959596
1.31757563561094, 14, 2, 0, 8, 0.0467171717171717
1.315, 13, 1, 0, 6, 0.026010101010101
1.315, 13, 1, 0, 6, 0.026010101010101
1.31156567220244, 13, 5, 4, 54, 0.0761223229857679
1.3034334999872, 12, 2, 0, 6, 0.026010101010101
1.30333333333334, 10, 1, 1, 23, 0.698198198198198
1.30328571428572, 13, 4, 4, 65, 0.0928774452980315
1.30107647738325, 12, 2, 4, 20, 0.0246350245742943
1.29916728907406, 17, 8, 0, 10, 0.0808080808080808
1.29470797865769, 11, 3, 0, 5, 0.0184343434343434
1.29182122731179, 12, 3, 0, 2, 0.00416666666666667
1.29003144147732, 10, 3, 4, 60, 0.0833233322906506
1.2887728193906, 10, 2, 3, 2, 0.400252525252525
1.2878771508011, 12, 2, 3, 1, 0.0997474747474748
1.28558704227659, 11, 13, 4, 74, 0.194361280550399
1.28500000000001, 13, 1, 0, 6, 0.026010101010101
1.285, 13, 1, 0, 6, 0.026010101010101
1.28457731915556, 13, 2, 0, 3, 0.00795454545454546
1.276, 11, 1, 0, 18, 0.558080808080808
1.27450284547541, 10, 5, 4, 22, 0.0286232599694077
1.27418181818183, 10, 4, 1, 4, 0.128378378378378
1.27000000000001, 10, 1, 0, 3, 0.00795454545454546
1.27, 10, 1, 0, 3, 0.00795454545454546
1.26614948754153, 12, 7, 4, 56, 0.078725036164931
1.265, 11, 1, 0, 10, 0.0808080808080808
1.265, 11, 1, 0, 10, 0.0808080808080808
1.26006428407444, 12, 2, 2, 5, 0.863636363636364
1.26006428407444, 12, 2, 2, 5, 0.863636363636364
1.25500000000001, 11, 1, 0, 14, 0.217171717171717
1.255, 11, 1, 0, 14, 0.217171717171717
1.25221428571427, 11, 4, 4, 60, 0.0833233322906506
1.25, 14, 1, 0, 14, 0.217171717171717
1.25, 14, 1, 0, 14, 0.217171717171717
1.24922198009622, 6, 2, 0, 3, 0.00795454545454546
1.24875057557546, 12, 2, 3, 1, 0.0997474747474748
1.24875057557542, 12, 2, 3, 1, 0.0997474747474748
1.24639355297146, 10, 2, 1, 3, 0.105855855855856
1.245, 13, 1, 0, 6, 0.026010101010101
1.245, 13, 1, 0, 6, 0.026010101010101
1.239, 9, 1, 3, 1, 0.0997474747474748
1.23899999999999, 9, 1, 3, 1, 0.0997474747474748
1.23672976029531, 15, 2, 4, 9, 0.0079337803296631
1.23672976029525, 15, 2, 4, 9, 0.0079337803296631
1.23581825120041, 7, 3, 3, 2, 0.400252525252525
1.23566666666666, 14, 1, 0, 13, 0.170454545454545
1.235, 11, 1, 0, 7, 0.0353535353535354
1.23499999999999, 11, 1, 0, 7, 0.0353535353535354
1.23400000000001, 12, 1, 2, 1, 0.0454545454545454
1.23399999999999, 12, 1, 2, 1, 0.0454545454545454
1.23298923488134, 9, 3, 0, 1, 0.00126262626262626
1.23130860830615, 11, 2, 0, 11, 0.103535353535354
1.23036579926458, 11, 2, 0, 14, 0.217171717171717
1.22500000000001, 16, 1, 0, 11, 0.103535353535354
1.22499999999999, 16, 1, 0, 11, 0.103535353535354
1.22257142857146, 9, 4, 0, 2, 0.00416666666666667
1.21900000000001, 13, 1, 1, 6, 0.164414414414414
1.21899999999999, 13, 1, 1, 6, 0.164414414414414
1.21761538461536, 10, 4, 4, 35, 0.0452335812040479
1.21520684659035, 4, 3, 1, 23, 0.698198198198198
1.21500000000003, 8, 4, 0, 14, 0.217171717171717
1.20933333333333, 9, 1, 4, 75, 0.204510284651682
1.20833333333333, 12, 1, 0, 14, 0.217171717171717
1.20666206260633, 11, 3, 0, 9, 0.0618686868686869
1.20208152801712, 13, 2, 0, 8, 0.0467171717171717
1.20000000000002, 14, 1, 0, 8, 0.0467171717171717
1.19999999999999, 14, 1, 0, 8, 0.0467171717171717
1.19749999999999, 13, 4, 0, 6, 0.026010101010101
1.19500000000001, 14, 1, 0, 7, 0.0353535353535354
1.19500000000001, 14, 1, 0, 14, 0.217171717171717
1.19499999999999, 14, 1, 0, 7, 0.0353535353535354
1.19499999999999, 14, 1, 0, 14, 0.217171717171717
1.19400000000002, 17, 1, 4, 28, 0.0358931359772792
1.19399999999999, 10, 1, 3, 3, 0.800505050505051
1.19241773534091, 9, 2, 3, 2, 0.400252525252525
1.19, 13, 1, 0, 8, 0.0467171717171717
1.19, 13, 1, 0, 8, 0.0467171717171717
1.187, 10, 1, 3, 3, 0.800505050505051
1.187, 10, 1, 3, 3, 0.800505050505051
1.18679999999999, 10, 1, 4, 23, 0.0296164402178925
1.18040000000002, 10, 1, 4, 41, 0.0589841673467433
1.178747004238, 9, 8, 2, 4, 0.590909090909091
1.17675531866222, 13, 3, 0, 6, 0.026010101010101
1.17333333333333, 10, 1, 3, 2, 0.400252525252525
1.16884750930138, 16, 2, 0, 8, 0.0467171717171717
1.16884750930134, 16, 2, 0, 8, 0.0467171717171717
1.16779423487187, 9, 6, 3, 2, 0.400252525252525
1.16389776183307, 9, 2, 4, 92, 0.455244555401909
1.16004102836924, 10, 3, 0, 17, 0.444444444444444
1.15682669402113, 9, 8, 3, 3, 0.800505050505051
1.155, 11, 1, 0, 14, 0.217171717171717
1.155, 11, 1, 0, 14, 0.217171717171717
1.15258405333407, 11, 2, 1, 16, 0.414414414414414
1.15258405333407, 11, 2, 1, 16, 0.414414414414414
1.15022703073012, 10, 2, 0, 6, 0.026010101010101
1.1462200923034, 11, 2, 4, 27, 0.0352394625411507
1.14537696851299, 16, 10, 4, 24, 0.0306244453386102
1.14428744203549, 5, 7, 0, 8, 0.0467171717171717
1.14033333333335, 8, 1, 0, 14, 0.217171717171717
1.14001644349049, 9, 7, 0, 11, 0.103535353535354
1.13372787250245, 13, 2, 0, 4, 0.0126262626262626
1.13000000000001, 15, 1, 0, 14, 0.217171717171717
1.13, 15, 1, 0, 14, 0.217171717171717
1.125, 13, 1, 0, 7, 0.0353535353535354
1.125, 13, 1, 0, 7, 0.0353535353535354
1.125, 10, 1, 0, 4, 0.0126262626262626
1.12345125394918, 15, 2, 4, 48, 0.067745494454136
1.11074974913721, 11, 3, 2, 2, 0.181818181818182
1.10970766942033, 12, 8, 2, 5, 0.863636363636364
1.1095, 10, 1, 4, 70, 0.136274845408473
1.1095, 10, 1, 4, 70, 0.136274845408473
1.10200000000002, 13, 1, 4, 20, 0.0246350245742943
1.0984, 11, 1, 4, 64, 0.0917218809839261
1.09837253344313, 7, 2, 0, 5, 0.0184343434343434
1.0936584882352, 11, 2, 0, 3, 0.00795454545454546
1.09365848823518, 11, 2, 0, 8, 0.0467171717171717
1.09359999999998, 12, 4, 1, 5, 0.141891891891892
1.09149002743957, 11, 2, 4, 69, 0.110861739138859
1.086, 13, 1, 4, 6, 0.00648491626136443
1.086, 13, 1, 4, 6, 0.00648491626136443
1.08533333333332, 10, 1, 1, 23, 0.698198198198198
1.08516666666665, 10, 1, 3, 3, 0.800505050505051
1.08294414777993, 10, 3, 4, 31, 0.0395255744388036
1.08108837905753, 11, 3, 0, 7, 0.0353535353535354
1.08, 13, 1, 0, 18, 0.558080808080808
1.08, 13, 1, 0, 18, 0.558080808080808
1.07799999999999, 9, 1, 2, 3, 0.363636363636364
1.0776307345283, 11, 2, 0, 18, 0.558080808080808
1.07008826219563, 13, 2, 0, 4, 0.0126262626262626
1.06883333333332, 19, 4, 0, 9, 0.0618686868686869
1.06500000000001, 7, 1, 0, 14, 0.217171717171717
1.065, 15, 1, 0, 11, 0.103535353535354
1.065, 15, 1, 0, 11, 0.103535353535354
1.065, 7, 1, 0, 14, 0.217171717171717
1.06290184557814, 11, 3, 1, 19, 0.529279279279279
1.0615, 10, 1, 4, 2, 0.000339506812356317
1.0615, 10, 1, 4, 2, 0.000339506812356317
1.06, 17, 1, 0, 8, 0.0467171717171717
1.06, 10, 1, 0, 2, 0.00416666666666667
1.06, 10, 1, 0, 2, 0.00416666666666667
1.05999999999997, 17, 1, 0, 8, 0.0467171717171717
1.05933333333333, 7, 1, 3, 1, 0.0997474747474748
1.05641753109272, 13, 2, 4, 56, 0.078725036164931
1.05641753109272, 13, 2, 4, 56, 0.078725036164931
1.05594612657196, 13, 2, 0, 7, 0.0353535353535354
1.05500000000001, 12, 1, 0, 3, 0.00795454545454546
1.05499999999999, 12, 1, 0, 3, 0.00795454545454546
1.0545, 8, 1, 3, 2, 0.400252525252525
1.0545, 8, 1, 3, 2, 0.400252525252525
1.05227860062502, 10, 3, 3, 2, 0.400252525252525
1.05222086559807, 12, 3, 0, 10, 0.0808080808080808
1.04900000000001, 9, 1, 4, 94, 0.486490559366218
1.04899999999999, 9, 1, 4, 94, 0.486490559366218
1.04519999999997, 12, 4, 3, 2, 0.400252525252525
1.0447867905726, 9, 5, 2, 5, 0.863636363636364
1.04425000000001, 7, 1, 4, 100, 0.705914182813912
1.04252558030758, 15, 15, 0, 8, 0.0467171717171717
1.04117545158707, 11, 8, 2, 5, 0.863636363636364
1.04038518507971, 11, 3, 1, 9, 0.227477477477477
1.04038518507969, 11, 3, 1, 9, 0.227477477477477
1.04000000000001, 12, 1, 0, 6, 0.026010101010101
1.039, 10, 1, 4, 10, 0.00844094610403909
1.039, 10, 1, 4, 10, 0.00844094610403909
1.03500000000001, 12, 1, 0, 3, 0.00795454545454546
1.035, 12, 1, 0, 3, 0.00795454545454546
1.035, 12, 1, 0, 13, 0.170454545454545
1.035, 12, 1, 0, 13, 0.170454545454545
1.03402581635513, 11, 2, 3, 3, 0.800505050505051
1.03379011409472, 10, 2, 4, 68, 0.0971476980300399
1.032, 8, 1, 4, 100, 0.705914182813912
1.02624764176208, 10, 2, 4, 19, 0.0217556379075293
1.02524999999997, 12, 1, 2, 2, 0.181818181818182
1.0235, 6, 1, 2, 2, 0.181818181818182
1.0235, 6, 1, 2, 2, 0.181818181818182
1.02176929881456, 10, 2, 4, 33, 0.042748691282689
1.02000000000001, 12, 1, 0, 3, 0.00795454545454546
1.02, 12, 1, 0, 3, 0.00795454545454546
1.01933333333335, 10, 1, 4, 37, 0.0486682110506046
1.01599999999998, 11, 1, 4, 87, 0.357350407816721
1.0146982310027, 14, 2, 0, 6, 0.026010101010101
1.01469823100266, 14, 2, 0, 6, 0.026010101010101
1.01000000000001, 9, 1, 4, 78, 0.219710950157435
1.00999999999999, 9, 1, 4, 78, 0.219710950157435
1.00999999999998, 14, 1, 0, 7, 0.0353535353535354
1.00833426997201, 7, 2, 4, 7, 0.00691788872168195
1.00762716319084, 13, 2, 0, 10, 0.0808080808080808
1.00762716319084, 13, 2, 0, 10, 0.0808080808080808
1.00699999999999, 11, 1, 3, 3, 0.800505050505051
1.00000000000003, 11, 4, 4, 33, 0.042748691282689
1, 11, 1, 0, 8, 0.0467171717171717
1, 11, 1, 0, 8, 0.0467171717171717
0.996784859212646, 14, 2, 2, 2, 0.181818181818182
0.99560634791065, 10, 2, 2, 5, 0.863636363636364
0.995292078230186, 10, 8, 1, 6, 0.164414414414414
0.995000000000005, 13, 1, 0, 3, 0.00795454545454546
0.99499999999999, 13, 1, 0, 3, 0.00795454545454546
0.993720729827483, 12, 2, 4, 70, 0.136274845408473
0.992801479858452, 11, 11, 4, 37, 0.0486682110506046
0.991638693193994, 9, 8, 4, 30, 0.0378992342401869
0.990199999999987, 8, 4, 4, 49, 0.0692091058226616
0.989999999999981, 11, 1, 0, 1, 0.00126262626262626
0.987772353762319, 13, 7, 4, 49, 0.0692091058226616
0.985000000000014, 11, 1, 4, 1, 0.000100050649348366
0.979555023977705, 10, 8, 0, 16, 0.351010101010101
0.978332739398816, 13, 2, 1, 6, 0.164414414414414
0.972507526391906, 11, 2, 0, 13, 0.170454545454545
0.972499999999997, 10, 1, 0, 4, 0.0126262626262626
0.971093312829526, 11, 2, 0, 13, 0.170454545454545
0.969233828792587, 9, 5, 4, 32, 0.0409687585124503
0.96637926762162, 10, 2, 0, 11, 0.103535353535354
0.965875611959343, 12, 7, 1, 2, 0.0788288288288288
0.965000000000003, 10, 1, 0, 4, 0.0126262626262626
0.965000000000003, 10, 1, 0, 4, 0.0126262626262626
0.965000000000003, 13, 1, 0, 6, 0.026010101010101
0.965000000000003, 13, 1, 0, 6, 0.026010101010101
0.964022245017667, 14, 2, 0, 10, 0.0808080808080808
0.963999999999999, 10, 1, 0, 8, 0.0467171717171717
0.963999999999999, 10, 1, 4, 7, 0.00691788872168195
0.963999999999999, 10, 1, 4, 7, 0.00691788872168195
0.963190918854031, 10, 7, 1, 4, 0.128378378378378
0.960000000000008, 10, 1, 0, 4, 0.0126262626262626
0.960000000000008, 10, 1, 0, 4, 0.0126262626262626
0.960000000000008, 13, 1, 0, 7, 0.0353535353535354
0.95999999999998, 13, 1, 0, 7, 0.0353535353535354
0.959685323426346, 7, 2, 4, 8, 0.00740754908006669
0.958666666666659, 11, 1, 1, 4, 0.128378378378378
0.956958071181821, 9, 3, 4, 82, 0.274718983341981
0.956958071181796, 9, 3, 4, 82, 0.274718983341981
0.955536963643408, 12, 2, 3, 1, 0.0997474747474748
0.952500000000001, 11, 1, 0, 5, 0.0184343434343434
0.950318543086116, 9, 3, 4, 92, 0.455244555401909
0.950000000000003, 6, 1, 0, 7, 0.0353535353535354
0.950000000000003, 9, 1, 0, 13, 0.170454545454545
0.950000000000003, 9, 1, 0, 13, 0.170454545454545
0.937857142857126, 10, 4, 4, 31, 0.0395255744388036
0.935000000000002, 11, 1, 0, 6, 0.026010101010101
0.934999999999974, 11, 1, 0, 6, 0.026010101010101
0.934666666666672, 12, 1, 2, 5, 0.863636363636364
0.925500000000028, 9, 1, 4, 9, 0.0079337803296631
0.9255, 9, 1, 4, 9, 0.0079337803296631
0.925000000000011, 15, 1, 0, 10, 0.0808080808080808
0.924999999999983, 15, 1, 0, 10, 0.0808080808080808
0.924500000000009, 11, 1, 3, 3, 0.800505050505051
0.924499999999995, 11, 1, 3, 3, 0.800505050505051
0.922774349448449, 9, 2, 4, 70, 0.136274845408473
0.922774349448409, 9, 2, 4, 70, 0.136274845408473
0.921595838146453, 10, 2, 1, 23, 0.698198198198198
0.920873679357452, 13, 3, 3, 1, 0.0997474747474748
0.920873679357452, 13, 3, 3, 1, 0.0997474747474748
0.919285966117177, 13, 3, 0, 14, 0.217171717171717
0.916666666666671, 12, 1, 0, 7, 0.0353535353535354
0.916666666666671, 10, 1, 0, 10, 0.0808080808080808
0.916666666666657, 12, 1, 0, 9, 0.0618686868686869
0.915999999999997, 11, 1, 3, 3, 0.800505050505051
0.914800000000014, 12, 1, 0, 1, 0.00126262626262626
0.910666666666685, 12, 4, 3, 1, 0.0997474747474748
0.905000000000001, 11, 1, 0, 14, 0.217171717171717
0.905000000000001, 11, 1, 0, 14, 0.217171717171717
0.903493904548099, 12, 8, 1, 2, 0.0788288288288288
0.902268252794022, 11, 2, 0, 18, 0.558080808080808
0.891197875521056, 11, 3, 4, 69, 0.110861739138859
0.890389521501655, 13, 6, 0, 5, 0.0184343434343434
0.888821254728527, 7, 7, 1, 8, 0.202702702702703
0.8871615674362, 10, 19, 4, 61, 0.084023548930301
0.886526417479421, 10, 5, 0, 6, 0.026010101010101
0.886240499087117, 10, 2, 4, 28, 0.0358931359772792
0.885000000000005, 9, 1, 0, 15, 0.275252525252525
0.884999999999991, 9, 1, 0, 15, 0.275252525252525
0.884785385878076, 9, 6, 4, 32, 0.0409687585124503
0.88333333333334, 13, 1, 0, 3, 0.00795454545454546
0.882666666666665, 9, 1, 4, 80, 0.244079764845808
0.882610684277026, 12, 2, 1, 16, 0.414414414414414
0.882000000000005, 12, 1, 3, 3, 0.800505050505051
0.882000000000005, 12, 1, 3, 3, 0.800505050505051
0.881333333333373, 10, 4, 1, 3, 0.105855855855856
0.88000000000001, 11, 1, 0, 11, 0.103535353535354
0.879999999999995, 11, 1, 0, 11, 0.103535353535354
0.879640835796065, 11, 2, 3, 3, 0.800505050505051
0.875, 11, 1, 0, 5, 0.0184343434343434
0.874832509683937, 10, 2, 4, 36, 0.0468471651172549
0.873748279286182, 14, 2, 0, 13, 0.170454545454545
0.868999999999971, 10, 4, 0, 10, 0.0808080808080808
0.8683348048612, 11, 3, 1, 2, 0.0788288288288288
0.861963166266417, 6, 2, 4, 104, 0.952055328905477
0.861963166266397, 6, 2, 4, 104, 0.952055328905477
0.860383056042492, 11, 5, 2, 2, 0.181818181818182
0.860100000000045, 9, 4, 0, 3, 0.00795454545454546
0.859999999999985, 12, 1, 0, 8, 0.0467171717171717
0.857365149746602, 10, 3, 0, 3, 0.00795454545454546
0.855127800714921, 9, 2, 4, 75, 0.204510284651682
0.854420693933752, 12, 2, 0, 14, 0.217171717171717
0.849564692455306, 7, 6, 0, 14, 0.217171717171717
0.849000000000004, 13, 1, 4, 42, 0.0614175149797577
0.849000000000004, 13, 1, 4, 42, 0.0614175149797577
0.846502830276899, 14, 6, 3, 1, 0.0997474747474748
0.84428549673673, 10, 2, 3, 3, 0.800505050505051
0.84428549673671, 17, 2, 4, 28, 0.0358931359772792
0.842216223226921, 8, 6, 3, 2, 0.400252525252525
0.840000000000003, 15, 1, 0, 6, 0.026010101010101
0.839999999999975, 15, 1, 0, 6, 0.026010101010101
0.834100000000007, 11, 4, 4, 45, 0.0660434784542375
0.830000000000013, 15, 1, 0, 5, 0.0184343434343434
0.829999999999984, 15, 1, 0, 5, 0.0184343434343434
0.829671956592225, 10, 2, 3, 2, 0.400252525252525
0.826029285295166, 8, 8, 0, 14, 0.217171717171717
0.825193613644702, 10, 2, 1, 26, 0.943693693693694
0.825193613644702, 10, 2, 1, 26, 0.943693693693694
0.823320229315363, 11, 5, 1, 19, 0.529279279279279
0.821999999999974, 16, 1, 2, 2, 0.181818181818182
0.818231636162226, 18, 6, 2, 2, 0.181818181818182
0.814999999999998, 16, 1, 0, 8, 0.0467171717171717
0.814999999999998, 16, 1, 0, 8, 0.0467171717171717
0.812909179019027, 10, 3, 2, 5, 0.863636363636364
0.811743589743614, 10, 9, 4, 35, 0.0452335812040479
0.810000000000002, 14, 1, 0, 8, 0.0467171717171717
0.810000000000002, 10, 1, 0, 11, 0.103535353535354
0.809999999999974, 14, 1, 0, 8, 0.0467171717171717
0.809500000000014, 11, 1, 4, 56, 0.078725036164931
0.8095, 11, 1, 4, 56, 0.078725036164931
0.808223050896224, 11, 2, 0, 13, 0.170454545454545
0.808223050896224, 11, 2, 0, 13, 0.170454545454545
0.806337432813058, 8, 2, 0, 14, 0.217171717171717
0.799030662740795, 14, 2, 4, 22, 0.0286232599694077
0.799030662740795, 14, 2, 4, 22, 0.0286232599694077
0.797333333333341, 12, 1, 4, 37, 0.0486682110506046
0.793333333333337, 11, 1, 0, 7, 0.0353535353535354
0.783579785344205, 7, 3, 4, 8, 0.00740754908006669
0.780866239078948, 12, 3, 0, 9, 0.0618686868686869
0.779231672867578, 13, 2, 4, 20, 0.0246350245742943
0.778738095238083, 9, 9, 2, 5, 0.863636363636364
0.777500000000003, 13, 1, 0, 1, 0.00126262626262626
0.776666666666642, 7, 4, 0, 5, 0.0184343434343434
0.774000000000001, 12, 1, 0, 18, 0.558080808080808
0.773333333333369, 11, 4, 0, 8, 0.0467171717171717
0.773333333333312, 11, 4, 0, 3, 0.00795454545454546
0.77000000000001, 11, 1, 0, 7, 0.0353535353535354
0.769999999999996, 11, 1, 0, 7, 0.0353535353535354
0.767446559847813, 10, 2, 1, 23, 0.698198198198198
0.764666666666685, 11, 1, 4, 76, 0.20691329301129
0.76226111011912, 9, 2, 2, 3, 0.363636363636364
0.756, 13, 1, 4, 48, 0.067745494454136
0.756, 13, 1, 4, 48, 0.067745494454136
0.754999999999995, 12, 1, 4, 26, 0.0338774705003143
0.754999999999995, 12, 1, 4, 26, 0.0338774705003143
0.75333333333333, 12, 1, 0, 10, 0.0808080808080808
0.75066666666666, 9, 1, 4, 98, 0.624936765886549
0.750240294838932, 9, 2, 3, 1, 0.0997474747474748
0.750240294838932, 9, 2, 3, 1, 0.0997474747474748
0.75, 12, 1, 0, 14, 0.217171717171717
0.75, 12, 1, 0, 14, 0.217171717171717
0.749061783536955, 7, 2, 3, 1, 0.0997474747474748
0.74666666666667, 11, 1, 0, 2, 0.00416666666666667
0.7454416761337, 10, 3, 3, 3, 0.800505050505051
0.74433333333333, 12, 1, 0, 16, 0.351010101010101
0.740000000000009, 17, 1, 0, 6, 0.026010101010101
0.739999999999995, 17, 1, 0, 6, 0.026010101010101
0.73888462664776, 11, 12, 0, 5, 0.0184343434343434
0.735391052434004, 12, 2, 0, 6, 0.026010101010101
0.7351553501736, 9, 2, 2, 2, 0.181818181818182
0.732500000000002, 11, 1, 4, 32, 0.0409687585124503
0.732500000000002, 11, 1, 4, 32, 0.0409687585124503
0.73150279106327, 8, 3, 3, 2, 0.400252525252525
0.731502791063221, 8, 3, 3, 2, 0.400252525252525
0.729734198184525, 8, 2, 4, 100, 0.705914182813912
0.722945973085129, 14, 2, 3, 1, 0.0997474747474748
0.720777512289479, 10, 2, 4, 37, 0.0486682110506046
0.720648606002489, 12, 3, 1, 16, 0.414414414414414
0.718420489685566, 11, 2, 4, 87, 0.357350407816721
0.715000000000003, 11, 1, 0, 14, 0.217171717171717
0.715000000000003, 11, 1, 0, 14, 0.217171717171717
0.714297753041488, 10, 3, 4, 36, 0.0468471651172549
0.711250000000007, 11, 1, 4, 45, 0.0660434784542375
0.710000000000008, 10, 1, 0, 1, 0.00126262626262626
0.710000000000008, 8, 1, 0, 11, 0.103535353535354
0.709999999999994, 10, 1, 0, 1, 0.00126262626262626
0.709999999999994, 8, 1, 0, 11, 0.103535353535354
0.707400000000007, 6, 4, 1, 7, 0.184684684684685
0.70667201648916, 9, 5, 4, 35, 0.0452335812040479
0.706666666666678, 10, 1, 0, 6, 0.026010101010101
0.704999999999998, 11, 1, 0, 8, 0.0467171717171717
0.704999999999998, 11, 1, 0, 8, 0.0467171717171717
0.703333333333333, 9, 1, 0, 4, 0.0126262626262626
0.701921331457875, 9, 2, 3, 3, 0.800505050505051
0.700035713374689, 11, 2, 0, 1, 0.00126262626262626
0.699999999999989, 13, 1, 0, 8, 0.0467171717171717
0.699999999999989, 13, 1, 0, 3, 0.00795454545454546
0.699999999999989, 13, 1, 0, 3, 0.00795454545454546
0.696666666666658, 14, 1, 4, 55, 0.0776266165618163
0.696500179468719, 11, 2, 4, 1, 0.000100050649348366
0.695000000000007, 13, 1, 0, 6, 0.026010101010101
0.694999999999993, 13, 1, 0, 6, 0.026010101010101
0.6875, 8, 1, 4, 13, 0.0149040473935306
0.6875, 8, 1, 4, 13, 0.0149040473935306
0.686799999999977, 12, 4, 4, 45, 0.0660434784542375
0.68549999999999, 15, 1, 4, 28, 0.0358931359772792
0.68549999999999, 15, 1, 4, 28, 0.0358931359772792
0.680000000000007, 14, 1, 0, 7, 0.0353535353535354
0.679999999999978, 14, 1, 0, 7, 0.0353535353535354
0.679500000000004, 9, 1, 3, 3, 0.800505050505051
0.67949999999999, 9, 1, 3, 3, 0.800505050505051
0.677125453664227, 10, 2, 4, 89, 0.391602757964068
0.675000000000011, 16, 1, 0, 8, 0.0467171717171717
0.675000000000011, 16, 1, 0, 8, 0.0467171717171717
0.675000000000011, 13, 1, 0, 7, 0.0353535353535354
0.674999999999983, 13, 1, 0, 7, 0.0353535353535354
0.672499999999999, 13, 1, 1, 9, 0.227477477477477
0.672499999999999, 13, 1, 1, 9, 0.227477477477477
0.670500000000004, 10, 1, 4, 3, 0.000573791508306289
0.670499999999976, 10, 1, 4, 3, 0.000573791508306289
0.666666666666686, 12, 1, 0, 1, 0.00126262626262626
0.666666666666671, 13, 1, 0, 6, 0.026010101010101
0.666499999999999, 11, 1, 4, 30, 0.0378992342401869
0.666499999999999, 11, 1, 4, 30, 0.0378992342401869
0.663499999999999, 13, 1, 4, 25, 0.0319165363830463
0.663499999999999, 13, 1, 4, 25, 0.0319165363830463
0.66090913814902, 12, 2, 2, 5, 0.863636363636364
0.659999999999997, 11, 1, 0, 1, 0.00126262626262626
0.659999999999997, 11, 1, 0, 1, 0.00126262626262626
0.652000000000001, 13, 1, 3, 1, 0.0997474747474748
0.64951905283828, 10, 3, 0, 4, 0.0126262626262626
0.648181216087682, 12, 2, 0, 9, 0.0618686868686869
0.648181216087662, 12, 2, 0, 7, 0.0353535353535354
0.648181216087662, 10, 2, 0, 10, 0.0808080808080808
0.647709811566875, 11, 2, 3, 3, 0.800505050505051
0.647333333333336, 13, 1, 4, 31, 0.0395255744388036
0.646666666666675, 11, 1, 4, 20, 0.0246350245742943
0.645571428571401, 10, 4, 3, 3, 0.800505050505051
0.640000000000001, 8, 1, 0, 1, 0.00126262626262626
0.639499999999998, 11, 1, 1, 6, 0.164414414414414
0.638333333333321, 9, 1, 4, 86, 0.339097714835584
0.636396103067917, 15, 2, 0, 10, 0.0808080808080808
0.636396103067877, 15, 2, 0, 10, 0.0808080808080808
0.636396103067877, 13, 2, 4, 55, 0.0776266165618163
0.633333333333326, 13, 1, 0, 2, 0.00416666666666667
0.632000000000005, 15, 1, 3, 2, 0.400252525252525
0.63000000000001, 5, 1, 0, 10, 0.0808080808080808
0.63000000000001, 10, 1, 0, 13, 0.170454545454545
0.629999999999995, 13, 1, 0, 6, 0.026010101010101
0.629999999999995, 13, 1, 0, 6, 0.026010101010101
0.629999999999995, 14, 1, 0, 1, 0.00126262626262626
0.629999999999995, 14, 1, 0, 1, 0.00126262626262626
0.629999999999995, 5, 1, 0, 10, 0.0808080808080808
0.629999999999995, 10, 1, 0, 13, 0.170454545454545
0.626666666666694, 10, 4, 4, 28, 0.0358931359772792
0.625, 11, 1, 0, 11, 0.103535353535354
0.625, 11, 1, 0, 11, 0.103535353535354
0.624610990048132, 13, 2, 0, 3, 0.00795454545454546
0.624139585527305, 9, 2, 4, 80, 0.244079764845808
0.623999999999995, 9, 1, 4, 90, 0.412079181780135
0.620333333333349, 12, 1, 4, 58, 0.081739484313027
0.618751953202455, 13, 5, 1, 6, 0.164414414414414
0.618000000000023, 17, 1, 4, 17, 0.0191899869089483
0.617999999999995, 17, 1, 4, 17, 0.0191899869089483
0.617333333333335, 13, 1, 4, 41, 0.0589841673467433
0.616666666666674, 12, 1, 0, 7, 0.0353535353535354
0.616666666666646, 11, 1, 0, 8, 0.0467171717171717
0.616500000000002, 12, 1, 3, 2, 0.400252525252525
0.616500000000002, 12, 1, 3, 2, 0.400252525252525
0.616000000000014, 15, 1, 4, 68, 0.0971476980300399
0.615999999999985, 15, 1, 4, 68, 0.0971476980300399
0.614000000000004, 15, 1, 0, 14, 0.217171717171717
0.61399999999999, 14, 1, 4, 41, 0.0589841673467433
0.613, 11, 1, 4, 54, 0.0761223229857679
0.613, 11, 1, 4, 54, 0.0761223229857679
0.610000000000014, 16, 1, 0, 10, 0.0808080808080808
0.609999999999985, 16, 1, 0, 10, 0.0808080808080808
0.60811183182044, 12, 2, 0, 8, 0.0467171717171717
0.608000000000004, 9, 1, 4, 11, 0.00893715698736393
0.605000000000004, 13, 1, 0, 13, 0.170454545454545
0.60499999999999, 13, 1, 0, 13, 0.170454545454545
0.60289801860127, 7, 3, 4, 100, 0.705914182813912
0.60275, 7, 1, 4, 96, 0.578309095069458
0.602333333333348, 12, 1, 4, 56, 0.078725036164931
0.598212336883822, 10, 2, 4, 65, 0.0928774452980315
0.594999999999999, 11, 1, 0, 1, 0.00126262626262626
0.594999999999999, 11, 1, 0, 1, 0.00126262626262626
0.59499999999997, 15, 1, 4, 40, 0.0550596271875607
0.593400000000003, 10, 4, 4, 23, 0.0296164402178925
0.593333333333334, 16, 1, 0, 8, 0.0467171717171717
0.593333333333305, 13, 1, 0, 4, 0.0126262626262626
0.593000000000004, 9, 1, 4, 90, 0.412079181780135
0.593000000000004, 9, 1, 4, 90, 0.412079181780135
0.591928363486697, 12, 3, 2, 2, 0.181818181818182
0.590282915219451, 14, 3, 3, 1, 0.0997474747474748
0.590199999999982, 10, 4, 4, 41, 0.0589841673467433
0.590000000000003, 14, 1, 4, 58, 0.081739484313027
0.588999999999999, 16, 1, 1, 6, 0.164414414414414
0.588999999999999, 16, 1, 1, 6, 0.164414414414414
0.588000000000022, 15, 1, 4, 46, 0.0667300768973018
0.587999999999994, 15, 1, 4, 46, 0.0667300768973018
0.587333333333319, 10, 1, 4, 23, 0.0296164402178925
0.582000000000008, 11, 1, 0, 8, 0.0467171717171717
0.581999999999994, 11, 1, 0, 8, 0.0467171717171717
0.581391721073931, 11, 3, 3, 3, 0.800505050505051
0.579999999999998, 10, 1, 0, 1, 0.00126262626262626
0.579999999999998, 10, 1, 0, 1, 0.00126262626262626
0.579999999999998, 10, 1, 0, 10, 0.0808080808080808
0.579999999999984, 10, 1, 0, 10, 0.0808080808080808
0.578000000000003, 9, 1, 0, 17, 0.444444444444444
0.577999999999989, 9, 1, 0, 17, 0.444444444444444
0.576550861124565, 14, 3, 3, 1, 0.0997474747474748
0.575000000000017, 13, 1, 0, 7, 0.0353535353535354
0.574999999999989, 13, 1, 0, 7, 0.0353535353535354
0.572756492761105, 10, 2, 0, 11, 0.103535353535354
0.572666666666663, 11, 1, 4, 71, 0.160308462840372
0.572000000000003, 14, 1, 4, 37, 0.0486682110506046
0.571999999999989, 14, 1, 4, 37, 0.0486682110506046
0.570000000000007, 12, 1, 0, 3, 0.00795454545454546
0.566392531730436, 9, 2, 4, 80, 0.244079764845808
0.566392531730416, 9, 2, 4, 80, 0.244079764845808
0.56450000000001, 13, 1, 1, 6, 0.164414414414414
0.564499999999995, 13, 1, 1, 6, 0.164414414414414
0.56379980686606, 12, 2, 4, 37, 0.0486682110506046
0.561725626974591, 15, 8, 4, 48, 0.067745494454136
0.561473136786942, 10, 3, 0, 4, 0.0126262626262626
0.561000000000007, 8, 1, 3, 3, 0.800505050505051
0.560999999999979, 8, 1, 3, 3, 0.800505050505051
0.56097137974132, 11, 2, 0, 7, 0.0353535353535354
0.560000000000002, 13, 1, 0, 1, 0.00126262626262626
0.556666666666672, 9, 1, 0, 10, 0.0808080808080808
0.556333712801954, 11, 5, 3, 3, 0.800505050505051
0.554256258422078, 15, 3, 1, 14, 0.353603603603604
0.55425625842198, 15, 3, 1, 14, 0.353603603603604
0.552957502887908, 16, 2, 3, 2, 0.400252525252525
0.552870617776026, 10, 3, 4, 89, 0.391602757964068
0.551947350343322, 9, 2, 0, 15, 0.275252525252525
0.550666666666672, 9, 1, 3, 1, 0.0997474747474748
0.550129075763128, 7, 2, 0, 17, 0.444444444444444
0.550129075763128, 7, 2, 0, 17, 0.444444444444444
0.550000000000011, 11, 1, 0, 6, 0.026010101010101
0.549999999999983, 11, 1, 0, 6, 0.026010101010101
0.549926131403111, 11, 3, 0, 5, 0.0184343434343434
0.549200000000042, 11, 4, 4, 64, 0.0917218809839261
0.547300648638368, 12, 2, 0, 18, 0.558080808080808
0.540700985347276, 11, 2, 4, 76, 0.20691329301129
0.539000000000016, 8, 1, 4, 7, 0.00691788872168195
0.538999999999987, 8, 1, 4, 7, 0.00691788872168195
0.537999999999982, 14, 1, 4, 52, 0.0736969911266934
0.536500000000004, 11, 1, 4, 70, 0.136274845408473
0.53649999999999, 11, 1, 4, 70, 0.136274845408473
0.532687108493864, 12, 2, 0, 10, 0.0808080808080808
0.531666666666666, 11, 1, 0, 10, 0.0808080808080808
0.531000000000006, 14, 1, 3, 2, 0.400252525252525
0.530999999999992, 14, 1, 3, 2, 0.400252525252525
0.530801490410717, 9, 2, 4, 98, 0.624936765886549
0.527973063285917, 11, 2, 0, 2, 0.00416666666666667
0.526323147463195, 12, 2, 0, 16, 0.351010101010101
0.52000000000001, 8, 1, 3, 3, 0.800505050505051
0.519833333333338, 9, 4, 2, 2, 0.181818181818182
0.519615242270707, 13, 3, 4, 55, 0.0776266165618163
0.515000000000015, 10, 1, 0, 1, 0.00126262626262626
0.515000000000001, 11, 1, 0, 11, 0.103535353535354
0.515000000000001, 11, 1, 0, 11, 0.103535353535354
0.515000000000001, 10, 1, 0, 15, 0.275252525252525
0.514999999999986, 10, 1, 0, 1, 0.00126262626262626
0.514999999999986, 10, 1, 0, 15, 0.275252525252525
0.507000000000005, 11, 1, 4, 80, 0.244079764845808
0.506999999999977, 11, 1, 4, 80, 0.244079764845808
0.505181485540931, 11, 3, 0, 5, 0.0184343434343434
0.505000000000024, 13, 1, 0, 6, 0.026010101010101
0.504999999999995, 13, 1, 0, 6, 0.026010101010101
0.503921133639549, 12, 7, 4, 43, 0.0622011646212767
0.5, 12, 1, 0, 14, 0.217171717171717
0.5, 12, 1, 0, 14, 0.217171717171717
0.499688792038481, 10, 2, 0, 6, 0.026010101010101
0.497331769434528, 9, 2, 0, 4, 0.0126262626262626
0.497000000000014, 7, 1, 4, 15, 0.0180125300509641
0.496999999999986, 7, 1, 4, 15, 0.0180125300509641
0.496333333333325, 9, 4, 3, 3, 0.800505050505051
0.495000000000005, 13, 1, 0, 10, 0.0808080808080808
0.49499999999999, 13, 1, 0, 10, 0.0808080808080808
0.494974746830575, 13, 2, 0, 8, 0.0467171717171717
0.494974746830575, 10, 2, 3, 3, 0.800505050505051
0.494974746830575, 10, 2, 3, 3, 0.800505050505051
0.492853426487026, 13, 2, 2, 5, 0.863636363636364
0.492853426487026, 13, 2, 2, 5, 0.863636363636364
0.492617724226622, 14, 2, 4, 55, 0.0776266165618163
0.488800000000012, 11, 1, 3, 2, 0.400252525252525
0.488610785799906, 14, 2, 3, 3, 0.800505050505051
0.488438327734442, 10, 3, 3, 3, 0.800505050505051
0.488438327734417, 10, 3, 3, 3, 0.800505050505051
0.485500000000002, 13, 1, 1, 13, 0.326576576576577
0.485499999999988, 13, 1, 1, 13, 0.326576576576577
0.485301286716704, 10, 5, 3, 3, 0.800505050505051
0.484999999999999, 10, 1, 0, 14, 0.217171717171717
0.484999999999999, 10, 1, 0, 14, 0.217171717171717
0.484644311679789, 14, 3, 3, 1, 0.0997474747474748
0.481999999999999, 19, 1, 4, 34, 0.0437591097547004
0.481999999999999, 19, 1, 4, 34, 0.0437591097547004
0.481999999999999, 10, 4, 0, 8, 0.0467171717171717
0.480999999999995, 14, 1, 4, 56, 0.078725036164931
0.476500000000001, 15, 1, 3, 2, 0.400252525252525
0.476500000000001, 15, 1, 3, 2, 0.400252525252525
0.474581921273874, 16, 3, 2, 2, 0.181818181818182
0.471993776442033, 11, 2, 4, 56, 0.078725036164931
0.471993776442013, 11, 2, 4, 56, 0.078725036164931
0.471404520791045, 12, 2, 0, 1, 0.00126262626262626
0.471404520791025, 13, 2, 0, 6, 0.026010101010101
0.470000000000013, 11, 1, 0, 2, 0.00416666666666667
0.469990307228705, 8, 2, 3, 3, 0.800505050505051
0.468999999999994, 15, 1, 1, 9, 0.227477477477477
0.468999999999994, 15, 1, 1, 9, 0.227477477477477
0.463000000000008, 14, 1, 4, 34, 0.0437591097547004
0.462999999999994, 14, 1, 4, 34, 0.0437591097547004
0.457733789688093, 13, 2, 4, 31, 0.0395255744388036
0.457400000000007, 12, 4, 0, 1, 0.00126262626262626
0.457262385167307, 11, 2, 4, 20, 0.0246350245742943
0.456666666666678, 13, 1, 0, 11, 0.103535353535354
0.456500000000005, 12, 1, 3, 2, 0.400252525252525
0.456499999999991, 12, 1, 3, 2, 0.400252525252525
0.454999999999998, 11, 1, 0, 11, 0.103535353535354
0.454999999999998, 11, 1, 0, 11, 0.103535353535354
0.453797311583047, 10, 3, 4, 85, 0.311682906050061
0.451685731454953, 14, 5, 0, 7, 0.0353535353535354
0.451369828657424, 9, 2, 4, 86, 0.339097714835584
0.450000000000003, 13, 1, 3, 2, 0.400252525252525
0.450000000000003, 13, 1, 3, 2, 0.400252525252525
0.44888983429492, 13, 3, 0, 1, 0.00126262626262626
0.447834294751515, 13, 2, 0, 2, 0.00416666666666667
0.446891485709902, 15, 2, 3, 2, 0.400252525252525
0.444999999999993, 11, 1, 4, 1, 0.000100050649348366
0.441234631460402, 9, 2, 4, 90, 0.412079181780135
0.440000000000026, 14, 1, 0, 2, 0.00416666666666667
0.439999999999998, 14, 1, 0, 2, 0.00416666666666667
0.438641906596046, 12, 2, 4, 58, 0.081739484313027
0.437333333333356, 9, 1, 4, 4, 0.00326307504602002
0.436999999999998, 10, 1, 2, 5, 0.863636363636364
0.436999999999998, 10, 1, 2, 5, 0.863636363636364
0.436520586252476, 13, 2, 4, 41, 0.0589841673467433
0.43604918173171, 11, 2, 0, 8, 0.0467171717171717
0.43604918173171, 12, 2, 0, 7, 0.0353535353535354
0.435000000000002, 14, 1, 0, 8, 0.0467171717171717
0.435000000000002, 12, 1, 0, 1, 0.00126262626262626
0.435000000000002, 12, 1, 0, 1, 0.00126262626262626
0.434999999999974, 14, 1, 0, 8, 0.0467171717171717
0.434163563648543, 14, 2, 4, 41, 0.0589841673467433
0.434163563648543, 15, 2, 0, 14, 0.217171717171717
0.430000000000007, 15, 1, 0, 9, 0.0618686868686869
0.430000000000007, 15, 1, 0, 9, 0.0618686868686869
0.429920922961444, 11, 2, 1, 10, 0.240990990990991
0.429920922961424, 9, 2, 4, 11, 0.00893715698736393
0.429000000000002, 17, 1, 4, 7, 0.00691788872168195
0.429000000000002, 17, 1, 4, 7, 0.00691788872168195
0.428728766885956, 11, 5, 1, 4, 0.128378378378378
0.425913984534668, 12, 2, 4, 56, 0.078725036164931
0.425000000000011, 15, 1, 0, 9, 0.0618686868686869
0.424999999999997, 15, 1, 0, 9, 0.0618686868686869
0.424264068711945, 12, 2, 0, 4, 0.0126262626262626
0.424264068711904, 12, 2, 0, 4, 0.0126262626262626
0.422500000000014, 10, 1, 3, 3, 0.800505050505051
0.422499999999985, 10, 1, 3, 3, 0.800505050505051
0.420728534806015, 15, 2, 4, 40, 0.0550596271875607
0.419714285714235, 14, 4, 3, 1, 0.0997474747474748
0.419550023504039, 16, 2, 0, 8, 0.0467171717171717
0.419550023504039, 13, 2, 0, 4, 0.0126262626262626
0.419000000000011, 9, 1, 3, 2, 0.400252525252525
0.418999999999983, 9, 1, 3, 2, 0.400252525252525
0.417500000000004, 14, 1, 3, 3, 0.800505050505051
0.41749999999999, 14, 1, 3, 3, 0.800505050505051
0.417193000900045, 14, 2, 4, 58, 0.081739484313027
0.415307382816919, 10, 2, 4, 23, 0.0296164402178925
0.413999999999987, 10, 1, 3, 2, 0.400252525252525
0.413999999999987, 10, 1, 3, 2, 0.400252525252525
0.410640378961142, 11, 3, 4, 45, 0.0660434784542375
0.410000000000011, 11, 1, 4, 20, 0.0246350245742943
0.409999999999997, 11, 1, 4, 20, 0.0246350245742943
0.40933333333335, 13, 1, 1, 10, 0.240990990990991
0.407333333333327, 10, 1, 3, 1, 0.0997474747474748
0.404936483359494, 11, 2, 4, 71, 0.160308462840372
0.403050865276307, 12, 2, 0, 3, 0.00795454545454546
0.402500000000003, 12, 1, 3, 3, 0.800505050505051
0.402499999999989, 12, 1, 3, 3, 0.800505050505051
0.398949036010008, 14, 3, 3, 3, 0.800505050505051
0.397500000000008, 15, 1, 2, 5, 0.863636363636364
0.397499999999994, 15, 1, 2, 5, 0.863636363636364
0.396500000000003, 11, 1, 4, 30, 0.0378992342401869
0.396500000000003, 11, 1, 4, 30, 0.0378992342401869
0.395979797464468, 13, 2, 0, 1, 0.00126262626262626
0.393622774860555, 17, 2, 0, 8, 0.0467171717171717
0.393622774860475, 9, 2, 0, 10, 0.0808080808080808
0.393000000000001, 10, 4, 4, 85, 0.311682906050061
0.390000000000015, 19, 1, 0, 9, 0.0618686868686869
0.390000000000015, 11, 1, 0, 10, 0.0808080808080808
0.389999999999986, 19, 1, 0, 9, 0.0618686868686869
0.389999999999986, 11, 1, 0, 10, 0.0808080808080808
0.389380134173396, 9, 2, 3, 1, 0.0997474747474748
0.388000000000005, 12, 1, 4, 66, 0.0931101613156405
0.388000000000005, 12, 1, 4, 66, 0.0931101613156405
0.38783587594063, 6, 6, 0, 7, 0.0353535353535354
0.385000000000019, 7, 1, 0, 14, 0.217171717171717
0.384999999999991, 7, 1, 0, 14, 0.217171717171717
0.384000000000015, 15, 1, 3, 1, 0.0997474747474748
0.383999999999986, 15, 1, 3, 1, 0.0997474747474748
0.380423448278411, 14, 2, 4, 52, 0.0736969911266934
0.38000000000001, 12, 1, 0, 16, 0.351010101010101
0.379999999999995, 7, 1, 0, 2, 0.00416666666666667
0.379999999999995, 7, 1, 0, 2, 0.00416666666666667
0.379999999999995, 12, 1, 0, 16, 0.351010101010101
0.378342701792972, 10, 5, 4, 65, 0.0928774452980315
0.377499999999998, 16, 1, 3, 1, 0.0997474747474748
0.377499999999998, 16, 1, 3, 1, 0.0997474747474748
0.376432375511653, 13, 3, 3, 1, 0.0997474747474748
0.375945105330848, 11, 2, 0, 10, 0.0808080808080808
0.375, 13, 1, 0, 8, 0.0467171717171717
0.375, 13, 1, 0, 8, 0.0467171717171717
0.375, 9, 1, 0, 3, 0.00795454545454546
0.375, 9, 1, 0, 3, 0.00795454545454546
0.375, 7, 1, 0, 8, 0.0467171717171717
0.375, 7, 1, 0, 8, 0.0467171717171717
0.375, 10, 1, 0, 13, 0.170454545454545
0.375, 10, 1, 0, 13, 0.170454545454545
0.374500000000012, 11, 1, 4, 90, 0.412079181780135
0.370000000000005, 14, 1, 0, 3, 0.00795454545454546
0.369999999999976, 14, 1, 0, 3, 0.00795454545454546
0.369504172281369, 8, 3, 0, 1, 0.00126262626262626
0.36921549714674, 11, 3, 1, 6, 0.164414414414414
0.367695526216992, 8, 2, 3, 3, 0.800505050505051
0.36699999999999, 10, 1, 3, 3, 0.800505050505051
0.36699999999999, 10, 1, 3, 3, 0.800505050505051
0.366500000000002, 12, 1, 3, 2, 0.400252525252525
0.366500000000002, 12, 1, 3, 2, 0.400252525252525
0.365000000000009, 14, 1, 0, 4, 0.0126262626262626
0.364999999999995, 11, 1, 0, 11, 0.103535353535354
0.364999999999995, 11, 1, 0, 11, 0.103535353535354
0.364999999999981, 14, 1, 0, 4, 0.0126262626262626
0.36375000000001, 14, 1, 0, 7, 0.0353535353535354
0.363730669589478, 10, 3, 0, 15, 0.275252525252525
0.363730669589429, 10, 3, 0, 15, 0.275252525252525
0.363250000000008, 12, 1, 2, 5, 0.863636363636364
0.361500000000007, 12, 1, 3, 2, 0.400252525252525
0.361499999999978, 12, 1, 3, 2, 0.400252525252525
0.356799999999993, 11, 1, 2, 5, 0.863636363636364
0.356381817718033, 12, 2, 3, 1, 0.0997474747474748
0.356381817718033, 12, 2, 3, 1, 0.0997474747474748
0.354500000000002, 13, 1, 1, 4, 0.128378378378378
0.354500000000002, 13, 1, 1, 4, 0.128378378378378
0.349082155115989, 9, 5, 0, 15, 0.275252525252525
0.347997874754031, 7, 3, 4, 96, 0.578309095069458
0.346000000000004, 12, 1, 2, 1, 0.0454545454545454
0.345999999999989, 12, 1, 2, 1, 0.0454545454545454
0.344999999999999, 14, 1, 0, 3, 0.00795454545454546
0.344999999999999, 14, 1, 0, 3, 0.00795454545454546
0.340118361750726, 14, 2, 4, 56, 0.078725036164931
0.335499999999996, 16, 1, 4, 3, 0.000573791508306289
0.335499999999996, 16, 1, 4, 3, 0.000573791508306289
0.335000000000008, 11, 1, 0, 1, 0.00126262626262626
0.334999999999994, 11, 1, 0, 1, 0.00126262626262626
0.332340187157656, 11, 2, 0, 2, 0.00416666666666667
0.331500000000005, 11, 1, 2, 4, 0.590909090909091
0.331500000000005, 11, 1, 2, 4, 0.590909090909091
0.329999999999998, 11, 1, 4, 67, 0.0942557274601005
0.329499999999996, 12, 1, 4, 28, 0.0358931359772792
0.329499999999996, 12, 1, 4, 28, 0.0358931359772792
0.327500000000001, 11, 1, 4, 81, 0.26159379994883
0.327500000000001, 11, 1, 4, 81, 0.26159379994883
0.326000000000008, 13, 1, 3, 2, 0.400252525252525
0.325999999999993, 13, 1, 3, 2, 0.400252525252525
0.325000000000003, 11, 1, 0, 8, 0.0467171717171717
0.325000000000003, 11, 1, 0, 10, 0.0808080808080808
0.325000000000003, 11, 1, 0, 10, 0.0808080808080808
0.324999999999989, 11, 1, 0, 8, 0.0467171717171717
0.323999999999998, 11, 1, 4, 39, 0.051987603372886
0.323999999999998, 11, 1, 4, 39, 0.051987603372886
0.322912096741844, 13, 2, 0, 11, 0.103535353535354
0.322000000000003, 12, 1, 4, 37, 0.0486682110506046
0.322000000000003, 12, 1, 4, 37, 0.0486682110506046
0.321026478658738, 12, 2, 3, 2, 0.400252525252525
0.321026478658698, 12, 2, 3, 2, 0.400252525252525
0.320499999999996, 9, 1, 4, 3, 0.000573791508306289
0.320499999999996, 9, 1, 4, 3, 0.000573791508306289
0.319250163142757, 16, 6, 3, 2, 0.400252525252525
0.316500000000005, 10, 1, 4, 101, 0.73090184972689
0.316500000000005, 10, 1, 4, 101, 0.73090184972689
0.315789912186971, 14, 10, 3, 1, 0.0997474747474748
0.315000000000012, 10, 1, 0, 11, 0.103535353535354
0.315000000000012, 6, 1, 0, 11, 0.103535353535354
0.314999999999998, 10, 1, 0, 11, 0.103535353535354
0.314999999999998, 6, 1, 0, 11, 0.103535353535354
0.314662517628009, 11, 2, 4, 1, 0.000100050649348366
0.314000000000007, 11, 1, 4, 86, 0.339097714835584
0.313955410846799, 15, 2, 4, 41, 0.0589841673467433
0.310000000000002, 12, 1, 0, 8, 0.0467171717171717
0.310000000000002, 12, 1, 0, 8, 0.0467171717171717
0.310000000000002, 11, 1, 0, 5, 0.0184343434343434
0.310000000000002, 11, 1, 0, 5, 0.0184343434343434
0.309241365638893, 9, 2, 4, 4, 0.00326307504602002
0.305000000000007, 13, 1, 0, 4, 0.0126262626262626
0.304999999999993, 13, 1, 0, 4, 0.0126262626262626
0.304000000000002, 11, 1, 3, 3, 0.800505050505051
0.304000000000002, 9, 1, 4, 5, 0.00604237658698964
0.302500000000009, 10, 1, 4, 81, 0.26159379994883
0.302499999999995, 10, 1, 4, 81, 0.26159379994883
0.299999999999997, 10, 1, 0, 11, 0.103535353535354
0.299999999999997, 10, 1, 0, 11, 0.103535353535354
0.297499999999999, 11, 1, 4, 82, 0.274718983341981
0.297499999999999, 11, 1, 4, 82, 0.274718983341981
0.289442375765675, 13, 2, 1, 10, 0.240990990990991
0.288028162203316, 10, 2, 3, 1, 0.0997474747474748
0.287500000000009, 11, 1, 4, 92, 0.455244555401909
0.287499999999994, 11, 1, 4, 92, 0.455244555401909
0.286666666666662, 12, 1, 0, 5, 0.0184343434343434
0.286000000000001, 17, 1, 0, 9, 0.0618686868686869
0.286000000000001, 17, 1, 0, 9, 0.0618686868686869
0.285499999999999, 13, 1, 4, 55, 0.0776266165618163
0.285499999999999, 13, 1, 4, 55, 0.0776266165618163
0.283000000000015, 11, 1, 3, 3, 0.800505050505051
0.282999999999987, 11, 1, 3, 3, 0.800505050505051
0.279307178568673, 18, 2, 0, 9, 0.0618686868686869
0.279307178568673, 18, 2, 0, 9, 0.0618686868686869
0.278333333333308, 17, 4, 0, 8, 0.0467171717171717
0.27800000000002, 18, 1, 1, 3, 0.105855855855856
0.277999999999992, 18, 1, 1, 3, 0.105855855855856
0.277539411615729, 12, 2, 3, 1, 0.0997474747474748
0.277539411615709, 12, 2, 3, 1, 0.0997474747474748
0.275333333333322, 15, 1, 1, 10, 0.240990990990991
0.275000000000006, 11, 1, 3, 2, 0.400252525252525
0.275000000000006, 11, 1, 3, 2, 0.400252525252525
0.275000000000006, 21, 1, 4, 27, 0.0352394625411507
0.273333333333312, 15, 1, 0, 9, 0.0618686868686869
0.27233333333335, 12, 1, 4, 61, 0.084023548930301
0.270666666666671, 9, 1, 0, 13, 0.170454545454545
0.270499999999998, 14, 1, 3, 3, 0.800505050505051
0.270499999999998, 14, 1, 3, 3, 0.800505050505051
0.27000000000001, 10, 1, 0, 4, 0.0126262626262626
0.269999999999996, 9, 1, 0, 8, 0.0467171717171717
0.269999999999982, 10, 1, 0, 4, 0.0126262626262626
0.268000000000015, 10, 1, 4, 43, 0.0622011646212767
0.268000000000001, 10, 1, 4, 43, 0.0622011646212767
0.265000000000001, 11, 1, 0, 15, 0.275252525252525
0.265000000000001, 11, 1, 0, 15, 0.275252525252525
0.26400000000001, 12, 1, 4, 70, 0.136274845408473
0.263999999999982, 12, 1, 4, 70, 0.136274845408473
0.260000000000019, 11, 1, 0, 7, 0.0353535353535354
0.260000000000019, 9, 1, 0, 13, 0.170454545454545
0.260000000000005, 12, 1, 0, 8, 0.0467171717171717
0.260000000000005, 12, 1, 0, 8, 0.0467171717171717
0.260000000000005, 8, 1, 0, 10, 0.0808080808080808
0.259999999999991, 16, 1, 0, 6, 0.026010101010101
0.259999999999991, 16, 1, 0, 6, 0.026010101010101
0.259999999999991, 8, 1, 0, 10, 0.0808080808080808
0.259999999999991, 9, 1, 0, 13, 0.170454545454545
0.256343519520236, 15, 3, 4, 41, 0.0589841673467433
0.254999999999995, 12, 1, 0, 14, 0.217171717171717
0.254999999999995, 12, 1, 0, 14, 0.217171717171717
0.253615632185594, 10, 2, 4, 30, 0.0378992342401869
0.25333333333333, 10, 1, 0, 10, 0.0808080808080808
0.251220386393384, 8, 7, 3, 3, 0.800505050505051
0.251000000000005, 8, 1, 3, 2, 0.400252525252525
0.25, 14, 1, 0, 5, 0.0184343434343434
0.25, 14, 1, 0, 5, 0.0184343434343434
0.248214960602019, 11, 6, 1, 10, 0.240990990990991
0.247899771833242, 14, 3, 1, 16, 0.414414414414414
0.245000000000005, 13, 1, 0, 11, 0.103535353535354
0.24499999999999, 13, 1, 0, 11, 0.103535353535354
0.244399999999985, 11, 4, 3, 2, 0.400252525252525
0.240000000000009, 16, 1, 0, 8, 0.0467171717171717
0.240000000000009, 16, 1, 0, 8, 0.0467171717171717
0.237500000000011, 13, 1, 1, 8, 0.202702702702703
0.236173664916309, 10, 2, 4, 72, 0.171932627919944
0.233345237791549, 11, 2, 4, 67, 0.0942557274601005
0.233000000000004, 17, 1, 3, 1, 0.0997474747474748
0.233000000000004, 17, 1, 3, 1, 0.0997474747474748
0.230000000000004, 12, 1, 4, 31, 0.0395255744388036
0.230000000000004, 12, 1, 4, 31, 0.0395255744388036
0.227500000000006, 14, 1, 3, 3, 0.800505050505051
0.227499999999992, 14, 1, 3, 3, 0.800505050505051
0.22399999999999, 10, 1, 4, 7, 0.00691788872168195
0.22399999999999, 10, 1, 4, 7, 0.00691788872168195
0.222499999999997, 13, 1, 4, 58, 0.081739484313027
0.222499999999997, 13, 1, 4, 58, 0.081739484313027
0.222031529292571, 11, 2, 4, 86, 0.339097714835584
0.218000000000004, 10, 1, 3, 2, 0.400252525252525
0.218000000000004, 10, 1, 3, 2, 0.400252525252525
0.216217675811481, 11, 3, 4, 90, 0.412079181780135
0.215000000000003, 9, 1, 0, 15, 0.275252525252525
0.215000000000003, 9, 1, 0, 15, 0.275252525252525
0.214960461480692, 11, 2, 3, 3, 0.800505050505051
0.214960461480692, 9, 2, 4, 5, 0.00604237658698964
0.213999999999999, 12, 1, 0, 13, 0.170454545454545
0.210011160417683, 14, 3, 0, 7, 0.0353535353535354
0.209722485283152, 12, 3, 2, 5, 0.863636363636364
0.209249999999969, 20, 1, 4, 59, 0.0828015312645006
0.209000000000003, 14, 1, 4, 29, 0.0366148142052202
0.209000000000003, 14, 1, 4, 29, 0.0366148142052202
0.205000000000013, 16, 1, 0, 11, 0.103535353535354
0.204999999999984, 16, 1, 0, 11, 0.103535353535354
0.20270394394014, 12, 2, 0, 5, 0.0184343434343434
0.201000000000008, 10, 1, 3, 1, 0.0997474747474748
0.200999999999993, 10, 1, 3, 1, 0.0997474747474748
0.200000000000003, 12, 1, 0, 14, 0.217171717171717
0.1995, 17, 1, 4, 28, 0.0358931359772792
0.1995, 17, 1, 4, 28, 0.0358931359772792
0.196000000000012, 9, 1, 3, 1, 0.0997474747474748
0.195999999999998, 9, 1, 3, 1, 0.0997474747474748
0.195000000000007, 13, 1, 0, 6, 0.026010101010101
0.195000000000007, 13, 1, 0, 6, 0.026010101010101
0.194690067086708, 15, 2, 1, 10, 0.240990990990991
0.194454364826325, 21, 2, 4, 27, 0.0352394625411507
0.193275853524348, 15, 2, 0, 9, 0.0618686868686869
0.192834989909337, 10, 3, 4, 72, 0.171932627919944
0.192568746743118, 12, 2, 4, 61, 0.084023548930301
0.19202233756783, 14, 5, 1, 16, 0.414414414414414
0.191390235441162, 9, 2, 0, 13, 0.170454545454545
0.190918830920375, 9, 2, 0, 8, 0.0467171717171717
0.190070302782943, 10, 2, 0, 14, 0.217171717171717
0.189999999999998, 13, 1, 0, 8, 0.0467171717171717
0.189999999999998, 13, 1, 0, 8, 0.0467171717171717
0.189999999999998, 14, 1, 0, 3, 0.00795454545454546
0.189999999999998, 14, 1, 0, 3, 0.00795454545454546
0.189999999999998, 13, 1, 4, 68, 0.0971476980300399
0.189999999999998, 13, 1, 4, 68, 0.0971476980300399
0.189999999999998, 7, 1, 0, 14, 0.217171717171717
0.189999999999998, 7, 1, 0, 14, 0.217171717171717
0.189333333333337, 13, 1, 1, 1, 0.0337837837837838
0.185000000000002, 14, 1, 0, 10, 0.0808080808080808
0.185000000000002, 14, 1, 0, 10, 0.0808080808080808
0.185000000000002, 13, 1, 0, 11, 0.103535353535354
0.185000000000002, 10, 1, 0, 10, 0.0808080808080808
0.185000000000002, 10, 1, 0, 10, 0.0808080808080808
0.184999999999988, 13, 1, 0, 11, 0.103535353535354
0.184666666666658, 14, 1, 4, 57, 0.0798737051896258
0.183847763108496, 11, 2, 0, 7, 0.0353535353535354
0.183000000000007, 14, 1, 4, 42, 0.0614175149797577
0.182999999999993, 14, 1, 4, 42, 0.0614175149797577
0.180000000000007, 14, 1, 0, 7, 0.0353535353535354
0.179999999999978, 14, 1, 0, 7, 0.0353535353535354
0.179333333333318, 10, 4, 4, 30, 0.0378992342401869
0.17913371790059, 10, 2, 0, 10, 0.0808080808080808
0.178400000000011, 11, 4, 2, 5, 0.863636363636364
0.177999999999997, 14, 1, 4, 37, 0.0486682110506046
0.177999999999997, 14, 1, 4, 37, 0.0486682110506046
0.177483802077827, 8, 2, 3, 2, 0.400252525252525
0.165999999999997, 11, 1, 3, 1, 0.0997474747474748
0.165999999999997, 11, 1, 3, 1, 0.0997474747474748
0.165500000000009, 22, 1, 4, 28, 0.0358931359772792
0.16549999999998, 22, 1, 4, 28, 0.0358931359772792
0.165000000000006, 11, 1, 0, 11, 0.103535353535354
0.164999999999992, 11, 1, 0, 11, 0.103535353535354
0.161333333333317, 12, 1, 4, 65, 0.0928774452980315
0.159099025766989, 12, 2, 3, 3, 0.800505050505051
0.159099025766989, 12, 2, 3, 3, 0.800505050505051
0.157999999999987, 16, 1, 0, 6, 0.026010101010101
0.156977705423419, 12, 2, 0, 14, 0.217171717171717
0.156977705423399, 12, 2, 0, 14, 0.217171717171717
0.155191752358154, 10, 3, 0, 14, 0.217171717171717
0.155000000000001, 16, 1, 0, 9, 0.0618686868686869
0.155000000000001, 16, 1, 0, 9, 0.0618686868686869
0.154500000000013, 16, 1, 4, 11, 0.00893715698736393
0.154499999999985, 16, 1, 4, 11, 0.00893715698736393
0.153866435586156, 12, 2, 1, 7, 0.184684684684685
0.153333333333336, 10, 1, 4, 88, 0.375097158937352
0.152500000000003, 12, 1, 4, 50, 0.0708643200456854
0.152500000000003, 12, 1, 4, 50, 0.0708643200456854
0.152500000000003, 13, 1, 4, 92, 0.455244555401909
0.152500000000003, 13, 1, 4, 92, 0.455244555401909
0.150999999999996, 13, 1, 2, 5, 0.863636363636364
0.150999999999996, 13, 1, 2, 5, 0.863636363636364
0.141421356237301, 12, 2, 0, 14, 0.217171717171717
0.138000000000005, 11, 1, 4, 11, 0.00893715698736393
0.13712068893251, 13, 3, 1, 8, 0.202702702702703
0.136666666666656, 14, 1, 0, 2, 0.00416666666666667
0.136471608769012, 11, 2, 0, 10, 0.0808080808080808
0.136471608768992, 11, 2, 0, 10, 0.0808080808080808
0.135000000000005, 10, 1, 0, 7, 0.0353535353535354
0.135000000000005, 10, 1, 0, 7, 0.0353535353535354
0.133878883904656, 13, 2, 1, 1, 0.0337837837837838
0.13057905225911, 14, 2, 4, 57, 0.0798737051896258
0.130000000000024, 13, 1, 0, 2, 0.00416666666666667
0.13000000000001, 10, 1, 0, 10, 0.0808080808080808
0.129999999999995, 15, 1, 0, 2, 0.00416666666666667
0.129999999999995, 15, 1, 0, 2, 0.00416666666666667
0.129999999999995, 13, 1, 0, 2, 0.00416666666666667
0.129999999999995, 10, 1, 0, 10, 0.0808080808080808
0.129999999999995, 11, 1, 0, 13, 0.170454545454545
0.129999999999995, 11, 1, 0, 13, 0.170454545454545
0.128000000000014, 13, 1, 4, 60, 0.0833233322906506
0.127999999999986, 13, 1, 4, 60, 0.0833233322906506
0.125631418575673, 12, 3, 1, 7, 0.184684684684685
0.125, 14, 1, 0, 11, 0.103535353535354
0.125, 14, 1, 0, 11, 0.103535353535354
0.125, 14, 1, 0, 11, 0.103535353535354
0.125, 14, 1, 0, 11, 0.103535353535354
0.125, 11, 1, 0, 8, 0.0467171717171717
0.125, 11, 1, 0, 8, 0.0467171717171717
0.123552957606571, 12, 3, 0, 13, 0.170454545454545
0.122500000000002, 10, 1, 0, 10, 0.0808080808080808
0.122499999999988, 10, 1, 0, 10, 0.0808080808080808
0.120810543827977, 20, 3, 4, 59, 0.0828015312645006
0.120000000000005, 17, 1, 0, 9, 0.0618686868686869
0.120000000000005, 17, 1, 0, 9, 0.0618686868686869
0.120000000000005, 12, 1, 0, 8, 0.0467171717171717
0.120000000000005, 12, 1, 0, 8, 0.0467171717171717
0.118000000000009, 14, 1, 4, 37, 0.0486682110506046
0.117999999999995, 14, 1, 4, 37, 0.0486682110506046
0.115000000000009, 17, 1, 0, 9, 0.0618686868686869
0.115000000000009, 12, 1, 0, 7, 0.0353535353535354
0.114999999999981, 17, 1, 0, 9, 0.0618686868686869
0.114999999999981, 12, 1, 0, 7, 0.0353535353535354
0.114500000000007, 11, 1, 4, 77, 0.212750155497395
0.114499999999993, 11, 1, 4, 77, 0.212750155497395
0.114079894031438, 12, 2, 4, 65, 0.0928774452980315
0.113500000000016, 13, 1, 0, 3, 0.00795454545454546
0.113, 12, 1, 4, 74, 0.194361280550399
0.113, 12, 1, 4, 74, 0.194361280550399
0.111722871427485, 16, 2, 0, 6, 0.026010101010101
0.111000000000004, 8, 1, 4, 93, 0.471038215796977
0.111000000000004, 8, 1, 4, 93, 0.471038215796977
0.109000000000009, 12, 1, 4, 70, 0.136274845408473
0.108999999999995, 12, 1, 4, 70, 0.136274845408473
0.108423039781939, 10, 2, 4, 88, 0.375097158937352
0.108187337521556, 10, 2, 4, 75, 0.204510284651682
0.108187337521516, 10, 2, 4, 75, 0.204510284651682
0.108000000000004, 11, 1, 4, 53, 0.0751545691169847
0.102500000000006, 12, 1, 2, 5, 0.863636363636364
0.102500000000006, 12, 1, 2, 5, 0.863636363636364
0.102000000000004, 18, 1, 4, 16, 0.0186420699741554
0.100999999999999, 13, 1, 4, 49, 0.0692091058226616
0.100999999999999, 13, 1, 4, 49, 0.0692091058226616
0.0975807358037272, 11, 2, 4, 11, 0.00893715698736393
0.0970000000000084, 19, 1, 1, 3, 0.105855855855856
0.0970000000000084, 14, 1, 4, 61, 0.084023548930301
0.0969999999999942, 14, 1, 4, 61, 0.084023548930301
0.09699999999998, 19, 1, 1, 3, 0.105855855855856
0.096637926762154, 14, 2, 0, 2, 0.00416666666666667
0.0960000000000036, 16, 1, 4, 69, 0.110861739138859
0.0959999999999894, 16, 1, 4, 69, 0.110861739138859
0.0949999999999989, 13, 1, 4, 57, 0.0798737051896258
0.0949999999999989, 13, 1, 4, 57, 0.0798737051896258
0.0945000000000107, 13, 1, 4, 66, 0.0931101613156405
0.0944999999999965, 13, 1, 4, 66, 0.0931101613156405
0.0930000000000035, 8, 1, 3, 3, 0.800505050505051
0.0930000000000035, 8, 1, 3, 3, 0.800505050505051
0.092000000000013, 18, 1, 3, 2, 0.400252525252525
0.0919999999999845, 18, 1, 3, 2, 0.400252525252525
0.0914999999999964, 13, 1, 2, 5, 0.863636363636364
0.0914999999999964, 13, 1, 2, 5, 0.863636363636364
0.0870000000000033, 12, 1, 2, 5, 0.863636363636364
0.0870000000000033, 12, 1, 2, 5, 0.863636363636364
0.0800000000000125, 12, 1, 0, 3, 0.00795454545454546
0.0800000000000125, 10, 1, 4, 10, 0.00844094610403909
0.0799999999999841, 12, 1, 0, 3, 0.00795454545454546
0.0799999999999841, 10, 1, 4, 10, 0.00844094610403909
0.0750000000000171, 12, 1, 0, 2, 0.00416666666666667
0.0750000000000028, 12, 1, 0, 13, 0.170454545454545
0.0750000000000028, 12, 1, 0, 13, 0.170454545454545
0.0749999999999886, 12, 1, 0, 2, 0.00416666666666667
0.0735000000000099, 13, 1, 4, 70, 0.136274845408473
0.0734999999999957, 13, 1, 4, 70, 0.136274845408473
0.0721248916810105, 18, 2, 4, 16, 0.0186420699741554
0.0700000000000074, 12, 1, 0, 15, 0.275252525252525
0.0699999999999932, 12, 1, 0, 15, 0.275252525252525
0.069500000000005, 9, 1, 4, 3, 0.000573791508306289
0.069500000000005, 9, 1, 4, 3, 0.000573791508306289
0.0686666666666582, 13, 1, 4, 55, 0.0776266165618163
0.0665000000000049, 15, 1, 2, 4, 0.590909090909091
0.0665000000000049, 15, 1, 2, 4, 0.590909090909091
0.0655292555530319, 13, 3, 0, 3, 0.00795454545454546
0.0649999999999977, 14, 1, 0, 2, 0.00416666666666667
0.0649999999999977, 14, 1, 0, 2, 0.00416666666666667
0.0649999999999977, 10, 1, 0, 2, 0.00416666666666667
0.0649999999999977, 10, 1, 0, 2, 0.00416666666666667
0.0626666666666438, 14, 1, 4, 90, 0.412079181780135
0.0625, 13, 1, 4, 65, 0.0928774452980315
0.0625, 13, 1, 4, 65, 0.0928774452980315
0.0623538290725066, 11, 3, 4, 53, 0.0751545691169847
0.0600000000000023, 12, 1, 0, 8, 0.0467171717171717
0.0600000000000023, 12, 1, 0, 8, 0.0467171717171717
0.0600000000000023, 13, 1, 0, 6, 0.026010101010101
0.0600000000000023, 13, 1, 0, 6, 0.026010101010101
0.0600000000000023, 10, 1, 0, 13, 0.170454545454545
0.0600000000000023, 10, 1, 0, 13, 0.170454545454545
0.0600000000000023, 9, 1, 0, 15, 0.275252525252525
0.0599999999999881, 9, 1, 0, 15, 0.275252525252525
0.0550000000000068, 15, 1, 0, 3, 0.00795454545454546
0.0550000000000068, 15, 1, 0, 3, 0.00795454545454546
0.0550000000000068, 12, 1, 0, 2, 0.00416666666666667
0.0550000000000068, 12, 1, 0, 2, 0.00416666666666667
0.0550000000000068, 10, 1, 0, 11, 0.103535353535354
0.0550000000000068, 10, 1, 0, 11, 0.103535353535354
0.0513333333333463, 8, 1, 3, 3, 0.800505050505051
0.0485546656414803, 13, 2, 4, 55, 0.0776266165618163
0.0466666666666811, 15, 1, 0, 10, 0.0808080808080808
0.0450000000000159, 19, 1, 0, 10, 0.0808080808080808
0.0450000000000017, 11, 1, 4, 57, 0.0798737051896258
0.0450000000000017, 11, 1, 4, 57, 0.0798737051896258
0.0449999999999875, 19, 1, 0, 10, 0.0808080808080808
0.044312024954381, 14, 2, 4, 90, 0.412079181780135
0.0400000000000205, 14, 1, 0, 9, 0.0618686868686869
0.0400000000000063, 11, 1, 0, 11, 0.103535353535354
0.039999999999992, 14, 1, 0, 9, 0.0618686868686869
0.039999999999992, 11, 1, 0, 11, 0.103535353535354
0.0379999999999967, 12, 1, 4, 32, 0.0409687585124503
0.0379999999999967, 12, 1, 4, 32, 0.0409687585124503
0.0362981481009086, 8, 2, 3, 3, 0.800505050505051
0.0350000000000108, 12, 1, 4, 31, 0.0395255744388036
0.0349999999999966, 12, 1, 4, 31, 0.0395255744388036
0.0349999999999966, 10, 1, 0, 15, 0.275252525252525
0.0349999999999966, 10, 1, 0, 15, 0.275252525252525
0.0339999999999918, 16, 1, 4, 7, 0.00691788872168195
0.0339999999999918, 16, 1, 4, 7, 0.00691788872168195
0.0329983164553824, 15, 2, 0, 10, 0.0808080808080808
0.0324999999999989, 13, 1, 4, 92, 0.455244555401909
0.0324999999999989, 13, 1, 4, 92, 0.455244555401909
0.0305000000000035, 12, 1, 3, 1, 0.0997474747474748
0.0304999999999893, 12, 1, 3, 1, 0.0997474747474748
0.0300000000000011, 11, 1, 4, 26, 0.0338774705003143
0.0300000000000011, 11, 1, 4, 26, 0.0338774705003143
0.0290000000000248, 12, 1, 4, 10, 0.00844094610403909
0.0289999999999964, 12, 1, 4, 10, 0.00844094610403909
0.0250000000000057, 15, 1, 0, 6, 0.026010101010101
0.0249999999999773, 15, 1, 0, 6, 0.026010101010101
0.0200000000000102, 16, 1, 0, 11, 0.103535353535354
0.0200000000000102, 15, 1, 4, 20, 0.0246350245742943
0.0199999999999818, 16, 1, 0, 11, 0.103535353535354
0.0199999999999818, 15, 1, 4, 20, 0.0246350245742943
0.0190000000000055, 12, 1, 1, 2, 0.0788288288288288
0.0190000000000055, 12, 1, 1, 2, 0.0788288288288288
0.0180000000000007, 8, 1, 2, 3, 0.363636363636364
0.0180000000000007, 8, 1, 2, 3, 0.363636363636364
0.0175000000000125, 12, 1, 4, 58, 0.081739484313027
0.0174999999999983, 12, 1, 4, 58, 0.081739484313027
0.0170000000000101, 13, 1, 1, 6, 0.164414414414414
0.0169999999999959, 13, 1, 1, 6, 0.164414414414414
0.0150000000000006, 8, 1, 0, 15, 0.275252525252525
0.0150000000000006, 8, 1, 0, 15, 0.275252525252525
0.0135000000000076, 14, 1, 4, 58, 0.081739484313027
0.0134999999999934, 14, 1, 4, 58, 0.081739484313027
0.0120000000000005, 13, 1, 4, 59, 0.0828015312645006
0.0120000000000005, 13, 1, 4, 59, 0.0828015312645006
0.0120000000000005, 13, 1, 4, 41, 0.0589841673467433
0.0120000000000005, 13, 1, 4, 41, 0.0589841673467433
0.0110000000000099, 13, 1, 4, 42, 0.0614175149797577
0.0109999999999957, 13, 1, 4, 42, 0.0614175149797577
0.007000000000005, 15, 1, 3, 1, 0.0997474747474748
0.00699999999999079, 15, 1, 3, 1, 0.0997474747474748
0.00500000000000966, 13, 1, 0, 4, 0.0126262626262626
0.00500000000000966, 8, 1, 0, 6, 0.026010101010101
0.00499999999999545, 13, 1, 0, 6, 0.026010101010101
0.00499999999999545, 13, 1, 0, 6, 0.026010101010101
0.00499999999999545, 13, 1, 0, 4, 0.0126262626262626
0.00499999999999545, 8, 1, 0, 6, 0.026010101010101
