norm, level, Npoints, dimSplit, MainGridIndexSplit
3868.08425051597, 0, 962, -1, -1, -1
96.8564825281808, 2, 209, 0, 13, 0.170454545454545
56.5550771035797, 2, 613, 0, 13, 0.170454545454545
56.4451632905674, 1, 140, 4, 18, 0.0200336255683399
45.6579122324984, 3, 17, 4, 103, 0.865041948010276
31.30777693507, 4, 34, 0, 17, 0.444444444444444
30.426579860037, 4, 163, 0, 10, 0.0808080808080808
28.957808218794, 3, 32, 4, 89, 0.391602757964068
26.7809496503499, 5, 25, 2, 1, 0.0454545454545454
24.9807723840422, 5, 148, 4, 81, 0.26159379994883
23.2945777617248, 1, 822, 4, 18, 0.0200336255683399
23.2284181018999, 6, 28, 4, 80, 0.244079764845808
21.8552645989219, 5, 68, 2, 3, 0.363636363636364
21.1921129135858, 7, 35, 4, 68, 0.0971476980300399
19.700621991998, 6, 31, 4, 60, 0.0833233322906506
19.4342889054807, 6, 40, 4, 80, 0.244079764845808
18.9322329305921, 6, 39, 2, 1, 0.0454545454545454
18.6790311178441, 10, 5, 0, 6, 0.026010101010101
18.6682234986939, 4, 433, 0, 10, 0.0808080808080808
18.49050287291, 5, 95, 2, 3, 0.363636363636364
18.2524751280756, 8, 12, 2, 2, 0.181818181818182
18.0017319203547, 5, 285, 4, 81, 0.26159379994883
17.8505398581637, 3, 6, 0, 16, 0.351010101010101
17.748437625142, 5, 10, 0, 17, 0.444444444444444
16.7538363096001, 7, 56, 4, 68, 0.0971476980300399
16.5775506567458, 9, 18, 1, 20, 0.560810810810811
16.121104637872, 6, 91, 0, 5, 0.0184343434343434
15.7866626234523, 10, 7, 0, 6, 0.026010101010101
15.2814215075994, 8, 18, 0, 7, 0.0353535353535354
15.2659442008101, 4, 143, 0, 17, 0.444444444444444
15.0210965317972, 7, 47, 3, 2, 0.400252525252525
14.4173971631205, 8, 9, 0, 8, 0.0467171717171717
14.3496272288471, 6, 5, 0, 10, 0.0808080808080808
14.2060513133816, 8, 5, 0, 2, 0.00416666666666667
13.8292199893204, 4, 15, 0, 17, 0.444444444444444
13.7933559033459, 9, 26, 1, 20, 0.560810810810811
13.7110526315787, 6, 64, 4, 60, 0.0833233322906506
13.184038735321, 8, 23, 2, 2, 0.181818181818182
13.0784031701531, 7, 62, 3, 2, 0.400252525252525
12.370449632382, 8, 7, 1, 18, 0.475225225225225
12.3269312456627, 5, 118, 2, 1, 0.0454545454545454
12.3127211371387, 3, 177, 4, 89, 0.391602757964068
12.2853043760183, 7, 23, 4, 34, 0.0437591097547004
12.1051106440091, 5, 3, 0, 9, 0.0618686868686869
12.0677287660961, 8, 12, 2, 5, 0.863636363636364
11.7392379134727, 6, 6, 0, 12, 0.132575757575758
11.6477352941176, 5, 9, 4, 26, 0.0338774705003143
11.6155657282588, 9, 3, 0, 4, 0.0126262626262626
11.5714960611794, 8, 8, 1, 18, 0.475225225225225
11.5126933333334, 6, 9, 4, 82, 0.274718983341981
11.4395336104858, 10, 13, 1, 14, 0.353603603603604
11.3947292502938, 9, 3, 0, 5, 0.0184343434343434
11.3245484369487, 6, 109, 2, 1, 0.0454545454545454
11.2948523181531, 10, 2, 0, 7, 0.0353535353535354
11.2854504648039, 7, 66, 1, 5, 0.141891891891892
11.277413203747, 6, 7, 0, 10, 0.0808080808080808
11.1285429699916, 7, 5, 2, 2, 0.181818181818182
11.0411580853182, 6, 194, 0, 5, 0.0184343434343434
10.7833513996137, 4, 12, 2, 2, 0.181818181818182
10.4717467951069, 7, 24, 1, 6, 0.164414414414414
10.4569375167971, 3, 50, 1, 7, 0.184684684684685
10.3791363636364, 10, 4, 2, 2, 0.181818181818182
10.2115399109648, 7, 26, 1, 6, 0.164414414414414
10.1723407042514, 8, 33, 3, 3, 0.800505050505051
10.080435188595, 5, 31, 0, 17, 0.444444444444444
9.77403003705666, 8, 44, 0, 7, 0.0353535353535354
9.70854663950414, 2, 28, 2, 2, 0.181818181818182
9.61504704551675, 5, 3, 0, 9, 0.0618686868686869
9.59296017536007, 7, 15, 4, 63, 0.0888584396739231
9.59045833618725, 8, 19, 2, 5, 0.863636363636364
9.39060710489742, 3, 62, 1, 7, 0.184684684684685
9.32214040815843, 3, 22, 0, 16, 0.351010101010101
9.21390874041884, 7, 31, 1, 6, 0.164414414414414
9.20148474639326, 7, 41, 4, 34, 0.0437591097547004
9.10789049758326, 6, 55, 3, 2, 0.400252525252525
8.99737852446479, 9, 5, 0, 4, 0.0126262626262626
8.98063600278643, 10, 11, 1, 11, 0.272522522522523
8.94854076704706, 10, 5, 2, 2, 0.181818181818182
8.91423603586512, 9, 40, 1, 13, 0.326576576576577
8.82631932418604, 9, 5, 0, 5, 0.0184343434343434
8.63451999999984, 6, 16, 4, 82, 0.274718983341981
8.56006477492536, 7, 37, 1, 6, 0.164414414414414
8.55960582339239, 5, 6, 0, 9, 0.0618686868686869
8.50998648869444, 6, 63, 3, 2, 0.400252525252525
8.35274807740146, 4, 20, 2, 2, 0.181818181818182
8.28073652521012, 8, 17, 0, 15, 0.275252525252525
8.19430693378033, 7, 2, 4, 47, 0.0673431543170252
8.16886272477713, 10, 6, 2, 2, 0.181818181818182
8.12437281166395, 9, 22, 4, 52, 0.0736969911266934
8.1037471486842, 7, 128, 1, 5, 0.141891891891892
8.0284497810705, 8, 12, 3, 3, 0.800505050505051
7.98666666666665, 10, 4, 0, 7, 0.0353535353535354
7.93776272223268, 10, 27, 1, 14, 0.353603603603604
7.88180769230769, 7, 4, 0, 16, 0.351010101010101
7.81257835051186, 4, 47, 0, 17, 0.444444444444444
7.74198217255938, 11, 11, 4, 60, 0.0833233322906506
7.71111854588805, 3, 596, 4, 103, 0.865041948010276
7.63446185333033, 8, 20, 0, 15, 0.275252525252525
7.61120859872686, 8, 3, 0, 15, 0.275252525252525
7.60937157514296, 4, 3, 0, 6, 0.026010101010101
7.60208603443782, 9, 55, 1, 13, 0.326576576576577
7.48574066997554, 9, 5, 0, 12, 0.132575757575758
7.47610863573649, 11, 3, 2, 2, 0.181818181818182
7.44778341605744, 5, 5, 0, 9, 0.0618686868686869
7.43067499999995, 7, 25, 4, 63, 0.0888584396739231
7.42454596023541, 6, 15, 0, 12, 0.132575757575758
7.39083333333332, 5, 4, 0, 15, 0.275252525252525
7.32311209564853, 10, 8, 1, 19, 0.529279279279279
7.09320000000001, 8, 1, 3, 2, 0.400252525252525
7.076233994552, 9, 29, 4, 52, 0.0736969911266934
7.05204486301664, 6, 3, 1, 8, 0.202702702702703
7.01643197042426, 8, 38, 0, 8, 0.0467171717171717
7.00595592835723, 7, 13, 3, 3, 0.800505050505051
7.00519999999997, 11, 4, 0, 4, 0.0126262626262626
7.00326666666663, 8, 4, 4, 69, 0.110861739138859
6.98864117647062, 5, 25, 4, 26, 0.0338774705003143
6.85363636363641, 12, 4, 0, 8, 0.0467171717171717
6.84513019358825, 6, 19, 0, 10, 0.0808080808080808
6.67135624261568, 9, 5, 1, 18, 0.475225225225225
6.63303595817868, 4, 8, 4, 104, 0.952055328905477
6.59504930586506, 7, 15, 4, 73, 0.179360578437554
6.56195092941114, 10, 2, 0, 7, 0.0353535353535354
6.54999058108831, 10, 10, 1, 19, 0.529279279279279
6.54348456385624, 8, 8, 0, 14, 0.217171717171717
6.5206636204324, 9, 12, 0, 8, 0.0467171717171717
6.43995976349416, 11, 6, 0, 8, 0.0467171717171717
6.42562318840575, 9, 9, 3, 2, 0.400252525252525
6.39035328336573, 10, 10, 1, 13, 0.326576576576577
6.38682414993729, 10, 2, 4, 45, 0.0660434784542375
6.38562903225807, 7, 16, 4, 73, 0.179360578437554
6.38111111111112, 5, 4, 0, 8, 0.0467171717171717
6.31623132294884, 8, 2, 4, 14, 0.0167757737040485
6.3162313229488, 8, 2, 4, 14, 0.0167757737040485
6.29272781756327, 6, 26, 0, 10, 0.0808080808080808
6.26920280484401, 10, 5, 4, 30, 0.0378992342401869
6.26839375793337, 9, 3, 1, 5, 0.141891891891892
6.25368627450982, 4, 9, 4, 104, 0.952055328905477
6.13772823314507, 11, 3, 3, 2, 0.400252525252525
6.08214942528737, 10, 9, 3, 2, 0.400252525252525
5.9953710286927, 8, 95, 3, 3, 0.800505050505051
5.98539172380468, 5, 21, 4, 4, 0.00326307504602002
5.96224419076939, 11, 7, 0, 8, 0.0467171717171717
5.934, 12, 1, 0, 2, 0.00416666666666667
5.89875000000001, 7, 1, 4, 96, 0.578309095069458
5.88514285714285, 10, 4, 2, 3, 0.363636363636364
5.88214999999997, 5, 9, 4, 99, 0.6623678444522
5.87438683358827, 9, 7, 4, 96, 0.578309095069458
5.85666666666665, 12, 1, 0, 8, 0.0467171717171717
5.84312106211552, 9, 8, 0, 15, 0.275252525252525
5.79892147250116, 8, 5, 1, 25, 0.835585585585586
5.72297298964628, 10, 6, 4, 30, 0.0378992342401869
5.71972184871493, 11, 6, 0, 4, 0.0126262626262626
5.71554411233084, 11, 2, 4, 73, 0.179360578437554
5.70743928656947, 5, 5, 0, 8, 0.0467171717171717
5.67173488197645, 10, 7, 2, 5, 0.863636363636364
5.67173488197645, 10, 7, 2, 5, 0.863636363636364
5.51360930208251, 9, 18, 0, 4, 0.0126262626262626
5.50333333333334, 9, 1, 0, 15, 0.275252525252525
5.47845324140258, 9, 17, 0, 8, 0.0467171717171717
5.46633333333332, 12, 1, 0, 5, 0.0184343434343434
5.44000000000001, 14, 1, 0, 6, 0.026010101010101
5.4316111111111, 6, 4, 0, 19, 0.70959595959596
5.41845824897802, 7, 2, 0, 20, 0.898989898989899
5.37917349897962, 5, 26, 4, 4, 0.00326307504602002
5.35781049807975, 10, 3, 0, 7, 0.0353535353535354
5.32494444444447, 9, 4, 0, 9, 0.0618686868686869
5.32060486652428, 5, 11, 4, 99, 0.6623678444522
5.31542857142853, 11, 4, 3, 2, 0.400252525252525
5.28640711321654, 11, 6, 2, 2, 0.181818181818182
5.28399999999999, 9, 1, 0, 16, 0.351010101010101
5.24248967571707, 11, 2, 2, 3, 0.363636363636364
5.23990909090912, 9, 4, 4, 27, 0.0352394625411507
5.23066905686162, 9, 20, 0, 4, 0.0126262626262626
5.22610836861952, 5, 8, 0, 15, 0.275252525252525
5.20400000000001, 12, 1, 2, 4, 0.590909090909091
5.19000000000001, 7, 1, 0, 15, 0.275252525252525
5.1887099141131, 7, 23, 2, 2, 0.181818181818182
5.18801927521469, 9, 6, 3, 2, 0.400252525252525
5.18086211275738, 12, 7, 0, 8, 0.0467171717171717
5.16444098736086, 8, 29, 3, 3, 0.800505050505051
5.15196010018383, 9, 14, 3, 2, 0.400252525252525
5.06444018821428, 9, 2, 2, 1, 0.0454545454545454
5.04688533013291, 9, 11, 0, 12, 0.132575757575758
4.98303038478226, 9, 11, 0, 15, 0.275252525252525
4.9706666666667, 9, 9, 3, 2, 0.400252525252525
4.97066666666666, 9, 9, 3, 2, 0.400252525252525
4.95395894563564, 7, 26, 3, 3, 0.800505050505051
4.95279118936305, 11, 5, 0, 3, 0.00795454545454546
4.93136269199502, 8, 2, 0, 15, 0.275252525252525
4.93018639869994, 7, 3, 3, 3, 0.800505050505051
4.93016666666666, 13, 1, 4, 76, 0.20691329301129
4.89559090909094, 9, 4, 0, 14, 0.217171717171717
4.89277180372481, 10, 18, 2, 2, 0.181818181818182
4.85818066871504, 6, 5, 0, 19, 0.70959595959596
4.85427331975203, 2, 112, 2, 2, 0.181818181818182
4.83755555555555, 9, 1, 2, 2, 0.181818181818182
4.81399999999996, 9, 4, 0, 15, 0.275252525252525
4.76308811394846, 10, 18, 1, 13, 0.326576576576577
4.76277510167506, 9, 5, 0, 9, 0.0618686868686869
4.75750000000002, 9, 1, 0, 11, 0.103535353535354
4.75741442382308, 7, 2, 4, 5, 0.00604237658698964
4.70208000000002, 6, 9, 1, 2, 0.0788288288288288
4.68613956931835, 9, 11, 4, 96, 0.578309095069458
4.63633333333334, 8, 1, 0, 15, 0.275252525252525
4.63437784389665, 11, 2, 4, 102, 0.786411515216059
4.61664705557121, 6, 7, 1, 8, 0.202702702702703
4.61504937676731, 12, 3, 0, 4, 0.0126262626262626
4.60240000000002, 11, 1, 3, 2, 0.400252525252525
4.571125, 9, 1, 4, 85, 0.311682906050061
4.568624968923, 5, 6, 2, 1, 0.0454545454545454
4.54772512198396, 6, 2, 3, 3, 0.800505050505051
4.54348418658182, 11, 3, 3, 2, 0.400252525252525
4.53878140620726, 7, 3, 3, 1, 0.0997474747474748
4.52526923076924, 10, 9, 0, 3, 0.00795454545454546
4.52209092230232, 9, 5, 0, 6, 0.026010101010101
4.50759420289862, 8, 9, 2, 4, 0.590909090909091
4.49295648765951, 9, 8, 3, 2, 0.400252525252525
4.49031800139331, 10, 44, 1, 11, 0.272522522522523
4.48517180939365, 12, 3, 4, 56, 0.078725036164931
4.46983549138852, 11, 33, 4, 60, 0.0833233322906506
4.45666666666668, 6, 1, 0, 11, 0.103535353535354
4.44808720642093, 8, 51, 0, 2, 0.00416666666666667
4.44167216105911, 8, 11, 2, 2, 0.181818181818182
4.43542127426564, 9, 3, 4, 77, 0.212750155497395
4.43454946753333, 10, 8, 3, 1, 0.0997474747474748
4.39690909090911, 9, 4, 4, 77, 0.212750155497395
4.37140756316927, 9, 3, 2, 4, 0.590909090909091
4.36232304257095, 8, 18, 0, 14, 0.217171717171717
4.36150003826368, 11, 7, 4, 53, 0.0751545691169847
4.35250000000002, 11, 1, 0, 4, 0.0126262626262626
4.30530095734708, 12, 3, 4, 100, 0.705914182813912
4.305300957347, 12, 3, 4, 100, 0.705914182813912
4.29586666666668, 12, 4, 1, 25, 0.835585585585586
4.28203663635682, 9, 2, 4, 64, 0.0917218809839261
4.26503240185686, 12, 2, 4, 96, 0.578309095069458
4.25365265633088, 13, 10, 2, 3, 0.363636363636364
4.25200965009263, 8, 29, 2, 5, 0.863636363636364
4.25183307527469, 12, 2, 1, 18, 0.475225225225225
4.244, 9, 4, 0, 3, 0.00795454545454546
4.24333333333334, 11, 1, 4, 97, 0.601622068566827
4.22312869820662, 8, 11, 4, 69, 0.110861739138859
4.22043046777617, 11, 3, 4, 97, 0.601622068566827
4.19497645223934, 11, 8, 0, 6, 0.026010101010101
4.19050000000004, 10, 4, 4, 79, 0.228732574440079
4.19049999999999, 10, 4, 4, 79, 0.228732574440079
4.18297175335303, 8, 8, 1, 26, 0.943693693693694
4.14964999999992, 9, 9, 0, 16, 0.351010101010101
4.14128871514923, 12, 2, 0, 8, 0.0467171717171717
4.13509809798994, 9, 3, 2, 1, 0.0454545454545454
4.08002986927628, 10, 20, 3, 2, 0.400252525252525
4.06209275565636, 16, 2, 0, 8, 0.0467171717171717
4.06000000000002, 8, 1, 0, 14, 0.217171717171717
4.04376470588235, 10, 4, 0, 16, 0.351010101010101
4.02666666666667, 10, 1, 0, 12, 0.132575757575758
4.02644077732841, 8, 3, 0, 15, 0.275252525252525
4.02384270111712, 12, 3, 4, 71, 0.160308462840372
4.02384270111709, 12, 3, 4, 71, 0.160308462840372
4.01600000000001, 10, 9, 3, 1, 0.0997474747474748
4.01599999999996, 10, 9, 3, 1, 0.0997474747474748
3.98101117808028, 9, 2, 0, 5, 0.0184343434343434
3.97482405556863, 8, 11, 0, 15, 0.275252525252525
3.96099895632344, 9, 7, 4, 27, 0.0352394625411507
3.95860212069867, 12, 3, 4, 97, 0.601622068566827
3.95860212069864, 12, 3, 4, 97, 0.601622068566827
3.944, 10, 1, 3, 3, 0.800505050505051
3.93759482171543, 7, 2, 2, 1, 0.0454545454545454
3.93712156865884, 8, 14, 2, 2, 0.181818181818182
3.89356563947351, 6, 2, 0, 19, 0.70959595959596
3.87525953468059, 10, 5, 3, 1, 0.0997474747474748
3.8685811998716, 7, 2, 0, 10, 0.0808080808080808
3.86528136822606, 12, 2, 0, 5, 0.0184343434343434
3.84928728627066, 11, 2, 2, 4, 0.590909090909091
3.84666088965482, 14, 2, 0, 6, 0.026010101010101
3.81120000000001, 11, 1, 3, 3, 0.800505050505051
3.81009336754202, 10, 2, 0, 8, 0.0467171717171717
3.80475000000004, 6, 4, 3, 2, 0.400252525252525
3.80474999999996, 6, 4, 3, 2, 0.400252525252525
3.777, 7, 1, 4, 77, 0.212750155497395
3.76437064791161, 8, 37, 2, 5, 0.863636363636364
3.75349965308136, 9, 11, 0, 16, 0.351010101010101
3.73511479492262, 8, 2, 4, 41, 0.0589841673467433
3.73026666666658, 5, 9, 2, 1, 0.0454545454545454
3.72209115680836, 10, 10, 2, 3, 0.363636363636364
3.70071887604656, 9, 7, 0, 14, 0.217171717171717
3.68492089775716, 8, 11, 1, 12, 0.313063063063063
3.65352666666652, 4, 9, 3, 1, 0.0997474747474748
3.65000000000001, 11, 1, 0, 6, 0.026010101010101
3.64999999999998, 11, 1, 0, 6, 0.026010101010101
3.64053926293895, 6, 2, 4, 93, 0.471038215796977
3.64053926293893, 6, 2, 4, 93, 0.471038215796977
3.63000000000001, 8, 1, 0, 20, 0.898989898989899
3.63, 8, 1, 0, 20, 0.898989898989899
3.62079447819585, 10, 12, 3, 1, 0.0997474747474748
3.61411567411165, 8, 14, 2, 4, 0.590909090909091
3.56282851116918, 11, 3, 4, 25, 0.0319165363830463
3.54659999999998, 8, 4, 3, 2, 0.400252525252525
3.52655999999996, 6, 16, 1, 2, 0.0788288288288288
3.52125929178751, 13, 3, 0, 9, 0.0618686868686869
3.51740625936055, 12, 2, 1, 9, 0.227477477477477
3.49339034177403, 10, 2, 2, 4, 0.590909090909091
3.48616823503441, 7, 6, 3, 3, 0.800505050505051
3.47927341012483, 11, 11, 4, 53, 0.0751545691169847
3.47666666666666, 11, 1, 0, 9, 0.0618686868686869
3.43566254572904, 9, 5, 4, 77, 0.212750155497395
3.43161111111112, 11, 4, 0, 4, 0.0126262626262626
3.42693389465974, 7, 5, 0, 20, 0.898989898989899
3.42574999999999, 10, 1, 4, 37, 0.0486682110506046
3.41390110837702, 10, 7, 4, 45, 0.0660434784542375
3.41166666666666, 10, 1, 3, 3, 0.800505050505051
3.40925, 12, 1, 2, 5, 0.863636363636364
3.40809863902637, 4, 3, 0, 17, 0.444444444444444
3.40809863902632, 4, 3, 0, 17, 0.444444444444444
3.40675293816821, 12, 7, 4, 76, 0.20691329301129
3.40564490038231, 7, 3, 4, 96, 0.578309095069458
3.40401204463206, 9, 8, 0, 15, 0.275252525252525
3.38963422408331, 8, 13, 1, 12, 0.313063063063063
3.38500000000001, 7, 1, 1, 23, 0.698198198198198
3.3846844592796, 12, 2, 4, 75, 0.204510284651682
3.36280769230768, 13, 16, 2, 3, 0.363636363636364
3.36081409235441, 7, 22, 0, 16, 0.351010101010101
3.33888751008468, 11, 8, 2, 4, 0.590909090909091
3.32396755700173, 11, 2, 4, 59, 0.0828015312645006
3.32375085482986, 9, 7, 4, 77, 0.212750155497395
3.32057344445201, 6, 2, 0, 3, 0.00795454545454546
3.29410744778474, 12, 2, 3, 1, 0.0997474747474748
3.29261700402696, 10, 17, 0, 3, 0.00795454545454546
3.29196875630928, 13, 3, 1, 6, 0.164414414414414
3.27750000000003, 14, 4, 0, 5, 0.0184343434343434
3.27749999999998, 14, 4, 0, 5, 0.0184343434343434
3.25258448007116, 9, 5, 3, 3, 0.800505050505051
3.25048201553759, 9, 3, 0, 5, 0.0184343434343434
3.2150327090093, 7, 3, 2, 1, 0.0454545454545454
3.209, 7, 1, 0, 19, 0.70959595959596
3.19800000000001, 14, 1, 2, 1, 0.0454545454545454
3.19043758754185, 11, 3, 1, 19, 0.529279279279279
3.14379674915541, 11, 2, 3, 1, 0.0997474747474748
3.14194016492996, 13, 3, 0, 7, 0.0353535353535354
3.1336648110716, 9, 3, 0, 11, 0.103535353535354
3.12500000000001, 12, 1, 0, 7, 0.0353535353535354
3.09715690190206, 7, 14, 4, 47, 0.0673431543170252
3.0855, 11, 4, 4, 25, 0.0319165363830463
3.08217744393769, 15, 2, 0, 7, 0.0353535353535354
3.07159070324204, 11, 13, 0, 3, 0.00795454545454546
3.06932628671522, 11, 5, 0, 4, 0.0126262626262626
3.0658578683846, 9, 2, 0, 16, 0.351010101010101
3.0575, 11, 1, 0, 15, 0.275252525252525
3.05629997092672, 8, 18, 1, 25, 0.835585585585586
3.04950000000002, 13, 4, 0, 9, 0.0618686868686869
3.0284, 10, 1, 2, 1, 0.0454545454545454
3.02675282549906, 11, 6, 2, 3, 0.363636363636364
3.02365766046255, 4, 19, 0, 6, 0.026010101010101
3.01914285714284, 10, 1, 3, 3, 0.800505050505051
3.01583333333335, 12, 4, 4, 96, 0.578309095069458
3.01573185434051, 10, 2, 4, 94, 0.486490559366218
3.00885307052376, 7, 5, 4, 5, 0.00604237658698964
3.00453080086279, 12, 3, 2, 4, 0.590909090909091
3.00096117935569, 9, 8, 0, 3, 0.00795454545454546
3.0004897748349, 11, 2, 4, 97, 0.601622068566827
2.99950000000001, 9, 1, 4, 2, 0.000339506812356317
2.99950000000001, 9, 1, 4, 2, 0.000339506812356317
2.99666666666666, 14, 1, 0, 7, 0.0353535353535354
2.99644789709414, 7, 3, 0, 15, 0.275252525252525
2.9899505166201, 11, 2, 4, 45, 0.0660434784542375
2.98429500329087, 11, 6, 4, 97, 0.601622068566827
2.96699999999998, 12, 4, 0, 2, 0.00416666666666667
2.955, 6, 1, 0, 11, 0.103535353535354
2.95430132744328, 11, 3, 3, 2, 0.400252525252525
2.938, 9, 1, 0, 19, 0.70959595959596
2.92566666666664, 13, 4, 0, 7, 0.0353535353535354
2.9131789232341, 10, 2, 0, 12, 0.132575757575758
2.90751125851006, 9, 7, 2, 4, 0.590909090909091
2.90170246719185, 9, 14, 1, 5, 0.141891891891892
2.89961098587751, 10, 5, 2, 4, 0.590909090909091
2.89100300848853, 14, 7, 3, 2, 0.400252525252525
2.8763590411027, 6, 3, 0, 14, 0.217171717171717
2.87233333333324, 16, 4, 0, 8, 0.0467171717171717
2.87085353161734, 8, 2, 0, 14, 0.217171717171717
2.86887363263008, 10, 2, 4, 14, 0.0167757737040485
2.85234126990445, 10, 3, 2, 4, 0.590909090909091
2.8509285714286, 13, 4, 1, 6, 0.164414414414414
2.84728330557781, 10, 2, 0, 12, 0.132575757575758
2.84345314384641, 12, 2, 4, 51, 0.0718603446010522
2.84333333333332, 13, 1, 0, 2, 0.00416666666666667
2.84241084527435, 9, 3, 0, 13, 0.170454545454545
2.83000000000001, 10, 1, 0, 3, 0.00795454545454546
2.81916255662816, 9, 28, 1, 18, 0.475225225225225
2.81525000000001, 10, 1, 4, 37, 0.0486682110506046
2.79295393455667, 8, 2, 0, 16, 0.351010101010101
2.79194041483698, 10, 2, 4, 93, 0.471038215796977
2.78882914499974, 10, 2, 3, 3, 0.800505050505051
2.78864783556856, 8, 18, 1, 26, 0.943693693693694
2.78282829749402, 7, 3, 0, 14, 0.217171717171717
2.78230447788243, 11, 8, 3, 2, 0.400252525252525
2.77663636363638, 10, 4, 4, 14, 0.0167757737040485
2.77650840713861, 8, 5, 4, 87, 0.357350407816721
2.77639999999998, 10, 1, 0, 12, 0.132575757575758
2.74674390566961, 9, 3, 0, 11, 0.103535353535354
2.74659558543247, 12, 8, 4, 56, 0.078725036164931
2.74224999999998, 8, 1, 4, 3, 0.000573791508306289
2.73630832789473, 13, 5, 0, 9, 0.0618686868686869
2.7355, 7, 4, 0, 10, 0.0808080808080808
2.73325055199846, 7, 2, 3, 2, 0.400252525252525
2.72619023608656, 11, 12, 2, 4, 0.590909090909091
2.72333333333334, 16, 1, 0, 9, 0.0618686868686869
2.72206016676936, 11, 19, 0, 6, 0.026010101010101
2.72174463901375, 11, 3, 3, 1, 0.0997474747474748
2.721, 13, 4, 0, 7, 0.0353535353535354
2.71776491349054, 8, 8, 3, 2, 0.400252525252525
2.7177649134905, 8, 8, 3, 2, 0.400252525252525
2.71675, 10, 1, 4, 70, 0.136274845408473
2.715, 12, 1, 0, 4, 0.0126262626262626
2.71499999999999, 12, 1, 0, 4, 0.0126262626262626
2.71423076923074, 9, 4, 4, 65, 0.0928774452980315
2.7140081454066, 11, 3, 4, 59, 0.0828015312645006
2.71123686411452, 6, 3, 0, 3, 0.00795454545454546
2.70819775903475, 9, 5, 4, 64, 0.0917218809839261
2.69513749649254, 13, 2, 4, 58, 0.081739484313027
2.69500000000001, 11, 1, 0, 3, 0.00795454545454546
2.69, 12, 1, 0, 7, 0.0353535353535354
2.69, 12, 1, 0, 11, 0.103535353535354
2.69, 12, 1, 0, 11, 0.103535353535354
2.68929755388533, 6, 3, 4, 6, 0.00648491626136443
2.68929755388525, 6, 3, 4, 6, 0.00648491626136443
2.68889138659203, 12, 2, 4, 100, 0.705914182813912
2.6644999999999, 12, 9, 0, 4, 0.0126262626262626
2.66359259259259, 11, 1, 4, 19, 0.0217556379075293
2.66, 10, 1, 0, 2, 0.00416666666666667
2.65666666666668, 6, 1, 0, 7, 0.0353535353535354
2.65000000000001, 6, 1, 0, 10, 0.0808080808080808
2.64734343432417, 10, 3, 0, 11, 0.103535353535354
2.64697057492484, 10, 6, 2, 4, 0.590909090909091
2.64540909090911, 9, 4, 0, 11, 0.103535353535354
2.642, 9, 4, 0, 16, 0.351010101010101
2.63749999999999, 13, 1, 0, 5, 0.0184343434343434
2.63197397686146, 10, 5, 3, 2, 0.400252525252525
2.6276, 8, 4, 4, 34, 0.0437591097547004
2.626, 11, 1, 0, 12, 0.132575757575758
2.61750000000001, 16, 1, 0, 9, 0.0618686868686869
2.61528493784567, 10, 2, 1, 21, 0.56981981981982
2.60195053552807, 12, 12, 4, 76, 0.20691329301129
2.59793307849467, 12, 7, 0, 6, 0.026010101010101
2.59666666666666, 12, 1, 0, 3, 0.00795454545454546
2.5921725203003, 11, 6, 1, 22, 0.632882882882883
2.59217252030023, 11, 6, 1, 22, 0.632882882882883
2.59050506958686, 12, 11, 1, 25, 0.835585585585586
2.58600000000001, 14, 1, 0, 9, 0.0618686868686869
2.5668992968171, 11, 3, 3, 1, 0.0997474747474748
2.54962499999991, 14, 9, 3, 2, 0.400252525252525
2.54399999999998, 10, 1, 0, 14, 0.217171717171717
2.5364, 12, 1, 0, 8, 0.0467171717171717
2.52633333333335, 13, 4, 0, 3, 0.00795454545454546
2.52383333333337, 9, 9, 2, 4, 0.590909090909091
2.52225, 10, 1, 4, 68, 0.0971476980300399
2.51291704664783, 11, 3, 0, 4, 0.0126262626262626
2.49966666666667, 5, 1, 4, 16, 0.0186420699741554
2.49266666666665, 12, 1, 1, 23, 0.698198198198198
2.46264633392342, 10, 3, 0, 12, 0.132575757575758
2.46116548723468, 9, 5, 0, 15, 0.275252525252525
2.45837457592525, 11, 2, 0, 9, 0.0618686868686869
2.45479697055921, 12, 6, 1, 18, 0.475225225225225
2.45366053071734, 7, 2, 0, 14, 0.217171717171717
2.4536605307173, 7, 2, 0, 14, 0.217171717171717
2.43711619822198, 11, 11, 4, 73, 0.179360578437554
2.4355, 9, 1, 3, 3, 0.800505050505051
2.43549999999999, 9, 1, 3, 3, 0.800505050505051
2.43450303858875, 11, 5, 2, 4, 0.590909090909091
2.43273016999419, 11, 2, 4, 31, 0.0395255744388036
2.43000000000001, 13, 1, 0, 7, 0.0353535353535354
2.43000000000001, 13, 1, 0, 7, 0.0353535353535354
2.42999999999999, 12, 1, 0, 7, 0.0353535353535354
2.42433333333344, 9, 9, 3, 3, 0.800505050505051
2.41241263514812, 10, 2, 3, 3, 0.800505050505051
2.40971462786679, 10, 5, 0, 8, 0.0467171717171717
2.39355645431646, 7, 2, 1, 23, 0.698198198198198
2.39333333333332, 12, 4, 4, 75, 0.204510284651682
2.38754604667637, 10, 2, 2, 4, 0.590909090909091
2.37557573902343, 12, 2, 0, 6, 0.026010101010101
2.375, 13, 1, 0, 12, 0.132575757575758
2.375, 13, 1, 0, 12, 0.132575757575758
2.3709290373185, 9, 2, 1, 20, 0.560810810810811
2.34740000000001, 12, 1, 2, 5, 0.863636363636364
2.34242551215615, 10, 3, 4, 14, 0.0167757737040485
2.3394627855557, 11, 2, 0, 4, 0.0126262626262626
2.33946278555568, 11, 2, 0, 4, 0.0126262626262626
2.33714705882343, 10, 4, 4, 35, 0.0452335812040479
2.33648283554925, 11, 2, 0, 14, 0.217171717171717
2.33486659147799, 10, 2, 0, 7, 0.0353535353535354
2.32461354315077, 10, 2, 4, 35, 0.0452335812040479
2.30119999999999, 11, 4, 3, 2, 0.400252525252525
2.29174999999999, 10, 1, 4, 100, 0.705914182813912
2.28874999999996, 13, 1, 0, 7, 0.0353535353535354
2.28089077384742, 10, 2, 0, 12, 0.132575757575758
2.27960980286831, 10, 3, 4, 93, 0.471038215796977
2.27933333333333, 10, 1, 3, 2, 0.400252525252525
2.26939070310373, 7, 12, 3, 1, 0.0997474747474748
2.26132748623456, 14, 2, 2, 1, 0.0454545454545454
2.25962122686277, 13, 5, 0, 3, 0.00795454545454546
2.25598005310329, 11, 6, 1, 19, 0.529279279279279
2.24307707584151, 10, 13, 0, 16, 0.351010101010101
2.24152849636133, 8, 2, 0, 13, 0.170454545454545
2.23925301905201, 13, 3, 4, 67, 0.0942557274601005
2.23925301905192, 13, 3, 4, 67, 0.0942557274601005
2.23168973052558, 7, 3, 3, 2, 0.400252525252525
2.22427509090041, 9, 2, 0, 1, 0.00126262626262626
2.21583563787439, 9, 6, 0, 11, 0.103535353535354
2.20483756141402, 13, 5, 4, 76, 0.20691329301129
2.19502262729104, 8, 8, 4, 87, 0.357350407816721
2.19405555555551, 10, 4, 3, 3, 0.800505050505051
2.18589999999998, 10, 4, 2, 4, 0.590909090909091
2.18283333333332, 11, 1, 2, 3, 0.363636363636364
2.15714708713976, 12, 2, 2, 3, 0.363636363636364
2.15646953230274, 8, 6, 4, 41, 0.0589841673467433
2.15144444444445, 10, 4, 2, 4, 0.590909090909091
2.14381818181822, 6, 9, 3, 3, 0.800505050505051
2.13500000000001, 11, 1, 0, 18, 0.558080808080808
2.13500000000001, 11, 1, 0, 18, 0.558080808080808
2.13499999999999, 5, 1, 4, 16, 0.0186420699741554
2.13271428571429, 10, 4, 0, 12, 0.132575757575758
2.13150000000002, 13, 1, 4, 80, 0.244079764845808
2.13149999999999, 13, 1, 4, 80, 0.244079764845808
2.12641151238419, 11, 2, 4, 23, 0.0296164402178925
2.12379999999999, 12, 1, 4, 48, 0.067745494454136
2.12, 8, 1, 0, 7, 0.0353535353535354
2.11896332095569, 14, 2, 0, 7, 0.0353535353535354
2.11800000000001, 12, 1, 4, 41, 0.0589841673467433
2.118, 12, 1, 4, 41, 0.0589841673467433
2.11079258415729, 12, 3, 4, 86, 0.339097714835584
2.11079258415724, 12, 3, 4, 86, 0.339097714835584
2.11000000000001, 8, 1, 0, 16, 0.351010101010101
2.09893979984013, 10, 7, 4, 14, 0.0167757737040485
2.08337647846482, 12, 5, 3, 1, 0.0997474747474748
2.08333333333333, 14, 1, 0, 6, 0.026010101010101
2.08126524181874, 10, 3, 0, 13, 0.170454545454545
2.0811983765465, 6, 7, 0, 19, 0.70959595959596
2.08000000000001, 13, 1, 0, 4, 0.0126262626262626
2.07733333333333, 11, 1, 4, 54, 0.0761223229857679
2.075, 12, 1, 0, 11, 0.103535353535354
2.075, 12, 1, 0, 11, 0.103535353535354
2.07343129993631, 8, 5, 0, 15, 0.275252525252525
2.07275, 10, 1, 4, 79, 0.228732574440079
2.06875873949143, 13, 8, 0, 7, 0.0353535353535354
2.06133333333332, 10, 1, 3, 3, 0.800505050505051
2.0545, 8, 1, 3, 3, 0.800505050505051
2.05449999999999, 8, 1, 3, 3, 0.800505050505051
2.05333333333333, 10, 1, 2, 4, 0.590909090909091
2.045, 12, 1, 0, 11, 0.103535353535354
2.045, 12, 1, 0, 11, 0.103535353535354
2.04224334258084, 12, 12, 2, 4, 0.590909090909091
2.03952380952379, 13, 9, 0, 9, 0.0618686868686869
2.035, 13, 1, 0, 7, 0.0353535353535354
2.03389298309095, 6, 6, 0, 14, 0.217171717171717
2.0286893552242, 9, 2, 3, 3, 0.800505050505051
2.0286893552242, 9, 2, 3, 3, 0.800505050505051
2.01228571428572, 7, 1, 3, 2, 0.400252525252525
2.01054028117377, 13, 2, 0, 2, 0.00416666666666667
2.00333333333333, 14, 1, 0, 8, 0.0467171717171717
2.0011121907579, 10, 2, 0, 3, 0.00795454545454546
1.99974130587854, 9, 7, 0, 11, 0.103535353535354
1.995, 9, 1, 0, 7, 0.0353535353535354
1.99499999999999, 9, 1, 0, 7, 0.0353535353535354
1.99308192394482, 6, 5, 0, 11, 0.103535353535354
1.99300000000001, 12, 1, 4, 86, 0.339097714835584
1.98900000000009, 10, 4, 3, 3, 0.800505050505051
1.98899999999998, 10, 4, 3, 3, 0.800505050505051
1.98631586612001, 11, 3, 4, 31, 0.0395255744388036
1.97999999999999, 12, 1, 0, 4, 0.0126262626262626
1.97816666666668, 11, 1, 4, 34, 0.0437591097547004
1.97785768467635, 10, 3, 4, 37, 0.0486682110506046
1.97150000000001, 11, 1, 3, 3, 0.800505050505051
1.97150000000001, 11, 1, 3, 3, 0.800505050505051
1.96833140523472, 12, 3, 2, 5, 0.863636363636364
1.96775676003581, 7, 6, 0, 14, 0.217171717171717
1.96242294745333, 10, 5, 3, 3, 0.800505050505051
1.95574999999999, 11, 1, 0, 18, 0.558080808080808
1.955, 8, 1, 0, 18, 0.558080808080808
1.955, 8, 1, 0, 18, 0.558080808080808
1.95000000000002, 11, 1, 4, 29, 0.0366148142052202
1.94934017512783, 15, 5, 0, 7, 0.0353535353535354
1.94333333333334, 11, 1, 4, 61, 0.084023548930301
1.93404420838824, 11, 7, 3, 2, 0.400252525252525
1.9273846153846, 11, 1, 4, 61, 0.084023548930301
1.92568746743134, 16, 2, 0, 9, 0.0618686868686869
1.92431041103685, 10, 5, 2, 4, 0.590909090909091
1.922, 11, 1, 4, 22, 0.0286232599694077
1.91602367475515, 11, 2, 1, 4, 0.128378378378378
1.90814263967175, 8, 3, 4, 21, 0.0272340315353993
1.90814263967168, 8, 3, 4, 21, 0.0272340315353993
1.9064105888641, 10, 3, 0, 7, 0.0353535353535354
1.90565277529774, 10, 2, 0, 14, 0.217171717171717
1.90565277529774, 10, 2, 0, 14, 0.217171717171717
1.90559999999999, 11, 4, 3, 3, 0.800505050505051
1.90211724139181, 12, 2, 0, 7, 0.0353535353535354
1.90133333333335, 12, 4, 4, 100, 0.705914182813912
1.8955, 8, 1, 4, 3, 0.000573791508306289
1.8955, 8, 1, 4, 3, 0.000573791508306289
1.89239452315048, 12, 2, 2, 3, 0.363636363636364
1.89101074474334, 11, 5, 4, 45, 0.0660434784542375
1.89074993518796, 12, 14, 2, 4, 0.590909090909091
1.88090403795621, 10, 2, 0, 2, 0.00416666666666667
1.87854701535224, 6, 2, 0, 7, 0.0353535353535354
1.875, 9, 1, 0, 16, 0.351010101010101
1.875, 9, 1, 0, 16, 0.351010101010101
1.875, 13, 1, 0, 9, 0.0618686868686869
1.875, 13, 1, 0, 9, 0.0618686868686869
1.87466666666667, 7, 1, 0, 18, 0.558080808080808
1.87383297014433, 6, 2, 0, 10, 0.0808080808080808
1.87250000000003, 11, 1, 0, 7, 0.0353535353535354
1.87245454545452, 9, 1, 0, 20, 0.898989898989899
1.87195449454028, 10, 6, 0, 11, 0.103535353535354
1.87123583380236, 7, 5, 3, 1, 0.0997474747474748
1.87001459352592, 11, 2, 0, 14, 0.217171717171717
1.86500000000001, 13, 1, 0, 3, 0.00795454545454546
1.86499999999999, 13, 1, 0, 3, 0.00795454545454546
1.86426003095056, 5, 7, 3, 3, 0.800505050505051
1.86079469351899, 9, 7, 0, 13, 0.170454545454545
1.85898372773945, 11, 2, 1, 21, 0.56981981981982
1.85898372773941, 11, 2, 1, 21, 0.56981981981982
1.85760000000002, 11, 1, 4, 40, 0.0550596271875607
1.85271701382953, 11, 3, 0, 11, 0.103535353535354
1.84908423280285, 11, 2, 0, 2, 0.00416666666666667
1.84908423280281, 11, 2, 0, 2, 0.00416666666666667
1.84733333333332, 11, 1, 3, 3, 0.800505050505051
1.84245612580335, 10, 5, 0, 12, 0.132575757575758
1.842, 10, 1, 1, 21, 0.56981981981982
1.842, 10, 1, 1, 21, 0.56981981981982
1.83612060848105, 12, 2, 0, 3, 0.00795454545454546
1.83020035333117, 8, 3, 0, 13, 0.170454545454545
1.82666666666665, 13, 1, 4, 61, 0.084023548930301
1.82466666666666, 9, 1, 4, 6, 0.00648491626136443
1.819, 11, 1, 1, 3, 0.105855855855856
1.819, 11, 1, 1, 3, 0.105855855855856
1.81666666666666, 14, 1, 0, 3, 0.00795454545454546
1.81611300676285, 9, 3, 0, 1, 0.00126262626262626
1.80999999999999, 12, 1, 0, 4, 0.0126262626262626
1.80966666666666, 14, 1, 0, 9, 0.0618686868686869
1.80948717948722, 9, 9, 4, 65, 0.0928774452980315
1.80817305474843, 11, 2, 4, 61, 0.084023548930301
1.80421959121759, 12, 3, 0, 7, 0.0353535353535354
1.80245331587888, 8, 6, 4, 17, 0.0191899869089483
1.80242857142855, 10, 4, 0, 13, 0.170454545454545
1.79730830293592, 10, 2, 3, 1, 0.0997474747474748
1.79000000000001, 12, 1, 0, 12, 0.132575757575758
1.79000000000001, 12, 1, 0, 12, 0.132575757575758
1.78751338760592, 9, 32, 0, 6, 0.026010101010101
1.78700000000001, 10, 1, 3, 3, 0.800505050505051
1.78616666666667, 13, 1, 0, 3, 0.00795454545454546
1.785, 11, 1, 0, 15, 0.275252525252525
1.785, 11, 1, 0, 15, 0.275252525252525
1.78477987624999, 10, 6, 2, 4, 0.590909090909091
1.7826, 10, 1, 0, 12, 0.132575757575758
1.78180011866007, 11, 7, 3, 1, 0.0997474747474748
1.77700000000002, 13, 1, 0, 9, 0.0618686868686869
1.77375000000001, 12, 1, 2, 4, 0.590909090909091
1.77, 9, 1, 0, 14, 0.217171717171717
1.77, 9, 1, 0, 14, 0.217171717171717
1.76753125070597, 5, 2, 4, 16, 0.0186420699741554
1.7652484480473, 11, 3, 0, 15, 0.275252525252525
1.76258150323766, 12, 2, 1, 23, 0.698198198198198
1.76000000000001, 11, 1, 0, 11, 0.103535353535354
1.75999999999999, 11, 1, 0, 11, 0.103535353535354
1.75745421941323, 15, 3, 4, 54, 0.0761223229857679
1.755, 16, 1, 0, 8, 0.0467171717171717
1.755, 16, 1, 0, 8, 0.0467171717171717
1.75, 10, 1, 0, 12, 0.132575757575758
1.75, 10, 1, 0, 12, 0.132575757575758
1.74655374953079, 10, 2, 0, 12, 0.132575757575758
1.74655374953075, 10, 2, 0, 12, 0.132575757575758
1.7462921142089, 12, 3, 0, 12, 0.132575757575758
1.745, 11, 1, 0, 8, 0.0467171717171717
1.74499999999998, 11, 1, 0, 8, 0.0467171717171717
1.744, 12, 1, 4, 94, 0.486490559366218
1.744, 12, 1, 4, 94, 0.486490559366218
1.74000000000001, 10, 1, 0, 19, 0.70959595959596
1.73999999999999, 10, 1, 0, 19, 0.70959595959596
1.73620772950703, 11, 3, 4, 23, 0.0296164402178925
1.7277228516843, 9, 7, 4, 85, 0.311682906050061
1.71826947828334, 12, 2, 0, 7, 0.0353535353535354
1.71175501108096, 4, 41, 3, 1, 0.0997474747474748
1.71000000000001, 15, 1, 0, 4, 0.0126262626262626
1.71000000000001, 13, 1, 0, 12, 0.132575757575758
1.70999999999998, 15, 1, 0, 4, 0.0126262626262626
1.70607004545534, 6, 3, 0, 11, 0.103535353535354
1.70058521789806, 10, 3, 3, 2, 0.400252525252525
1.70058521789803, 10, 3, 3, 2, 0.400252525252525
1.69625509087911, 9, 3, 0, 19, 0.70959595959596
1.69533333333332, 7, 1, 3, 1, 0.0997474747474748
1.69466666666666, 8, 1, 4, 98, 0.624936765886549
1.6932, 14, 1, 4, 39, 0.051987603372886
1.69223552340293, 11, 15, 4, 102, 0.786411515216059
1.6915, 13, 1, 2, 4, 0.590909090909091
1.6915, 13, 1, 2, 4, 0.590909090909091
1.68800530804855, 9, 2, 1, 26, 0.943693693693694
1.685, 12, 1, 1, 3, 0.105855855855856
1.6676461822278, 10, 27, 3, 1, 0.0997474747474748
1.66642307692308, 12, 4, 4, 56, 0.078725036164931
1.66466666666668, 11, 1, 2, 3, 0.363636363636364
1.6617009357884, 13, 2, 4, 78, 0.219710950157435
1.66170093578836, 13, 2, 4, 78, 0.219710950157435
1.65812121212117, 12, 9, 1, 9, 0.227477477477477
1.65405142678481, 10, 5, 1, 21, 0.56981981981982
1.64833501853641, 11, 3, 4, 50, 0.0708643200456854
1.64833501853636, 11, 3, 4, 50, 0.0708643200456854
1.64166843802778, 12, 6, 4, 51, 0.0718603446010522
1.6412143652164, 10, 3, 0, 14, 0.217171717171717
1.64005753818871, 9, 22, 2, 4, 0.590909090909091
1.63876996286296, 9, 7, 0, 16, 0.351010101010101
1.63857142857142, 6, 1, 0, 15, 0.275252525252525
1.63500000000001, 14, 1, 0, 16, 0.351010101010101
1.63499999999999, 14, 1, 0, 16, 0.351010101010101
1.63377021793155, 14, 2, 1, 10, 0.240990990990991
1.63377021793147, 14, 2, 1, 10, 0.240990990990991
1.63175, 13, 1, 2, 4, 0.590909090909091
1.6128333333333, 10, 4, 0, 12, 0.132575757575758
1.61197648133174, 10, 7, 4, 94, 0.486490559366218
1.61173205658454, 10, 2, 3, 2, 0.400252525252525
1.61, 10, 1, 4, 101, 0.73090184972689
1.61, 10, 1, 4, 101, 0.73090184972689
1.60725371363704, 15, 2, 0, 4, 0.0126262626262626
1.6045, 11, 4, 0, 11, 0.103535353535354
1.59982909243458, 11, 2, 4, 67, 0.0942557274601005
1.59982909243456, 11, 2, 4, 67, 0.0942557274601005
1.59876843226278, 11, 2, 4, 54, 0.0761223229857679
1.59876843226278, 11, 2, 4, 54, 0.0761223229857679
1.59719141249987, 8, 5, 4, 6, 0.00648491626136443
1.58500000000001, 13, 1, 0, 14, 0.217171717171717
1.58499999999998, 13, 1, 0, 14, 0.217171717171717
1.58450241802516, 8, 11, 4, 34, 0.0437591097547004
1.58323877568526, 8, 3, 4, 3, 0.000573791508306289
1.58, 10, 1, 0, 18, 0.558080808080808
1.58, 10, 1, 0, 18, 0.558080808080808
1.5685163438209, 10, 3, 4, 70, 0.136274845408473
1.56666666666666, 15, 1, 0, 8, 0.0467171717171717
1.56426162134088, 12, 2, 4, 56, 0.078725036164931
1.55603835910305, 13, 6, 4, 58, 0.081739484313027
1.55595897546603, 11, 3, 0, 3, 0.00795454545454546
1.55500000000001, 9, 1, 0, 18, 0.558080808080808
1.55499999999998, 9, 1, 0, 18, 0.558080808080808
1.545, 13, 1, 0, 11, 0.103535353535354
1.54400000000001, 7, 1, 4, 17, 0.0191899869089483
1.53750000000002, 8, 1, 0, 15, 0.275252525252525
1.53668445687461, 14, 2, 1, 16, 0.414414414414414
1.52728391209625, 13, 3, 1, 13, 0.326576576576577
1.52686052189887, 11, 3, 0, 14, 0.217171717171717
1.52533333333338, 12, 4, 2, 3, 0.363636363636364
1.52500000000001, 8, 1, 0, 14, 0.217171717171717
1.52499999999998, 8, 1, 0, 14, 0.217171717171717
1.52276133498768, 13, 3, 0, 5, 0.0184343434343434
1.51612180689195, 11, 3, 0, 12, 0.132575757575758
1.51420000000002, 10, 4, 2, 1, 0.0454545454545454
1.51333333333332, 12, 1, 0, 4, 0.0126262626262626
1.51121432960385, 16, 3, 0, 9, 0.0618686868686869
1.50967297783329, 5, 2, 4, 16, 0.0186420699741554
1.50244601791035, 12, 5, 0, 6, 0.026010101010101
1.49941992950609, 9, 2, 4, 78, 0.219710950157435
1.49906637611548, 8, 2, 0, 7, 0.0353535353535354
1.49724810153529, 10, 2, 4, 68, 0.0971476980300399
1.497, 11, 1, 2, 5, 0.863636363636364
1.49333333333331, 13, 1, 0, 7, 0.0353535353535354
1.4919953083036, 8, 2, 0, 16, 0.351010101010101
1.49005856616858, 11, 3, 1, 24, 0.743243243243243
1.48999999999999, 13, 1, 0, 6, 0.026010101010101
1.48999999999999, 13, 1, 0, 6, 0.026010101010101
1.48500000000001, 13, 1, 0, 3, 0.00795454545454546
1.48066666666665, 8, 1, 3, 3, 0.800505050505051
1.48, 13, 1, 4, 72, 0.171932627919944
1.47859403939466, 11, 3, 2, 5, 0.863636363636364
1.47859403939461, 11, 3, 2, 5, 0.863636363636364
1.47800000000001, 7, 1, 0, 12, 0.132575757575758
1.47772149484485, 11, 5, 0, 14, 0.217171717171717
1.47313912747198, 14, 2, 0, 6, 0.026010101010101
1.46889648678486, 11, 2, 4, 54, 0.0761223229857679
1.46666666666665, 11, 1, 1, 10, 0.240990990990991
1.45758277828588, 10, 2, 3, 3, 0.800505050505051
1.45666666666668, 9, 1, 0, 8, 0.0467171717171717
1.45622171646353, 10, 3, 4, 68, 0.0971476980300399
1.45192592403638, 10, 2, 2, 4, 0.590909090909091
1.44999999999999, 14, 1, 0, 8, 0.0467171717171717
1.44793674010063, 14, 3, 3, 1, 0.0997474747474748
1.44, 9, 1, 0, 18, 0.558080808080808
1.44, 9, 1, 0, 18, 0.558080808080808
1.4273882994184, 10, 17, 3, 2, 0.400252525252525
1.42385211781857, 5, 12, 3, 3, 0.800505050505051
1.42200000000003, 12, 1, 4, 49, 0.0692091058226616
1.42033333333333, 12, 1, 0, 12, 0.132575757575758
1.41657058497705, 14, 2, 0, 8, 0.0467171717171717
1.41499999999999, 14, 1, 0, 9, 0.0618686868686869
1.41499999999999, 14, 1, 0, 9, 0.0618686868686869
1.41499999999999, 11, 1, 0, 14, 0.217171717171717
1.41499999999999, 11, 1, 0, 14, 0.217171717171717
1.39333333333333, 10, 1, 0, 3, 0.00795454545454546
1.3925, 13, 1, 3, 3, 0.800505050505051
1.38820000000004, 10, 4, 0, 12, 0.132575757575758
1.38650000000001, 11, 1, 4, 2, 0.000339506812356317
1.38650000000001, 11, 1, 4, 2, 0.000339506812356317
1.38640069564643, 8, 2, 3, 1, 0.0997474747474748
1.38500000000002, 12, 1, 0, 11, 0.103535353535354
1.38499999999999, 12, 1, 0, 11, 0.103535353535354
1.38000000000001, 14, 1, 0, 16, 0.351010101010101
1.38, 14, 1, 0, 16, 0.351010101010101
1.37885822331376, 11, 2, 4, 29, 0.0366148142052202
1.37845035275125, 10, 6, 2, 4, 0.590909090909091
1.37825056260945, 9, 3, 1, 26, 0.943693693693694
1.37740000000001, 11, 1, 4, 46, 0.0667300768973018
1.37593282162676, 9, 6, 3, 1, 0.0997474747474748
1.37414417810585, 11, 2, 4, 61, 0.084023548930301
1.37066666666666, 9, 1, 3, 2, 0.400252525252525
1.37, 15, 1, 0, 4, 0.0126262626262626
1.37, 15, 1, 0, 4, 0.0126262626262626
1.36885651792535, 9, 6, 1, 20, 0.560810810810811
1.36825, 11, 1, 3, 3, 0.800505050505051
1.36271428571429, 10, 1, 3, 1, 0.0997474747474748
1.36000000000001, 15, 1, 4, 80, 0.244079764845808
1.36, 15, 1, 4, 80, 0.244079764845808
1.35833333333333, 13, 1, 4, 43, 0.0622011646212767
1.35483333333335, 11, 4, 1, 4, 0.128378378378378
1.35333333333334, 13, 1, 0, 2, 0.00416666666666667
1.35133333333333, 14, 1, 3, 1, 0.0997474747474748
1.34800128341549, 12, 26, 0, 6, 0.026010101010101
1.34060732505831, 14, 3, 0, 8, 0.0467171717171717
1.34, 7, 1, 0, 9, 0.0618686868686869
1.33713892322378, 12, 2, 0, 14, 0.217171717171717
1.33656587317405, 11, 3, 4, 98, 0.624936765886549
1.33333333333334, 12, 1, 0, 9, 0.0618686868686869
1.33233333333334, 12, 1, 4, 69, 0.110861739138859
1.33000000000001, 15, 1, 0, 4, 0.0126262626262626
1.33000000000001, 15, 1, 0, 4, 0.0126262626262626
1.33000000000001, 15, 1, 4, 68, 0.0971476980300399
1.33, 15, 1, 4, 68, 0.0971476980300399
1.32558951246435, 7, 2, 0, 18, 0.558080808080808
1.32314247941534, 10, 3, 4, 100, 0.705914182813912
1.31999999999999, 14, 1, 0, 2, 0.00416666666666667
1.315, 14, 1, 0, 6, 0.026010101010101
1.315, 14, 1, 0, 6, 0.026010101010101
1.31231716186802, 15, 3, 0, 4, 0.0126262626262626
1.30626192711194, 11, 2, 3, 3, 0.800505050505051
1.30596630890697, 13, 3, 2, 2, 0.181818181818182
1.2964159321367, 10, 13, 4, 35, 0.0452335812040479
1.29550000000003, 12, 4, 4, 52, 0.0736969911266934
1.29549999999998, 12, 4, 4, 52, 0.0736969911266934
1.29333333333332, 16, 1, 0, 6, 0.026010101010101
1.292398577581, 9, 3, 4, 37, 0.0486682110506046
1.29239857758098, 9, 3, 4, 37, 0.0486682110506046
1.29164838696742, 13, 2, 4, 61, 0.084023548930301
1.29042857142852, 11, 4, 1, 24, 0.743243243243243
1.29023417340508, 9, 2, 4, 6, 0.00648491626136443
1.28500000000001, 10, 1, 0, 6, 0.026010101010101
1.285, 7, 1, 0, 6, 0.026010101010101
1.285, 7, 1, 0, 6, 0.026010101010101
1.285, 10, 1, 0, 6, 0.026010101010101
1.28457731915556, 14, 2, 0, 3, 0.00795454545454546
1.27962757168727, 14, 2, 0, 9, 0.0618686868686869
1.27721426550128, 12, 3, 4, 56, 0.078725036164931
1.27500000000001, 10, 1, 0, 19, 0.70959595959596
1.27499999999999, 10, 1, 0, 19, 0.70959595959596
1.27200000000005, 10, 4, 0, 14, 0.217171717171717
1.2696, 12, 1, 4, 25, 0.0319165363830463
1.26820000000001, 12, 4, 0, 8, 0.0467171717171717
1.26333333333334, 7, 1, 0, 6, 0.026010101010101
1.26000000000002, 17, 1, 0, 9, 0.0618686868686869
1.25999999999999, 17, 1, 0, 9, 0.0618686868686869
1.25666666666667, 13, 1, 0, 8, 0.0467171717171717
1.25666666666667, 12, 1, 4, 54, 0.0761223229857679
1.25469760500287, 14, 3, 1, 16, 0.414414414414414
1.25060000000002, 11, 4, 0, 7, 0.0353535353535354
1.25, 13, 1, 0, 15, 0.275252525252525
1.25, 13, 1, 0, 15, 0.275252525252525
1.24904697113883, 8, 10, 0, 16, 0.351010101010101
1.24733333333333, 10, 1, 0, 18, 0.558080808080808
1.245, 15, 1, 0, 6, 0.026010101010101
1.245, 15, 1, 0, 6, 0.026010101010101
1.24333333333333, 12, 1, 0, 2, 0.00416666666666667
1.24270779617204, 15, 6, 4, 54, 0.0761223229857679
1.239, 8, 1, 4, 94, 0.486490559366218
1.23899999999999, 8, 1, 4, 94, 0.486490559366218
1.23481499588967, 12, 6, 0, 12, 0.132575757575758
1.23255991009477, 10, 6, 3, 3, 0.800505050505051
1.23, 11, 1, 0, 14, 0.217171717171717
1.22999999999999, 11, 1, 0, 14, 0.217171717171717
1.22533333333334, 13, 1, 4, 39, 0.051987603372886
1.21333333333334, 9, 1, 0, 13, 0.170454545454545
1.21266666666668, 12, 1, 3, 1, 0.0997474747474748
1.20915259582898, 13, 2, 0, 12, 0.132575757575758
1.20800000000001, 14, 1, 2, 5, 0.863636363636364
1.20150000000001, 10, 1, 3, 2, 0.400252525252525
1.2015, 10, 1, 3, 2, 0.400252525252525
1.20088855991441, 13, 3, 0, 4, 0.0126262626262626
1.1987816963716, 7, 2, 3, 1, 0.0997474747474748
1.1985, 14, 1, 4, 68, 0.0971476980300399
1.19831029185081, 8, 2, 4, 98, 0.624936765886549
1.1967027704628, 10, 3, 4, 79, 0.228732574440079
1.19500000000001, 11, 1, 0, 14, 0.217171717171717
1.19499999999999, 11, 1, 0, 14, 0.217171717171717
1.19147492629933, 12, 2, 1, 3, 0.105855855855856
1.19047619047618, 8, 9, 4, 6, 0.00648491626136443
1.185, 13, 1, 0, 9, 0.0618686868686869
1.185, 13, 1, 0, 9, 0.0618686868686869
1.17702974491224, 10, 2, 3, 3, 0.800505050505051
1.1749077978009, 13, 3, 0, 7, 0.0353535353535354
1.17449999999999, 14, 1, 0, 3, 0.00795454545454546
1.17370000000003, 12, 4, 2, 5, 0.863636363636364
1.17327956031462, 9, 17, 2, 2, 0.181818181818182
1.17150000000001, 11, 1, 0, 15, 0.275252525252525
1.16999999999999, 11, 1, 0, 12, 0.132575757575758
1.169, 13, 1, 3, 3, 0.800505050505051
1.16729187438274, 8, 2, 4, 7, 0.00691788872168195
1.16051380702525, 10, 6, 0, 14, 0.217171717171717
1.15649435796283, 14, 5, 0, 9, 0.0618686868686869
1.155, 12, 1, 0, 14, 0.217171717171717
1.155, 12, 1, 0, 14, 0.217171717171717
1.15400000000001, 11, 1, 1, 9, 0.227477477477477
1.15065908649492, 12, 3, 4, 86, 0.339097714835584
1.15000000000001, 11, 1, 0, 13, 0.170454545454545
1.15000000000001, 9, 1, 0, 12, 0.132575757575758
1.15000000000001, 14, 1, 0, 4, 0.0126262626262626
1.15000000000001, 14, 1, 0, 4, 0.0126262626262626
1.14999999999998, 9, 1, 0, 12, 0.132575757575758
1.14904851942814, 17, 2, 0, 7, 0.0353535353535354
1.14904851942814, 17, 2, 0, 7, 0.0353535353535354
1.14500000000001, 11, 1, 0, 12, 0.132575757575758
1.145, 11, 1, 0, 12, 0.132575757575758
1.14358905134991, 11, 5, 4, 61, 0.084023548930301
1.14315353299545, 12, 3, 0, 4, 0.0126262626262626
1.1425, 7, 1, 4, 92, 0.455244555401909
1.1425, 7, 1, 4, 92, 0.455244555401909
1.13500000000001, 10, 1, 0, 11, 0.103535353535354
1.13500000000001, 10, 1, 0, 11, 0.103535353535354
1.1345528304138, 7, 8, 0, 19, 0.70959595959596
1.12915278896761, 11, 3, 0, 18, 0.558080808080808
1.12599999999999, 12, 1, 3, 1, 0.0997474747474748
1.12133333333334, 13, 1, 4, 32, 0.0409687585124503
1.11827730168619, 7, 14, 3, 1, 0.0997474747474748
1.11722871427473, 11, 2, 0, 2, 0.00416666666666667
1.11722871427473, 11, 2, 0, 2, 0.00416666666666667
1.11094871794876, 12, 9, 4, 56, 0.078725036164931
1.11000000000001, 14, 1, 0, 8, 0.0467171717171717
1.10999999999999, 14, 1, 0, 8, 0.0467171717171717
1.10780062385892, 15, 2, 0, 8, 0.0467171717171717
1.10599999999999, 11, 1, 2, 5, 0.863636363636364
1.10377272727283, 8, 16, 4, 17, 0.0191899869089483
1.10050000000001, 10, 1, 4, 97, 0.601622068566827
1.1005, 10, 1, 4, 97, 0.601622068566827
1.09672261762035, 8, 2, 4, 102, 0.786411515216059
1.09672261762033, 8, 2, 4, 102, 0.786411515216059
1.095, 9, 1, 0, 7, 0.0353535353535354
1.095, 9, 1, 0, 7, 0.0353535353535354
1.09257448735386, 12, 6, 2, 3, 0.363636363636364
1.09177287015202, 7, 2, 4, 17, 0.0191899869089483
1.09176935903757, 12, 3, 0, 14, 0.217171717171717
1.087, 5, 1, 4, 13, 0.0149040473935306
1.08108837905753, 11, 3, 0, 7, 0.0353535353535354
1.07995281104048, 13, 6, 1, 13, 0.326576576576577
1.07749999999999, 13, 1, 3, 1, 0.0997474747474748
1.07668792548671, 10, 2, 4, 89, 0.391602757964068
1.075, 7, 1, 0, 15, 0.275252525252525
1.075, 7, 1, 0, 15, 0.275252525252525
1.07466666666667, 11, 1, 4, 76, 0.20691329301129
1.0705, 13, 1, 4, 99, 0.6623678444522
1.0705, 13, 1, 4, 99, 0.6623678444522
1.07008826219563, 12, 2, 0, 4, 0.0126262626262626
1.07000000000002, 14, 1, 0, 8, 0.0467171717171717
1.06999999999999, 14, 1, 0, 8, 0.0467171717171717
1.06949900654467, 7, 2, 3, 3, 0.800505050505051
1.06949900654465, 7, 2, 3, 3, 0.800505050505051
1.065, 11, 1, 0, 11, 0.103535353535354
1.065, 11, 1, 0, 11, 0.103535353535354
1.065, 17, 1, 0, 8, 0.0467171717171717
1.065, 17, 1, 0, 8, 0.0467171717171717
1.065, 14, 1, 0, 9, 0.0618686868686869
1.065, 14, 1, 0, 9, 0.0618686868686869
1.06433712704197, 12, 2, 0, 14, 0.217171717171717
1.06406448263925, 10, 7, 4, 37, 0.0486682110506046
1.06190000000001, 12, 4, 4, 48, 0.067745494454136
1.0615, 12, 1, 4, 2, 0.000339506812356317
1.0615, 12, 1, 4, 2, 0.000339506812356317
1.06, 13, 1, 0, 2, 0.00416666666666667
1.06, 13, 1, 0, 2, 0.00416666666666667
1.05866666666668, 10, 1, 1, 16, 0.414414414414414
1.05853885143627, 11, 2, 2, 5, 0.863636363636364
1.05594612657196, 13, 2, 0, 7, 0.0353535353535354
1.05499999999999, 7, 1, 0, 1, 0.00126262626262626
1.0545, 6, 1, 4, 15, 0.0180125300509641
1.0545, 6, 1, 4, 15, 0.0180125300509641
1.05366666666666, 12, 1, 4, 69, 0.110861739138859
1.05000000000001, 13, 1, 0, 4, 0.0126262626262626
1.04999999999998, 13, 1, 0, 4, 0.0126262626262626
1.04960000000001, 12, 1, 2, 3, 0.363636363636364
1.04900000000001, 8, 1, 3, 1, 0.0997474747474748
1.04899999999999, 8, 1, 3, 1, 0.0997474747474748
1.04863935649965, 14, 2, 4, 37, 0.0486682110506046
1.04863935649963, 14, 2, 4, 37, 0.0486682110506046
1.04698944067687, 8, 2, 3, 3, 0.800505050505051
1.04651803615608, 13, 2, 4, 72, 0.171932627919944
1.04581092937491, 13, 2, 4, 86, 0.339097714835584
1.04581092937491, 13, 2, 4, 86, 0.339097714835584
1.04500398723323, 12, 3, 0, 4, 0.0126262626262626
1.03959878078031, 10, 10, 4, 35, 0.0452335812040479
1.03842996875093, 14, 5, 0, 8, 0.0467171717171717
1.03708994574029, 11, 2, 1, 10, 0.240990990990991
1.03661854121948, 10, 2, 3, 3, 0.800505050505051
1.03661854121948, 10, 2, 3, 3, 0.800505050505051
1.03625000000001, 11, 1, 4, 32, 0.0409687585124503
1.03529947358233, 11, 5, 4, 98, 0.624936765886549
1.03083333333333, 11, 1, 0, 16, 0.351010101010101
1.03001887792839, 9, 2, 0, 8, 0.0467171717171717
1.02636549289228, 13, 2, 2, 4, 0.590909090909091
1.02636549289228, 13, 2, 2, 4, 0.590909090909091
1.02595142834998, 13, 3, 0, 9, 0.0618686868686869
1.02530483272049, 14, 2, 0, 8, 0.0467171717171717
1.0240750399751, 12, 3, 2, 4, 0.590909090909091
1.02111062410821, 11, 6, 0, 7, 0.0353535353535354
1.0146982310027, 16, 2, 0, 15, 0.275252525252525
1.0146982310027, 16, 2, 0, 15, 0.275252525252525
1.01257691065915, 13, 2, 0, 14, 0.217171717171717
1.01257691065911, 13, 2, 0, 14, 0.217171717171717
1.00796502915532, 12, 6, 4, 45, 0.0660434784542375
1.00796502915525, 12, 6, 4, 45, 0.0660434784542375
1.00550584284725, 12, 2, 4, 49, 0.0692091058226616
1.00500000000001, 8, 1, 0, 18, 0.558080808080808
1.005, 8, 1, 0, 18, 0.558080808080808
1.00432733154531, 12, 2, 0, 12, 0.132575757575758
0.999999999999986, 9, 1, 3, 3, 0.800505050505051
0.997500000000002, 14, 1, 0, 11, 0.103535353535354
0.996737718760566, 15, 2, 1, 12, 0.313063063063063
0.995000000000005, 13, 1, 0, 3, 0.00795454545454546
0.99499999999999, 13, 1, 0, 3, 0.00795454545454546
0.991072545607804, 11, 8, 2, 5, 0.863636363636364
0.985235448453265, 10, 2, 0, 3, 0.00795454545454546
0.984999999999999, 12, 1, 0, 8, 0.0467171717171717
0.984999999999999, 12, 1, 0, 8, 0.0467171717171717
0.980333333333363, 8, 4, 3, 1, 0.0997474747474748
0.979199999999992, 12, 1, 4, 28, 0.0358931359772792
0.976192743377184, 11, 5, 2, 3, 0.363636363636364
0.975721954930516, 12, 3, 1, 19, 0.529279279279279
0.975721954930417, 12, 3, 1, 19, 0.529279279279279
0.975217206574984, 7, 15, 4, 77, 0.212750155497395
0.972931428629274, 9, 12, 3, 1, 0.0997474747474748
0.971666666666692, 7, 1, 0, 9, 0.0618686868686869
0.971564717350293, 13, 2, 4, 55, 0.0776266165618163
0.969999999999999, 16, 1, 0, 8, 0.0467171717171717
0.96920769474636, 9, 2, 3, 2, 0.400252525252525
0.968000000000004, 11, 1, 4, 90, 0.412079181780135
0.968000000000004, 11, 1, 4, 90, 0.412079181780135
0.961665222413714, 11, 2, 1, 16, 0.414414414414414
0.961665222413674, 11, 2, 1, 16, 0.414414414414414
0.960701698284376, 10, 7, 3, 1, 0.0997474747474748
0.960486711111718, 13, 2, 4, 43, 0.0622011646212767
0.959556147393162, 10, 3, 3, 1, 0.0997474747474748
0.959556147393162, 10, 3, 3, 1, 0.0997474747474748
0.957999999999998, 15, 1, 4, 75, 0.204510284651682
0.957499999999996, 13, 1, 0, 11, 0.103535353535354
0.956951177205788, 13, 2, 0, 2, 0.00416666666666667
0.955536963643408, 14, 2, 3, 1, 0.0997474747474748
0.953089824378245, 8, 3, 4, 7, 0.00691788872168195
0.949833333333288, 6, 4, 4, 16, 0.0186420699741554
0.947897101859876, 14, 7, 3, 1, 0.0997474747474748
0.947523086789956, 7, 2, 0, 9, 0.0618686868686869
0.946942844642951, 10, 5, 4, 68, 0.0971476980300399
0.945000000000007, 10, 1, 0, 15, 0.275252525252525
0.944999999999993, 10, 1, 0, 15, 0.275252525252525
0.944000000000017, 18, 1, 3, 1, 0.0997474747474748
0.943999999999988, 18, 1, 3, 1, 0.0997474747474748
0.94280904158205, 12, 2, 0, 9, 0.0618686868686869
0.94210193480088, 12, 2, 4, 69, 0.110861739138859
0.942091301750186, 13, 3, 2, 4, 0.590909090909091
0.942000000000007, 14, 1, 3, 3, 0.800505050505051
0.940311138420159, 13, 3, 4, 64, 0.0917218809839261
0.935000000000002, 16, 1, 0, 6, 0.026010101010101
0.934999999999974, 16, 1, 0, 6, 0.026010101010101
0.934392156862728, 11, 9, 2, 5, 0.863636363636364
0.933380951166238, 14, 2, 0, 2, 0.00416666666666667
0.928799999999967, 11, 4, 4, 40, 0.0550596271875607
0.928077650307364, 14, 2, 3, 2, 0.400252525252525
0.928077650307344, 14, 2, 3, 2, 0.400252525252525
0.924500000000009, 12, 1, 3, 3, 0.800505050505051
0.924499999999995, 12, 1, 3, 3, 0.800505050505051
0.920000000000016, 9, 1, 0, 10, 0.0808080808080808
0.919999999999987, 9, 1, 0, 10, 0.0808080808080808
0.916666666666657, 12, 1, 0, 9, 0.0618686868686869
0.914524770334614, 16, 2, 0, 6, 0.026010101010101
0.909999999999997, 8, 1, 0, 16, 0.351010101010101
0.908000000000001, 6, 1, 0, 7, 0.0353535353535354
0.905000000000001, 9, 1, 0, 14, 0.217171717171717
0.905000000000001, 9, 1, 0, 14, 0.217171717171717
0.903999999999996, 15, 1, 3, 1, 0.0997474747474748
0.899439825669323, 8, 2, 0, 13, 0.170454545454545
0.893500000000017, 10, 4, 3, 3, 0.800505050505051
0.893311566898996, 7, 2, 0, 6, 0.026010101010101
0.892006165897973, 13, 3, 0, 11, 0.103535353535354
0.891300000000001, 10, 4, 0, 12, 0.132575757575758
0.88859752169109, 12, 2, 4, 54, 0.0761223229857679
0.88859752169107, 13, 2, 0, 8, 0.0467171717171717
0.88767603887903, 8, 3, 0, 15, 0.275252525252525
0.885000000000005, 9, 1, 0, 15, 0.275252525252525
0.884999999999991, 9, 1, 0, 15, 0.275252525252525
0.884663027498173, 11, 5, 4, 34, 0.0437591097547004
0.881997858400018, 10, 2, 0, 18, 0.558080808080808
0.88000000000001, 14, 1, 0, 9, 0.0618686868686869
0.879999999999995, 14, 1, 0, 9, 0.0618686868686869
0.879999999999995, 11, 1, 0, 12, 0.132575757575758
0.879169431275278, 12, 2, 0, 2, 0.00416666666666667
0.875, 12, 1, 0, 14, 0.217171717171717
0.875, 12, 1, 0, 14, 0.217171717171717
0.86902762518425, 12, 3, 0, 14, 0.217171717171717
0.86644150921392, 13, 2, 4, 39, 0.051987603372886
0.866, 11, 1, 3, 3, 0.800505050505051
0.866, 12, 1, 2, 4, 0.590909090909091
0.865690499928607, 9, 6, 4, 78, 0.219710950157435
0.86487070324607, 12, 3, 4, 41, 0.0589841673467433
0.863730933219382, 12, 2, 2, 5, 0.863636363636364
0.863730933219362, 12, 2, 2, 5, 0.863636363636364
0.862670273047607, 11, 2, 2, 1, 0.0454545454545454
0.862670273047567, 11, 2, 2, 1, 0.0454545454545454
0.859544530550918, 11, 5, 4, 22, 0.0286232599694077
0.858000000000004, 14, 1, 4, 48, 0.067745494454136
0.857956227839661, 9, 2, 0, 13, 0.170454545454545
0.857484823318874, 12, 2, 3, 1, 0.0997474747474748
0.857365149746602, 13, 3, 0, 3, 0.00795454545454546
0.854184991673348, 14, 2, 2, 5, 0.863636363636364
0.846599999999967, 14, 4, 4, 39, 0.051987603372886
0.835000000000008, 11, 1, 0, 6, 0.026010101010101
0.834999999999994, 11, 1, 0, 6, 0.026010101010101
0.832333333333338, 9, 1, 0, 11, 0.103535353535354
0.827314933988272, 11, 2, 0, 12, 0.132575757575758
0.826607827207082, 13, 2, 3, 3, 0.800505050505051
0.825000000000003, 10, 1, 0, 12, 0.132575757575758
0.824999999999989, 10, 1, 0, 12, 0.132575757575758
0.821512202782012, 7, 6, 3, 2, 0.400252525252525
0.820136363636323, 14, 4, 0, 8, 0.0467171717171717
0.81880000000001, 13, 1, 0, 2, 0.00416666666666667
0.815000000000012, 14, 1, 0, 9, 0.0618686868686869
0.814999999999998, 10, 1, 0, 14, 0.217171717171717
0.814999999999998, 14, 1, 0, 9, 0.0618686868686869
0.814999999999998, 11, 1, 0, 12, 0.132575757575758
0.814999999999998, 11, 1, 0, 12, 0.132575757575758
0.814999999999998, 13, 1, 0, 11, 0.103535353535354
0.814999999999998, 13, 1, 0, 11, 0.103535353535354
0.813832939449687, 15, 3, 1, 12, 0.313063063063063
0.810000000000002, 12, 1, 0, 4, 0.0126262626262626
0.805980975788718, 11, 3, 0, 15, 0.275252525252525
0.805980975788693, 11, 3, 0, 15, 0.275252525252525
0.799999999999997, 12, 1, 0, 4, 0.0126262626262626
0.799999999999997, 12, 1, 0, 4, 0.0126262626262626
0.799737769521965, 13, 8, 2, 2, 0.181818181818182
0.798798017162159, 13, 5, 0, 3, 0.00795454545454546
0.798677109350211, 12, 2, 4, 33, 0.042748691282689
0.798677109350211, 12, 2, 4, 33, 0.042748691282689
0.796202235616056, 12, 2, 3, 1, 0.0997474747474748
0.79290240397051, 13, 2, 4, 32, 0.0409687585124503
0.789959505818716, 11, 3, 3, 3, 0.800505050505051
0.788000000000011, 8, 1, 4, 9, 0.0079337803296631
0.787999999999997, 8, 1, 4, 9, 0.0079337803296631
0.782060099992338, 11, 2, 2, 5, 0.863636363636364
0.782060099992318, 11, 2, 3, 3, 0.800505050505051
0.781500000000008, 15, 1, 4, 39, 0.051987603372886
0.780749999999983, 14, 1, 0, 8, 0.0467171717171717
0.780000000000001, 17, 1, 0, 8, 0.0467171717171717
0.777999999999992, 16, 1, 4, 63, 0.0888584396739231
0.776666666666671, 14, 1, 2, 4, 0.590909090909091
0.77000000000001, 13, 1, 0, 2, 0.00416666666666667
0.768625071149769, 5, 2, 4, 13, 0.0149040473935306
0.761333333333369, 10, 4, 4, 89, 0.391602757964068
0.759904087515147, 11, 2, 4, 76, 0.20691329301129
0.757333333333335, 12, 1, 3, 3, 0.800505050505051
0.756, 12, 1, 4, 48, 0.067745494454136
0.756, 12, 1, 4, 48, 0.067745494454136
0.75333333333333, 12, 1, 0, 11, 0.103535353535354
0.752499999999998, 11, 1, 4, 32, 0.0409687585124503
0.752499999999998, 11, 1, 4, 32, 0.0409687585124503
0.75, 12, 1, 0, 11, 0.103535353535354
0.75, 12, 1, 0, 11, 0.103535353535354
0.748999999999995, 12, 4, 4, 41, 0.0589841673467433
0.748590379016149, 10, 2, 1, 16, 0.414414414414414
0.748000000000005, 16, 1, 1, 3, 0.105855855855856
0.74799999999999, 16, 1, 1, 3, 0.105855855855856
0.745054845110239, 12, 2, 4, 69, 0.110861739138859
0.745000000000005, 12, 1, 0, 12, 0.132575757575758
0.74499999999999, 12, 1, 0, 12, 0.132575757575758
0.744461565308921, 11, 5, 2, 3, 0.363636363636364
0.74441897353792, 10, 5, 3, 3, 0.800505050505051
0.742500000000007, 11, 1, 3, 3, 0.800505050505051
0.742500000000007, 11, 1, 3, 3, 0.800505050505051
0.740000000000009, 14, 1, 0, 6, 0.026010101010101
0.739999999999995, 14, 1, 0, 6, 0.026010101010101
0.739000000000033, 7, 4, 0, 12, 0.132575757575758
0.739000000000004, 7, 1, 4, 94, 0.486490559366218
0.73899999999999, 7, 1, 4, 94, 0.486490559366218
0.734999999999999, 14, 1, 0, 9, 0.0618686868686869
0.734999999999999, 14, 1, 0, 9, 0.0618686868686869
0.734389542409117, 8, 3, 0, 13, 0.170454545454545
0.726666666666659, 13, 1, 2, 1, 0.0454545454545454
0.715000000000003, 11, 1, 0, 14, 0.217171717171717
0.715000000000003, 11, 1, 0, 14, 0.217171717171717
0.710000000000008, 12, 1, 0, 1, 0.00126262626262626
0.709999999999994, 12, 1, 0, 1, 0.00126262626262626
0.707106781186548, 9, 2, 3, 3, 0.800505050505051
0.706666666666678, 13, 1, 0, 6, 0.026010101010101
0.705000000000013, 13, 1, 0, 1, 0.00126262626262626
0.704999999999998, 16, 1, 4, 37, 0.0486682110506046
0.704999999999998, 16, 1, 4, 37, 0.0486682110506046
0.704999999999984, 13, 1, 0, 1, 0.00126262626262626
0.697249999999997, 15, 1, 3, 1, 0.0997474747474748
0.694333333333333, 12, 1, 3, 3, 0.800505050505051
0.691954297623797, 14, 3, 4, 68, 0.0971476980300399
0.691750000000013, 11, 1, 4, 91, 0.438747575486957
0.690084089902389, 13, 11, 0, 7, 0.0353535353535354
0.688699999999983, 11, 4, 4, 46, 0.0667300768973018
0.687000000000012, 13, 4, 4, 55, 0.0776266165618163
0.686399999999992, 15, 1, 1, 2, 0.0788288288288288
0.68589357775097, 16, 2, 0, 8, 0.0467171717171717
0.685000000000002, 15, 1, 0, 5, 0.0184343434343434
0.685000000000002, 15, 1, 0, 5, 0.0184343434343434
0.680000000000007, 9, 1, 0, 13, 0.170454545454545
0.680000000000007, 16, 1, 0, 7, 0.0353535353535354
0.679999999999993, 10, 1, 3, 3, 0.800505050505051
0.679999999999978, 16, 1, 0, 7, 0.0353535353535354
0.678097891163229, 14, 3, 0, 3, 0.00795454545454546
0.677408296376691, 15, 2, 4, 75, 0.204510284651682
0.676500000000004, 13, 1, 1, 4, 0.128378378378378
0.67649999999999, 13, 1, 1, 4, 0.128378378378378
0.676365840355652, 11, 3, 0, 15, 0.275252525252525
0.674000000000007, 12, 1, 1, 2, 0.0788288288288288
0.674000000000007, 12, 1, 1, 2, 0.0788288288288288
0.671633590997031, 6, 8, 4, 16, 0.0186420699741554
0.668943984517283, 6, 6, 0, 15, 0.275252525252525
0.668200000000013, 13, 1, 2, 4, 0.590909090909091
0.666666666666686, 13, 1, 0, 1, 0.00126262626262626
0.666666666666671, 13, 1, 0, 6, 0.026010101010101
0.666262210644793, 11, 3, 1, 9, 0.227477477477477
0.665999999999997, 12, 1, 3, 2, 0.400252525252525
0.665999999999997, 12, 1, 3, 2, 0.400252525252525
0.664900382402171, 13, 6, 4, 64, 0.0917218809839261
0.663952809568056, 11, 3, 0, 13, 0.170454545454545
0.663333333333341, 12, 1, 0, 12, 0.132575757575758
0.659999999999997, 11, 1, 0, 1, 0.00126262626262626
0.659999999999997, 11, 1, 0, 1, 0.00126262626262626
0.655199999999994, 11, 1, 2, 3, 0.363636363636364
0.648181216087682, 12, 2, 0, 9, 0.0618686868686869
0.64500000000001, 11, 1, 0, 1, 0.00126262626262626
0.64500000000001, 12, 1, 0, 14, 0.217171717171717
0.644999999999996, 11, 1, 0, 1, 0.00126262626262626
0.644999999999996, 12, 1, 0, 14, 0.217171717171717
0.643467170879776, 8, 2, 0, 16, 0.351010101010101
0.640000000000015, 8, 1, 0, 9, 0.0618686868686869
0.639999999999986, 8, 1, 0, 9, 0.0618686868686869
0.639224530192656, 15, 2, 3, 1, 0.0997474747474748
0.638549397723707, 11, 3, 3, 3, 0.800505050505051
0.634800000000041, 12, 4, 4, 25, 0.0319165363830463
0.633333333333354, 13, 1, 0, 2, 0.00416666666666667
0.63000000000001, 8, 1, 0, 10, 0.0808080808080808
0.63000000000001, 9, 1, 0, 15, 0.275252525252525
0.629999999999995, 8, 1, 0, 10, 0.0808080808080808
0.629999999999995, 9, 1, 0, 15, 0.275252525252525
0.629500000000007, 16, 1, 4, 26, 0.0338774705003143
0.629499999999979, 16, 1, 4, 26, 0.0338774705003143
0.625, 15, 1, 0, 7, 0.0353535353535354
0.625, 15, 1, 0, 7, 0.0353535353535354
0.625, 10, 1, 0, 11, 0.103535353535354
0.625, 10, 1, 0, 11, 0.103535353535354
0.625, 10, 1, 0, 15, 0.275252525252525
0.625, 10, 1, 0, 15, 0.275252525252525
0.624375287787728, 12, 2, 4, 93, 0.471038215796977
0.624375287787708, 12, 2, 4, 93, 0.471038215796977
0.62274493173371, 13, 5, 3, 3, 0.800505050505051
0.622500000000002, 14, 1, 4, 33, 0.042748691282689
0.622500000000002, 14, 1, 4, 33, 0.042748691282689
0.622253967444199, 11, 2, 0, 12, 0.132575757575758
0.622094915051822, 13, 3, 3, 1, 0.0997474747474748
0.622, 16, 1, 4, 35, 0.0452335812040479
0.622, 16, 1, 4, 35, 0.0452335812040479
0.620000000000005, 15, 1, 0, 1, 0.00126262626262626
0.61999999999999, 15, 1, 0, 1, 0.00126262626262626
0.61996481695511, 14, 7, 0, 8, 0.0467171717171717
0.617500000000007, 13, 1, 4, 29, 0.0366148142052202
0.617499999999993, 13, 1, 4, 29, 0.0366148142052202
0.616666666666674, 12, 1, 0, 7, 0.0353535353535354
0.61235447250754, 11, 2, 3, 3, 0.800505050505051
0.609999999999999, 12, 1, 0, 19, 0.70959595959596
0.609104533995043, 7, 3, 0, 1, 0.00126262626262626
0.606666666666669, 13, 1, 0, 5, 0.0184343434343434
0.601749999999996, 13, 1, 3, 3, 0.800505050505051
0.598279216447747, 11, 3, 4, 32, 0.0409687585124503
0.596000000000004, 11, 1, 2, 5, 0.863636363636364
0.596000000000004, 11, 1, 2, 5, 0.863636363636364
0.594999999999999, 12, 1, 0, 12, 0.132575757575758
0.594999999999999, 12, 1, 0, 12, 0.132575757575758
0.592122117877187, 9, 10, 0, 20, 0.898989898989899
0.591999999999999, 14, 1, 4, 37, 0.0486682110506046
0.591999999999999, 14, 1, 4, 37, 0.0486682110506046
0.588548544207606, 9, 2, 0, 11, 0.103535353535354
0.58850000000001, 7, 1, 0, 20, 0.898989898989899
0.588499999999996, 7, 1, 0, 20, 0.898989898989899
0.585333333333338, 13, 1, 0, 9, 0.0618686868686869
0.581666666666649, 14, 1, 4, 58, 0.081739484313027
0.579999999999998, 12, 1, 0, 1, 0.00126262626262626
0.579999999999998, 12, 1, 0, 1, 0.00126262626262626
0.579999999999984, 13, 1, 0, 2, 0.00416666666666667
0.577666666666659, 12, 1, 3, 3, 0.800505050505051
0.575906893516645, 14, 3, 0, 11, 0.103535353535354
0.575000000000003, 13, 1, 0, 18, 0.558080808080808
0.574999999999989, 13, 1, 0, 18, 0.558080808080808
0.572756492761105, 12, 2, 0, 4, 0.0126262626262626
0.572000000000003, 14, 1, 3, 1, 0.0997474747474748
0.571999999999989, 14, 1, 3, 1, 0.0997474747474748
0.570000000000007, 13, 1, 0, 11, 0.103535353535354
0.569999999999993, 13, 1, 0, 11, 0.103535353535354
0.566392531730436, 11, 2, 4, 80, 0.244079764845808
0.566392531730416, 11, 2, 4, 80, 0.244079764845808
0.565000000000012, 10, 1, 0, 7, 0.0353535353535354
0.564999999999998, 10, 1, 0, 7, 0.0353535353535354
0.560000000000002, 13, 1, 0, 1, 0.00126262626262626
0.556666666666672, 12, 1, 0, 14, 0.217171717171717
0.556666666666644, 16, 1, 0, 8, 0.0467171717171717
0.556388013262169, 11, 12, 4, 61, 0.084023548930301
0.556325777533526, 10, 6, 3, 1, 0.0997474747474748
0.555000000000007, 10, 1, 0, 10, 0.0808080808080808
0.554999999999978, 10, 1, 0, 10, 0.0808080808080808
0.552812882749081, 13, 3, 0, 11, 0.103535353535354
0.552000000000021, 8, 1, 3, 3, 0.800505050505051
0.551999999999993, 8, 1, 3, 3, 0.800505050505051
0.551543289325528, 17, 2, 0, 8, 0.0467171717171717
0.550129075763148, 16, 2, 4, 63, 0.0888584396739231
0.550000000000011, 16, 1, 0, 6, 0.026010101010101
0.549999999999983, 16, 1, 0, 6, 0.026010101010101
0.549186266721555, 14, 2, 2, 4, 0.590909090909091
0.548000000000002, 12, 1, 3, 1, 0.0997474747474748
0.548000000000002, 12, 1, 3, 1, 0.0997474747474748
0.546999999999997, 15, 1, 4, 20, 0.0246350245742943
0.544472221513629, 13, 2, 0, 2, 0.00416666666666667
0.543260038460166, 12, 2, 2, 4, 0.590909090909091
0.543000000000006, 13, 1, 4, 60, 0.0833233322906506
0.543000000000006, 13, 1, 4, 60, 0.0833233322906506
0.541000000000011, 14, 1, 4, 27, 0.0352394625411507
0.540999999999997, 12, 1, 4, 10, 0.00844094610403909
0.540999999999997, 12, 1, 4, 10, 0.00844094610403909
0.540999999999997, 14, 1, 4, 27, 0.0352394625411507
0.539500000000004, 12, 1, 4, 86, 0.339097714835584
0.539500000000004, 12, 1, 4, 86, 0.339097714835584
0.537000000000006, 14, 1, 1, 5, 0.141891891891892
0.536999999999992, 14, 1, 1, 5, 0.141891891891892
0.535515535618603, 12, 2, 3, 3, 0.800505050505051
0.532687108493864, 12, 2, 0, 11, 0.103535353535354
0.531500000000008, 11, 1, 0, 18, 0.558080808080808
0.531499999999994, 11, 1, 0, 18, 0.558080808080808
0.530000000000001, 9, 1, 4, 103, 0.865041948010276
0.530000000000001, 9, 1, 4, 103, 0.865041948010276
0.528750000000002, 13, 1, 3, 3, 0.800505050505051
0.524799999999999, 12, 4, 2, 3, 0.363636363636364
0.522999999999996, 11, 1, 3, 3, 0.800505050505051
0.522999999999996, 11, 1, 3, 3, 0.800505050505051
0.52237348484193, 11, 26, 4, 19, 0.0217556379075293
0.519666666666666, 16, 1, 4, 34, 0.0437591097547004
0.515000000000015, 16, 1, 0, 4, 0.0126262626262626
0.515000000000015, 13, 1, 0, 1, 0.00126262626262626
0.515000000000001, 13, 1, 0, 11, 0.103535353535354
0.515000000000001, 13, 1, 0, 11, 0.103535353535354
0.514999999999986, 16, 1, 0, 4, 0.0126262626262626
0.514999999999986, 13, 1, 0, 1, 0.00126262626262626
0.513830927662219, 13, 2, 2, 1, 0.0454545454545454
0.50800000000001, 11, 1, 0, 12, 0.132575757575758
0.5, 15, 1, 0, 14, 0.217171717171717
0.5, 15, 1, 0, 14, 0.217171717171717
0.499688792038481, 13, 2, 0, 6, 0.026010101010101
0.498000000000005, 12, 1, 3, 1, 0.0997474747474748
0.49799999999999, 12, 1, 3, 1, 0.0997474747474748
0.494974746830575, 15, 2, 4, 92, 0.455244555401909
0.494974746830575, 15, 2, 4, 92, 0.455244555401909
0.490967808403859, 12, 2, 3, 3, 0.800505050505051
0.490000000000009, 17, 1, 0, 8, 0.0467171717171717
0.489600000000053, 12, 4, 4, 28, 0.0358931359772792
0.489317892581076, 13, 2, 4, 75, 0.204510284651682
0.485000000000014, 13, 1, 0, 15, 0.275252525252525
0.484999999999985, 13, 1, 0, 15, 0.275252525252525
0.484999999999985, 13, 1, 4, 36, 0.0468471651172549
0.481333333333339, 14, 1, 4, 67, 0.0942557274601005
0.480832611206877, 10, 2, 3, 3, 0.800505050505051
0.480832611206857, 9, 2, 0, 13, 0.170454545454545
0.478000000000009, 12, 1, 3, 1, 0.0997474747474748
0.477999999999994, 12, 1, 3, 1, 0.0997474747474748
0.471404520791045, 13, 2, 0, 1, 0.00126262626262626
0.471404520791025, 13, 2, 0, 6, 0.026010101010101
0.470999999999975, 14, 4, 3, 3, 0.800505050505051
0.47054046938956, 10, 3, 0, 14, 0.217171717171717
0.470000000000013, 14, 1, 0, 2, 0.00416666666666667
0.469047498187072, 12, 2, 0, 12, 0.132575757575758
0.467000000000013, 11, 1, 4, 37, 0.0486682110506046
0.466999999999999, 11, 1, 4, 37, 0.0486682110506046
0.465000000000003, 10, 1, 4, 23, 0.0296164402178925
0.464999999999989, 10, 1, 4, 23, 0.0296164402178925
0.463000000000008, 15, 1, 4, 34, 0.0437591097547004
0.462999999999994, 15, 1, 4, 34, 0.0437591097547004
0.462333333333333, 12, 1, 4, 32, 0.0409687585124503
0.461002681361226, 11, 5, 0, 16, 0.351010101010101
0.460000000000008, 12, 1, 0, 1, 0.00126262626262626
0.460000000000008, 12, 1, 0, 1, 0.00126262626262626
0.457000000000008, 15, 1, 3, 1, 0.0997474747474748
0.456999999999994, 15, 1, 3, 1, 0.0997474747474748
0.45679098064652, 12, 2, 4, 98, 0.624936765886549
0.4567909806465, 12, 2, 4, 98, 0.624936765886549
0.456666666666678, 11, 1, 0, 12, 0.132575757575758
0.454999999999998, 13, 1, 0, 9, 0.0618686868686869
0.454999999999998, 13, 1, 0, 9, 0.0618686868686869
0.453999999999979, 6, 4, 0, 7, 0.0353535353535354
0.451199235371681, 15, 3, 4, 39, 0.051987603372886
0.450766222669824, 14, 3, 0, 8, 0.0467171717171717
0.447834294751475, 13, 2, 0, 2, 0.00416666666666667
0.445000000000007, 14, 1, 0, 9, 0.0618686868686869
0.445000000000007, 13, 1, 0, 12, 0.132575757575758
0.445000000000007, 11, 1, 0, 11, 0.103535353535354
0.444999999999993, 14, 1, 0, 9, 0.0618686868686869
0.444999999999993, 13, 1, 0, 12, 0.132575757575758
0.444999999999993, 11, 1, 0, 11, 0.103535353535354
0.440249999999992, 14, 1, 2, 1, 0.0454545454545454
0.440000000000026, 10, 1, 0, 14, 0.217171717171717
0.440000000000026, 14, 1, 0, 2, 0.00416666666666667
0.439999999999998, 10, 1, 0, 14, 0.217171717171717
0.439999999999998, 14, 1, 0, 2, 0.00416666666666667
0.4375, 12, 1, 3, 1, 0.0997474747474748
0.4375, 12, 1, 3, 1, 0.0997474747474748
0.43604918173171, 12, 2, 0, 7, 0.0353535353535354
0.436000000000007, 15, 1, 4, 39, 0.051987603372886
0.436000000000007, 16, 1, 3, 2, 0.400252525252525
0.436000000000007, 16, 1, 3, 2, 0.400252525252525
0.435000000000002, 10, 1, 4, 57, 0.0798737051896258
0.435000000000002, 15, 1, 0, 1, 0.00126262626262626
0.435000000000002, 15, 1, 0, 1, 0.00126262626262626
0.435000000000002, 13, 1, 0, 12, 0.132575757575758
0.434999999999988, 10, 1, 4, 57, 0.0798737051896258
0.434999999999988, 13, 1, 0, 12, 0.132575757575758
0.434542543627458, 7, 5, 0, 9, 0.0618686868686869
0.432999999999993, 12, 4, 2, 4, 0.590909090909091
0.431335136523784, 12, 2, 0, 19, 0.70959595959596
0.430000000000007, 14, 1, 0, 3, 0.00795454545454546
0.430000000000007, 13, 1, 0, 12, 0.132575757575758
0.429999999999993, 14, 1, 0, 3, 0.00795454545454546
0.429999999999993, 13, 1, 0, 12, 0.132575757575758
0.428978113919851, 13, 2, 0, 5, 0.0184343434343434
0.425000000000011, 17, 1, 0, 9, 0.0618686868686869
0.424999999999997, 17, 1, 0, 9, 0.0618686868686869
0.424829754136913, 15, 2, 4, 20, 0.0246350245742943
0.424264068711945, 15, 2, 0, 4, 0.0126262626262626
0.424264068711904, 15, 2, 0, 4, 0.0126262626262626
0.423500000000004, 14, 1, 3, 3, 0.800505050505051
0.42349999999999, 14, 1, 3, 3, 0.800505050505051
0.422333333333327, 10, 1, 4, 32, 0.0409687585124503
0.419000000000011, 9, 1, 4, 10, 0.00844094610403909
0.418999999999983, 9, 1, 4, 10, 0.00844094610403909
0.417500000000004, 12, 1, 3, 3, 0.800505050505051
0.41749999999999, 12, 1, 3, 3, 0.800505050505051
0.415000000000006, 10, 1, 0, 14, 0.217171717171717
0.414999999999992, 10, 1, 0, 14, 0.217171717171717
0.413893169254499, 13, 2, 0, 9, 0.0618686868686869
0.413666666666671, 11, 1, 4, 97, 0.601622068566827
0.412500000000009, 12, 1, 3, 3, 0.800505050505051
0.412499999999994, 12, 1, 3, 3, 0.800505050505051
0.412101832075514, 11, 2, 2, 1, 0.0454545454545454
0.410666666666657, 13, 1, 1, 1, 0.0337837837837838
0.410121933088186, 13, 2, 0, 2, 0.00416666666666667
0.410000000000011, 11, 1, 4, 20, 0.0246350245742943
0.409999999999997, 11, 1, 4, 20, 0.0246350245742943
0.409400000000005, 13, 4, 0, 2, 0.00416666666666667
0.40933333333335, 14, 1, 2, 4, 0.590909090909091
0.408472017265443, 12, 2, 3, 3, 0.800505050505051
0.405000000000001, 13, 1, 0, 1, 0.00126262626262626
0.405000000000001, 13, 1, 0, 1, 0.00126262626262626
0.40333333333335, 8, 1, 0, 6, 0.026010101010101
0.403000000000006, 9, 1, 4, 90, 0.412079181780135
0.402999999999992, 9, 1, 4, 90, 0.412079181780135
0.402888888888924, 14, 4, 3, 2, 0.400252525252525
0.402557475192465, 15, 3, 3, 1, 0.0997474747474748
0.400000000000006, 12, 1, 0, 12, 0.132575757575758
0.399999999999977, 12, 1, 0, 12, 0.132575757575758
0.399526386279217, 13, 3, 4, 75, 0.204510284651682
0.39938204871189, 11, 3, 4, 91, 0.438747575486957
0.397500000000008, 14, 1, 2, 5, 0.863636363636364
0.397499999999994, 14, 1, 2, 5, 0.863636363636364
0.395979797464468, 13, 2, 0, 1, 0.00126262626262626
0.395272690683278, 9, 2, 2, 3, 0.363636363636364
0.395272690683258, 9, 2, 2, 3, 0.363636363636364
0.393622774860515, 12, 2, 0, 14, 0.217171717171717
0.393622774860515, 16, 2, 0, 8, 0.0467171717171717
0.393000000000001, 13, 1, 1, 12, 0.313063063063063
0.390666666666675, 9, 1, 3, 3, 0.800505050505051
0.390000000000015, 12, 1, 0, 9, 0.0618686868686869
0.389999999999986, 12, 1, 0, 9, 0.0618686868686869
0.388000000000005, 12, 1, 4, 66, 0.0931101613156405
0.388000000000005, 12, 1, 4, 66, 0.0931101613156405
0.388000000000005, 12, 1, 4, 19, 0.0217556379075293
0.388000000000005, 12, 1, 4, 19, 0.0217556379075293
0.38678740930906, 15, 2, 4, 20, 0.0246350245742943
0.38666666666667, 13, 1, 0, 2, 0.00416666666666667
0.385333333333307, 12, 1, 4, 2, 0.000339506812356317
0.384500000000003, 6, 1, 3, 2, 0.400252525252525
0.384500000000003, 6, 1, 3, 2, 0.400252525252525
0.383709264938928, 14, 5, 4, 48, 0.067745494454136
0.381999999999977, 15, 1, 3, 1, 0.0997474747474748
0.380666666666656, 11, 1, 4, 77, 0.212750155497395
0.379999999999995, 12, 1, 4, 31, 0.0395255744388036
0.379999999999995, 12, 1, 4, 31, 0.0395255744388036
0.379999999999995, 14, 1, 3, 1, 0.0997474747474748
0.379999999999995, 7, 1, 0, 2, 0.00416666666666667
0.379999999999995, 7, 1, 0, 2, 0.00416666666666667
0.376666666666651, 11, 1, 0, 8, 0.0467171717171717
0.375666666666675, 15, 1, 1, 16, 0.414414414414414
0.375, 13, 1, 0, 8, 0.0467171717171717
0.375, 13, 1, 0, 8, 0.0467171717171717
0.375, 14, 1, 0, 3, 0.00795454545454546
0.375, 14, 1, 0, 3, 0.00795454545454546
0.375, 8, 1, 0, 8, 0.0467171717171717
0.375, 8, 1, 0, 8, 0.0467171717171717
0.370000000000005, 13, 1, 0, 3, 0.00795454545454546
0.369999999999976, 13, 1, 0, 3, 0.00795454545454546
0.367459823956629, 16, 2, 4, 34, 0.0437591097547004
0.36699999999999, 10, 1, 3, 3, 0.800505050505051
0.36699999999999, 10, 1, 3, 3, 0.800505050505051
0.365333333333325, 14, 1, 2, 5, 0.863636363636364
0.365000000000009, 15, 1, 0, 4, 0.0126262626262626
0.364999999999981, 15, 1, 0, 4, 0.0126262626262626
0.364000000000004, 11, 1, 4, 84, 0.293759463138283
0.364000000000004, 11, 1, 4, 84, 0.293759463138283
0.363749999999996, 12, 1, 4, 50, 0.0708643200456854
0.36035477717396, 14, 5, 3, 2, 0.400252525252525
0.359210244842773, 11, 2, 0, 12, 0.132575757575758
0.354614050765069, 11, 2, 0, 11, 0.103535353535354
0.354614050765049, 11, 2, 0, 11, 0.103535353535354
0.350000000000009, 15, 1, 4, 62, 0.0856939327900282
0.350000000000009, 12, 1, 2, 2, 0.181818181818182
0.349999999999994, 15, 1, 4, 62, 0.0856939327900282
0.349999999999994, 12, 1, 2, 2, 0.181818181818182
0.348500000000001, 8, 1, 4, 2, 0.000339506812356317
0.348500000000001, 8, 1, 4, 2, 0.000339506812356317
0.347420524484871, 13, 3, 3, 3, 0.800505050505051
0.346872041729123, 15, 3, 4, 20, 0.0246350245742943
0.346482322781375, 17, 2, 0, 8, 0.0467171717171717
0.343999999999994, 12, 1, 4, 5, 0.00604237658698964
0.343587816656998, 12, 5, 2, 4, 0.590909090909091
0.343200000000024, 15, 4, 1, 2, 0.0788288288288288
0.340500000000006, 15, 1, 1, 3, 0.105855855855856
0.340500000000006, 15, 1, 1, 3, 0.105855855855856
0.340354064011129, 14, 2, 4, 67, 0.0942557274601005
0.337500000000006, 13, 1, 4, 32, 0.0409687585124503
0.337499999999991, 13, 1, 4, 32, 0.0409687585124503
0.336479736883709, 11, 3, 2, 1, 0.0454545454545454
0.334100000000035, 13, 4, 2, 4, 0.590909090909091
0.332340187157656, 14, 2, 0, 2, 0.00416666666666667
0.328000000000003, 13, 1, 3, 3, 0.800505050505051
0.328000000000003, 13, 1, 3, 3, 0.800505050505051
0.32759999999999, 11, 4, 2, 3, 0.363636363636364
0.32691903516856, 12, 2, 4, 32, 0.0409687585124503
0.326000000000008, 15, 1, 3, 2, 0.400252525252525
0.325999999999993, 15, 1, 3, 2, 0.400252525252525
0.325000000000003, 11, 1, 4, 31, 0.0395255744388036
0.325000000000003, 11, 1, 4, 31, 0.0395255744388036
0.322912096741844, 11, 2, 0, 12, 0.132575757575758
0.320999999999998, 13, 1, 4, 45, 0.0660434784542375
0.320999999999998, 13, 1, 4, 45, 0.0660434784542375
0.320000000000007, 14, 1, 4, 37, 0.0486682110506046
0.320000000000007, 9, 1, 0, 15, 0.275252525252525
0.319999999999993, 14, 1, 4, 37, 0.0486682110506046
0.319999999999993, 9, 1, 0, 15, 0.275252525252525
0.319000000000017, 18, 1, 1, 10, 0.240990990990991
0.318999999999988, 18, 1, 1, 10, 0.240990990990991
0.318198051533938, 12, 2, 3, 3, 0.800505050505051
0.315000000000012, 14, 1, 0, 11, 0.103535353535354
0.315000000000012, 7, 1, 0, 11, 0.103535353535354
0.314999999999998, 12, 1, 0, 13, 0.170454545454545
0.314999999999998, 12, 1, 0, 13, 0.170454545454545
0.314999999999998, 14, 1, 0, 11, 0.103535353535354
0.314999999999998, 7, 1, 0, 11, 0.103535353535354
0.313955410846839, 14, 2, 4, 41, 0.0589841673467433
0.313253760340326, 15, 3, 1, 16, 0.414414414414414
0.311999999999998, 12, 1, 4, 19, 0.0217556379075293
0.311999999999998, 12, 1, 4, 19, 0.0217556379075293
0.311999999999998, 13, 1, 1, 2, 0.0788288288288288
0.311999999999998, 13, 1, 1, 2, 0.0788288288288288
0.311666666666667, 11, 1, 3, 3, 0.800505050505051
0.310000000000002, 16, 1, 0, 9, 0.0618686868686869
0.310000000000002, 16, 1, 0, 9, 0.0618686868686869
0.310000000000002, 14, 1, 0, 5, 0.0184343434343434
0.310000000000002, 14, 1, 0, 5, 0.0184343434343434
0.307333333333304, 10, 1, 1, 3, 0.105855855855856
0.307167185747424, 16, 2, 4, 27, 0.0352394625411507
0.305273954834008, 13, 3, 3, 3, 0.800505050505051
0.30405591591024, 7, 2, 3, 1, 0.0997474747474748
0.299999999999997, 11, 1, 0, 11, 0.103535353535354
0.299999999999997, 11, 1, 0, 11, 0.103535353535354
0.299999999999997, 14, 1, 0, 15, 0.275252525252525
0.299999999999997, 14, 1, 0, 15, 0.275252525252525
0.299500000000009, 12, 1, 3, 3, 0.800505050505051
0.299499999999995, 12, 1, 3, 3, 0.800505050505051
0.299000000000007, 13, 1, 4, 58, 0.081739484313027
0.298999999999992, 13, 1, 4, 58, 0.081739484313027
0.298634763921144, 10, 2, 4, 32, 0.0409687585124503
0.296500000000009, 14, 1, 2, 5, 0.863636363636364
0.296499999999995, 14, 1, 2, 5, 0.863636363636364
0.292506505150818, 11, 2, 4, 97, 0.601622068566827
0.291666666666686, 16, 1, 2, 3, 0.363636363636364
0.290385184807289, 13, 2, 1, 1, 0.0337837837837838
0.290000000000006, 15, 1, 3, 1, 0.0997474747474748
0.289442375765675, 14, 2, 2, 4, 0.590909090909091
0.286666666666662, 14, 1, 0, 5, 0.0184343434343434
0.285671139599363, 13, 2, 4, 28, 0.0358931359772792
0.285671139599363, 13, 2, 4, 28, 0.0358931359772792
0.285499999999999, 15, 1, 4, 55, 0.0776266165618163
0.285499999999999, 15, 1, 4, 55, 0.0776266165618163
0.285388296886899, 14, 2, 3, 2, 0.400252525252525
0.285199735078556, 8, 2, 0, 6, 0.026010101010101
0.282499999999999, 12, 1, 2, 5, 0.863636363636364
0.282499999999999, 12, 1, 2, 5, 0.863636363636364
0.280014880556985, 13, 3, 4, 36, 0.0468471651172549
0.277892965006314, 13, 2, 1, 12, 0.313063063063063
0.277500000000003, 13, 1, 4, 70, 0.136274845408473
0.277499999999989, 13, 1, 4, 70, 0.136274845408473
0.27624304918353, 9, 2, 3, 3, 0.800505050505051
0.275000000000006, 15, 1, 4, 54, 0.0761223229857679
0.275000000000006, 15, 1, 4, 54, 0.0761223229857679
0.274000000000001, 12, 1, 0, 7, 0.0353535353535354
0.273414622058811, 13, 2, 0, 2, 0.00416666666666667
0.273333333333312, 13, 1, 0, 9, 0.0618686868686869
0.272674284277266, 15, 3, 1, 10, 0.240990990990991
0.272471813017218, 12, 2, 4, 2, 0.000339506812356317
0.271285714285796, 15, 4, 1, 16, 0.414414414414414
0.270114790413265, 15, 2, 3, 1, 0.0997474747474748
0.27000000000001, 12, 1, 0, 11, 0.103535353535354
0.27000000000001, 12, 1, 0, 11, 0.103535353535354
0.269171981371692, 11, 2, 4, 77, 0.212750155497395
0.268700576850885, 14, 2, 3, 1, 0.0997474747474748
0.267499999999998, 6, 1, 4, 13, 0.0149040473935306
0.267499999999998, 6, 1, 4, 13, 0.0149040473935306
0.267499999999998, 13, 1, 3, 2, 0.400252525252525
0.267499999999998, 13, 1, 3, 2, 0.400252525252525
0.266343554246952, 11, 2, 0, 8, 0.0467171717171717
0.265636447465722, 15, 2, 1, 16, 0.414414414414414
0.265000000000015, 13, 1, 0, 7, 0.0353535353535354
0.264999999999986, 13, 1, 0, 7, 0.0353535353535354
0.260129241382468, 14, 5, 4, 58, 0.081739484313027
0.260000000000019, 17, 1, 0, 7, 0.0353535353535354
0.260000000000005, 15, 1, 0, 15, 0.275252525252525
0.259999999999991, 17, 1, 0, 7, 0.0353535353535354
0.259999999999991, 15, 1, 0, 6, 0.026010101010101
0.259999999999991, 15, 1, 0, 6, 0.026010101010101
0.259999999999991, 17, 1, 0, 7, 0.0353535353535354
0.259999999999991, 15, 1, 0, 15, 0.275252525252525
0.259807621135341, 12, 3, 3, 3, 0.800505050505051
0.2583296773935, 14, 2, 2, 5, 0.863636363636364
0.25800000000001, 8, 1, 3, 2, 0.400252525252525
0.256666666666661, 10, 1, 0, 12, 0.132575757575758
0.256343519520187, 14, 3, 4, 41, 0.0589841673467433
0.25500000000001, 13, 1, 0, 6, 0.026010101010101
0.254999999999995, 13, 1, 0, 6, 0.026010101010101
0.254178456010728, 14, 3, 2, 1, 0.0454545454545454
0.251724717366714, 15, 3, 4, 39, 0.051987603372886
0.25080095693598, 16, 3, 4, 27, 0.0352394625411507
0.25, 14, 1, 0, 5, 0.0184343434343434
0.25, 14, 1, 0, 5, 0.0184343434343434
0.247666666666674, 13, 1, 4, 41, 0.0589841673467433
0.243244732728168, 12, 2, 4, 5, 0.00604237658698964
0.240000000000009, 14, 1, 0, 8, 0.0467171717171717
0.240000000000009, 14, 1, 0, 8, 0.0467171717171717
0.236142857142852, 15, 4, 1, 10, 0.240990990990991
0.233018568644915, 14, 3, 3, 2, 0.400252525252525
0.233000000000004, 16, 1, 3, 1, 0.0997474747474748
0.233000000000004, 16, 1, 3, 1, 0.0997474747474748
0.230000000000004, 15, 1, 4, 31, 0.0395255744388036
0.230000000000004, 15, 1, 4, 31, 0.0395255744388036
0.227500000000006, 11, 1, 3, 3, 0.800505050505051
0.227499999999992, 11, 1, 3, 3, 0.800505050505051
0.224500000000006, 14, 1, 1, 4, 0.128378378378378
0.224499999999992, 14, 1, 1, 4, 0.128378378378378
0.222499999999997, 13, 1, 4, 58, 0.081739484313027
0.222499999999997, 13, 1, 4, 58, 0.081739484313027
0.221333333333348, 16, 1, 4, 63, 0.0888584396739231
0.220666666666659, 14, 1, 1, 10, 0.240990990990991
0.220381613469808, 11, 2, 3, 3, 0.800505050505051
0.217317484084685, 10, 2, 1, 3, 0.105855855855856
0.215999999999994, 16, 1, 3, 2, 0.400252525252525
0.214999999999975, 7, 4, 3, 1, 0.0997474747474748
0.210011160417732, 12, 3, 4, 50, 0.0708643200456854
0.209000000000003, 16, 1, 4, 41, 0.0589841673467433
0.209000000000003, 16, 1, 4, 41, 0.0589841673467433
0.20623947784609, 16, 2, 2, 3, 0.363636363636364
0.205999999999989, 8, 1, 4, 10, 0.00844094610403909
0.205060966544093, 15, 2, 3, 1, 0.0997474747474748
0.205000000000013, 17, 1, 0, 9, 0.0618686868686869
0.205000000000013, 12, 1, 0, 11, 0.103535353535354
0.204999999999984, 17, 1, 0, 9, 0.0618686868686869
0.204999999999984, 12, 1, 0, 11, 0.103535353535354
0.20270394394014, 14, 2, 0, 5, 0.0184343434343434
0.200000000000017, 13, 1, 0, 8, 0.0467171717171717
0.199999999999989, 9, 1, 0, 10, 0.0808080808080808
0.199999999999989, 13, 1, 0, 8, 0.0467171717171717
0.1995, 13, 1, 4, 28, 0.0358931359772792
0.1995, 13, 1, 4, 28, 0.0358931359772792
0.197282791951044, 9, 2, 4, 9, 0.0079337803296631
0.197282791951044, 9, 2, 4, 9, 0.0079337803296631
0.197000000000003, 15, 1, 4, 60, 0.0833233322906506
0.197000000000003, 15, 1, 4, 60, 0.0833233322906506
0.195000000000022, 17, 1, 4, 62, 0.0856939327900282
0.195000000000007, 13, 1, 0, 6, 0.026010101010101
0.195000000000007, 13, 1, 0, 6, 0.026010101010101
0.194999999999993, 17, 1, 4, 62, 0.0856939327900282
0.193275853524348, 13, 2, 0, 9, 0.0618686868686869
0.192499999999995, 15, 1, 4, 52, 0.0736969911266934
0.192499999999995, 15, 1, 4, 52, 0.0736969911266934
0.192499999999995, 11, 1, 4, 24, 0.0306244453386102
0.192499999999995, 11, 1, 4, 24, 0.0306244453386102
0.189999999999998, 14, 1, 0, 3, 0.00795454545454546
0.189999999999998, 14, 1, 0, 3, 0.00795454545454546
0.186499999999995, 8, 1, 4, 102, 0.786411515216059
0.186499999999995, 8, 1, 4, 102, 0.786411515216059
0.185000000000002, 14, 1, 0, 11, 0.103535353535354
0.184999999999988, 14, 1, 0, 11, 0.103535353535354
0.184500000000014, 17, 1, 3, 3, 0.800505050505051
0.184499999999986, 17, 1, 3, 3, 0.800505050505051
0.183847763108536, 17, 2, 0, 7, 0.0353535353535354
0.182433549546116, 8, 2, 3, 2, 0.400252525252525
0.182079996155571, 14, 2, 0, 7, 0.0353535353535354
0.182079996155531, 14, 2, 0, 7, 0.0353535353535354
0.181490740504543, 10, 2, 0, 12, 0.132575757575758
0.180000000000007, 14, 1, 0, 3, 0.00795454545454546
0.179999999999978, 14, 1, 0, 3, 0.00795454545454546
0.175126779473874, 13, 2, 4, 41, 0.0589841673467433
0.175000000000011, 16, 1, 0, 6, 0.026010101010101
0.175000000000011, 13, 1, 0, 8, 0.0467171717171717
0.174999999999983, 16, 1, 0, 6, 0.026010101010101
0.174999999999983, 13, 1, 0, 8, 0.0467171717171717
0.170999999999992, 15, 1, 0, 7, 0.0353535353535354
0.167333333333346, 12, 1, 4, 90, 0.412079181780135
0.166666666666671, 12, 1, 0, 12, 0.132575757575758
0.165000000000006, 13, 1, 0, 11, 0.103535353535354
0.164999999999992, 13, 1, 0, 11, 0.103535353535354
0.164000000000001, 12, 1, 1, 9, 0.227477477477477
0.164000000000001, 12, 1, 1, 9, 0.227477477477477
0.162500000000023, 15, 1, 4, 50, 0.0708643200456854
0.162499999999994, 15, 1, 4, 50, 0.0708643200456854
0.161999999999992, 12, 1, 4, 84, 0.293759463138283
0.160000000000025, 14, 1, 0, 15, 0.275252525252525
0.159999999999997, 14, 1, 0, 15, 0.275252525252525
0.158500000000004, 17, 1, 4, 69, 0.110861739138859
0.158500000000004, 17, 1, 4, 69, 0.110861739138859
0.158193973757942, 12, 3, 0, 7, 0.0353535353535354
0.157999999999987, 15, 1, 0, 6, 0.026010101010101
0.156506300902593, 16, 2, 4, 63, 0.0888584396739231
0.156034896381846, 14, 2, 1, 10, 0.240990990990991
0.153599999999983, 15, 1, 4, 58, 0.081739484313027
0.1527350647363, 16, 2, 3, 2, 0.400252525252525
0.152500000000003, 16, 1, 4, 92, 0.455244555401909
0.152500000000003, 16, 1, 4, 92, 0.455244555401909
0.150000000000006, 14, 1, 0, 3, 0.00795454545454546
0.149999999999991, 14, 1, 0, 3, 0.00795454545454546
0.148499999999999, 13, 1, 4, 43, 0.0622011646212767
0.148499999999999, 13, 1, 4, 43, 0.0622011646212767
0.147999999999996, 13, 1, 4, 101, 0.73090184972689
0.147999999999996, 13, 1, 4, 101, 0.73090184972689
0.146500000000003, 17, 1, 2, 4, 0.590909090909091
0.146500000000003, 17, 1, 2, 4, 0.590909090909091
0.14500000000001, 13, 1, 0, 15, 0.275252525252525
0.144999999999982, 13, 1, 0, 15, 0.275252525252525
0.142499999999998, 11, 1, 3, 3, 0.800505050505051
0.142499999999998, 11, 1, 3, 3, 0.800505050505051
0.141421356237342, 9, 2, 0, 10, 0.0808080808080808
0.139999999999986, 15, 1, 2, 2, 0.181818181818182
0.138999999999996, 13, 1, 1, 10, 0.240990990990991
0.138999999999996, 13, 1, 1, 10, 0.240990990990991
0.135999999999996, 15, 1, 4, 42, 0.0614175149797577
0.135999999999996, 15, 1, 4, 42, 0.0614175149797577
0.135500000000008, 12, 1, 4, 99, 0.6623678444522
0.135499999999993, 12, 1, 4, 99, 0.6623678444522
0.134999999999991, 18, 1, 0, 7, 0.0353535353535354
0.134999999999991, 18, 1, 0, 7, 0.0353535353535354
0.130500000000012, 13, 1, 4, 56, 0.078725036164931
0.130499999999998, 13, 1, 4, 56, 0.078725036164931
0.130000000000024, 13, 1, 0, 12, 0.132575757575758
0.130000000000024, 14, 1, 0, 2, 0.00416666666666667
0.129999999999995, 13, 1, 0, 12, 0.132575757575758
0.129999999999995, 14, 1, 0, 6, 0.026010101010101
0.129999999999995, 14, 1, 0, 6, 0.026010101010101
0.129999999999995, 14, 1, 0, 2, 0.00416666666666667
0.128821278812892, 7, 3, 3, 2, 0.400252525252525
0.125, 12, 1, 0, 11, 0.103535353535354
0.125, 12, 1, 0, 11, 0.103535353535354
0.125, 12, 1, 0, 2, 0.00416666666666667
0.125, 12, 1, 0, 2, 0.00416666666666667
0.125, 14, 1, 0, 3, 0.00795454545454546
0.125, 14, 1, 0, 3, 0.00795454545454546
0.125, 12, 1, 0, 11, 0.103535353535354
0.125, 12, 1, 0, 11, 0.103535353535354
0.120915259582894, 15, 2, 0, 7, 0.0353535353535354
0.120000000000005, 18, 1, 0, 8, 0.0467171717171717
0.120000000000005, 18, 1, 0, 8, 0.0467171717171717
0.120000000000005, 17, 1, 0, 9, 0.0618686868686869
0.120000000000005, 17, 1, 0, 9, 0.0618686868686869
0.119501046020514, 13, 2, 3, 2, 0.400252525252525
0.118322534718538, 12, 2, 4, 90, 0.412079181780135
0.118086832458175, 16, 2, 4, 51, 0.0718603446010522
0.118086832458094, 16, 2, 4, 51, 0.0718603446010522
0.117851130197751, 12, 2, 0, 12, 0.132575757575758
0.115000000000009, 16, 1, 0, 9, 0.0618686868686869
0.114999999999981, 16, 1, 0, 9, 0.0618686868686869
0.114551298552225, 12, 2, 4, 84, 0.293759463138283
0.11333333333333, 14, 1, 0, 12, 0.132575757575758
0.111722871427485, 15, 2, 0, 6, 0.026010101010101
0.110000000000014, 17, 1, 0, 9, 0.0618686868686869
0.109999999999985, 17, 1, 0, 9, 0.0618686868686869
0.108187337521556, 15, 2, 3, 1, 0.0997474747474748
0.108187337521536, 15, 2, 3, 1, 0.0997474747474748
0.105783174465502, 11, 2, 1, 6, 0.164414414414414
0.10499999999999, 17, 1, 0, 9, 0.0618686868686869
0.10499999999999, 17, 1, 0, 9, 0.0618686868686869
0.103499999999997, 16, 1, 2, 3, 0.363636363636364
0.103499999999997, 16, 1, 2, 3, 0.363636363636364
0.103499999999997, 12, 1, 4, 26, 0.0338774705003143
0.103499999999997, 12, 1, 4, 26, 0.0338774705003143
0.103000000000009, 8, 4, 4, 10, 0.00844094610403909
0.09978453349592, 7, 5, 3, 2, 0.400252525252525
0.0995000000000061, 17, 1, 1, 10, 0.240990990990991
0.0994999999999777, 17, 1, 1, 10, 0.240990990990991
0.098994949366107, 15, 2, 2, 2, 0.181818181818182
0.0945000000000107, 16, 1, 4, 66, 0.0931101613156405
0.0944999999999965, 16, 1, 4, 66, 0.0931101613156405
0.08637160027078, 11, 3, 1, 6, 0.164414414414414
0.085000000000008, 11, 1, 0, 11, 0.103535353535354
0.085000000000008, 11, 1, 0, 11, 0.103535353535354
0.0844999999999914, 13, 4, 3, 2, 0.400252525252525
0.0801387685344829, 14, 2, 0, 12, 0.132575757575758
0.0800000000000125, 12, 1, 0, 3, 0.00795454545454546
0.0799999999999983, 14, 1, 0, 7, 0.0353535353535354
0.0799999999999983, 14, 1, 0, 7, 0.0353535353535354
0.0799999999999841, 12, 1, 0, 3, 0.00795454545454546
0.07680000000002, 15, 4, 4, 58, 0.081739484313027
0.0756604255869601, 13, 2, 2, 3, 0.363636363636364
0.0756604255869601, 13, 2, 2, 3, 0.363636363636364
0.0745000000000005, 12, 1, 4, 66, 0.0931101613156405
0.0745000000000005, 12, 1, 4, 66, 0.0931101613156405
0.0700000000000216, 9, 1, 0, 14, 0.217171717171717
0.0700000000000216, 18, 1, 0, 9, 0.0618686868686869
0.0699999999999932, 10, 1, 0, 12, 0.132575757575758
0.0699999999999932, 10, 1, 0, 12, 0.132575757575758
0.0699999999999932, 9, 1, 0, 14, 0.217171717171717
0.0699999999999932, 15, 1, 0, 6, 0.026010101010101
0.0699999999999932, 15, 1, 0, 6, 0.026010101010101
0.0699999999999932, 18, 1, 0, 9, 0.0618686868686869
0.069500000000005, 8, 1, 4, 3, 0.000573791508306289
0.069500000000005, 8, 1, 4, 3, 0.000573791508306289
0.0690000000000026, 12, 1, 1, 5, 0.141891891891892
0.0679999999999836, 13, 1, 3, 2, 0.400252525252525
0.0660000000000025, 15, 1, 2, 5, 0.863636363636364
0.0659999999999883, 15, 1, 2, 5, 0.863636363636364
0.0649999999999977, 13, 1, 0, 13, 0.170454545454545
0.0649999999999977, 13, 1, 0, 13, 0.170454545454545
0.0649999999999977, 13, 1, 0, 2, 0.00416666666666667
0.0649999999999977, 13, 1, 0, 2, 0.00416666666666667
0.0649999999999977, 9, 1, 0, 2, 0.00416666666666667
0.0649999999999977, 9, 1, 0, 2, 0.00416666666666667
0.062666666666658, 14, 1, 4, 33, 0.042748691282689
0.0600000000000023, 15, 1, 0, 6, 0.026010101010101
0.0600000000000023, 15, 1, 0, 6, 0.026010101010101
0.0600000000000023, 8, 1, 0, 15, 0.275252525252525
0.0599999999999881, 8, 1, 0, 15, 0.275252525252525
0.0550000000000068, 17, 1, 0, 7, 0.0353535353535354
0.0550000000000068, 15, 1, 0, 7, 0.0353535353535354
0.0550000000000068, 15, 1, 0, 7, 0.0353535353535354
0.0549999999999784, 17, 1, 0, 7, 0.0353535353535354
0.0499999999999972, 15, 1, 3, 1, 0.0997474747474748
0.0499999999999972, 15, 1, 3, 1, 0.0997474747474748
0.0487903679018636, 12, 2, 1, 5, 0.141891891891892
0.0480832611206737, 13, 2, 3, 2, 0.400252525252525
0.0480000000000018, 16, 1, 4, 36, 0.0468471651172549
0.0459999999999923, 12, 1, 0, 12, 0.132575757575758
0.0443120249543609, 14, 2, 4, 33, 0.042748691282689
0.0405000000000086, 16, 1, 4, 60, 0.0833233322906506
0.0404999999999944, 16, 1, 4, 60, 0.0833233322906506
0.0400000000000205, 10, 1, 0, 14, 0.217171717171717
0.0400000000000205, 14, 1, 0, 9, 0.0618686868686869
0.0400000000000063, 13, 1, 0, 11, 0.103535353535354
0.039999999999992, 10, 1, 0, 14, 0.217171717171717
0.039999999999992, 14, 1, 0, 9, 0.0618686868686869
0.039999999999992, 13, 1, 0, 11, 0.103535353535354
0.0393333333333459, 12, 1, 4, 86, 0.339097714835584
0.0349999999999966, 9, 1, 0, 15, 0.275252525252525
0.0349999999999966, 9, 1, 0, 15, 0.275252525252525
0.0335000000000036, 13, 1, 1, 10, 0.240990990990991
0.0335000000000036, 13, 1, 1, 10, 0.240990990990991
0.0325269119346159, 12, 2, 0, 12, 0.132575757575758
0.0324999999999989, 16, 1, 4, 92, 0.455244555401909
0.0324999999999989, 16, 1, 4, 92, 0.455244555401909
0.0310000000000059, 11, 1, 2, 5, 0.863636363636364
0.0309999999999917, 11, 1, 2, 5, 0.863636363636364
0.0305000000000035, 12, 1, 4, 66, 0.0931101613156405
0.0304999999999893, 12, 1, 4, 66, 0.0931101613156405
0.0278128667266496, 12, 2, 4, 86, 0.339097714835584
0.0277128129211359, 16, 3, 4, 36, 0.0468471651172549
0.0250000000000057, 12, 1, 0, 9, 0.0618686868686869
0.0250000000000057, 12, 1, 0, 9, 0.0618686868686869
0.0250000000000057, 11, 1, 0, 11, 0.103535353535354
0.0249999999999915, 11, 1, 0, 11, 0.103535353535354
0.0200000000000102, 12, 1, 0, 11, 0.103535353535354
0.0200000000000102, 11, 1, 3, 2, 0.400252525252525
0.019999999999996, 11, 1, 0, 4, 0.0126262626262626
0.019999999999996, 11, 1, 0, 4, 0.0126262626262626
0.0199999999999818, 12, 1, 0, 11, 0.103535353535354
0.0199999999999818, 11, 1, 3, 2, 0.400252525252525
0.0190000000000055, 17, 1, 1, 2, 0.0788288288288288
0.0190000000000055, 17, 1, 1, 2, 0.0788288288288288
0.0174999999999983, 13, 1, 4, 26, 0.0338774705003143
0.0174999999999983, 13, 1, 4, 26, 0.0338774705003143
0.0150000000000006, 14, 1, 0, 15, 0.275252525252525
0.0150000000000006, 14, 1, 0, 15, 0.275252525252525
0.0146666666666562, 12, 1, 4, 65, 0.0928774452980315
0.0135000000000076, 13, 1, 1, 10, 0.240990990990991
0.0134999999999934, 13, 1, 1, 10, 0.240990990990991
0.0130000000000052, 14, 1, 4, 38, 0.0506681897441603
0.0130000000000052, 14, 1, 4, 38, 0.0506681897441603
0.0110000000000099, 13, 1, 4, 40, 0.0550596271875607
0.0109999999999957, 13, 1, 4, 40, 0.0550596271875607
0.0103708994574053, 12, 2, 4, 65, 0.0928774452980315
0.0100000000000051, 15, 1, 0, 12, 0.132575757575758
0.00999999999999091, 15, 1, 0, 12, 0.132575757575758
0.00999999999999091, 8, 1, 4, 92, 0.455244555401909
0.00707106781187914, 8, 2, 4, 92, 0.455244555401909
0.00500000000000966, 11, 1, 0, 11, 0.103535353535354
0.00499999999999545, 11, 1, 0, 11, 0.103535353535354
