norm, level, Npoints, dimSplit, MainGridIndexSplit
3873.99253212607, 0, 962, -1, -1, -1
77.8299903803431, 2, 66, 4, 16, 0.0186420699741554
68.8598515410738, 1, 272, 0, 13, 0.170454545454545
45.8682201412105, 2, 194, 4, 81, 0.26159379994883
44.053998670866, 2, 206, 4, 16, 0.0186420699741554
43.2340567909841, 1, 690, 0, 13, 0.170454545454545
35.4314733193556, 3, 18, 4, 103, 0.865041948010276
31.5015022115446, 3, 28, 4, 89, 0.391602757964068
28.6861268759481, 2, 496, 4, 81, 0.26159379994883
25.7097872405291, 4, 83, 0, 15, 0.275252525252525
24.4925298677803, 5, 39, 0, 9, 0.0618686868686869
24.238283730159, 5, 49, 0, 9, 0.0618686868686869
24.0312148489626, 4, 95, 0, 15, 0.275252525252525
22.9065039683058, 3, 20, 0, 17, 0.444444444444444
22.3946349991021, 3, 221, 3, 2, 0.400252525252525
20.4333459074748, 8, 7, 0, 9, 0.0618686868686869
20.0758424308858, 3, 275, 3, 2, 0.400252525252525
20.02946727136, 6, 19, 4, 37, 0.0486682110506046
20.0063066682114, 4, 120, 2, 4, 0.590909090909091
19.3912023052377, 7, 10, 0, 10, 0.0808080808080808
19.1735986491295, 6, 38, 1, 24, 0.743243243243243
17.6388385964911, 5, 36, 2, 3, 0.363636363636364
17.6032029307539, 4, 155, 2, 4, 0.590909090909091
17.4531437435619, 7, 14, 0, 4, 0.0126262626262626
17.407568079188, 5, 95, 0, 9, 0.0618686868686869
16.9950888888888, 5, 81, 0, 9, 0.0618686868686869
16.3908301886792, 6, 9, 2, 2, 0.181818181818182
15.8084813172609, 7, 26, 0, 7, 0.0353535353535354
15.8015299043072, 6, 3, 0, 6, 0.026010101010101
15.6551777410948, 6, 57, 1, 24, 0.743243243243243
15.512969628207, 7, 27, 0, 7, 0.0353535353535354
15.1041014304635, 3, 46, 0, 17, 0.444444444444444
14.7516437276213, 7, 6, 4, 68, 0.0971476980300399
14.6862344447838, 4, 80, 1, 5, 0.141891891891892
14.4402454144363, 4, 32, 3, 1, 0.0997474747474748
14.2176549636945, 4, 6, 0, 9, 0.0618686868686869
14.1706219254873, 8, 8, 2, 2, 0.181818181818182
14.0465646446668, 10, 3, 3, 2, 0.400252525252525
13.9368950623458, 5, 30, 4, 32, 0.0409687585124503
13.8043576673409, 6, 40, 4, 37, 0.0486682110506046
13.7782871270621, 5, 59, 2, 3, 0.363636363636364
13.728576255329, 6, 23, 2, 2, 0.181818181818182
13.6066612298214, 7, 12, 2, 2, 0.181818181818182
13.5613399003064, 5, 57, 1, 8, 0.202702702702703
13.33005871997, 7, 24, 0, 4, 0.0126262626262626
12.9523321384253, 6, 15, 4, 61, 0.084023548930301
12.9122743303878, 6, 26, 2, 2, 0.181818181818182
12.4939648271921, 3, 178, 4, 89, 0.391602757964068
12.2667590968778, 4, 3, 4, 2, 0.000339506812356317
12.0985197375547, 6, 6, 0, 18, 0.558080808080808
11.9629862527436, 9, 3, 4, 71, 0.160308462840372
11.9203585578685, 7, 3, 0, 9, 0.0618686868686869
11.9061592250589, 8, 8, 4, 77, 0.212750155497395
11.7837142857143, 7, 16, 2, 2, 0.181818181818182
11.7728479108314, 6, 19, 0, 3, 0.00795454545454546
11.7362976190475, 4, 9, 2, 2, 0.181818181818182
11.5259615548821, 8, 22, 0, 9, 0.0618686868686869
11.3310232398322, 3, 176, 4, 103, 0.865041948010276
11.2760687666424, 5, 59, 2, 3, 0.363636363636364
11.0671999999999, 7, 4, 4, 94, 0.486490559366218
11.0623117681216, 4, 141, 1, 5, 0.141891891891892
11.0606613414537, 5, 17, 4, 18, 0.0200336255683399
11.0569486697126, 5, 6, 2, 2, 0.181818181818182
11.0134628295386, 7, 31, 0, 10, 0.0808080808080808
10.9467186154464, 6, 21, 4, 61, 0.084023548930301
10.4854898117243, 5, 53, 4, 32, 0.0409687585124503
10.3425348084255, 5, 98, 1, 8, 0.202702702702703
10.2288394126757, 4, 12, 0, 16, 0.351010101010101
10.0534002373989, 4, 12, 0, 9, 0.0618686868686869
10.0340588235294, 6, 4, 0, 7, 0.0353535353535354
10.0308092840945, 8, 5, 1, 25, 0.835585585585586
10.0217684452012, 7, 13, 4, 68, 0.0971476980300399
9.86671532234675, 8, 7, 0, 9, 0.0618686868686869
9.81592189591313, 6, 6, 0, 4, 0.0126262626262626
9.56481986556265, 5, 82, 2, 3, 0.363636363636364
9.53054233167258, 9, 2, 4, 97, 0.601622068566827
9.50055935932571, 8, 5, 4, 99, 0.6623678444522
9.46162700041313, 7, 11, 4, 21, 0.0272340315353993
9.42544810794167, 6, 6, 1, 9, 0.227477477477477
9.28791625906338, 7, 3, 0, 8, 0.0467171717171717
9.12441964463802, 7, 5, 4, 78, 0.219710950157435
9.03633096044335, 7, 6, 4, 94, 0.486490559366218
9.02525000000014, 5, 16, 1, 22, 0.632882882882883
9.02524999999997, 5, 16, 1, 22, 0.632882882882883
9.01484615384618, 8, 4, 0, 17, 0.444444444444444
8.96228822913225, 8, 20, 2, 2, 0.181818181818182
8.88819494385694, 7, 11, 1, 25, 0.835585585585586
8.81007643269912, 9, 3, 2, 1, 0.0454545454545454
8.8100764326991, 9, 3, 2, 1, 0.0454545454545454
8.73941666666668, 8, 9, 4, 96, 0.578309095069458
8.70162499999996, 8, 9, 0, 9, 0.0618686868686869
8.65532222222242, 7, 16, 4, 64, 0.0917218809839261
8.60172900461317, 10, 8, 3, 2, 0.400252525252525
8.43385212633517, 5, 5, 2, 1, 0.0454545454545454
8.4289663704439, 7, 6, 0, 9, 0.0618686868686869
8.26977280578244, 9, 3, 0, 6, 0.026010101010101
8.07747399359153, 4, 19, 2, 2, 0.181818181818182
8.04357142857143, 7, 4, 0, 8, 0.0467171717171717
7.89208306725768, 8, 2, 4, 88, 0.375097158937352
7.82683027394796, 7, 8, 2, 1, 0.0454545454545454
7.80566016938991, 9, 3, 4, 65, 0.0928774452980315
7.77942956492027, 8, 5, 0, 11, 0.103535353535354
7.72573627879289, 8, 19, 4, 77, 0.212750155497395
7.66829411764709, 5, 4, 4, 13, 0.0149040473935306
7.61139541722396, 7, 15, 1, 25, 0.835585585585586
7.60338040610888, 6, 10, 0, 4, 0.0126262626262626
7.50386666666667, 7, 1, 0, 5, 0.0184343434343434
7.47652380952381, 8, 9, 1, 25, 0.835585585585586
7.41959879559565, 8, 5, 0, 11, 0.103535353535354
7.41303187340168, 6, 44, 2, 2, 0.181818181818182
7.35175646550147, 6, 45, 2, 2, 0.181818181818182
7.29360032852597, 7, 28, 0, 4, 0.0126262626262626
7.20715789473687, 5, 4, 4, 102, 0.786411515216059
7.19374382305323, 8, 10, 0, 8, 0.0467171717171717
7.17785598405182, 7, 5, 0, 12, 0.132575757575758
7.16674542848276, 7, 29, 0, 4, 0.0126262626262626
7.12790600832336, 5, 7, 2, 1, 0.0454545454545454
6.87371346531807, 7, 15, 2, 3, 0.363636363636364
6.86020000000003, 9, 1, 4, 11, 0.00893715698736393
6.80719696969612, 4, 144, 3, 1, 0.0997474747474748
6.79881599626445, 9, 3, 0, 2, 0.00416666666666667
6.77422214536464, 6, 53, 2, 2, 0.181818181818182
6.77313604664304, 8, 6, 0, 11, 0.103535353535354
6.76952304111357, 8, 15, 4, 96, 0.578309095069458
6.72068309035672, 6, 28, 0, 7, 0.0353535353535354
6.55791306055711, 7, 5, 0, 10, 0.0808080808080808
6.53279637289455, 6, 2, 0, 20, 0.898989898989899
6.52698603249363, 8, 3, 4, 72, 0.171932627919944
6.51722161599016, 6, 62, 0, 3, 0.00795454545454546
6.42901194834728, 7, 29, 4, 64, 0.0917218809839261
6.34715699530732, 8, 13, 4, 60, 0.0833233322906506
6.34715699530706, 8, 13, 4, 60, 0.0833233322906506
6.30835998127353, 6, 3, 3, 3, 0.800505050505051
6.30600721865016, 8, 6, 1, 15, 0.38963963963964
6.30600721865002, 8, 6, 1, 15, 0.38963963963964
6.28571727861395, 9, 6, 0, 6, 0.026010101010101
6.2674824843336, 9, 7, 4, 99, 0.6623678444522
6.23690188270292, 7, 14, 3, 3, 0.800505050505051
6.13987081483688, 7, 13, 2, 1, 0.0454545454545454
6.13189287149574, 11, 3, 4, 89, 0.391602757964068
6.11666666666665, 9, 1, 0, 7, 0.0353535353535354
6.07955854835352, 7, 7, 2, 2, 0.181818181818182
6.07683612717831, 4, 34, 0, 16, 0.351010101010101
6.0510561612554, 9, 6, 0, 10, 0.0808080808080808
6.04925986877723, 6, 24, 0, 18, 0.558080808080808
6.04419305344897, 9, 10, 4, 91, 0.438747575486957
6.00989743589746, 8, 9, 0, 17, 0.444444444444444
5.96373859252732, 9, 2, 0, 10, 0.0808080808080808
5.8476124298409, 9, 6, 0, 6, 0.026010101010101
5.74559858911457, 5, 63, 4, 18, 0.0200336255683399
5.74322229205161, 12, 2, 0, 10, 0.0808080808080808
5.71000000000001, 9, 1, 0, 11, 0.103535353535354
5.70746289197444, 9, 2, 0, 10, 0.0808080808080808
5.69421325492753, 10, 3, 1, 13, 0.326576576576577
5.6869062876927, 7, 8, 2, 2, 0.181818181818182
5.57914285714286, 10, 1, 0, 4, 0.0126262626262626
5.57612106861703, 11, 3, 4, 87, 0.357350407816721
5.56589439834736, 6, 13, 0, 7, 0.0353535353535354
5.5503120320506, 9, 5, 0, 5, 0.0184343434343434
5.53116759467819, 8, 10, 0, 4, 0.0126262626262626
5.51142857142855, 8, 1, 0, 12, 0.132575757575758
5.5008873991183, 8, 10, 0, 11, 0.103535353535354
5.46239988466608, 6, 2, 0, 15, 0.275252525252525
5.46239988466608, 6, 2, 0, 15, 0.275252525252525
5.45331014104341, 8, 8, 0, 17, 0.444444444444444
5.34808428837425, 10, 2, 0, 10, 0.0808080808080808
5.32831914893609, 9, 4, 4, 75, 0.204510284651682
5.3205560473624, 10, 5, 4, 49, 0.0692091058226616
5.31859592073394, 8, 6, 0, 12, 0.132575757575758
5.29481557752489, 8, 2, 0, 6, 0.026010101010101
5.25399999999999, 8, 4, 4, 72, 0.171932627919944
5.2529548560786, 11, 2, 0, 2, 0.00416666666666667
5.20377739723752, 9, 5, 4, 16, 0.0186420699741554
5.20377739723752, 9, 5, 4, 16, 0.0186420699741554
5.18973333333327, 9, 4, 4, 88, 0.375097158937352
5.16329371622414, 11, 2, 1, 22, 0.632882882882883
5.15306953767808, 4, 17, 4, 2, 0.000339506812356317
5.13915970327658, 6, 3, 4, 7, 0.00691788872168195
5.13226666666665, 9, 9, 0, 6, 0.026010101010101
5.1183726602868, 5, 28, 2, 2, 0.181818181818182
5.11000408219018, 9, 7, 4, 65, 0.0928774452980315
5.108275475523, 9, 14, 4, 91, 0.438747575486957
5.09428915932345, 9, 7, 4, 97, 0.601622068566827
5.08739758837682, 8, 2, 0, 17, 0.444444444444444
5.08622222222218, 8, 4, 3, 2, 0.400252525252525
5.0610540568806, 5, 6, 1, 23, 0.698198198198198
5.06105405688043, 5, 6, 1, 23, 0.698198198198198
5.00837858750404, 10, 10, 0, 8, 0.0467171717171717
4.99892307692306, 8, 4, 0, 2, 0.00416666666666667
4.95457257435567, 6, 12, 2, 1, 0.0454545454545454
4.90637825239305, 7, 2, 1, 24, 0.743243243243243
4.87346396741235, 8, 6, 4, 79, 0.228732574440079
4.86937217034534, 9, 3, 0, 10, 0.0808080808080808
4.86121709779299, 8, 3, 4, 49, 0.0692091058226616
4.84509566469025, 10, 2, 1, 13, 0.326576576576577
4.84197957770116, 9, 6, 4, 6, 0.00648491626136443
4.83944493608613, 6, 54, 0, 7, 0.0353535353535354
4.81415115241957, 8, 5, 3, 3, 0.800505050505051
4.80242735286752, 7, 8, 0, 14, 0.217171717171717
4.78609196808046, 7, 13, 1, 2, 0.0788288288288288
4.78550680275077, 7, 43, 4, 21, 0.0272340315353993
4.74974379440621, 11, 5, 4, 89, 0.391602757964068
4.7175, 10, 1, 0, 6, 0.026010101010101
4.63644444444446, 5, 4, 4, 93, 0.471038215796977
4.61591540217107, 13, 3, 0, 4, 0.0126262626262626
4.61591540217104, 13, 3, 0, 4, 0.0126262626262626
4.60725514813323, 8, 3, 0, 5, 0.0184343434343434
4.60725514813318, 8, 3, 0, 5, 0.0184343434343434
4.59907479692293, 9, 13, 4, 99, 0.6623678444522
4.57663477023193, 7, 26, 3, 3, 0.800505050505051
4.49032090783854, 10, 2, 0, 9, 0.0618686868686869
4.47209999999998, 11, 4, 3, 3, 0.800505050505051
4.47109523809523, 9, 1, 0, 4, 0.0126262626262626
4.47, 11, 1, 0, 8, 0.0467171717171717
4.45064285714287, 6, 4, 4, 7, 0.00691788872168195
4.42750000000001, 10, 1, 4, 82, 0.274718983341981
4.41318507195643, 8, 5, 2, 4, 0.590909090909091
4.40233333333333, 9, 4, 0, 5, 0.0184343434343434
4.39666006049752, 10, 5, 4, 95, 0.534067194388448
4.38217642527342, 9, 2, 4, 20, 0.0246350245742943
4.36991990773287, 10, 2, 0, 3, 0.00795454545454546
4.36991990773283, 10, 2, 0, 3, 0.00795454545454546
4.33639222501621, 8, 24, 4, 99, 0.6623678444522
4.32513647825776, 9, 2, 0, 7, 0.0353535353535354
4.32319881569188, 8, 3, 0, 6, 0.026010101010101
4.31924480703806, 11, 5, 4, 87, 0.357350407816721
4.29659090909087, 11, 4, 0, 4, 0.0126262626262626
4.29078571428568, 6, 16, 2, 1, 0.0454545454545454
4.28987303619428, 8, 6, 4, 72, 0.171932627919944
4.28901967975591, 11, 3, 0, 2, 0.00416666666666667
4.28304678890139, 11, 2, 0, 7, 0.0353535353535354
4.26289612656463, 7, 39, 2, 3, 0.363636363636364
4.25958085527028, 6, 15, 2, 4, 0.590909090909091
4.25360425177157, 5, 13, 4, 13, 0.0149040473935306
4.23926544705712, 9, 5, 4, 39, 0.051987603372886
4.23522935350233, 7, 11, 0, 16, 0.351010101010101
4.22647824640648, 12, 2, 4, 65, 0.0928774452980315
4.22500000000001, 8, 1, 0, 15, 0.275252525252525
4.22499999999999, 8, 1, 0, 15, 0.275252525252525
4.22431182690566, 8, 29, 0, 8, 0.0467171717171717
4.22142748368371, 10, 2, 0, 7, 0.0353535353535354
4.22142748368369, 10, 2, 0, 7, 0.0353535353535354
4.22, 10, 1, 0, 3, 0.00795454545454546
4.21651817122004, 9, 11, 4, 61, 0.084023548930301
4.17500000000001, 10, 1, 0, 11, 0.103535353535354
4.14696198067158, 5, 5, 4, 93, 0.471038215796977
4.14694556939872, 9, 2, 4, 97, 0.601622068566827
4.14122137164625, 10, 2, 1, 23, 0.698198198198198
4.13693676356241, 8, 14, 2, 5, 0.863636363636364
4.13693676356241, 8, 14, 2, 5, 0.863636363636364
4.13289771467913, 9, 2, 0, 10, 0.0808080808080808
4.11939417066802, 6, 3, 0, 4, 0.0126262626262626
4.11939417066797, 6, 3, 0, 4, 0.0126262626262626
4.11743523904524, 7, 6, 0, 11, 0.103535353535354
4.10588623563779, 9, 2, 3, 2, 0.400252525252525
4.09552380750853, 7, 11, 0, 14, 0.217171717171717
4.07499999999997, 8, 1, 0, 6, 0.026010101010101
4.03993674317917, 9, 2, 0, 4, 0.0126262626262626
4.03700879747312, 9, 12, 4, 61, 0.084023548930301
4.02866835725933, 8, 6, 2, 4, 0.590909090909091
4.02641680608161, 10, 6, 1, 13, 0.326576576576577
4.01902457717179, 6, 33, 1, 9, 0.227477477477477
3.99250000000001, 8, 1, 0, 12, 0.132575757575758
3.9897841484246, 9, 5, 0, 10, 0.0808080808080808
3.93756663717862, 9, 5, 0, 5, 0.0184343434343434
3.92433333333338, 7, 4, 0, 15, 0.275252525252525
3.90803329371337, 11, 7, 0, 9, 0.0618686868686869
3.8958443781552, 7, 13, 0, 16, 0.351010101010101
3.87394686610809, 10, 7, 0, 7, 0.0353535353535354
3.87394686610809, 10, 7, 0, 7, 0.0353535353535354
3.86789999999999, 11, 4, 2, 5, 0.863636363636364
3.8536, 6, 1, 3, 1, 0.0997474747474748
3.8334133373294, 9, 3, 4, 37, 0.0486682110506046
3.81837262262432, 9, 3, 4, 75, 0.204510284651682
3.81200430381987, 7, 7, 0, 11, 0.103535353535354
3.80592066049267, 8, 8, 3, 3, 0.800505050505051
3.78306227104536, 7, 18, 0, 12, 0.132575757575758
3.78166666666664, 10, 4, 0, 10, 0.0808080808080808
3.77496895682607, 8, 10, 4, 79, 0.228732574440079
3.76548257241022, 8, 5, 4, 49, 0.0692091058226616
3.74426083326202, 8, 3, 2, 2, 0.181818181818182
3.74201960863648, 9, 11, 0, 5, 0.0184343434343434
3.73557156288321, 8, 15, 1, 9, 0.227477477477477
3.72910538869578, 10, 3, 4, 70, 0.136274845408473
3.72910538869573, 10, 3, 4, 70, 0.136274845408473
3.72489897959167, 10, 3, 4, 96, 0.578309095069458
3.72445631615267, 6, 54, 0, 6, 0.026010101010101
3.72176033330707, 5, 15, 4, 102, 0.786411515216059
3.72069486734916, 11, 2, 4, 93, 0.471038215796977
3.72036363636363, 8, 9, 4, 88, 0.375097158937352
3.70941365708424, 8, 7, 1, 18, 0.475225225225225
3.70333333333332, 11, 1, 0, 11, 0.103535353535354
3.66214197434691, 6, 18, 2, 4, 0.590909090909091
3.65145435956689, 11, 6, 3, 3, 0.800505050505051
3.64779999999996, 8, 4, 3, 3, 0.800505050505051
3.63233271030718, 12, 5, 0, 10, 0.0808080808080808
3.625, 11, 1, 0, 5, 0.0184343434343434
3.625, 11, 1, 0, 5, 0.0184343434343434
3.62333333333333, 11, 1, 0, 8, 0.0467171717171717
3.61695161290311, 8, 16, 1, 9, 0.227477477477477
3.60971647990619, 9, 5, 0, 10, 0.0808080808080808
3.60697607023005, 9, 33, 4, 71, 0.160308462840372
3.602, 9, 1, 4, 76, 0.20691329301129
3.59917351623959, 9, 2, 0, 2, 0.00416666666666667
3.5973333333333, 8, 4, 0, 17, 0.444444444444444
3.58711815535974, 10, 11, 4, 49, 0.0692091058226616
3.54400000000001, 10, 1, 1, 16, 0.414414414414414
3.51555813936427, 8, 2, 4, 20, 0.0246350245742943
3.51339131781045, 8, 5, 4, 29, 0.0366148142052202
3.51120000000002, 9, 1, 4, 81, 0.26159379994883
3.49357890358223, 9, 18, 0, 10, 0.0808080808080808
3.49000000000001, 12, 1, 0, 5, 0.0184343434343434
3.4758649721664, 10, 8, 4, 95, 0.534067194388448
3.46933333333334, 7, 4, 1, 24, 0.743243243243243
3.45245454545454, 10, 1, 4, 68, 0.0971476980300399
3.45000000000002, 9, 1, 0, 5, 0.0184343434343434
3.43666666666667, 8, 1, 0, 7, 0.0353535353535354
3.42600000000002, 10, 4, 1, 13, 0.326576576576577
3.40860728697623, 8, 11, 4, 72, 0.171932627919944
3.39883333333333, 8, 1, 2, 1, 0.0454545454545454
3.398, 10, 1, 4, 87, 0.357350407816721
3.398, 10, 1, 4, 87, 0.357350407816721
3.39770633418093, 7, 3, 1, 21, 0.56981981981982
3.37449685335953, 9, 3, 0, 10, 0.0808080808080808
3.35244207307649, 9, 3, 3, 2, 0.400252525252525
3.33825111398169, 8, 2, 2, 5, 0.863636363636364
3.33261538461548, 8, 9, 0, 2, 0.00416666666666667
3.3304834982373, 10, 5, 4, 76, 0.20691329301129
3.32976583260745, 9, 2, 1, 24, 0.743243243243243
3.32976583260743, 9, 2, 1, 24, 0.743243243243243
3.30933565860316, 7, 3, 4, 25, 0.0319165363830463
3.30666666666667, 10, 1, 0, 11, 0.103535353535354
3.28, 10, 1, 1, 24, 0.743243243243243
3.27126662522839, 8, 3, 4, 99, 0.6623678444522
3.26555367434074, 11, 5, 1, 22, 0.632882882882883
3.26499999999999, 11, 4, 0, 11, 0.103535353535354
3.24791743738151, 11, 7, 0, 4, 0.0126262626262626
3.23691428421165, 10, 3, 3, 3, 0.800505050505051
3.23691428421163, 10, 3, 3, 3, 0.800505050505051
3.22585714285714, 10, 4, 4, 96, 0.578309095069458
3.22333333333333, 10, 1, 0, 10, 0.0808080808080808
3.21618685885915, 8, 23, 0, 17, 0.444444444444444
3.21380032049285, 10, 2, 0, 11, 0.103535353535354
3.21380032049285, 10, 2, 0, 11, 0.103535353535354
3.20727279684602, 8, 6, 4, 29, 0.0366148142052202
3.1904657967137, 12, 2, 0, 4, 0.0126262626262626
3.16076731190389, 11, 2, 0, 8, 0.0467171717171717
3.15976190476187, 9, 9, 4, 39, 0.051987603372886
3.15812712537038, 11, 6, 2, 5, 0.863636363636364
3.15417999063686, 6, 12, 3, 3, 0.800505050505051
3.12952695066675, 9, 11, 4, 88, 0.375097158937352
3.10278455584659, 12, 2, 0, 8, 0.0467171717171717
3.10278455584655, 11, 2, 0, 5, 0.0184343434343434
3.09935889442496, 7, 31, 1, 2, 0.0788288288288288
3.09866666666667, 9, 4, 4, 20, 0.0246350245742943
3.07150343208885, 8, 3, 0, 9, 0.0618686868686869
3.07150343208877, 8, 3, 0, 9, 0.0618686868686869
3.04300000000003, 9, 4, 4, 80, 0.244079764845808
3.04299999999998, 9, 4, 4, 80, 0.244079764845808
3.02333333333334, 13, 1, 0, 11, 0.103535353535354
3.01583037041694, 8, 3, 0, 7, 0.0353535353535354
2.99833333333333, 8, 1, 4, 75, 0.204510284651682
2.98480973114165, 11, 12, 0, 9, 0.0618686868686869
2.97380952380952, 9, 9, 0, 10, 0.0808080808080808
2.94792817076672, 12, 2, 0, 7, 0.0353535353535354
2.94397368421056, 9, 16, 0, 2, 0.00416666666666667
2.93472884418454, 7, 2, 4, 26, 0.0338774705003143
2.93428571428571, 11, 1, 0, 5, 0.0184343434343434
2.93200000000002, 8, 1, 4, 9, 0.0079337803296631
2.91311496004103, 8, 20, 0, 12, 0.132575757575758
2.90029197021607, 8, 5, 2, 2, 0.181818181818182
2.88741117482721, 12, 3, 2, 2, 0.181818181818182
2.88662745212076, 8, 2, 4, 18, 0.0200336255683399
2.88263864463715, 10, 2, 4, 23, 0.0296164402178925
2.87666666666665, 11, 1, 0, 8, 0.0467171717171717
2.86908576466446, 12, 2, 2, 3, 0.363636363636364
2.86908576466438, 12, 2, 2, 3, 0.363636363636364
2.85666666666668, 9, 4, 0, 4, 0.0126262626262626
2.84229537522056, 7, 3, 0, 14, 0.217171717171717
2.83999999999999, 10, 1, 0, 11, 0.103535353535354
2.80825, 11, 1, 0, 19, 0.70959595959596
2.80500000000001, 11, 1, 0, 20, 0.898989898989899
2.78559373301286, 6, 11, 0, 20, 0.898989898989899
2.78134368251608, 9, 3, 4, 60, 0.0833233322906506
2.77666666666667, 8, 1, 0, 11, 0.103535353535354
2.77492271163644, 7, 8, 0, 15, 0.275252525252525
2.77122406263481, 7, 28, 0, 10, 0.0808080808080808
2.76504034941346, 9, 5, 0, 11, 0.103535353535354
2.76292029769751, 11, 7, 2, 2, 0.181818181818182
2.76292029769736, 11, 7, 2, 2, 0.181818181818182
2.75702167343876, 10, 33, 0, 8, 0.0467171717171717
2.7435743110038, 11, 2, 3, 3, 0.800505050505051
2.74003877709787, 9, 2, 3, 3, 0.800505050505051
2.73000000000002, 10, 1, 0, 5, 0.0184343434343434
2.72567062084423, 8, 3, 2, 5, 0.863636363636364
2.72364989490204, 10, 3, 0, 6, 0.026010101010101
2.71870013550745, 8, 14, 3, 2, 0.400252525252525
2.71266666666666, 10, 1, 3, 3, 0.800505050505051
2.71063256591659, 9, 6, 4, 37, 0.0486682110506046
2.70883663559971, 11, 5, 0, 7, 0.0353535353535354
2.70241986835226, 7, 57, 4, 78, 0.219710950157435
2.69499999999999, 8, 1, 0, 3, 0.00795454545454546
2.69355941305129, 9, 6, 0, 14, 0.217171717171717
2.6730595479597, 12, 5, 4, 65, 0.0928774452980315
2.67175000000002, 8, 1, 0, 19, 0.70959595959596
2.66749999999999, 12, 1, 4, 28, 0.0358931359772792
2.66749999999999, 12, 1, 4, 28, 0.0358931359772792
2.65027272727272, 7, 1, 4, 12, 0.0115508595340253
2.65000000000001, 12, 1, 0, 5, 0.0184343434343434
2.63583333333332, 10, 1, 4, 93, 0.471038215796977
2.62449752905199, 10, 2, 4, 56, 0.078725036164931
2.61913836587376, 10, 5, 1, 23, 0.698198198198198
2.61865211299421, 11, 2, 0, 11, 0.103535353535354
2.61750000000001, 9, 4, 0, 2, 0.00416666666666667
2.61750000000001, 9, 4, 0, 2, 0.00416666666666667
2.60500441458358, 12, 3, 0, 4, 0.0126262626262626
2.60211766323768, 9, 3, 2, 1, 0.0454545454545454
2.57750000000001, 9, 4, 0, 14, 0.217171717171717
2.57750000000001, 9, 4, 0, 14, 0.217171717171717
2.56331678886069, 9, 6, 0, 7, 0.0353535353535354
2.56208357049926, 11, 2, 0, 8, 0.0467171717171717
2.55621831683706, 10, 3, 4, 82, 0.274718983341981
2.55358963030475, 9, 5, 0, 11, 0.103535353535354
2.55133736146425, 8, 47, 0, 4, 0.0126262626262626
2.54933333333332, 12, 1, 3, 3, 0.800505050505051
2.54699862583395, 9, 2, 4, 76, 0.20691329301129
2.54499999999996, 9, 4, 0, 2, 0.00416666666666667
2.5334129812041, 11, 3, 0, 5, 0.0184343434343434
2.52412495297611, 9, 6, 0, 11, 0.103535353535354
2.523, 7, 1, 4, 1, 0.000100050649348366
2.508, 11, 1, 0, 4, 0.0126262626262626
2.50598643252511, 10, 2, 1, 16, 0.414414414414414
2.50057142857139, 12, 4, 2, 2, 0.181818181818182
2.49375144453442, 9, 7, 0, 14, 0.217171717171717
2.47800000000001, 12, 1, 1, 9, 0.227477477477477
2.47306004239119, 9, 23, 4, 6, 0.00648491626136443
2.46780266634104, 12, 2, 0, 5, 0.0184343434343434
2.46466666666666, 8, 1, 4, 49, 0.0692091058226616
2.46266666666666, 6, 1, 4, 104, 0.952055328905477
2.46000000000001, 11, 1, 0, 3, 0.00795454545454546
2.44632780599308, 7, 7, 1, 8, 0.202702702702703
2.44198951033679, 9, 5, 0, 14, 0.217171717171717
2.44179223231704, 6, 7, 2, 3, 0.363636363636364
2.4364181359802, 10, 3, 0, 3, 0.00795454545454546
2.43009030467777, 8, 2, 0, 7, 0.0353535353535354
2.43000000000001, 10, 1, 0, 16, 0.351010101010101
2.42999999999999, 10, 1, 0, 16, 0.351010101010101
2.4264955615798, 6, 41, 2, 4, 0.590909090909091
2.41874999999999, 12, 1, 0, 16, 0.351010101010101
2.41043737386666, 10, 3, 0, 11, 0.103535353535354
2.4087142857143, 9, 4, 4, 60, 0.0833233322906506
2.40697327225153, 12, 3, 0, 7, 0.0353535353535354
2.40254118937984, 7, 6, 1, 21, 0.56981981981982
2.38975000000001, 9, 1, 3, 3, 0.800505050505051
2.38117808701032, 6, 48, 2, 4, 0.590909090909091
2.37587878478679, 11, 2, 4, 98, 0.624936765886549
2.36513076171278, 9, 2, 3, 3, 0.800505050505051
2.36399939086284, 12, 2, 4, 15, 0.0180125300509641
2.35317405186432, 11, 5, 4, 93, 0.471038215796977
2.3527023469478, 8, 3, 0, 6, 0.026010101010101
2.34116666666665, 13, 1, 0, 11, 0.103535353535354
2.3381664231235, 10, 2, 0, 11, 0.103535353535354
2.32125000000001, 7, 1, 4, 15, 0.0180125300509641
2.31838556419337, 12, 2, 1, 9, 0.227477477477477
2.31704750059206, 10, 2, 3, 1, 0.0997474747474748
2.31313481376825, 8, 6, 4, 99, 0.6623678444522
2.30507094973955, 8, 3, 0, 12, 0.132575757575758
2.29015606778549, 12, 3, 3, 1, 0.0997474747474748
2.28999999999999, 11, 1, 0, 7, 0.0353535353535354
2.28760000000001, 10, 1, 4, 67, 0.0942557274601005
2.27924085802466, 10, 2, 0, 10, 0.0808080808080808
2.27767553368225, 10, 6, 0, 4, 0.0126262626262626
2.2765302820301, 7, 2, 4, 13, 0.0149040473935306
2.27653028203008, 7, 2, 4, 13, 0.0149040473935306
2.27122222222221, 8, 1, 3, 1, 0.0997474747474748
2.27000000000001, 14, 1, 0, 9, 0.0618686868686869
2.27, 9, 1, 0, 7, 0.0353535353535354
2.26910566082763, 9, 2, 3, 3, 0.800505050505051
2.26910566082763, 9, 2, 3, 3, 0.800505050505051
2.26724147022269, 11, 2, 4, 66, 0.0931101613156405
2.2594, 9, 1, 4, 20, 0.0246350245742943
2.25003129229947, 8, 6, 0, 12, 0.132575757575758
2.24877929849361, 5, 3, 0, 11, 0.103535353535354
2.24877929849359, 5, 3, 0, 11, 0.103535353535354
2.24541151644777, 10, 11, 4, 76, 0.20691329301129
2.24158130126003, 7, 7, 4, 48, 0.067745494454136
2.23884279649232, 10, 3, 4, 49, 0.0692091058226616
2.23723229310978, 9, 3, 3, 3, 0.800505050505051
2.23699999999999, 10, 1, 4, 80, 0.244079764845808
2.2292212333374, 9, 6, 0, 14, 0.217171717171717
2.2278914370099, 13, 2, 0, 12, 0.132575757575758
2.21663564604145, 9, 7, 4, 97, 0.601622068566827
2.20490067803522, 12, 3, 1, 7, 0.184684684684685
2.19970616550151, 8, 11, 3, 3, 0.800505050505051
2.19354541812762, 11, 5, 0, 10, 0.0808080808080808
2.18999999999998, 7, 1, 0, 6, 0.026010101010101
2.18695454545457, 9, 4, 0, 11, 0.103535353535354
2.18377842687554, 9, 6, 0, 12, 0.132575757575758
2.17666666666668, 11, 9, 0, 11, 0.103535353535354
2.1746, 12, 1, 0, 5, 0.0184343434343434
2.16999999999999, 11, 1, 0, 6, 0.026010101010101
2.1665751775556, 10, 2, 2, 3, 0.363636363636364
2.15745833333338, 7, 9, 1, 8, 0.202702702702703
2.15345833333333, 6, 9, 2, 3, 0.363636363636364
2.14500000000001, 10, 1, 0, 11, 0.103535353535354
2.145, 10, 1, 0, 11, 0.103535353535354
2.14333333333333, 13, 1, 4, 82, 0.274718983341981
2.14289325912422, 10, 3, 4, 56, 0.078725036164931
2.14109999999999, 8, 4, 3, 2, 0.400252525252525
2.13781950178731, 13, 2, 0, 11, 0.103535353535354
2.13546247918338, 9, 2, 0, 10, 0.0808080808080808
2.13546247918338, 9, 2, 0, 10, 0.0808080808080808
2.13500000000001, 13, 1, 0, 18, 0.558080808080808
2.13500000000001, 13, 1, 0, 18, 0.558080808080808
2.12464854242299, 13, 7, 1, 6, 0.164414414414414
2.11887548792594, 7, 3, 0, 11, 0.103535353535354
2.11887548792592, 7, 3, 0, 11, 0.103535353535354
2.11800000000001, 6, 1, 4, 104, 0.952055328905477
2.1167575757575, 10, 9, 0, 9, 0.0618686868686869
2.114, 9, 1, 4, 14, 0.0167757737040485
2.10292618673958, 9, 3, 4, 45, 0.0660434784542375
2.10251373557091, 9, 5, 1, 3, 0.105855855855856
2.09657160621812, 6, 2, 0, 18, 0.558080808080808
2.09657160621812, 6, 2, 0, 18, 0.558080808080808
2.09400000000001, 11, 1, 3, 3, 0.800505050505051
2.09333333333332, 11, 1, 0, 4, 0.0126262626262626
2.0914088183715, 9, 10, 4, 75, 0.204510284651682
2.08333333333333, 13, 1, 0, 4, 0.0126262626262626
2.07516666666666, 7, 4, 4, 26, 0.0338774705003143
2.07479271735759, 9, 2, 1, 23, 0.698198198198198
2.07333333333335, 11, 1, 3, 3, 0.800505050505051
2.07323708243897, 8, 2, 4, 9, 0.0079337803296631
2.0699412801127, 14, 5, 4, 35, 0.0452335812040479
2.06133333333332, 12, 1, 4, 38, 0.0506681897441603
2.04353859762911, 10, 2, 0, 18, 0.558080808080808
2.04353859762911, 10, 2, 0, 18, 0.558080808080808
2.03833333333333, 10, 4, 4, 23, 0.0296164402178925
2.03411050721334, 11, 2, 0, 8, 0.0467171717171717
2.02970843811365, 8, 6, 4, 20, 0.0246350245742943
2.00549272447858, 7, 14, 0, 5, 0.0184343434343434
1.99927371312685, 10, 2, 0, 7, 0.0353535353535354
1.99799999999999, 10, 1, 2, 5, 0.863636363636364
1.995, 11, 1, 0, 7, 0.0353535353535354
1.99499999999999, 11, 1, 0, 7, 0.0353535353535354
1.99404112294606, 9, 2, 4, 78, 0.219710950157435
1.98430202982965, 11, 7, 0, 5, 0.0184343434343434
1.96339982909465, 8, 2, 0, 11, 0.103535353535354
1.96237325705375, 12, 5, 0, 8, 0.0467171717171717
1.95600000000002, 10, 1, 1, 6, 0.164414414414414
1.95500000000001, 13, 1, 0, 7, 0.0353535353535354
1.955, 13, 1, 0, 7, 0.0353535353535354
1.94813695759704, 12, 5, 4, 44, 0.0639293827209357
1.94766666666665, 11, 1, 4, 58, 0.081739484313027
1.94500000000001, 10, 1, 0, 2, 0.00416666666666667
1.94499999999999, 10, 1, 0, 2, 0.00416666666666667
1.94, 11, 4, 3, 3, 0.800505050505051
1.93989690447718, 11, 3, 4, 98, 0.624936765886549
1.93325000000004, 11, 4, 0, 11, 0.103535353535354
1.93112118038547, 9, 3, 3, 3, 0.800505050505051
1.93019741995474, 12, 3, 4, 15, 0.0180125300509641
1.92686597873336, 11, 2, 0, 11, 0.103535353535354
1.92686597873332, 11, 2, 0, 11, 0.103535353535354
1.92680000000001, 6, 4, 3, 1, 0.0997474747474748
1.91932366739445, 9, 6, 1, 3, 0.105855855855856
1.9181449950987, 10, 2, 3, 3, 0.800505050505051
1.91333333333334, 11, 1, 0, 7, 0.0353535353535354
1.90678414614766, 9, 2, 4, 83, 0.284343083536879
1.8955, 11, 1, 4, 3, 0.000573791508306289
1.8955, 11, 1, 4, 3, 0.000573791508306289
1.893708882942, 10, 3, 1, 24, 0.743243243243243
1.8918613620806, 10, 3, 3, 1, 0.0997474747474748
1.89120759391065, 9, 8, 0, 12, 0.132575757575758
1.8909606677331, 10, 2, 0, 11, 0.103535353535354
1.88800000000001, 6, 1, 3, 3, 0.800505050505051
1.88799999999998, 6, 1, 3, 3, 0.800505050505051
1.88200000000001, 12, 1, 4, 102, 0.786411515216059
1.88200000000001, 12, 1, 4, 102, 0.786411515216059
1.87383297014436, 12, 2, 0, 5, 0.0184343434343434
1.87166666666667, 11, 1, 3, 2, 0.400252525252525
1.86346207068695, 9, 2, 1, 11, 0.272522522522523
1.86294043733778, 10, 14, 4, 53, 0.0751545691169847
1.85767052943149, 8, 2, 0, 10, 0.0808080808080808
1.85388424307091, 11, 7, 0, 10, 0.0808080808080808
1.84316666666668, 9, 1, 4, 58, 0.081739484313027
1.8388888888889, 10, 4, 0, 11, 0.103535353535354
1.83055803513573, 12, 2, 4, 86, 0.339097714835584
1.81274999999999, 10, 1, 3, 2, 0.400252525252525
1.8074, 8, 1, 4, 102, 0.786411515216059
1.80666666666667, 10, 1, 0, 15, 0.275252525252525
1.80399999999997, 11, 4, 4, 45, 0.0660434784542375
1.8035, 9, 1, 1, 3, 0.105855855855856
1.80265088750492, 12, 2, 3, 3, 0.800505050505051
1.79400000000001, 8, 1, 4, 11, 0.00893715698736393
1.78816328090934, 7, 11, 4, 48, 0.067745494454136
1.78054823018077, 9, 3, 4, 55, 0.0776266165618163
1.7775, 10, 1, 1, 15, 0.38963963963964
1.7775, 10, 1, 1, 15, 0.38963963963964
1.77400000000002, 9, 1, 4, 22, 0.0286232599694077
1.77342380721587, 11, 2, 0, 4, 0.0126262626262626
1.77000000000001, 11, 1, 0, 9, 0.0618686868686869
1.76999999999998, 11, 1, 0, 9, 0.0618686868686869
1.76900122479701, 10, 3, 2, 3, 0.363636363636364
1.76666666666668, 7, 1, 0, 3, 0.00795454545454546
1.76466666666667, 10, 1, 4, 51, 0.0718603446010522
1.76000000000001, 10, 1, 0, 14, 0.217171717171717
1.75999999999999, 10, 1, 0, 14, 0.217171717171717
1.75850000000001, 10, 1, 1, 1, 0.0337837837837838
1.75758333333332, 15, 1, 4, 61, 0.084023548930301
1.75559999999999, 9, 4, 4, 81, 0.26159379994883
1.755, 11, 1, 0, 8, 0.0467171717171717
1.755, 11, 1, 0, 8, 0.0467171717171717
1.75185714285713, 10, 1, 1, 10, 0.240990990990991
1.75056068795751, 11, 2, 1, 2, 0.0788288288288288
1.74820082942433, 8, 6, 3, 2, 0.400252525252525
1.745, 10, 1, 0, 8, 0.0467171717171717
1.74499999999998, 10, 1, 0, 8, 0.0467171717171717
1.74278251336444, 8, 2, 4, 49, 0.0692091058226616
1.74136829980208, 6, 2, 4, 104, 0.952055328905477
1.73948268171889, 11, 2, 0, 3, 0.00795454545454546
1.73406152972978, 10, 2, 4, 41, 0.0589841673467433
1.73, 13, 1, 0, 4, 0.0126262626262626
1.72749999999999, 9, 1, 3, 3, 0.800505050505051
1.72, 11, 1, 1, 2, 0.0788288288288288
1.7190191872072, 10, 3, 4, 96, 0.578309095069458
1.71792761481262, 8, 21, 4, 33, 0.042748691282689
1.7175, 10, 1, 4, 80, 0.244079764845808
1.7175, 10, 1, 4, 80, 0.244079764845808
1.70695576978436, 12, 2, 4, 63, 0.0888584396739231
1.70695576978436, 12, 2, 4, 63, 0.0888584396739231
1.70348587985255, 9, 7, 2, 1, 0.0454545454545454
1.696, 10, 1, 4, 86, 0.339097714835584
1.69406115985617, 9, 3, 1, 23, 0.698198198198198
1.69333333333334, 11, 1, 0, 5, 0.0184343434343434
1.6871567799111, 10, 2, 3, 3, 0.800505050505051
1.685, 12, 1, 0, 9, 0.0618686868686869
1.68499999999999, 12, 1, 0, 9, 0.0618686868686869
1.67974287318028, 10, 3, 3, 3, 0.800505050505051
1.65357226936114, 10, 5, 0, 14, 0.217171717171717
1.65357226936101, 10, 5, 0, 14, 0.217171717171717
1.65318224453565, 9, 7, 0, 11, 0.103535353535354
1.65000000000001, 10, 1, 0, 5, 0.0184343434343434
1.64999999999998, 10, 1, 0, 5, 0.0184343434343434
1.6492010439402, 10, 3, 4, 56, 0.078725036164931
1.64920104394015, 10, 3, 4, 56, 0.078725036164931
1.64647623850709, 12, 7, 4, 44, 0.0639293827209357
1.6447522234498, 10, 5, 0, 11, 0.103535353535354
1.64099999999999, 7, 9, 0, 14, 0.217171717171717
1.64, 8, 1, 0, 14, 0.217171717171717
1.64, 8, 1, 0, 14, 0.217171717171717
1.63569767441868, 8, 36, 1, 18, 0.475225225225225
1.63341666454097, 10, 2, 0, 2, 0.00416666666666667
1.63341666454091, 10, 2, 0, 2, 0.00416666666666667
1.63318096228052, 6, 2, 0, 14, 0.217171717171717
1.63240015110674, 10, 3, 0, 7, 0.0353535353535354
1.63011683289536, 9, 2, 3, 3, 0.800505050505051
1.63, 10, 1, 0, 10, 0.0808080808080808
1.62891961990917, 9, 5, 4, 45, 0.0660434784542375
1.62812775911474, 9, 3, 4, 78, 0.219710950157435
1.62512210497709, 9, 43, 4, 75, 0.204510284651682
1.62134389345176, 11, 3, 0, 19, 0.70959595959596
1.61946750507688, 11, 3, 0, 20, 0.898989898989899
1.61938488550673, 12, 6, 3, 1, 0.0997474747474748
1.61927452891721, 11, 2, 0, 7, 0.0353535353535354
1.61840000000001, 9, 1, 4, 5, 0.00604237658698964
1.6069741374766, 8, 24, 4, 33, 0.042748691282689
1.60513239329347, 9, 2, 0, 7, 0.0353535353535354
1.60513239329345, 14, 2, 0, 9, 0.0618686868686869
1.60500000000002, 10, 1, 0, 12, 0.132575757575758
1.60499999999999, 10, 1, 0, 12, 0.132575757575758
1.59913889694877, 10, 19, 4, 53, 0.0751545691169847
1.59033333333332, 14, 1, 0, 5, 0.0184343434343434
1.58500000000001, 11, 1, 0, 14, 0.217171717171717
1.58499999999998, 11, 1, 0, 14, 0.217171717171717
1.5817978695143, 10, 2, 4, 80, 0.244079764845808
1.58025000000001, 13, 1, 4, 93, 0.471038215796977
1.58000000000001, 11, 1, 0, 3, 0.00795454545454546
1.57999999999998, 11, 1, 0, 3, 0.00795454545454546
1.57616623488762, 10, 3, 0, 5, 0.0184343434343434
1.57550000000001, 11, 1, 0, 2, 0.00416666666666667
1.5749660449266, 8, 11, 0, 7, 0.0353535353535354
1.57383781749881, 9, 19, 4, 11, 0.00893715698736393
1.56970454545467, 9, 16, 0, 7, 0.0353535353535354
1.56488888888887, 10, 1, 0, 10, 0.0808080808080808
1.56200000000001, 10, 1, 0, 5, 0.0184343434343434
1.55910022128138, 12, 6, 1, 7, 0.184684684684685
1.55688273589674, 9, 3, 4, 83, 0.284343083536879
1.55595897546605, 8, 3, 0, 3, 0.00795454545454546
1.54856385079856, 7, 2, 0, 6, 0.026010101010101
1.54288690447479, 9, 5, 0, 5, 0.0184343434343434
1.54253558170739, 8, 3, 0, 19, 0.70959595959596
1.53088618126889, 10, 2, 0, 12, 0.132575757575758
1.53088618126889, 10, 2, 0, 12, 0.132575757575758
1.52500000000001, 10, 1, 0, 14, 0.217171717171717
1.52499999999998, 10, 1, 0, 14, 0.217171717171717
1.52027957955106, 10, 2, 0, 12, 0.132575757575758
1.52027957955106, 10, 2, 0, 12, 0.132575757575758
1.52000447550511, 8, 5, 2, 1, 0.0454545454545454
1.51556553434316, 13, 2, 4, 82, 0.274718983341981
1.49623794899072, 10, 2, 4, 12, 0.0115508595340253
1.49623794899072, 10, 2, 4, 12, 0.0115508595340253
1.49500000000003, 11, 1, 0, 6, 0.026010101010101
1.49482373542834, 9, 2, 4, 14, 0.0167757737040485
1.4946443768781, 12, 3, 4, 86, 0.339097714835584
1.48871428571422, 10, 4, 4, 96, 0.578309095069458
1.48333333333332, 10, 1, 0, 6, 0.026010101010101
1.48099999999999, 9, 1, 2, 5, 0.863636363636364
1.48068159980463, 11, 2, 3, 3, 0.800505050505051
1.48021019528386, 11, 2, 0, 4, 0.0126262626262626
1.4786, 9, 1, 0, 7, 0.0353535353535354
1.47666666666667, 9, 1, 0, 3, 0.00795454545454546
1.47499999999999, 12, 1, 0, 7, 0.0353535353535354
1.47499999999999, 12, 1, 0, 7, 0.0353535353535354
1.47313912747198, 13, 2, 0, 4, 0.0126262626262626
1.46902881672718, 10, 11, 1, 5, 0.141891891891892
1.462, 11, 1, 4, 98, 0.624936765886549
1.462, 11, 1, 4, 98, 0.624936765886549
1.4576, 11, 1, 4, 73, 0.179360578437554
1.45758277828588, 12, 2, 4, 38, 0.0506681897441603
1.45665472916544, 7, 3, 4, 1, 0.000100050649348366
1.45519999999999, 12, 1, 4, 98, 0.624936765886549
1.45419999999999, 10, 1, 3, 3, 0.800505050505051
1.44500000000001, 12, 1, 0, 4, 0.0126262626262626
1.44499999999999, 12, 1, 0, 4, 0.0126262626262626
1.44, 11, 1, 0, 15, 0.275252525252525
1.44, 11, 1, 0, 15, 0.275252525252525
1.44, 11, 1, 0, 18, 0.558080808080808
1.44, 11, 1, 0, 18, 0.558080808080808
1.42646755794779, 12, 3, 0, 8, 0.0467171717171717
1.422, 10, 1, 4, 14, 0.0167757737040485
1.422, 10, 1, 4, 14, 0.0167757737040485
1.42000000000002, 10, 4, 0, 11, 0.103535353535354
1.41279934881072, 10, 2, 2, 5, 0.863636363636364
1.41000000000001, 10, 1, 0, 14, 0.217171717171717
1.41, 10, 1, 0, 14, 0.217171717171717
1.40904226410737, 13, 5, 0, 12, 0.132575757575758
1.40648801120998, 10, 12, 1, 5, 0.141891891891892
1.39646596360242, 12, 3, 0, 16, 0.351010101010101
1.38448594551675, 10, 3, 0, 11, 0.103535353535354
1.38448594551673, 10, 3, 0, 11, 0.103535353535354
1.384, 12, 1, 2, 3, 0.363636363636364
1.3797228057959, 9, 3, 3, 3, 0.800505050505051
1.37953722892366, 11, 3, 1, 6, 0.164414414414414
1.37766666666666, 9, 1, 4, 27, 0.0352394625411507
1.37755774228644, 10, 3, 3, 3, 0.800505050505051
1.37720830749102, 11, 2, 4, 58, 0.081739484313027
1.37376372623174, 9, 3, 4, 79, 0.228732574440079
1.36499999999998, 11, 1, 1, 2, 0.0788288288288288
1.36369581861726, 11, 7, 4, 45, 0.0660434784542375
1.36336348788657, 13, 17, 1, 6, 0.164414414414414
1.36208050786927, 11, 2, 0, 12, 0.132575757575758
1.36, 12, 1, 0, 8, 0.0467171717171717
1.35999999999999, 12, 1, 0, 8, 0.0467171717171717
1.35976634022175, 11, 2, 0, 11, 0.103535353535354
1.35976634022171, 11, 2, 0, 11, 0.103535353535354
1.35293097467026, 11, 2, 0, 7, 0.0353535353535354
1.3408954305074, 8, 5, 4, 75, 0.204510284651682
1.34017431235641, 7, 3, 4, 15, 0.0180125300509641
1.33699750186753, 13, 2, 3, 3, 0.800505050505051
1.33675, 11, 1, 4, 22, 0.0286232599694077
1.33666666666664, 7, 1, 3, 2, 0.400252525252525
1.33614135091719, 14, 12, 4, 35, 0.0452335812040479
1.336, 12, 1, 4, 78, 0.219710950157435
1.33473476016774, 10, 2, 3, 2, 0.400252525252525
1.33360338931783, 11, 2, 1, 20, 0.560810810810811
1.33360338931783, 11, 2, 1, 20, 0.560810810810811
1.32600000000001, 11, 1, 4, 57, 0.0798737051896258
1.32346819212082, 11, 2, 3, 2, 0.400252525252525
1.32074999999999, 9, 1, 2, 3, 0.363636363636364
1.3176666666667, 9, 4, 1, 11, 0.272522522522523
1.30036937060206, 9, 2, 4, 91, 0.438747575486957
1.30036937060204, 9, 2, 4, 91, 0.438747575486957
1.291, 7, 1, 4, 14, 0.0167757737040485
1.291, 7, 1, 4, 14, 0.0167757737040485
1.29000000000002, 13, 1, 0, 5, 0.0184343434343434
1.28693434175953, 10, 2, 4, 31, 0.0395255744388036
1.28666666666666, 11, 1, 0, 11, 0.103535353535354
1.28500000000001, 13, 1, 0, 6, 0.026010101010101
1.285, 13, 1, 0, 6, 0.026010101010101
1.285, 13, 1, 0, 6, 0.026010101010101
1.285, 13, 1, 0, 6, 0.026010101010101
1.28482085529787, 9, 3, 3, 3, 0.800505050505051
1.28440000000001, 11, 1, 0, 3, 0.00795454545454546
1.2775062513437, 10, 2, 0, 15, 0.275252525252525
1.2701705922172, 9, 3, 0, 15, 0.275252525252525
1.27017059221718, 9, 3, 0, 15, 0.275252525252525
1.26266666666668, 10, 1, 4, 37, 0.0486682110506046
1.26204418306176, 10, 2, 4, 60, 0.0833233322906506
1.25903772779061, 9, 6, 4, 55, 0.0776266165618163
1.255, 9, 1, 0, 5, 0.0184343434343434
1.255, 9, 1, 0, 5, 0.0184343434343434
1.25285008414148, 11, 3, 0, 6, 0.026010101010101
1.2525, 10, 1, 0, 4, 0.0126262626262626
1.25150000000001, 10, 1, 2, 5, 0.863636363636364
1.25149999999999, 10, 1, 2, 5, 0.863636363636364
1.24922198009622, 7, 2, 0, 3, 0.00795454545454546
1.24780776653386, 10, 2, 4, 51, 0.0718603446010522
1.24333333333333, 9, 1, 0, 2, 0.00416666666666667
1.24258864505364, 12, 2, 0, 5, 0.0184343434343434
1.23786113114516, 10, 2, 2, 1, 0.0454545454545454
1.2378333333333, 11, 4, 1, 2, 0.0788288288288288
1.23535714285714, 12, 4, 0, 8, 0.0467171717171717
1.23133333333331, 14, 1, 4, 70, 0.136274845408473
1.23086208128782, 8, 11, 4, 18, 0.0200336255683399
1.23000000000002, 11, 1, 0, 5, 0.0184343434343434
1.23, 11, 1, 0, 14, 0.217171717171717
1.22999999999999, 11, 1, 0, 5, 0.0184343434343434
1.22999999999999, 11, 1, 0, 14, 0.217171717171717
1.2261666666667, 10, 4, 4, 41, 0.0589841673467433
1.22329473145274, 13, 2, 0, 4, 0.0126262626262626
1.22282787014363, 6, 3, 4, 104, 0.952055328905477
1.22266666666667, 12, 1, 3, 3, 0.800505050505051
1.22117341110919, 9, 2, 2, 5, 0.863636363636364
1.221, 13, 1, 0, 12, 0.132575757575758
1.21268812973495, 12, 2, 3, 3, 0.800505050505051
1.21268812973491, 12, 2, 3, 3, 0.800505050505051
1.21266666666665, 11, 1, 3, 1, 0.0997474747474748
1.21000000000001, 14, 1, 0, 10, 0.0808080808080808
1.20597061531366, 12, 2, 2, 5, 0.863636363636364
1.20597061531366, 12, 2, 2, 5, 0.863636363636364
1.20500000000001, 11, 1, 0, 6, 0.026010101010101
1.205, 11, 1, 0, 6, 0.026010101010101
1.20400000000001, 12, 1, 4, 70, 0.136274845408473
1.20399999999999, 7, 1, 0, 1, 0.00126262626262626
1.20340000000002, 11, 1, 3, 2, 0.400252525252525
1.2, 7, 1, 4, 22, 0.0286232599694077
1.19925310089238, 10, 2, 4, 86, 0.339097714835584
1.19791712658969, 11, 6, 0, 5, 0.0184343434343434
1.1973674828092, 11, 2, 0, 5, 0.0184343434343434
1.1947142857143, 11, 4, 1, 6, 0.164414414414414
1.18971428571433, 9, 4, 4, 79, 0.228732574440079
1.185, 12, 1, 0, 5, 0.0184343434343434
1.185, 12, 1, 0, 5, 0.0184343434343434
1.18000000000001, 13, 1, 0, 3, 0.00795454545454546
1.17999999999998, 13, 1, 0, 3, 0.00795454545454546
1.17878050213865, 10, 5, 4, 93, 0.471038215796977
1.17489400303493, 8, 5, 0, 10, 0.0808080808080808
1.1665, 11, 1, 2, 5, 0.863636363636364
1.1665, 11, 1, 2, 5, 0.863636363636364
1.15666666666668, 7, 1, 1, 23, 0.698198198198198
1.15483333333333, 6, 4, 0, 14, 0.217171717171717
1.15400000000001, 8, 1, 3, 2, 0.400252525252525
1.15266666666668, 9, 4, 3, 3, 0.800505050505051
1.15258405333407, 10, 2, 0, 10, 0.0808080808080808
1.14500000000001, 11, 1, 0, 3, 0.00795454545454546
1.145, 11, 1, 0, 3, 0.00795454545454546
1.14430823353385, 10, 3, 2, 5, 0.863636363636364
1.14430823353382, 10, 3, 2, 5, 0.863636363636364
1.14379999999997, 10, 4, 4, 67, 0.0942557274601005
1.1425, 7, 1, 4, 92, 0.455244555401909
1.1425, 7, 1, 4, 92, 0.455244555401909
1.14, 12, 1, 0, 17, 0.444444444444444
1.14, 12, 1, 0, 17, 0.444444444444444
1.13185695442888, 8, 5, 3, 3, 0.800505050505051
1.1318, 17, 1, 2, 5, 0.863636363636364
1.12970000000001, 9, 4, 4, 20, 0.0246350245742943
1.12453548434702, 14, 2, 0, 5, 0.0184343434343434
1.12, 13, 1, 0, 5, 0.0184343434343434
1.12, 13, 1, 0, 5, 0.0184343434343434
1.11616666666666, 11, 1, 0, 8, 0.0467171717171717
1.1161624079108, 11, 12, 0, 11, 0.103535353535354
1.11496597257498, 13, 2, 3, 3, 0.800505050505051
1.11239144011874, 10, 7, 0, 8, 0.0467171717171717
1.10819528964889, 12, 5, 1, 9, 0.227477477477477
1.105, 10, 1, 4, 99, 0.6623678444522
1.105, 10, 1, 4, 99, 0.6623678444522
1.09999999999999, 12, 1, 3, 2, 0.400252525252525
1.09999999999999, 12, 1, 3, 2, 0.400252525252525
1.09964983777304, 10, 7, 3, 3, 0.800505050505051
1.09733333333332, 8, 1, 4, 78, 0.219710950157435
1.09500000000001, 8, 1, 0, 6, 0.026010101010101
1.09225000000001, 11, 4, 1, 9, 0.227477477477477
1.09225000000001, 11, 4, 1, 9, 0.227477477477477
1.09176198818375, 10, 10, 4, 68, 0.0971476980300399
1.0916538889837, 13, 3, 3, 3, 0.800505050505051
1.08980636812228, 10, 3, 3, 2, 0.400252525252525
1.08730000000003, 12, 4, 0, 5, 0.0184343434343434
1.08666666666667, 9, 1, 0, 9, 0.0618686868686869
1.08533333333334, 11, 1, 4, 52, 0.0736969911266934
1.08366666666667, 10, 1, 3, 1, 0.0997474747474748
1.08233333333334, 11, 1, 1, 5, 0.141891891891892
1.08, 7, 1, 4, 103, 0.865041948010276
1.07666666666665, 16, 1, 0, 6, 0.026010101010101
1.075, 8, 1, 0, 15, 0.275252525252525
1.075, 8, 1, 0, 15, 0.275252525252525
1.07000000000001, 6, 1, 0, 7, 0.0353535353535354
1.06878787878794, 11, 9, 4, 66, 0.0931101613156405
1.06766666666667, 10, 1, 4, 41, 0.0589841673467433
1.06557142857142, 10, 1, 4, 19, 0.0217556379075293
1.06, 12, 1, 0, 8, 0.0467171717171717
1.06, 12, 1, 0, 2, 0.00416666666666667
1.06, 12, 1, 0, 2, 0.00416666666666667
1.05999999999997, 12, 1, 0, 8, 0.0467171717171717
1.05712463787385, 11, 2, 0, 6, 0.026010101010101
1.0564175310927, 13, 2, 0, 9, 0.0618686868686869
1.05633333333334, 11, 1, 4, 86, 0.339097714835584
1.05466666666668, 9, 1, 4, 26, 0.0338774705003143
1.05077748992512, 10, 3, 4, 31, 0.0395255744388036
1.04934646328084, 11, 2, 4, 19, 0.0217556379075293
1.04934646328084, 11, 2, 4, 19, 0.0217556379075293
1.04887505876006, 10, 2, 0, 6, 0.026010101010101
1.04700156266471, 13, 5, 0, 11, 0.103535353535354
1.04659170047348, 10, 3, 3, 2, 0.400252525252525
1.04651803615608, 11, 2, 4, 83, 0.284343083536879
1.04416101355213, 9, 2, 0, 3, 0.00795454545454546
1.04333333333334, 12, 1, 0, 6, 0.026010101010101
1.04185113140024, 10, 2, 0, 12, 0.132575757575758
1.03900000000002, 13, 1, 4, 68, 0.0971476980300399
1.03899999999999, 13, 1, 4, 68, 0.0971476980300399
1.03500000000001, 12, 1, 0, 6, 0.026010101010101
1.03500000000001, 13, 1, 0, 3, 0.00795454545454546
1.035, 12, 1, 0, 6, 0.026010101010101
1.035, 13, 1, 0, 3, 0.00795454545454546
1.03323930968312, 8, 6, 3, 3, 0.800505050505051
1.03100000000001, 12, 1, 0, 7, 0.0353535353535354
1.0305, 7, 1, 4, 12, 0.0115508595340253
1.03045476044964, 10, 3, 4, 60, 0.0833233322906506
1.02999288023437, 14, 3, 0, 7, 0.0353535353535354
1.02960376656218, 11, 26, 0, 5, 0.0184343434343434
1.02742615306408, 10, 2, 2, 5, 0.863636363636364
1.02733333333333, 10, 1, 4, 14, 0.0167757737040485
1.021, 10, 1, 0, 18, 0.558080808080808
1.02000000000001, 11, 1, 0, 3, 0.00795454545454546
1.02, 11, 1, 0, 3, 0.00795454545454546
1.01933333333335, 10, 1, 4, 37, 0.0486682110506046
1.0145, 13, 1, 3, 1, 0.0997474747474748
1.01449999999998, 13, 1, 3, 1, 0.0997474747474748
1.012, 13, 1, 1, 6, 0.164414414414414
1.01133333333334, 9, 1, 4, 39, 0.051987603372886
1.01100000000001, 11, 1, 3, 1, 0.0997474747474748
1.011, 11, 1, 3, 1, 0.0997474747474748
1.01076099293178, 10, 7, 0, 11, 0.103535353535354
1.01070938124336, 10, 3, 2, 1, 0.0454545454545454
1.01000000000002, 13, 1, 0, 9, 0.0618686868686869
1.00750000000001, 9, 1, 4, 13, 0.0149040473935306
1.00749999999999, 9, 1, 4, 13, 0.0149040473935306
1.00550584284727, 12, 2, 4, 74, 0.194361280550399
1.00550584284725, 12, 2, 4, 74, 0.194361280550399
1.00500000000001, 11, 1, 0, 18, 0.558080808080808
1.005, 11, 1, 0, 18, 0.558080808080808
0.99976728862567, 9, 20, 0, 4, 0.0126262626262626
0.997372590025082, 9, 3, 3, 3, 0.800505050505051
0.995217955085662, 9, 5, 3, 3, 0.800505050505051
0.995000000000005, 14, 1, 0, 3, 0.00795454545454546
0.99499999999999, 14, 1, 0, 3, 0.00795454545454546
0.990000000000009, 10, 1, 0, 1, 0.00126262626262626
0.990000000000009, 9, 1, 0, 5, 0.0184343434343434
0.990000000000009, 9, 1, 0, 5, 0.0184343434343434
0.989999999999995, 13, 1, 0, 5, 0.0184343434343434
0.989999999999995, 13, 1, 0, 5, 0.0184343434343434
0.985833333333346, 10, 4, 0, 16, 0.351010101010101
0.984999999999999, 11, 1, 0, 8, 0.0467171717171717
0.984999999999999, 11, 1, 0, 8, 0.0467171717171717
0.983333333333334, 14, 1, 0, 5, 0.0184343434343434
0.981999999999999, 15, 1, 4, 57, 0.0798737051896258
0.979000000000013, 11, 1, 4, 25, 0.0319165363830463
0.978635785162192, 12, 2, 2, 3, 0.363636363636364
0.97750000000002, 10, 1, 3, 3, 0.800505050505051
0.977499999999992, 10, 1, 3, 3, 0.800505050505051
0.974157442214689, 9, 2, 4, 27, 0.0352394625411507
0.971333333333334, 10, 1, 3, 2, 0.400252525252525
0.969447368421015, 10, 16, 4, 49, 0.0692091058226616
0.960000000000008, 13, 1, 0, 7, 0.0353535353535354
0.960000000000008, 12, 1, 0, 5, 0.0184343434343434
0.960000000000008, 12, 1, 0, 5, 0.0184343434343434
0.95999999999998, 13, 1, 0, 7, 0.0353535353535354
0.955102302459364, 12, 3, 3, 3, 0.800505050505051
0.951506662577083, 10, 7, 2, 5, 0.863636363636364
0.949333333333357, 9, 1, 4, 23, 0.0296164402178925
0.947666666666677, 11, 1, 3, 3, 0.800505050505051
0.945755319836991, 13, 2, 1, 16, 0.414414414414414
0.945755319836991, 13, 2, 1, 16, 0.414414414414414
0.945166064186043, 7, 2, 3, 2, 0.400252525252525
0.94250000000001, 10, 1, 4, 82, 0.274718983341981
0.942499999999995, 10, 1, 4, 82, 0.274718983341981
0.93950000000001, 11, 1, 3, 1, 0.0997474747474748
0.939499999999995, 11, 1, 3, 1, 0.0997474747474748
0.938500000000005, 8, 1, 1, 3, 0.105855855855856
0.938499999999991, 8, 1, 1, 3, 0.105855855855856
0.937623591853357, 11, 2, 4, 57, 0.0798737051896258
0.936000000000007, 12, 1, 4, 76, 0.20691329301129
0.935999999999993, 12, 1, 4, 76, 0.20691329301129
0.931000000000012, 13, 1, 4, 7, 0.00691788872168195
0.930999999999983, 13, 1, 4, 7, 0.00691788872168195
0.930333333333323, 10, 1, 4, 62, 0.0856939327900282
0.930000000000007, 15, 1, 0, 3, 0.00795454545454546
0.930000000000007, 10, 1, 0, 12, 0.132575757575758
0.929999999999993, 15, 1, 0, 3, 0.00795454545454546
0.929999999999993, 10, 1, 0, 12, 0.132575757575758
0.92722285466987, 11, 5, 3, 3, 0.800505050505051
0.925000000000011, 12, 1, 0, 7, 0.0353535353535354
0.924999999999983, 12, 1, 0, 7, 0.0353535353535354
0.924895669791999, 9, 2, 3, 3, 0.800505050505051
0.916666666666657, 11, 1, 0, 9, 0.0618686868686869
0.91570328163659, 11, 2, 0, 8, 0.0467171717171717
0.91570328163655, 11, 2, 0, 8, 0.0467171717171717
0.912357762886894, 13, 3, 4, 93, 0.471038215796977
0.910666666666671, 11, 1, 4, 50, 0.0708643200456854
0.910365904458197, 13, 3, 3, 3, 0.800505050505051
0.909810725126688, 11, 2, 0, 11, 0.103535353535354
0.90961534910825, 11, 3, 0, 2, 0.00416666666666667
0.905000000000001, 11, 1, 0, 14, 0.217171717171717
0.905000000000001, 11, 1, 0, 14, 0.217171717171717
0.903700000000015, 8, 4, 4, 102, 0.786411515216059
0.902500000000003, 13, 1, 3, 3, 0.800505050505051
0.902500000000003, 13, 1, 3, 3, 0.800505050505051
0.900400000000019, 14, 1, 0, 10, 0.0808080808080808
0.892499999999984, 9, 1, 3, 3, 0.800505050505051
0.891999999999939, 14, 4, 0, 7, 0.0353535353535354
0.889999999999986, 11, 1, 0, 14, 0.217171717171717
0.887381388352883, 10, 11, 0, 8, 0.0467171717171717
0.886999999999972, 9, 4, 4, 22, 0.0286232599694077
0.885333333333335, 11, 1, 2, 2, 0.181818181818182
0.885000000000019, 14, 1, 0, 9, 0.0618686868686869
0.884999999999991, 14, 1, 0, 9, 0.0618686868686869
0.884999999999991, 14, 1, 0, 6, 0.026010101010101
0.881943775492132, 8, 3, 0, 14, 0.217171717171717
0.881749999999997, 11, 1, 1, 4, 0.128378378378378
0.88066666666667, 13, 1, 0, 6, 0.026010101010101
0.879169431275278, 9, 2, 0, 2, 0.00416666666666667
0.877499999999998, 7, 1, 4, 92, 0.455244555401909
0.877499999999998, 7, 1, 4, 92, 0.455244555401909
0.876999999999995, 10, 1, 3, 1, 0.0997474747474748
0.870684149901039, 14, 2, 4, 70, 0.136274845408473
0.869034234078276, 12, 2, 2, 5, 0.863636363636364
0.869034234078256, 12, 2, 2, 5, 0.863636363636364
0.864555891130754, 12, 2, 3, 3, 0.800505050505051
0.864084486609987, 12, 2, 2, 5, 0.863636363636364
0.863499999999988, 9, 4, 2, 5, 0.863636363636364
0.862561302169309, 13, 3, 0, 9, 0.0618686868686869
0.860250000000008, 10, 1, 4, 93, 0.471038215796977
0.860000000000014, 11, 1, 0, 14, 0.217171717171717
0.859999999999985, 11, 1, 0, 14, 0.217171717171717
0.858000000000004, 12, 1, 4, 98, 0.624936765886549
0.858000000000004, 12, 1, 4, 98, 0.624936765886549
0.857484823318895, 11, 2, 3, 1, 0.0997474747474748
0.855599205235708, 14, 2, 0, 10, 0.0808080808080808
0.855055748669816, 9, 3, 2, 5, 0.863636363636364
0.854500000000002, 8, 1, 3, 2, 0.400252525252525
0.854500000000002, 8, 1, 3, 2, 0.400252525252525
0.854478398400657, 11, 3, 4, 83, 0.284343083536879
0.854466792851836, 7, 45, 4, 25, 0.0319165363830463
0.854250000000008, 12, 1, 3, 2, 0.400252525252525
0.853666666666655, 13, 1, 2, 5, 0.863636363636364
0.851499999999987, 13, 1, 4, 70, 0.136274845408473
0.851499999999987, 13, 1, 4, 70, 0.136274845408473
0.850667886624002, 10, 3, 0, 12, 0.132575757575758
0.848528137423849, 7, 2, 4, 22, 0.0286232599694077
0.847500000000011, 10, 1, 4, 32, 0.0409687585124503
0.847499999999997, 10, 1, 4, 32, 0.0409687585124503
0.846666666666664, 10, 1, 4, 29, 0.0366148142052202
0.838889941132536, 10, 3, 2, 5, 0.863636363636364
0.838089823880787, 7, 10, 4, 12, 0.0115508595340253
0.835000000000008, 11, 1, 3, 1, 0.0997474747474748
0.834999999999994, 11, 1, 3, 1, 0.0997474747474748
0.832999999999998, 13, 1, 4, 35, 0.0452335812040479
0.832666666666697, 11, 1, 0, 8, 0.0467171717171717
0.830000000000013, 10, 1, 0, 11, 0.103535353535354
0.829999999999984, 10, 1, 0, 11, 0.103535353535354
0.827142857142917, 12, 4, 3, 3, 0.800505050505051
0.825500000000005, 12, 1, 4, 56, 0.078725036164931
0.825500000000005, 12, 1, 4, 56, 0.078725036164931
0.824289192105677, 9, 5, 4, 58, 0.081739484313027
0.81788684357242, 7, 2, 1, 23, 0.698198198198198
0.817799999999991, 13, 1, 4, 76, 0.20691329301129
0.816001225489253, 8, 2, 3, 2, 0.400252525252525
0.814999999999998, 10, 1, 0, 8, 0.0467171717171717
0.814999999999998, 10, 1, 0, 8, 0.0467171717171717
0.814999999999998, 10, 1, 0, 12, 0.132575757575758
0.814999999999998, 10, 1, 0, 12, 0.132575757575758
0.814666666666653, 5, 1, 0, 18, 0.558080808080808
0.812000000000012, 9, 1, 4, 19, 0.0217556379075293
0.811999999999983, 9, 1, 4, 19, 0.0217556379075293
0.811499999999995, 8, 1, 3, 1, 0.0997474747474748
0.810000000000002, 11, 1, 0, 10, 0.0808080808080808
0.810000000000002, 10, 1, 4, 12, 0.0115508595340253
0.810000000000002, 9, 1, 0, 11, 0.103535353535354
0.809999999999988, 11, 1, 0, 10, 0.0808080808080808
0.809500000000014, 11, 1, 3, 3, 0.800505050505051
0.8095, 11, 1, 3, 3, 0.800505050505051
0.809199999999976, 9, 4, 4, 5, 0.00604237658698964
0.808750000000003, 12, 1, 3, 1, 0.0997474747474748
0.807500000000005, 11, 1, 0, 10, 0.0808080808080808
0.806549719484161, 9, 5, 1, 3, 0.105855855855856
0.802998317457511, 8, 8, 3, 1, 0.0997474747474748
0.8006666666667, 12, 4, 2, 1, 0.0454545454545454
0.799999999999997, 12, 1, 0, 4, 0.0126262626262626
0.799999999999997, 12, 1, 0, 4, 0.0126262626262626
0.799499999999995, 9, 1, 4, 77, 0.212750155497395
0.799499999999995, 9, 1, 4, 77, 0.212750155497395
0.799030662740755, 13, 2, 1, 21, 0.56981981981982
0.798533656147265, 10, 6, 1, 6, 0.164414414414414
0.797333333333313, 15, 1, 2, 5, 0.863636363636364
0.796999999999997, 12, 1, 3, 3, 0.800505050505051
0.796999999999997, 12, 1, 3, 3, 0.800505050505051
0.791500000000042, 8, 4, 0, 14, 0.217171717171717
0.791499999999928, 8, 4, 0, 14, 0.217171717171717
0.788000000000011, 7, 1, 4, 9, 0.0079337803296631
0.788000000000011, 11, 1, 3, 1, 0.0997474747474748
0.787999999999997, 7, 1, 4, 9, 0.0079337803296631
0.787999999999997, 11, 1, 3, 1, 0.0997474747474748
0.787499999999994, 12, 1, 3, 3, 0.800505050505051
0.787499999999994, 12, 1, 3, 3, 0.800505050505051
0.786000000000001, 8, 1, 3, 1, 0.0997474747474748
0.785882062606458, 12, 5, 0, 5, 0.0184343434343434
0.781000000000006, 13, 1, 1, 21, 0.56981981981982
0.781000000000006, 10, 4, 0, 5, 0.0184343434343434
0.780999999999977, 13, 1, 1, 21, 0.56981981981982
0.780000000000001, 13, 1, 0, 3, 0.00795454545454546
0.780000000000001, 13, 1, 0, 3, 0.00795454545454546
0.780000000000001, 11, 1, 3, 2, 0.400252525252525
0.779999999999987, 11, 1, 3, 2, 0.400252525252525
0.776536112060079, 10, 3, 2, 5, 0.863636363636364
0.77653611206003, 10, 3, 2, 5, 0.863636363636364
0.775931841222032, 8, 2, 4, 78, 0.219710950157435
0.774281925399269, 8, 2, 0, 6, 0.026010101010101
0.771772972339229, 11, 3, 4, 22, 0.0286232599694077
0.771767767955013, 11, 2, 0, 6, 0.026010101010101
0.769207384259946, 11, 5, 1, 2, 0.0788288288288288
0.768741883426006, 12, 3, 0, 9, 0.0618686868686869
0.768741883425982, 12, 3, 0, 9, 0.0618686868686869
0.768389368889366, 9, 2, 0, 9, 0.0618686868686869
0.767446559847793, 11, 2, 4, 52, 0.0736969911266934
0.766268048545816, 10, 2, 3, 1, 0.0997474747474748
0.765325239504243, 11, 2, 1, 5, 0.141891891891892
0.763785714285717, 8, 4, 0, 14, 0.217171717171717
0.76367532368148, 7, 2, 4, 103, 0.865041948010276
0.762535368032209, 9, 3, 2, 3, 0.363636363636364
0.761318301077507, 16, 2, 0, 6, 0.026010101010101
0.757452784007013, 13, 2, 3, 1, 0.0997474747474748
0.756666666666661, 10, 1, 0, 8, 0.0467171717171717
0.755174152100043, 9, 3, 3, 3, 0.800505050505051
0.754954340046818, 10, 2, 4, 41, 0.0589841673467433
0.75333333333333, 12, 1, 0, 10, 0.0808080808080808
0.746940463193386, 11, 2, 4, 86, 0.339097714835584
0.74666666666667, 12, 1, 0, 2, 0.00416666666666667
0.745761951891409, 9, 2, 4, 26, 0.0338774705003143
0.74478184725458, 13, 3, 0, 5, 0.0184343434343434
0.742500000000007, 14, 1, 4, 24, 0.0306244453386102
0.742500000000007, 14, 1, 4, 24, 0.0306244453386102
0.740000000000009, 9, 1, 3, 3, 0.800505050505051
0.740000000000009, 13, 1, 0, 6, 0.026010101010101
0.739999999999995, 13, 1, 0, 6, 0.026010101010101
0.739999999999995, 13, 1, 2, 4, 0.590909090909091
0.739999999999981, 9, 1, 3, 3, 0.800505050505051
0.738623540576578, 11, 2, 3, 1, 0.0997474747474748
0.735391052434004, 12, 2, 0, 6, 0.026010101010101
0.732397433092186, 8, 6, 4, 11, 0.00893715698736393
0.731250000000017, 10, 1, 4, 26, 0.0338774705003143
0.728800000000007, 11, 4, 4, 73, 0.179360578437554
0.727600000000024, 12, 4, 4, 98, 0.624936765886549
0.727100000000007, 10, 4, 3, 3, 0.800505050505051
0.726434366538978, 10, 2, 4, 14, 0.0167757737040485
0.725000000000023, 11, 1, 4, 14, 0.0167757737040485
0.724999999999994, 11, 1, 4, 14, 0.0167757737040485
0.723131212160038, 10, 3, 0, 4, 0.0126262626262626
0.721999999999994, 8, 1, 4, 90, 0.412079181780135
0.721956023591456, 10, 2, 0, 18, 0.558080808080808
0.720777512289479, 10, 2, 4, 37, 0.0486682110506046
0.717500000000001, 7, 1, 4, 13, 0.0149040473935306
0.717500000000001, 7, 1, 4, 13, 0.0149040473935306
0.717200000000005, 6, 1, 4, 96, 0.578309095069458
0.715592062560786, 13, 2, 1, 6, 0.164414414414414
0.715192683708373, 10, 6, 1, 10, 0.240990990990991
0.71512065803998, 9, 2, 4, 39, 0.051987603372886
0.714177848998387, 13, 2, 0, 9, 0.0618686868686869
0.710000000000008, 11, 1, 0, 1, 0.00126262626262626
0.710000000000008, 10, 1, 0, 11, 0.103535353535354
0.709999999999994, 11, 1, 0, 1, 0.00126262626262626
0.709999999999994, 10, 1, 0, 11, 0.103535353535354
0.705522028949711, 12, 3, 2, 5, 0.863636363636364
0.704999999999998, 10, 1, 0, 8, 0.0467171717171717
0.704999999999998, 10, 1, 0, 8, 0.0467171717171717
0.704944678680502, 13, 3, 0, 12, 0.132575757575758
0.700035713374648, 10, 2, 0, 1, 0.00126262626262626
0.699999999999989, 11, 1, 0, 3, 0.00795454545454546
0.699999999999989, 11, 1, 0, 3, 0.00795454545454546
0.699999999999989, 8, 1, 0, 15, 0.275252525252525
0.699999999999989, 8, 1, 0, 15, 0.275252525252525
0.698215004493569, 10, 13, 2, 5, 0.863636363636364
0.697089435119707, 10, 8, 0, 16, 0.351010101010101
0.695321668166782, 14, 2, 0, 5, 0.0184343434343434
0.695129724104322, 12, 3, 4, 70, 0.136274845408473
0.692257538781619, 11, 2, 4, 25, 0.0319165363830463
0.686836386792523, 10, 2, 3, 2, 0.400252525252525
0.686000000000007, 12, 1, 4, 45, 0.0660434784542375
0.685999999999993, 12, 1, 4, 45, 0.0660434784542375
0.68549999999999, 12, 1, 4, 28, 0.0358931359772792
0.68549999999999, 12, 1, 4, 28, 0.0358931359772792
0.685000000000002, 14, 1, 1, 2, 0.0788288288288288
0.685000000000002, 11, 1, 0, 5, 0.0184343434343434
0.685000000000002, 11, 1, 0, 5, 0.0184343434343434
0.684999999999988, 14, 1, 1, 2, 0.0788288288288288
0.684333333333342, 15, 1, 0, 16, 0.351010101010101
0.677999999999997, 10, 1, 4, 7, 0.00691788872168195
0.674579869251972, 13, 2, 4, 59, 0.0828015312645006
0.671280037606405, 9, 2, 4, 23, 0.0296164402178925
0.670101526304449, 11, 2, 3, 3, 0.800505050505051
0.66926026478617, 12, 24, 1, 9, 0.227477477477477
0.66465052578672, 10, 7, 1, 1, 0.0337837837837838
0.658500000000004, 11, 1, 3, 3, 0.800505050505051
0.658500000000004, 11, 1, 3, 3, 0.800505050505051
0.657845008763897, 10, 2, 4, 62, 0.0856939327900282
0.656666666666666, 13, 1, 0, 8, 0.0467171717171717
0.651500000000013, 12, 1, 0, 12, 0.132575757575758
0.651499999999999, 12, 1, 0, 12, 0.132575757575758
0.650000000000006, 12, 1, 4, 20, 0.0246350245742943
0.649999999999991, 12, 1, 4, 20, 0.0246350245742943
0.648181216087682, 11, 2, 0, 9, 0.0618686868686869
0.644000000000005, 11, 1, 3, 1, 0.0997474747474748
0.643999999999991, 11, 1, 3, 1, 0.0997474747474748
0.643938575400542, 11, 2, 4, 50, 0.0708643200456854
0.642200000000003, 11, 4, 0, 3, 0.00795454545454546
0.642090909090939, 11, 9, 0, 12, 0.132575757575758
0.640000000000001, 14, 1, 0, 8, 0.0467171717171717
0.640000000000001, 14, 1, 0, 8, 0.0467171717171717
0.637, 13, 1, 3, 3, 0.800505050505051
0.637, 13, 1, 3, 3, 0.800505050505051
0.637, 12, 1, 4, 86, 0.339097714835584
0.637, 12, 1, 4, 86, 0.339097714835584
0.633333333333354, 13, 1, 0, 2, 0.00416666666666667
0.63000000000001, 7, 1, 0, 10, 0.0808080808080808
0.629999999999995, 16, 1, 0, 6, 0.026010101010101
0.629999999999995, 16, 1, 0, 6, 0.026010101010101
0.629999999999995, 7, 1, 0, 10, 0.0808080808080808
0.629325035256018, 11, 2, 0, 14, 0.217171717171717
0.626025203610491, 11, 2, 2, 2, 0.181818181818182
0.625789501350088, 14, 2, 0, 6, 0.026010101010101
0.623538290724795, 13, 3, 0, 7, 0.0353535353535354
0.623538290724795, 13, 3, 0, 7, 0.0353535353535354
0.623500000000007, 13, 1, 0, 9, 0.0618686868686869
0.622725371964925, 13, 2, 0, 6, 0.026010101010101
0.621000000000009, 12, 1, 2, 3, 0.363636363636364
0.621000000000009, 12, 1, 2, 3, 0.363636363636364
0.621000000000009, 11, 1, 3, 3, 0.800505050505051
0.620999999999995, 11, 1, 3, 3, 0.800505050505051
0.620132647100629, 10, 2, 3, 1, 0.0997474747474748
0.618457608355979, 13, 3, 3, 1, 0.0997474747474748
0.617333333333335, 13, 1, 4, 41, 0.0589841673467433
0.61399999999999, 11, 1, 1, 1, 0.0337837837837838
0.609999999999999, 12, 1, 0, 19, 0.70959595959596
0.606666666666669, 9, 1, 0, 5, 0.0184343434343434
0.605000000000004, 12, 1, 0, 10, 0.0808080808080808
0.605000000000004, 12, 1, 0, 10, 0.0808080808080808
0.60499999999999, 11, 1, 0, 1, 0.00126262626262626
0.603633488872938, 13, 2, 2, 5, 0.863636363636364
0.602000000000004, 7, 4, 0, 1, 0.00126262626262626
0.601699999999965, 11, 4, 3, 2, 0.400252525252525
0.600444279957206, 12, 3, 0, 6, 0.026010101010101
0.599999999999994, 19, 1, 0, 7, 0.0353535353535354
0.599999999999994, 19, 1, 0, 7, 0.0353535353535354
0.598683741404608, 10, 2, 4, 29, 0.0366148142052202
0.597477363587981, 12, 5, 4, 78, 0.219710950157435
0.596666666666678, 9, 1, 0, 8, 0.0467171717171717
0.595248127534499, 12, 3, 0, 7, 0.0353535353535354
0.594999999999999, 11, 1, 0, 1, 0.00126262626262626
0.594999999999999, 11, 1, 0, 1, 0.00126262626262626
0.594999999999999, 15, 1, 0, 12, 0.132575757575758
0.594999999999999, 15, 1, 0, 12, 0.132575757575758
0.594959452399895, 7, 3, 4, 12, 0.0115508595340253
0.592500000000001, 13, 1, 4, 82, 0.274718983341981
0.592500000000001, 13, 1, 4, 82, 0.274718983341981
0.588784246467969, 11, 2, 0, 8, 0.0467171717171717
0.58499999999998, 15, 1, 0, 10, 0.0808080808080808
0.579999999999998, 11, 1, 0, 1, 0.00126262626262626
0.579999999999998, 11, 1, 0, 1, 0.00126262626262626
0.579999999999984, 13, 1, 0, 2, 0.00416666666666667
0.578059793619999, 10, 2, 4, 33, 0.042748691282689
0.578059793619999, 10, 2, 4, 33, 0.042748691282689
0.576056324406671, 5, 2, 0, 18, 0.558080808080808
0.575000000000017, 15, 1, 0, 11, 0.103535353535354
0.575000000000017, 14, 1, 0, 7, 0.0353535353535354
0.575000000000017, 11, 1, 1, 8, 0.202702702702703
0.575000000000003, 14, 1, 0, 8, 0.0467171717171717
0.575000000000003, 14, 1, 0, 8, 0.0467171717171717
0.575000000000003, 13, 1, 0, 18, 0.558080808080808
0.574999999999989, 15, 1, 0, 11, 0.103535353535354
0.574999999999989, 14, 1, 0, 7, 0.0353535353535354
0.574999999999989, 11, 1, 1, 8, 0.202702702702703
0.574999999999989, 13, 1, 0, 18, 0.558080808080808
0.574000000000012, 13, 1, 4, 51, 0.0718603446010522
0.573999999999984, 13, 1, 4, 51, 0.0718603446010522
0.573322178186073, 13, 2, 1, 2, 0.0788288288288288
0.572756492761105, 10, 2, 4, 12, 0.0115508595340253
0.572756492761105, 9, 2, 0, 11, 0.103535353535354
0.566957964344229, 15, 3, 4, 57, 0.0798737051896258
0.566156829469932, 12, 8, 2, 1, 0.0454545454545454
0.565899999999999, 17, 4, 2, 5, 0.863636363636364
0.565000000000012, 12, 1, 0, 7, 0.0353535353535354
0.564999999999998, 12, 1, 0, 7, 0.0353535353535354
0.564681699917944, 10, 5, 4, 37, 0.0486682110506046
0.564271211386866, 10, 2, 4, 26, 0.0338774705003143
0.564271211386866, 10, 2, 4, 26, 0.0338774705003143
0.56379980686606, 15, 2, 2, 5, 0.863636363636364
0.562916512459915, 9, 3, 0, 15, 0.275252525252525
0.562916512459865, 9, 3, 0, 15, 0.275252525252525
0.561000000000007, 10, 1, 3, 3, 0.800505050505051
0.560999999999979, 10, 1, 3, 3, 0.800505050505051
0.560000000000002, 11, 1, 0, 9, 0.0618686868686869
0.560000000000002, 11, 1, 0, 9, 0.0618686868686869
0.557258916483223, 11, 6, 1, 2, 0.0788288288288288
0.555785930012627, 8, 2, 3, 1, 0.0997474747474748
0.553749999999994, 14, 1, 3, 2, 0.400252525252525
0.553271772568392, 10, 8, 0, 10, 0.0808080808080808
0.552000000000021, 11, 1, 3, 3, 0.800505050505051
0.551999999999993, 11, 1, 3, 3, 0.800505050505051
0.550792156806924, 13, 3, 4, 59, 0.0828015312645006
0.550503481672319, 17, 3, 1, 2, 0.0788288288288288
0.55050348167227, 17, 3, 1, 2, 0.0788288288288288
0.550000000000011, 9, 1, 0, 11, 0.103535353535354
0.549999999999997, 9, 1, 0, 11, 0.103535353535354
0.54249999999999, 15, 1, 4, 92, 0.455244555401909
0.54249999999999, 15, 1, 4, 92, 0.455244555401909
0.540229580826549, 9, 2, 1, 8, 0.202702702702703
0.537000000000006, 9, 1, 4, 17, 0.0191899869089483
0.536999999999992, 9, 1, 4, 17, 0.0191899869089483
0.536340493530015, 12, 2, 3, 1, 0.0997474747474748
0.536340493529975, 12, 2, 3, 1, 0.0997474747474748
0.535044131097837, 10, 2, 0, 8, 0.0467171717171717
0.534996990645736, 11, 2, 4, 61, 0.084023548930301
0.533500000000004, 15, 1, 2, 5, 0.863636363636364
0.533500000000004, 15, 1, 2, 5, 0.863636363636364
0.532687108493864, 12, 2, 0, 10, 0.0808080808080808
0.530000000000001, 12, 1, 2, 3, 0.363636363636364
0.529999999999987, 12, 1, 2, 3, 0.363636363636364
0.529931314040847, 15, 11, 4, 61, 0.084023548930301
0.529237746757209, 12, 3, 4, 32, 0.0409687585124503
0.527973063285917, 12, 2, 0, 2, 0.00416666666666667
0.523499999999999, 11, 1, 3, 2, 0.400252525252525
0.523499999999999, 11, 1, 3, 2, 0.400252525252525
0.523333333333341, 14, 1, 0, 9, 0.0618686868686869
0.523259018078052, 13, 2, 2, 4, 0.590909090909091
0.522000000000006, 14, 1, 4, 36, 0.0468471651172549
0.522000000000006, 14, 1, 4, 36, 0.0468471651172549
0.520499999999998, 11, 1, 4, 28, 0.0358931359772792
0.520499999999998, 11, 1, 4, 28, 0.0358931359772792
0.518666666666661, 9, 1, 3, 1, 0.0997474747474748
0.518500000000003, 11, 1, 2, 4, 0.590909090909091
0.518499999999989, 11, 1, 2, 4, 0.590909090909091
0.515285115251765, 9, 3, 3, 3, 0.800505050505051
0.515000000000015, 10, 1, 0, 1, 0.00126262626262626
0.514999999999986, 10, 1, 0, 1, 0.00126262626262626
0.514399999999981, 10, 1, 4, 42, 0.0614175149797577
0.510531096016693, 8, 2, 4, 90, 0.412079181780135
0.509333333333331, 10, 1, 4, 97, 0.601622068566827
0.509078599857942, 11, 3, 1, 4, 0.128378378378378
0.506666666666675, 13, 1, 2, 5, 0.863636363636364
0.506666666666661, 15, 1, 0, 11, 0.103535353535354
0.505000000000024, 12, 1, 0, 6, 0.026010101010101
0.504999999999995, 12, 1, 0, 6, 0.026010101010101
0.49916490817725, 11, 5, 0, 8, 0.0467171717171717
0.496665569070372, 10, 3, 4, 93, 0.471038215796977
0.495999999999995, 6, 1, 4, 104, 0.952055328905477
0.495000000000005, 11, 1, 0, 10, 0.0808080808080808
0.49499999999999, 11, 1, 0, 10, 0.0808080808080808
0.493201467455218, 12, 3, 3, 2, 0.400252525252525
0.492866666666629, 9, 9, 0, 7, 0.0353535353535354
0.490000000000009, 12, 1, 0, 6, 0.026010101010101
0.490000000000009, 13, 1, 0, 8, 0.0467171717171717
0.489999999999981, 12, 1, 0, 6, 0.026010101010101
0.486666666666665, 13, 1, 3, 2, 0.400252525252525
0.484999999999999, 13, 1, 0, 10, 0.0808080808080808
0.484999999999999, 13, 1, 0, 10, 0.0808080808080808
0.48389674059198, 15, 2, 0, 16, 0.351010101010101
0.479418397644477, 10, 2, 4, 7, 0.00691788872168195
0.47851854718492, 6, 5, 0, 7, 0.0353535353535354
0.477249999999998, 9, 1, 3, 1, 0.0997474747474748
0.469000000000023, 9, 1, 3, 1, 0.0997474747474748
0.468519743447379, 8, 3, 3, 1, 0.0997474747474748
0.468500000000006, 11, 1, 3, 2, 0.400252525252525
0.468499999999992, 11, 1, 3, 2, 0.400252525252525
0.468115598258932, 13, 3, 1, 2, 0.0788288288288288
0.467146544327957, 11, 5, 3, 1, 0.0997474747474748
0.466932030207128, 12, 3, 3, 1, 0.0997474747474748
0.46659285130497, 12, 5, 0, 6, 0.026010101010101
0.466210342370593, 11, 3, 0, 10, 0.0808080808080808
0.464333452979186, 13, 2, 0, 8, 0.0467171717171717
0.461890332588615, 16, 5, 0, 6, 0.026010101010101
0.461320568224163, 13, 6, 1, 21, 0.56981981981982
0.460250000000002, 18, 1, 4, 55, 0.0776266165618163
0.456500000000005, 12, 1, 3, 2, 0.400252525252525
0.456499999999991, 12, 1, 3, 2, 0.400252525252525
0.455281926561012, 12, 3, 3, 3, 0.800505050505051
0.454000000000008, 12, 1, 3, 1, 0.0997474747474748
0.453999999999994, 12, 1, 3, 1, 0.0997474747474748
0.450199999999995, 14, 4, 0, 10, 0.0808080808080808
0.450000000000017, 11, 1, 0, 3, 0.00795454545454546
0.449999999999989, 11, 1, 0, 3, 0.00795454545454546
0.447834294751475, 13, 2, 0, 2, 0.00416666666666667
0.444000000000003, 13, 1, 4, 52, 0.0736969911266934
0.444000000000003, 13, 1, 4, 52, 0.0736969911266934
0.440000000000026, 11, 1, 0, 6, 0.026010101010101
0.440000000000026, 13, 1, 0, 2, 0.00416666666666667
0.439999999999998, 12, 1, 0, 9, 0.0618686868686869
0.439999999999998, 15, 1, 0, 8, 0.0467171717171717
0.439999999999998, 15, 1, 0, 8, 0.0467171717171717
0.439999999999998, 13, 1, 0, 2, 0.00416666666666667
0.439499999999995, 11, 1, 4, 98, 0.624936765886549
0.439499999999995, 11, 1, 4, 98, 0.624936765886549
0.436823213668874, 11, 3, 4, 61, 0.084023548930301
0.436520586252476, 13, 2, 4, 41, 0.0589841673467433
0.436500000000009, 11, 1, 4, 30, 0.0378992342401869
0.436499999999995, 11, 1, 4, 30, 0.0378992342401869
0.435017714081452, 10, 6, 4, 19, 0.0217556379075293
0.435000000000002, 11, 1, 0, 12, 0.132575757575758
0.435000000000002, 11, 1, 0, 12, 0.132575757575758
0.435000000000002, 13, 1, 0, 12, 0.132575757575758
0.435000000000002, 10, 1, 0, 1, 0.00126262626262626
0.435000000000002, 10, 1, 0, 1, 0.00126262626262626
0.435000000000002, 13, 1, 0, 2, 0.00416666666666667
0.435000000000002, 13, 1, 0, 2, 0.00416666666666667
0.434999999999988, 13, 1, 0, 12, 0.132575757575758
0.434163563648543, 11, 2, 1, 1, 0.0337837837837838
0.431335136523784, 12, 2, 0, 19, 0.70959595959596
0.430000000000007, 11, 1, 0, 12, 0.132575757575758
0.430000000000007, 8, 1, 0, 3, 0.00795454545454546
0.429999999999993, 11, 1, 0, 12, 0.132575757575758
0.429999999999993, 8, 1, 0, 3, 0.00795454545454546
0.428978113919851, 9, 2, 0, 5, 0.0184343434343434
0.427799602617874, 11, 2, 0, 1, 0.00126262626262626
0.4255, 12, 1, 4, 23, 0.0296164402178925
0.4255, 12, 1, 4, 23, 0.0296164402178925
0.425000000000011, 11, 1, 0, 1, 0.00126262626262626
0.424999999999997, 11, 1, 0, 1, 0.00126262626262626
0.424264068711945, 8, 2, 0, 5, 0.0184343434343434
0.424264068711924, 8, 2, 0, 5, 0.0184343434343434
0.424000000000007, 13, 1, 0, 8, 0.0467171717171717
0.422187384344874, 10, 3, 4, 26, 0.0338774705003143
0.421907046107971, 9, 2, 0, 8, 0.0467171717171717
0.421646257087247, 16, 6, 0, 6, 0.026010101010101
0.420000000000016, 15, 1, 0, 6, 0.026010101010101
0.419999999999987, 15, 1, 0, 6, 0.026010101010101
0.419000000000011, 9, 1, 3, 2, 0.400252525252525
0.418999999999983, 9, 1, 3, 2, 0.400252525252525
0.417999999999992, 10, 1, 3, 1, 0.0997474747474748
0.416500000000013, 13, 4, 4, 35, 0.0452335812040479
0.415999999999997, 11, 1, 4, 11, 0.00893715698736393
0.415999999999997, 11, 1, 4, 11, 0.00893715698736393
0.415000000000006, 12, 1, 0, 12, 0.132575757575758
0.414999999999992, 12, 1, 0, 12, 0.132575757575758
0.412527224263327, 11, 7, 0, 6, 0.026010101010101
0.410121933088186, 13, 2, 0, 2, 0.00416666666666667
0.409000000000006, 9, 1, 4, 14, 0.0167757737040485
0.408999999999992, 11, 1, 4, 75, 0.204510284651682
0.408999999999992, 11, 1, 4, 75, 0.204510284651682
0.408999999999992, 9, 1, 4, 14, 0.0167757737040485
0.408900000000017, 13, 4, 4, 76, 0.20691329301129
0.406800000000004, 12, 1, 4, 55, 0.0776266165618163
0.405000000000001, 10, 1, 0, 1, 0.00126262626262626
0.405000000000001, 10, 1, 0, 1, 0.00126262626262626
0.405000000000001, 10, 1, 4, 58, 0.081739484313027
0.403757972057497, 15, 2, 3, 1, 0.0997474747474748
0.403757972057497, 15, 2, 3, 1, 0.0997474747474748
0.400000000000006, 14, 1, 0, 9, 0.0618686868686869
0.400000000000006, 8, 1, 0, 9, 0.0618686868686869
0.400000000000006, 14, 1, 0, 12, 0.132575757575758
0.399999999999977, 14, 1, 0, 9, 0.0618686868686869
0.399999999999977, 14, 1, 0, 12, 0.132575757575758
0.397500000000008, 12, 1, 4, 58, 0.081739484313027
0.397499999999994, 12, 1, 4, 58, 0.081739484313027
0.396686904245638, 12, 2, 3, 3, 0.800505050505051
0.396686904245638, 12, 2, 3, 3, 0.800505050505051
0.396000000000015, 13, 1, 0, 9, 0.0618686868686869
0.396000000000015, 14, 1, 3, 1, 0.0997474747474748
0.395999999999987, 14, 1, 3, 1, 0.0997474747474748
0.394285714285729, 12, 4, 3, 3, 0.800505050505051
0.392999999999986, 11, 1, 2, 4, 0.590909090909091
0.392666666666656, 11, 1, 4, 83, 0.284343083536879
0.390666666666675, 13, 1, 0, 12, 0.132575757575758
0.389999999999986, 9, 1, 0, 11, 0.103535353535354
0.389999999999986, 9, 1, 0, 11, 0.103535353535354
0.388000000000005, 14, 1, 4, 47, 0.0673431543170252
0.388000000000005, 13, 1, 3, 3, 0.800505050505051
0.388000000000005, 13, 1, 3, 3, 0.800505050505051
0.387999999999977, 14, 1, 4, 47, 0.0673431543170252
0.387666666666661, 11, 1, 4, 88, 0.375097158937352
0.38666666666667, 10, 1, 0, 2, 0.00416666666666667
0.384999999999991, 14, 1, 0, 6, 0.026010101010101
0.384999999999991, 14, 1, 0, 6, 0.026010101010101
0.38466608896547, 14, 2, 3, 3, 0.800505050505051
0.381999999999977, 9, 4, 1, 8, 0.202702702702703
0.38000000000001, 14, 1, 0, 7, 0.0353535353535354
0.379999999999995, 8, 1, 0, 2, 0.00416666666666667
0.379999999999995, 8, 1, 0, 2, 0.00416666666666667
0.375615122166303, 12, 2, 4, 26, 0.0338774705003143
0.375, 12, 1, 0, 8, 0.0467171717171717
0.375, 12, 1, 0, 8, 0.0467171717171717
0.375, 10, 1, 0, 6, 0.026010101010101
0.375, 10, 1, 0, 6, 0.026010101010101
0.375, 8, 1, 0, 8, 0.0467171717171717
0.375, 8, 1, 0, 8, 0.0467171717171717
0.374227599591859, 12, 6, 4, 32, 0.0409687585124503
0.372, 10, 1, 4, 9, 0.0079337803296631
0.372, 10, 1, 4, 9, 0.0079337803296631
0.370052548820945, 14, 2, 0, 9, 0.0618686868686869
0.367333333333306, 19, 1, 4, 41, 0.0589841673467433
0.36699999999999, 8, 1, 4, 5, 0.00604237658698964
0.36699999999999, 8, 1, 4, 5, 0.00604237658698964
0.366752717175439, 9, 2, 3, 1, 0.0997474747474748
0.364999999999995, 14, 1, 0, 11, 0.103535353535354
0.364999999999995, 14, 1, 0, 11, 0.103535353535354
0.364000000000004, 12, 1, 4, 84, 0.293759463138283
0.364000000000004, 12, 1, 4, 84, 0.293759463138283
0.360153053884326, 10, 2, 4, 97, 0.601622068566827
0.359977892839719, 13, 3, 0, 9, 0.0618686868686869
0.358599999999996, 6, 4, 4, 96, 0.578309095069458
0.35826743580118, 13, 2, 2, 5, 0.863636363636364
0.35826743580118, 15, 2, 0, 11, 0.103535353535354
0.353999999999999, 11, 1, 3, 1, 0.0997474747474748
0.353999999999999, 11, 1, 3, 1, 0.0997474747474748
0.350724963468534, 6, 2, 4, 104, 0.952055328905477
0.346482322781375, 13, 2, 0, 8, 0.0467171717171717
0.346000000000004, 7, 1, 4, 14, 0.0167757737040485
0.346000000000004, 7, 1, 4, 14, 0.0167757737040485
0.344125300177462, 13, 2, 3, 2, 0.400252525252525
0.340000000000003, 11, 1, 0, 12, 0.132575757575758
0.340000000000003, 11, 1, 0, 12, 0.132575757575758
0.339750000000009, 10, 1, 4, 26, 0.0338774705003143
0.337749907475919, 15, 3, 0, 10, 0.0808080808080808
0.335499999999996, 12, 1, 4, 3, 0.000573791508306289
0.335499999999996, 12, 1, 4, 3, 0.000573791508306289
0.335000000000008, 10, 1, 1, 19, 0.529279279279279
0.334999999999994, 10, 1, 1, 19, 0.529279279279279
0.332999999999998, 11, 1, 4, 9, 0.0079337803296631
0.332999999999998, 11, 1, 4, 9, 0.0079337803296631
0.332499999999996, 12, 1, 4, 92, 0.455244555401909
0.332499999999996, 12, 1, 4, 92, 0.455244555401909
0.329999999999998, 15, 1, 1, 4, 0.128378378378378
0.329999999999984, 10, 1, 4, 10, 0.00844094610403909
0.329511760032937, 10, 2, 1, 26, 0.943693693693694
0.329511760032937, 10, 2, 1, 26, 0.943693693693694
0.32950000000001, 12, 1, 4, 102, 0.786411515216059
0.329499999999996, 12, 1, 4, 102, 0.786411515216059
0.329499999999996, 12, 1, 3, 1, 0.0997474747474748
0.329499999999996, 12, 1, 3, 1, 0.0997474747474748
0.325000000000003, 12, 1, 0, 8, 0.0467171717171717
0.325000000000003, 10, 1, 0, 10, 0.0808080808080808
0.325000000000003, 10, 1, 0, 10, 0.0808080808080808
0.325000000000003, 11, 1, 4, 31, 0.0395255744388036
0.325000000000003, 11, 1, 4, 31, 0.0395255744388036
0.325000000000003, 14, 1, 4, 71, 0.160308462840372
0.325000000000003, 14, 1, 4, 71, 0.160308462840372
0.324999999999989, 12, 1, 0, 8, 0.0467171717171717
0.319999999999993, 11, 1, 0, 12, 0.132575757575758
0.319999999999993, 11, 1, 0, 12, 0.132575757575758
0.319999999999993, 10, 1, 3, 2, 0.400252525252525
0.31970771156376, 14, 3, 3, 2, 0.400252525252525
0.317666666666653, 13, 1, 4, 61, 0.084023548930301
0.317499999999995, 12, 1, 4, 65, 0.0928774452980315
0.317499999999995, 12, 1, 4, 65, 0.0928774452980315
0.315999999999988, 9, 1, 1, 17, 0.436936936936937
0.314078546439146, 14, 3, 3, 3, 0.800505050505051
0.311126983722079, 12, 2, 0, 9, 0.0618686868686869
0.311126983722079, 11, 2, 0, 6, 0.026010101010101
0.310000000000002, 16, 1, 0, 9, 0.0618686868686869
0.310000000000002, 16, 1, 0, 9, 0.0618686868686869
0.310000000000002, 12, 1, 0, 11, 0.103535353535354
0.310000000000002, 7, 1, 0, 12, 0.132575757575758
0.309999999999988, 12, 1, 0, 11, 0.103535353535354
0.309999999999988, 7, 1, 0, 12, 0.132575757575758
0.309171069151019, 11, 3, 4, 34, 0.0437591097547004
0.308999999999998, 12, 1, 4, 52, 0.0736969911266934
0.308999999999998, 12, 1, 4, 52, 0.0736969911266934
0.306688462993569, 12, 3, 4, 26, 0.0338774705003143
0.306666666666672, 18, 1, 1, 4, 0.128378378378378
0.306666666666672, 14, 1, 0, 9, 0.0618686868686869
0.305000000000007, 11, 1, 0, 11, 0.103535353535354
0.305000000000007, 11, 1, 0, 3, 0.00795454545454546
0.304999999999993, 11, 1, 0, 11, 0.103535353535354
0.304000000000002, 8, 1, 4, 34, 0.0437591097547004
0.304000000000002, 8, 1, 4, 34, 0.0437591097547004
0.298000000000002, 12, 1, 4, 41, 0.0589841673467433
0.298000000000002, 12, 1, 4, 41, 0.0589841673467433
0.295570634535981, 10, 2, 3, 1, 0.0997474747474748
0.295000000000016, 14, 1, 4, 31, 0.0395255744388036
0.294999999999987, 14, 1, 4, 31, 0.0395255744388036
0.286378246380553, 10, 2, 4, 58, 0.081739484313027
0.283333333333346, 12, 1, 0, 12, 0.132575757575758
0.282842712474603, 8, 2, 0, 9, 0.0618686868686869
0.280014285349883, 13, 2, 0, 9, 0.0618686868686869
0.280000000000001, 13, 1, 4, 57, 0.0798737051896258
0.280000000000001, 13, 1, 4, 57, 0.0798737051896258
0.280000000000001, 14, 1, 0, 7, 0.0353535353535354
0.279307178568694, 12, 2, 0, 12, 0.132575757575758
0.279307178568673, 12, 2, 0, 12, 0.132575757575758
0.278000000000006, 12, 1, 3, 3, 0.800505050505051
0.277999999999992, 12, 1, 3, 3, 0.800505050505051
0.277892965006334, 11, 2, 2, 4, 0.590909090909091
0.27765726274593, 11, 2, 4, 83, 0.284343083536879
0.277000000000001, 9, 1, 3, 1, 0.0997474747474748
0.277000000000001, 9, 1, 3, 1, 0.0997474747474748
0.276243049183551, 13, 2, 0, 12, 0.132575757575758
0.275540415970764, 9, 3, 3, 1, 0.0997474747474748
0.274121728840001, 11, 2, 4, 88, 0.375097158937352
0.273414622058811, 10, 2, 0, 2, 0.00416666666666667
0.272999999999996, 14, 1, 4, 47, 0.0673431543170252
0.272999999999996, 14, 1, 4, 47, 0.0673431543170252
0.270777276249915, 9, 3, 3, 1, 0.0997474747474748
0.269999999999996, 14, 1, 0, 8, 0.0467171717171717
0.269999999999996, 14, 1, 0, 8, 0.0467171717171717
0.269999999999996, 11, 1, 0, 8, 0.0467171717171717
0.268700576850865, 14, 2, 0, 7, 0.0353535353535354
0.265872149726125, 15, 2, 3, 1, 0.0997474747474748
0.265725461394559, 18, 3, 4, 55, 0.0776266165618163
0.265000000000015, 13, 1, 0, 10, 0.0808080808080808
0.264999999999986, 13, 1, 0, 10, 0.0808080808080808
0.263333333333321, 13, 1, 0, 10, 0.0808080808080808
0.262666666666661, 10, 1, 1, 6, 0.164414414414414
0.260000000000005, 12, 1, 0, 8, 0.0467171717171717
0.260000000000005, 12, 1, 0, 8, 0.0467171717171717
0.260000000000005, 12, 1, 0, 10, 0.0808080808080808
0.259999999999991, 12, 1, 0, 10, 0.0808080808080808
0.259743890955879, 19, 2, 4, 41, 0.0589841673467433
0.259, 10, 1, 1, 6, 0.164414414414414
0.259, 10, 1, 1, 6, 0.164414414414414
0.25833333333334, 13, 1, 4, 54, 0.0761223229857679
0.257200000000012, 10, 4, 4, 42, 0.0614175149797577
0.254999999999995, 10, 1, 0, 14, 0.217171717171717
0.254999999999995, 10, 1, 0, 14, 0.217171717171717
0.252666666666642, 14, 1, 3, 1, 0.0997474747474748
0.25, 13, 1, 4, 44, 0.0639293827209357
0.25, 14, 1, 0, 5, 0.0184343434343434
0.25, 14, 1, 0, 5, 0.0184343434343434
0.247, 10, 1, 4, 19, 0.0217556379075293
0.247, 10, 1, 4, 19, 0.0217556379075293
0.246333333333325, 12, 1, 4, 25, 0.0319165363830463
0.245999999999995, 11, 1, 3, 3, 0.800505050505051
0.245000000000005, 12, 1, 0, 11, 0.103535353535354
0.24499999999999, 12, 1, 0, 11, 0.103535353535354
0.244796514136405, 13, 3, 0, 8, 0.0467171717171717
0.243000000000009, 13, 1, 1, 6, 0.164414414414414
0.242999999999995, 13, 1, 1, 6, 0.164414414414414
0.241500000000002, 13, 1, 4, 61, 0.084023548930301
0.241499999999988, 13, 1, 4, 61, 0.084023548930301
0.24133333333333, 11, 1, 3, 2, 0.400252525252525
0.239999999999981, 16, 1, 0, 9, 0.0618686868686869
0.239482880390233, 11, 5, 4, 34, 0.0437591097547004
0.234499999999997, 15, 1, 4, 63, 0.0888584396739231
0.234499999999997, 15, 1, 4, 63, 0.0888584396739231
0.23334523779157, 15, 2, 1, 4, 0.128378378378378
0.233345237791549, 10, 2, 4, 10, 0.00844094610403909
0.233000000000004, 20, 1, 4, 37, 0.0486682110506046
0.233000000000004, 20, 1, 4, 37, 0.0486682110506046
0.22627416997969, 10, 2, 3, 2, 0.400252525252525
0.224624254156947, 13, 2, 4, 61, 0.084023548930301
0.223445742854971, 9, 2, 1, 17, 0.436936936936937
0.222499999999997, 12, 1, 4, 92, 0.455244555401909
0.222499999999997, 12, 1, 4, 92, 0.455244555401909
0.22133333333332, 18, 1, 1, 1, 0.0337837837837838
0.217083701215318, 15, 3, 3, 1, 0.0997474747474748
0.216846079563878, 18, 2, 1, 4, 0.128378378378378
0.216846079563878, 14, 2, 0, 9, 0.0618686868686869
0.215667568261902, 11, 2, 0, 3, 0.00795454545454546
0.209999999999994, 10, 1, 0, 10, 0.0808080808080808
0.209999999999994, 10, 1, 0, 10, 0.0808080808080808
0.209333333333333, 11, 1, 2, 4, 0.590909090909091
0.204000000000008, 9, 1, 4, 75, 0.204510284651682
0.203999999999994, 9, 1, 4, 75, 0.204510284651682
0.203399999999988, 12, 4, 4, 55, 0.0776266165618163
0.201999999999998, 12, 1, 4, 41, 0.0589841673467433
0.201999999999998, 12, 1, 4, 41, 0.0589841673467433
0.201000000000008, 9, 1, 3, 1, 0.0997474747474748
0.200999999999993, 9, 1, 3, 1, 0.0997474747474748
0.200346921336187, 12, 2, 0, 12, 0.132575757575758
0.200000000000003, 12, 1, 0, 8, 0.0467171717171717
0.200000000000003, 12, 1, 0, 8, 0.0467171717171717
0.197989898732254, 14, 2, 0, 7, 0.0353535353535354
0.197249999999997, 14, 1, 2, 5, 0.863636363636364
0.19615475395714, 10, 3, 4, 26, 0.0338774705003143
0.195000000000007, 15, 1, 0, 6, 0.026010101010101
0.195000000000007, 15, 1, 0, 6, 0.026010101010101
0.190918830920375, 11, 2, 0, 8, 0.0467171717171717
0.190211724139185, 10, 2, 4, 60, 0.0833233322906506
0.190211724139185, 10, 2, 4, 60, 0.0833233322906506
0.189999999999998, 15, 1, 0, 8, 0.0467171717171717
0.189999999999998, 15, 1, 0, 8, 0.0467171717171717
0.189999999999998, 14, 1, 0, 3, 0.00795454545454546
0.189999999999998, 14, 1, 0, 3, 0.00795454545454546
0.189999999999998, 13, 1, 4, 68, 0.0971476980300399
0.189999999999998, 13, 1, 4, 68, 0.0971476980300399
0.189999999999998, 8, 1, 0, 14, 0.217171717171717
0.189999999999998, 8, 1, 0, 14, 0.217171717171717
0.18950000000001, 12, 1, 3, 1, 0.0997474747474748
0.18950000000001, 12, 1, 3, 1, 0.0997474747474748
0.188000000000002, 9, 1, 3, 1, 0.0997474747474748
0.186333333333337, 12, 1, 1, 9, 0.227477477477477
0.186204785712449, 13, 2, 0, 10, 0.0808080808080808
0.185733381191662, 10, 2, 1, 6, 0.164414414414414
0.185000000000002, 14, 1, 0, 11, 0.103535353535354
0.185000000000002, 13, 1, 0, 12, 0.132575757575758
0.185000000000002, 13, 1, 0, 12, 0.132575757575758
0.185000000000002, 15, 1, 0, 10, 0.0808080808080808
0.185000000000002, 15, 1, 0, 10, 0.0808080808080808
0.184999999999988, 14, 1, 0, 11, 0.103535353535354
0.184666666666658, 16, 1, 0, 6, 0.026010101010101
0.182669251806519, 13, 2, 4, 54, 0.0761223229857679
0.181000000000012, 11, 1, 3, 2, 0.400252525252525
0.180999999999983, 11, 1, 3, 2, 0.400252525252525
0.180170807846324, 12, 2, 4, 22, 0.0286232599694077
0.180000000000007, 14, 1, 0, 3, 0.00795454545454546
0.179999999999978, 14, 1, 0, 3, 0.00795454545454546
0.178662313379823, 14, 2, 3, 1, 0.0997474747474748
0.177999999999997, 16, 1, 4, 37, 0.0486682110506046
0.177999999999997, 16, 1, 4, 37, 0.0486682110506046
0.177483802077827, 13, 2, 4, 65, 0.0928774452980315
0.177483802077807, 13, 2, 4, 65, 0.0928774452980315
0.176776695296637, 13, 2, 4, 44, 0.0639293827209357
0.175000000000011, 11, 1, 4, 14, 0.0167757737040485
0.175000000000011, 11, 1, 4, 14, 0.0167757737040485
0.175000000000011, 15, 1, 0, 8, 0.0467171717171717
0.174999999999983, 15, 1, 0, 8, 0.0467171717171717
0.174500000000009, 10, 1, 3, 3, 0.800505050505051
0.174500000000009, 11, 1, 4, 56, 0.078725036164931
0.174499999999995, 10, 1, 3, 3, 0.800505050505051
0.174499999999995, 11, 1, 4, 56, 0.078725036164931
0.174183970432301, 12, 2, 4, 25, 0.0319165363830463
0.173948268171897, 11, 2, 3, 3, 0.800505050505051
0.170648436526351, 11, 2, 3, 2, 0.400252525252525
0.169705627484818, 16, 2, 0, 9, 0.0618686868686869
0.168666666666667, 11, 1, 4, 56, 0.078725036164931
0.160000000000025, 12, 1, 0, 7, 0.0353535353535354
0.159999999999997, 12, 1, 0, 7, 0.0353535353535354
0.156506300902633, 18, 2, 1, 1, 0.0337837837837838
0.152500000000003, 14, 1, 4, 50, 0.0708643200456854
0.152500000000003, 14, 1, 4, 50, 0.0708643200456854
0.152500000000003, 14, 1, 4, 24, 0.0306244453386102
0.152500000000003, 14, 1, 4, 24, 0.0306244453386102
0.152500000000003, 12, 1, 4, 92, 0.455244555401909
0.152500000000003, 12, 1, 4, 92, 0.455244555401909
0.150000000000006, 11, 1, 0, 3, 0.00795454545454546
0.150000000000006, 14, 1, 4, 57, 0.0798737051896258
0.150000000000006, 14, 1, 4, 57, 0.0798737051896258
0.149999999999991, 11, 1, 0, 3, 0.00795454545454546
0.148021019528394, 11, 2, 2, 4, 0.590909090909091
0.147108848589527, 12, 3, 4, 22, 0.0286232599694077
0.146666666666675, 10, 1, 2, 1, 0.0454545454545454
0.146500000000003, 12, 1, 4, 69, 0.110861739138859
0.146500000000003, 12, 1, 4, 69, 0.110861739138859
0.14500000000001, 12, 1, 0, 15, 0.275252525252525
0.144999999999996, 10, 1, 4, 18, 0.0200336255683399
0.144999999999996, 10, 1, 4, 18, 0.0200336255683399
0.144999999999982, 12, 1, 0, 15, 0.275252525252525
0.144000000000005, 13, 1, 1, 1, 0.0337837837837838
0.143999999999991, 13, 1, 1, 1, 0.0337837837837838
0.139535738154155, 14, 2, 3, 1, 0.0997474747474748
0.139333333333326, 14, 1, 2, 1, 0.0454545454545454
0.13900000000001, 11, 1, 4, 34, 0.0437591097547004
0.138999999999996, 11, 1, 4, 34, 0.0437591097547004
0.137666666666661, 14, 1, 0, 7, 0.0353535353535354
0.135000000000005, 12, 1, 0, 7, 0.0353535353535354
0.135000000000005, 12, 1, 0, 7, 0.0353535353535354
0.134999999999991, 14, 1, 0, 7, 0.0353535353535354
0.134999999999991, 14, 1, 0, 7, 0.0353535353535354
0.134, 12, 1, 4, 55, 0.0776266165618163
0.132936074863063, 9, 2, 3, 1, 0.0997474747474748
0.132666666666665, 10, 1, 4, 62, 0.0856939327900282
0.131757563561086, 12, 2, 1, 9, 0.227477477477477
0.13057905225915, 16, 2, 0, 6, 0.026010101010101
0.13000000000001, 10, 1, 0, 10, 0.0808080808080808
0.129999999999995, 10, 1, 0, 2, 0.00416666666666667
0.129999999999995, 10, 1, 0, 2, 0.00416666666666667
0.129999999999995, 10, 1, 0, 10, 0.0808080808080808
0.125, 14, 1, 0, 10, 0.0808080808080808
0.125, 14, 1, 0, 10, 0.0808080808080808
0.125, 14, 1, 0, 8, 0.0467171717171717
0.125, 14, 1, 0, 8, 0.0467171717171717
0.125, 14, 1, 0, 11, 0.103535353535354
0.125, 14, 1, 0, 11, 0.103535353535354
0.125, 13, 1, 0, 3, 0.00795454545454546
0.125, 13, 1, 0, 3, 0.00795454545454546
0.125, 11, 1, 0, 7, 0.0353535353535354
0.125, 11, 1, 0, 7, 0.0353535353535354
0.123500000000007, 11, 1, 3, 2, 0.400252525252525
0.123499999999993, 11, 1, 3, 2, 0.400252525252525
0.121499999999998, 14, 1, 3, 3, 0.800505050505051
0.121499999999998, 14, 1, 3, 3, 0.800505050505051
0.120000000000005, 13, 1, 0, 8, 0.0467171717171717
0.120000000000005, 13, 1, 0, 8, 0.0467171717171717
0.119500000000002, 11, 1, 4, 98, 0.624936765886549
0.119499999999988, 11, 1, 4, 98, 0.624936765886549
0.119265343760111, 11, 2, 4, 56, 0.078725036164931
0.118000000000009, 14, 1, 4, 37, 0.0486682110506046
0.117999999999995, 14, 1, 4, 37, 0.0486682110506046
0.115000000000009, 17, 1, 0, 7, 0.0353535353535354
0.115000000000009, 14, 1, 0, 9, 0.0618686868686869
0.114999999999981, 17, 1, 0, 7, 0.0353535353535354
0.114999999999981, 14, 1, 0, 9, 0.0618686868686869
0.113882340597668, 14, 3, 2, 5, 0.863636363636364
0.11333333333333, 12, 1, 0, 12, 0.132575757575758
0.109999999999999, 13, 1, 4, 89, 0.391602757964068
0.109999999999999, 13, 1, 4, 89, 0.391602757964068
0.109000000000009, 12, 1, 4, 70, 0.136274845408473
0.108999999999995, 12, 1, 4, 70, 0.136274845408473
0.10499999999999, 12, 1, 0, 9, 0.0618686868686869
0.10499999999999, 12, 1, 0, 9, 0.0618686868686869
0.103708994574053, 10, 2, 2, 1, 0.0454545454545454
0.0986666666666451, 14, 4, 3, 1, 0.0997474747474748
0.0985235448453204, 14, 2, 2, 1, 0.0454545454545454
0.097345033543364, 14, 2, 0, 7, 0.0353535353535354
0.0970000000000084, 11, 1, 4, 61, 0.084023548930301
0.0969999999999942, 11, 1, 4, 61, 0.084023548930301
0.096500000000006, 14, 1, 4, 68, 0.0971476980300399
0.0964999999999918, 14, 1, 4, 68, 0.0971476980300399
0.0958836795288834, 11, 2, 4, 11, 0.00893715698736393
0.0949999999999989, 13, 1, 4, 57, 0.0798737051896258
0.0949999999999989, 13, 1, 4, 57, 0.0798737051896258
0.0947523086790077, 12, 2, 4, 55, 0.0776266165618163
0.0938094996374144, 10, 2, 4, 62, 0.0856939327900282
0.089999999999975, 12, 1, 0, 2, 0.00416666666666667
0.085000000000008, 13, 1, 0, 9, 0.0618686868686869
0.085000000000008, 11, 1, 0, 11, 0.103535353535354
0.085000000000008, 11, 1, 0, 11, 0.103535353535354
0.0849999999999795, 13, 1, 0, 9, 0.0618686868686869
0.0836666666666588, 14, 1, 4, 80, 0.244079764845808
0.0801387685344829, 12, 2, 0, 12, 0.132575757575758
0.0800000000000125, 13, 1, 0, 3, 0.00795454545454546
0.0799999999999983, 10, 1, 0, 7, 0.0353535353535354
0.0799999999999983, 10, 1, 0, 7, 0.0353535353535354
0.0799999999999841, 13, 1, 0, 3, 0.00795454545454546
0.0782886965021031, 11, 3, 4, 11, 0.00893715698736393
0.078000000000003, 11, 1, 4, 5, 0.00604237658698964
0.078000000000003, 11, 1, 4, 5, 0.00604237658698964
0.0756604255869601, 7, 2, 3, 1, 0.0997474747474748
0.0756604255869601, 7, 2, 3, 1, 0.0997474747474748
0.0750000000000171, 11, 1, 0, 2, 0.00416666666666667
0.0749999999999886, 11, 1, 0, 2, 0.00416666666666667
0.0735000000000099, 16, 1, 1, 12, 0.313063063063063
0.0734999999999957, 16, 1, 1, 12, 0.313063063063063
0.0730000000000075, 17, 1, 3, 1, 0.0997474747474748
0.0729999999999791, 17, 1, 3, 1, 0.0997474747474748
0.0704999999999956, 11, 1, 4, 79, 0.228732574440079
0.0704999999999956, 11, 1, 4, 79, 0.228732574440079
0.0700000000000216, 16, 1, 0, 9, 0.0618686868686869
0.0699999999999932, 16, 1, 0, 9, 0.0618686868686869
0.0699999999999932, 15, 1, 0, 6, 0.026010101010101
0.0699999999999932, 15, 1, 0, 6, 0.026010101010101
0.0649999999999977, 13, 1, 0, 2, 0.00416666666666667
0.0649999999999977, 13, 1, 0, 2, 0.00416666666666667
0.0649999999999977, 9, 1, 0, 2, 0.00416666666666667
0.0649999999999977, 9, 1, 0, 2, 0.00416666666666667
0.0636396103068118, 12, 2, 0, 2, 0.00416666666666667
0.0625, 13, 1, 3, 1, 0.0997474747474748
0.0625, 13, 1, 3, 1, 0.0997474747474748
0.0615000000000094, 9, 1, 1, 4, 0.128378378378378
0.0614999999999952, 9, 1, 1, 4, 0.128378378378378
0.061000000000007, 11, 1, 4, 6, 0.00648491626136443
0.061000000000007, 11, 1, 4, 6, 0.00648491626136443
0.0600000000000023, 10, 1, 0, 15, 0.275252525252525
0.0599999999999881, 10, 1, 0, 15, 0.275252525252525
0.0593333333333277, 12, 1, 1, 24, 0.743243243243243
0.0591612673592689, 14, 2, 4, 80, 0.244079764845808
0.0550000000000068, 19, 1, 0, 7, 0.0353535353535354
0.0549999999999784, 19, 1, 0, 7, 0.0353535353535354
0.0529999999999973, 11, 1, 4, 86, 0.339097714835584
0.0529999999999973, 11, 1, 4, 86, 0.339097714835584
0.0510000000000019, 9, 1, 1, 13, 0.326576576576577
0.0510000000000019, 9, 1, 1, 13, 0.326576576576577
0.0500000000000114, 17, 1, 0, 8, 0.0467171717171717
0.0500000000000114, 16, 1, 4, 57, 0.0798737051896258
0.0500000000000114, 12, 1, 0, 5, 0.0184343434343434
0.0499999999999972, 13, 1, 4, 40, 0.0550596271875607
0.0499999999999972, 13, 1, 4, 40, 0.0550596271875607
0.0499999999999829, 17, 1, 0, 8, 0.0467171717171717
0.0499999999999829, 16, 1, 4, 57, 0.0798737051896258
0.0499999999999829, 12, 1, 0, 5, 0.0184343434343434
0.0450000000000159, 15, 1, 0, 10, 0.0808080808080808
0.0449999999999875, 15, 1, 0, 10, 0.0808080808080808
0.0419550023504079, 12, 2, 1, 24, 0.743243243243243
0.0409999999999968, 15, 1, 4, 52, 0.0736969911266934
0.0409999999999968, 15, 1, 4, 52, 0.0736969911266934
0.0400000000000205, 14, 1, 0, 9, 0.0618686868686869
0.039999999999992, 14, 1, 0, 9, 0.0618686868686869
0.0350000000000108, 13, 1, 4, 31, 0.0395255744388036
0.0349999999999966, 13, 1, 4, 31, 0.0395255744388036
0.0339999999999918, 14, 1, 3, 1, 0.0997474747474748
0.0339999999999918, 14, 1, 3, 1, 0.0997474747474748
0.0275000000000034, 13, 1, 3, 2, 0.400252525252525
0.0275000000000034, 13, 1, 3, 2, 0.400252525252525
0.0250000000000057, 13, 1, 0, 11, 0.103535353535354
0.0249999999999915, 13, 1, 0, 11, 0.103535353535354
0.0219999999999914, 14, 1, 4, 16, 0.0186420699741554
0.0212132034355972, 13, 2, 4, 95, 0.534067194388448
0.0212132034355972, 13, 2, 4, 95, 0.534067194388448
0.0194999999999936, 15, 1, 3, 1, 0.0997474747474748
0.0194999999999936, 15, 1, 3, 1, 0.0997474747474748
0.0170000000000101, 12, 1, 4, 42, 0.0614175149797577
0.0169999999999959, 12, 1, 4, 42, 0.0614175149797577
0.0155563491861381, 14, 2, 4, 16, 0.0186420699741554
0.0150000000000006, 11, 1, 4, 26, 0.0338774705003143
0.0150000000000006, 11, 1, 4, 26, 0.0338774705003143
0.0144999999999982, 10, 1, 4, 28, 0.0358931359772792
0.0144999999999982, 10, 1, 4, 28, 0.0358931359772792
0.0135000000000076, 13, 1, 1, 10, 0.240990990990991
0.0134999999999934, 13, 1, 1, 10, 0.240990990990991
0.0120000000000005, 13, 1, 3, 1, 0.0997474747474748
0.0120000000000005, 13, 1, 3, 1, 0.0997474747474748
0.0100000000000193, 11, 1, 0, 6, 0.026010101010101
0.00999999999999091, 11, 1, 0, 6, 0.026010101010101
0.00989949493661874, 11, 2, 3, 3, 0.800505050505051
0.00989949493659864, 11, 2, 3, 3, 0.800505050505051
0.00800000000000978, 11, 1, 4, 9, 0.0079337803296631
0.00800000000000978, 11, 1, 4, 9, 0.0079337803296631
0.007000000000005, 12, 1, 4, 37, 0.0486682110506046
0.00699999999999079, 12, 1, 4, 37, 0.0486682110506046
0.00666666666667481, 11, 1, 0, 11, 0.103535353535354
0.00500000000000966, 12, 1, 0, 12, 0.132575757575758
0.00500000000000966, 9, 1, 0, 6, 0.026010101010101
0.00499999999999545, 14, 1, 0, 9, 0.0618686868686869
0.00499999999999545, 14, 1, 0, 9, 0.0618686868686869
0.00499999999999545, 10, 1, 0, 6, 0.026010101010101
0.00499999999999545, 10, 1, 0, 6, 0.026010101010101
0.00499999999999545, 12, 1, 0, 12, 0.132575757575758
0.00499999999999545, 15, 1, 0, 10, 0.0808080808080808
0.00499999999999545, 15, 1, 0, 10, 0.0808080808080808
0.00499999999999545, 9, 1, 0, 12, 0.132575757575758
0.00499999999999545, 9, 1, 0, 12, 0.132575757575758
0.00499999999999545, 9, 1, 0, 6, 0.026010101010101
0.00471404520790603, 11, 2, 0, 11, 0.103535353535354
0.00466666666665105, 10, 1, 2, 1, 0.0454545454545454
0.00329983164554628, 10, 2, 2, 1, 0.0454545454545454
